2 0 96 0 247
2 1 96 0 247
2 2 96 0 247
2 3 96 0 247
2 4 96 0 247
2 5 96 0 247
2 6 96 0 247
2 7 96 0 247
2 8 96 0 247
2 9 96 0 247
2 10 96 0 247
2 11 96 0 247
2 12 96 0 247
2 13 96 0 247
2 14 96 0 247
2 15 96 0 247
2 16 96 0 247
2 17 96 0 247
2 18 96 0 247
2 19 96 0 247
2 20 96 0 247
2 21 96 0 247
2 22 96 0 247
2 23 96 0 247
2 24 96 0 247
2 25 96 0 247
2 26 96 0 247
2 27 96 0 247
2 28 96 0 247
2 29 96 0 247
2 30 96 0 247
2 31 96 0 247
2 32 96 0 247
2 33 96 0 247
2 34 96 0 247
2 35 96 0 247
2 36 96 0 247
2 37 96 0 247
2 38 96 0 247
2 39 96 0 247
2 40 96 0 247
2 41 96 0 247
2 42 96 0 247
2 43 96 0 247
2 44 96 0 247
2 45 96 0 247
2 46 96 0 247
2 47 96 0 247
2 48 96 0 247
2 49 96 0 247
2 50 96 0 247
2 51 96 0 247
2 52 96 0 247
2 53 96 0 247
2 54 96 0 247
2 55 96 0 247
2 56 96 0 247
2 57 96 0 247
2 58 96 0 247
2 59 96 0 247
2 60 96 0 247
2 61 96 0 247
2 62 96 0 247
2 63 96 0 247
2 64 96 0 247
2 65 96 0 247
2 66 96 0 247
2 67 96 0 247
2 68 96 0 247
2 69 96 0 247
2 70 96 0 247
2 71 96 0 247
2 72 96 0 247
2 73 96 0 247
2 74 96 0 247
2 75 96 0 247
2 76 96 0 247
2 77 96 0 247
2 78 96 0 247
2 79 96 0 247
2 80 96 0 247
2 81 96 0 247
2 82 96 0 247
2 83 96 0 247
2 84 96 0 247
2 85 96 0 247
2 86 96 0 247
2 87 96 0 247
2 88 96 0 247
2 89 96 0 247
2 90 96 0 247
2 91 96 0 247
2 92 96 0 247
2 93 96 0 247
2 94 96 0 247
2 95 96 0 247
2 96 96 0 247
2 97 96 0 247
2 98 96 0 247
2 99 96 0 247
2 100 96 0 247
2 101 96 0 247
2 102 96 0 247
2 103 96 0 247
2 104 96 0 247
2 105 96 0 247
2 106 96 0 247
2 107 96 0 247
2 108 96 0 247
2 109 96 0 247
2 110 96 0 247
2 111 96 0 247
2 112 96 0 247
2 113 96 0 247
2 114 96 0 247
2 115 96 0 247
2 116 96 0 247
2 117 96 0 247
2 118 96 0 247
2 119 96 0 247
2 120 96 0 247
2 121 96 0 247
2 122 96 0 247
2 123 96 0 247
2 124 96 0 247
2 125 96 0 247
2 126 96 0 247
2 127 96 0 247
2 128 96 0 247
2 129 96 0 247
2 130 96 0 247
2 131 96 0 247
2 132 96 0 247
2 133 96 0 247
2 134 96 0 247
2 135 96 0 247
2 136 96 0 247
2 137 96 0 247
2 138 96 0 247
2 139 96 0 247
2 140 96 0 247
2 141 96 0 247
2 142 96 0 247
2 143 96 0 247
2 144 96 0 247
2 145 96 0 247
2 146 96 0 247
2 147 96 0 247
2 148 96 0 247
2 149 96 0 247
2 150 96 0 247
2 151 96 0 247
2 152 96 0 247
2 153 96 0 247
2 154 96 0 247
2 155 96 0 247
2 156 96 0 247
2 157 96 0 247
2 158 96 0 247
2 159 96 0 247
2 160 96 0 247
2 161 96 0 247
2 162 96 0 247
2 163 96 0 247
2 164 96 0 247
2 165 96 0 247
2 166 96 0 247
2 167 96 0 247
2 168 96 0 247
2 169 96 0 247
2 170 96 0 247
2 171 96 0 247
2 172 96 0 247
2 173 96 0 247
2 174 96 0 247
2 175 96 0 247
2 176 96 0 247
2 177 96 0 247
2 178 96 0 247
2 179 96 0 247
2 180 96 0 247
2 181 96 0 247
2 182 96 0 247
2 183 96 0 247
2 184 96 0 247
2 185 96 0 247
2 186 96 0 247
2 187 96 0 247
2 188 96 0 247
2 189 96 0 247
2 190 96 0 247
2 191 96 0 247
2 192 96 0 247
2 193 96 0 247
2 194 96 0 247
2 195 96 0 247
2 196 96 0 247
2 197 96 0 247
2 198 96 0 247
2 199 96 0 247
2 200 96 0 247
2 201 96 0 247
2 202 96 0 247
2 203 96 0 247
2 204 96 0 247
2 205 96 0 247
2 206 96 0 247
2 207 96 0 247
2 208 96 0 247
2 209 96 0 247
2 210 96 0 247
2 211 96 0 247
2 212 96 0 247
2 213 96 0 247
2 214 96 0 247
2 215 96 0 247
2 216 96 0 247
2 217 96 0 247
2 218 96 0 247
2 219 96 0 247
2 220 96 0 247
2 221 96 0 247
2 222 96 0 247
2 223 96 0 247
2 224 96 0 247
2 225 96 0 247
2 226 96 0 247
2 227 96 0 247
2 228 96 0 247
2 229 96 0 247
2 230 96 0 247
2 231 96 0 247
2 232 96 0 247
2 233 96 0 247
2 234 96 0 247
2 235 96 0 247
2 236 96 0 247
2 237 96 0 247
2 238 96 0 247
2 239 96 0 247
2 240 96 0 247
2 241 96 0 247
2 242 96 0 247
2 243 96 0 247
2 244 96 0 247
2 245 96 0 247
2 246 96 0 247
2 247 96 0 247
2 248 96 0 247
2 249 96 0 247
2 250 96 0 247
2 251 96 0 247
2 252 96 0 247
2 253 96 0 247
2 254 96 0 247
2 255 96 0 247
2 256 96 0 247
2 257 96 0 247
2 258 96 0 247
2 259 96 0 247
2 260 96 0 247
2 261 96 0 247
2 262 96 0 247
2 263 96 0 247
2 264 96 0 247
2 265 96 0 247
2 266 96 0 247
2 267 96 0 247
2 268 96 0 247
2 269 96 0 247
2 270 96 0 247
2 271 96 0 247
2 272 96 0 247
2 273 96 0 247
2 274 96 0 247
2 275 96 0 247
2 276 96 0 247
2 277 96 0 247
2 278 96 0 247
2 279 96 0 247
2 280 96 0 247
2 281 96 0 247
2 282 96 0 247
2 283 96 0 247
2 284 96 0 247
2 285 96 0 247
2 286 96 0 247
2 287 96 0 247
2 288 96 0 247
2 289 96 0 247
2 290 96 0 247
2 291 96 0 247
2 292 96 0 247
2 293 96 0 247
2 294 96 0 247
2 295 96 0 247
2 296 96 0 247
2 297 96 0 247
2 298 96 0 247
2 299 96 0 247
2 300 96 0 247
2 301 96 0 247
2 302 96 0 247
2 303 96 0 247
2 304 96 0 247
2 305 96 0 247
2 306 96 0 247
2 307 96 0 247
2 308 96 0 247
2 309 96 0 247
2 310 96 0 247
2 311 96 0 247
2 312 96 0 247
2 313 96 0 247
2 314 96 0 247
2 315 96 0 247
2 316 96 0 247
2 317 96 0 247
2 318 96 0 247
2 319 96 0 247
2 320 96 0 247
2 321 96 0 247
2 322 96 0 247
2 323 96 0 247
2 324 96 0 247
2 325 96 0 247
2 326 96 0 247
2 327 96 0 247
2 328 96 0 247
2 329 96 0 247
2 330 96 0 247
2 331 96 0 247
2 332 96 0 247
2 333 96 0 247
2 334 96 0 247
2 335 96 0 247
2 336 96 0 247
2 337 96 0 247
2 338 96 0 247
2 339 96 0 247
2 340 96 0 247
2 341 96 0 247
2 342 96 0 247
2 343 96 0 247
2 344 96 0 247
2 345 96 0 247
2 346 96 0 247
2 347 96 0 247
2 348 96 0 247
2 349 96 0 247
2 350 96 0 247
2 351 96 0 247
2 352 96 0 247
2 353 96 0 247
2 354 96 0 247
2 355 96 0 247
2 356 96 0 247
2 357 96 0 247
2 358 96 0 247
2 359 96 0 247
2 360 96 0 247
2 361 96 0 247
2 362 96 0 247
2 363 96 0 247
2 364 96 0 247
2 365 96 0 247
2 366 96 0 247
2 367 96 0 247
2 368 96 0 247
2 369 96 0 247
2 370 96 0 247
2 371 96 0 247
2 372 96 0 247
2 373 96 0 247
2 374 96 0 247
2 375 96 0 247
2 376 96 0 247
2 377 96 0 247
2 378 96 0 247
2 379 96 0 247
2 380 96 0 247
2 381 96 0 247
2 382 96 0 247
2 383 96 0 247
2 384 96 0 247
2 385 96 0 247
2 386 96 0 247
2 387 96 0 247
2 388 96 0 247
2 389 96 0 247
2 390 96 0 247
2 391 96 0 247
2 392 96 0 247
2 393 96 0 247
2 394 96 0 247
2 395 96 0 247
2 396 96 0 247
2 397 96 0 247
2 398 96 0 247
2 399 96 0 247
2 400 96 0 247
2 401 96 0 247
2 402 96 0 247
2 403 96 0 247
2 404 96 0 247
2 405 96 0 247
2 406 96 0 247
2 407 96 0 247
2 408 96 0 247
2 409 96 0 247
2 410 96 0 247
2 411 96 0 247
2 412 96 0 247
2 413 96 0 247
2 414 96 0 247
2 415 96 0 247
2 416 96 0 247
2 417 96 0 247
2 418 96 0 247
2 419 96 0 247
2 420 96 0 247
2 421 96 0 247
2 422 96 0 247
2 423 96 0 247
2 424 96 0 247
2 425 96 0 247
2 426 96 0 247
2 427 96 0 247
2 428 96 0 247
2 429 96 0 247
2 430 96 0 247
2 431 96 0 247
2 432 96 0 247
2 433 96 0 247
2 434 96 0 247
2 435 96 0 247
2 436 96 0 247
2 437 96 0 247
2 438 96 0 247
2 439 96 0 247
2 440 96 0 247
2 441 96 0 247
2 442 96 0 247
2 443 96 0 247
2 444 96 0 247
2 445 96 0 247
2 446 96 0 247
2 447 96 0 247
2 448 96 0 247
2 449 96 0 247
2 450 96 0 247
2 451 96 0 247
2 452 96 0 247
2 453 96 0 247
2 454 96 0 247
2 455 96 0 247
2 456 96 0 247
2 457 96 0 247
2 458 96 0 247
2 459 96 0 247
2 460 96 0 247
2 461 96 0 247
2 462 96 0 247
2 463 96 0 247
2 464 96 0 247
2 465 96 0 247
2 466 96 0 247
2 467 96 0 247
2 468 96 0 247
2 469 96 0 247
2 470 96 0 247
2 471 96 0 247
2 472 96 0 247
2 473 96 0 247
2 474 96 0 247
2 475 96 0 247
2 476 96 0 247
2 477 96 0 247
2 478 96 0 247
2 479 96 0 247
2 480 96 0 247
2 481 96 0 247
2 482 96 0 247
2 483 96 0 247
2 484 96 0 247
2 485 96 0 247
2 486 96 0 247
2 487 96 0 247
2 488 96 0 247
2 489 96 0 247
2 490 96 0 247
2 491 96 0 247
2 492 96 0 247
2 493 96 0 247
2 494 96 0 247
2 495 96 0 247
2 496 96 0 247
2 497 96 0 247
2 498 96 0 247
2 499 96 0 247
2 500 96 0 247
2 501 96 0 247
2 502 96 0 247
2 503 96 0 247
2 504 96 0 247
2 505 96 0 247
2 506 96 0 247
2 507 96 0 247
2 508 96 0 247
2 509 96 0 247
2 510 96 0 247
2 511 96 0 247
2 512 96 0 247
2 513 96 0 247
2 514 96 0 247
2 515 96 0 247
2 516 96 0 247
2 517 96 0 247
2 518 96 0 247
2 519 96 0 247
2 520 96 0 247
2 521 96 0 247
2 522 96 0 247
2 523 96 0 247
2 524 96 0 247
2 525 96 0 247
2 526 96 0 247
2 527 96 0 247
2 528 96 0 247
2 529 96 0 247
2 530 96 0 247
2 531 96 0 247
2 532 96 0 247
2 533 96 0 247
2 534 96 0 247
2 535 96 0 247
2 536 96 0 247
2 537 96 0 247
2 538 96 0 247
2 539 96 0 247
2 540 96 0 247
2 541 96 0 247
2 542 96 0 247
2 543 96 0 247
2 544 96 0 247
2 545 96 0 247
2 546 96 0 247
2 547 96 0 247
2 548 96 0 247
2 549 96 0 247
2 550 96 0 247
2 551 96 0 247
2 552 96 0 247
2 553 96 0 247
2 554 96 0 247
2 555 96 0 247
2 556 96 0 247
2 557 96 0 247
2 558 96 0 247
2 559 96 0 247
2 560 96 0 247
2 561 96 0 247
2 562 96 0 247
2 563 96 0 247
2 564 96 0 247
2 565 96 0 247
2 566 96 0 247
2 567 96 0 247
2 568 96 0 247
2 569 96 0 247
2 570 96 0 247
2 571 96 0 247
2 572 96 0 247
2 573 96 0 247
2 574 96 0 247
2 575 96 0 247
2 576 96 0 247
2 577 96 0 247
2 578 96 0 247
2 579 96 0 247
2 580 96 0 247
2 581 96 0 247
2 582 96 0 247
2 583 96 0 247
2 584 96 0 247
2 585 96 0 247
2 586 96 0 247
2 587 96 0 247
2 588 96 0 247
2 589 96 0 247
2 590 96 0 247
2 591 96 0 247
2 592 96 0 247
2 593 96 0 247
2 594 96 0 247
2 595 96 0 247
2 596 96 0 247
2 597 96 0 247
2 598 96 0 247
2 599 96 0 247
2 600 96 0 247
2 601 96 0 247
2 602 96 0 247
2 603 96 0 247
2 604 96 0 247
2 605 96 0 247
2 606 96 0 247
2 607 96 0 247
2 608 96 0 247
2 609 96 0 247
2 610 96 0 247
2 611 96 0 247
2 612 96 0 247
2 613 96 0 247
2 614 96 0 247
2 615 96 0 247
2 616 96 0 247
2 617 96 0 247
2 618 96 0 247
2 619 96 0 247
2 620 96 0 247
2 621 96 0 247
2 622 96 0 247
2 623 96 0 247
2 624 96 0 247
2 625 96 0 247
2 626 96 0 247
2 627 96 0 247
2 628 96 0 247
2 629 96 0 247
2 630 96 0 247
2 631 96 0 247
2 632 96 0 247
2 633 96 0 247
2 634 96 0 247
2 635 96 0 247
2 636 96 0 247
2 637 96 0 247
2 638 96 0 247
2 639 96 0 247
2 640 96 0 247
2 641 96 0 247
2 642 96 0 247
2 643 96 0 247
2 644 96 0 247
2 645 96 0 247
2 646 96 0 247
2 647 96 0 247
2 648 96 0 247
2 649 96 0 247
2 650 96 0 247
2 651 96 0 247
2 652 96 0 247
2 653 96 0 247
2 654 96 0 247
2 655 96 0 247
2 656 96 0 247
2 657 96 0 247
2 658 96 0 247
2 659 96 0 247
2 660 96 0 247
2 661 96 0 247
2 662 96 0 247
2 663 96 0 247
2 664 96 0 247
2 665 96 0 247
2 666 96 0 247
2 667 96 0 247
2 668 96 0 247
2 669 96 0 247
2 670 96 0 247
2 671 96 0 247
2 672 96 0 247
2 673 96 0 247
2 674 96 0 247
2 675 96 0 247
2 676 96 0 247
2 677 96 0 247
2 678 96 0 247
2 679 96 0 247
2 680 96 0 247
2 681 96 0 247
2 682 96 0 247
2 683 96 0 247
2 684 96 0 247
2 685 96 0 247
2 686 96 0 247
2 687 96 0 247
2 688 96 0 247
2 689 96 0 247
2 690 96 0 247
2 691 96 0 247
2 692 96 0 247
2 693 96 0 247
2 694 96 0 247
2 695 96 0 247
2 696 96 0 247
2 697 96 0 247
2 698 96 0 247
2 699 96 0 247
2 700 96 0 247
2 701 96 0 247
2 702 96 0 247
2 703 96 0 247
2 704 96 0 247
2 705 96 0 247
2 706 96 0 247
2 707 96 0 247
2 708 96 0 247
2 709 96 0 247
2 710 96 0 247
2 711 96 0 247
2 712 96 0 247
2 713 96 0 247
2 714 96 0 247
2 715 96 0 247
2 716 96 0 247
2 717 96 0 247
2 718 96 0 247
2 719 96 0 247
2 720 96 0 247
2 721 96 0 247
2 722 96 0 247
2 723 96 0 247
2 724 96 0 247
2 725 96 0 247
2 726 96 0 247
2 727 96 0 247
2 728 96 0 247
2 729 96 0 247
2 730 96 0 247
2 731 96 0 247
2 732 96 0 247
2 733 96 0 247
2 734 96 0 247
2 735 96 0 247
2 736 96 0 247
2 737 96 0 247
2 738 96 0 247
2 739 96 0 247
2 740 96 0 247
2 741 96 0 247
2 742 96 0 247
2 743 96 0 247
2 744 96 0 247
2 745 96 0 247
2 746 96 0 247
2 747 96 0 247
2 748 96 0 247
2 749 96 0 247
2 750 96 0 247
2 751 96 0 247
2 752 96 0 247
2 753 96 0 247
2 754 96 0 247
2 755 96 0 247
2 756 96 0 247
2 757 96 0 247
2 758 96 0 247
2 759 96 0 247
2 760 96 0 247
2 761 96 0 247
2 762 96 0 247
2 763 96 0 247
2 764 96 0 247
2 765 96 0 247
2 766 96 0 247
2 767 96 0 247
2 768 96 0 247
2 769 96 0 247
2 770 96 0 247
2 771 96 0 247
2 772 96 0 247
2 773 96 0 247
2 774 96 0 247
2 775 96 0 247
2 776 96 0 247
2 777 96 0 247
2 778 96 0 247
2 779 96 0 247
2 780 96 0 247
2 781 96 0 247
2 782 96 0 247
2 783 96 0 247
2 784 96 0 247
2 785 96 0 247
2 786 96 0 247
2 787 96 0 247
2 788 96 0 247
2 789 96 0 247
2 790 96 0 247
2 791 96 0 247
2 792 96 0 247
2 793 96 0 247
2 794 96 0 247
2 795 96 0 247
2 796 96 0 247
2 797 96 0 247
2 798 96 0 247
2 799 96 0 247
2 800 96 0 247
2 801 96 0 247
2 802 96 0 247
2 803 96 0 247
2 804 96 0 247
2 805 96 0 247
2 806 96 0 247
2 807 96 0 247
2 808 96 0 247
2 809 96 0 247
2 810 96 0 247
2 811 96 0 247
2 812 96 0 247
2 813 96 0 247
2 814 96 0 247
2 815 96 0 247
2 816 96 0 247
2 817 96 0 247
2 818 96 0 247
2 819 96 0 247
2 820 96 0 247
2 821 96 0 247
2 822 96 0 247
2 823 96 0 247
2 824 96 0 247
2 825 96 0 247
2 826 96 0 247
2 827 96 0 247
2 828 96 0 247
2 829 96 0 247
2 830 96 0 247
2 831 96 0 247
2 832 96 0 247
2 833 96 0 247
2 834 96 0 247
2 835 96 0 247
2 836 96 0 247
2 837 96 0 247
2 838 96 0 247
2 839 96 0 247
2 840 96 0 247
2 841 96 0 247
2 842 96 0 247
2 843 96 0 247
2 844 96 0 247
2 845 96 0 247
2 846 96 0 247
2 847 96 0 247
2 848 96 0 247
2 849 96 0 247
2 850 96 0 247
2 851 96 0 247
2 852 96 0 247
2 853 96 0 247
2 854 96 0 247
2 855 96 0 247
2 856 96 0 247
2 857 96 0 247
2 858 96 0 247
2 859 96 0 247
2 860 96 0 247
2 861 96 0 247
2 862 96 0 247
2 863 96 0 247
2 864 96 0 247
2 865 96 0 247
2 866 96 0 247
2 867 96 0 247
2 868 96 0 247
2 869 96 0 247
2 870 96 0 247
2 871 96 0 247
2 872 96 0 247
2 873 96 0 247
2 874 96 0 247
2 875 96 0 247
2 876 96 0 247
2 877 96 0 247
2 878 96 0 247
2 879 96 0 247
2 880 96 0 247
2 881 96 0 247
2 882 96 0 247
2 883 96 0 247
2 884 96 0 247
2 885 96 0 247
2 886 96 0 247
2 887 96 0 247
2 888 96 0 247
2 889 96 0 247
2 890 96 0 247
2 891 96 0 247
2 892 96 0 247
2 893 96 0 247
2 894 96 0 247
2 895 96 0 247
2 896 96 0 247
2 897 96 0 247
2 898 96 0 247
2 899 96 0 247
2 900 96 0 247
2 901 96 0 247
2 902 96 0 247
2 903 96 0 247
2 904 96 0 247
2 905 96 0 247
2 906 96 0 247
2 907 96 0 247
2 908 96 0 247
2 909 96 0 247
2 910 96 0 247
2 911 96 0 247
2 912 96 0 247
2 913 96 0 247
2 914 96 0 247
2 915 96 0 247
2 916 96 0 247
2 917 96 0 247
2 918 96 0 247
2 919 96 0 247
2 920 96 0 247
2 921 96 0 247
2 922 96 0 247
2 923 96 0 247
2 924 96 0 247
2 925 96 0 247
2 926 96 0 247
2 927 96 0 247
2 928 96 0 247
2 929 96 0 247
2 930 96 0 247
2 931 96 0 247
2 932 96 0 247
2 933 96 0 247
2 934 96 0 247
2 935 96 0 247
2 936 96 0 247
2 937 96 0 247
2 938 96 0 247
2 939 96 0 247
2 940 96 0 247
2 941 96 0 247
2 942 96 0 247
2 943 96 0 247
2 944 96 0 247
2 945 96 0 247
2 946 96 0 247
2 947 96 0 247
2 948 96 0 247
2 949 96 0 247
2 950 96 0 247
2 951 96 0 247
2 952 96 0 247
2 953 96 0 247
2 954 96 0 247
2 955 96 0 247
2 956 96 0 247
2 957 96 0 247
2 958 96 0 247
2 959 96 0 247
2 960 96 0 247
2 961 96 0 247
2 962 96 0 247
2 963 96 0 247
2 964 96 0 247
2 965 96 0 247
2 966 96 0 247
2 967 96 0 247
2 968 96 0 247
2 969 96 0 247
2 970 96 0 247
2 971 96 0 247
2 972 96 0 247
2 973 96 0 247
2 974 96 0 247
2 975 96 0 247
2 976 96 0 247
2 977 96 0 247
2 978 96 0 247
2 979 96 0 247
2 980 96 0 247
2 981 96 0 247
2 982 96 0 247
2 983 96 0 247
2 984 96 0 247
2 985 96 0 247
2 986 96 0 247
2 987 96 0 247
2 988 96 0 247
2 989 96 0 247
2 990 96 0 247
2 991 96 0 247
2 992 96 0 247
2 993 96 0 247
2 994 96 0 247
2 995 96 0 247
2 996 96 0 247
2 997 96 0 247
2 998 96 0 247
2 999 96 0 247
