256 0 4730673 1823096832
256 1 4541707 1823096832
256 2 4541187 1823096832
256 3 4542622 1823096832
256 4 4540594 1823096832
256 5 4541266 1823096832
256 6 4539716 1823096832
256 7 4542152 1823096832
256 8 4539833 1823096832
256 9 4542133 1823096832
256 10 4541178 1823096832
256 11 4542107 1823096832
256 12 4540237 1823096832
256 13 4541080 1823096832
256 14 4540520 1823096832
256 15 4543078 1823096832
256 16 4540477 1823096832
256 17 4541820 1823096832
256 18 4541512 1823096832
256 19 4540003 1823096832
256 20 4540784 1823096832
256 21 4540074 1823096832
256 22 4539768 1823096832
256 23 4540454 1823096832
256 24 4541603 1823096832
256 25 4539802 1823096832
256 26 4542060 1823096832
256 27 4540285 1823096832
256 28 4541590 1823096832
256 29 4540713 1823096832
256 30 4541381 1823096832
256 31 4540702 1823096832
256 32 4541795 1823096832
256 33 4540019 1823096832
256 34 4542118 1823096832
256 35 4540252 1823096832
256 36 4542010 1823096832
256 37 4540480 1823096832
256 38 4541484 1823096832
256 39 4540269 1823096832
256 40 4541915 1823096832
256 41 4539931 1823096832
256 42 4540222 1823096832
256 43 4540335 1823096832
256 44 4540198 1823096832
256 45 4539843 1823096832
256 46 4540635 1823096832
256 47 4541997 1823096832
256 48 4539732 1823096832
256 49 4542590 1823096832
256 50 4540504 1823096832
256 51 4541598 1823096832
256 52 4541050 1823096832
256 53 4541148 1823096832
256 54 4540601 1823096832
256 55 4541918 1823096832
256 56 4540246 1823096832
256 57 4540823 1823096832
256 58 4539113 1823096832
256 59 4542426 1823096832
256 60 4541032 1823096832
256 61 4542548 1823096832
256 62 4540395 1823096832
256 63 4539563 1823096832
256 64 4541002 1823096832
256 65 4540375 1823096832
256 66 4540515 1823096832
256 67 4540401 1823096832
256 68 4541818 1823096832
256 69 4540829 1823096832
256 70 4541825 1823096832
256 71 4540415 1823096832
256 72 4541757 1823096832
256 73 4538297 1823096832
256 74 4542470 1823096832
256 75 4539443 1823096832
256 76 4542983 1823096832
256 77 4540956 1823096832
256 78 4541538 1823096832
256 79 4540684 1823096832
256 80 4541351 1823096832
256 81 4541572 1823096832
256 82 4542565 1823096832
256 83 4539402 1823096832
256 84 4541814 1823096832
256 85 4541030 1823096832
256 86 4541072 1823096832
256 87 4539450 1823096832
256 88 4540034 1823096832
256 89 4540688 1823096832
256 90 4540811 1823096832
256 91 4542493 1823096832
256 92 4539243 1823096832
256 93 4541123 1823096832
256 94 4539732 1823096832
256 95 4542246 1823096832
256 96 4540466 1823096832
256 97 4542408 1823096832
256 98 4540315 1823096832
256 99 4542160 1823096832
256 100 4540441 1823096832
256 101 4542310 1823096832
256 102 4539800 1823096832
256 103 4543362 1823096832
256 104 4539855 1823096832
256 105 4541904 1823096832
256 106 4540882 1823096832
256 107 4540791 1823096832
256 108 4540608 1823096832
256 109 4540422 1823096832
256 110 4539205 1823096832
256 111 4540128 1823096832
256 112 4541328 1823096832
256 113 4540120 1823096832
256 114 4541874 1823096832
256 115 4540339 1823096832
256 116 4541798 1823096832
256 117 4540680 1823096832
256 118 4541902 1823096832
256 119 4539851 1823096832
256 120 4541870 1823096832
256 121 4539687 1823096832
256 122 4542105 1823096832
256 123 4540322 1823096832
256 124 4542664 1823096832
256 125 4540391 1823096832
256 126 4541533 1823096832
256 127 4539821 1823096832
256 128 4541245 1823096832
256 129 4540924 1823096832
256 130 4540597 1823096832
256 131 4540166 1823096832
256 132 4540551 1823096832
256 133 4540179 1823096832
256 134 4539916 1823096832
256 135 4542196 1823096832
256 136 4540369 1823096832
256 137 4542638 1823096832
256 138 4541579 1823096832
256 139 4541439 1823096832
256 140 4540683 1823096832
256 141 4540894 1823096832
256 142 4539484 1823096832
256 143 4541375 1823096832
256 144 4541146 1823096832
256 145 4540504 1823096832
256 146 4539950 1823096832
256 147 4542057 1823096832
256 148 4539779 1823096832
256 149 4541336 1823096832
256 150 4541338 1823096832
256 151 4538780 1823096832
256 152 4540510 1823096832
256 153 4539603 1823096832
256 154 4540680 1823096832
256 155 4540183 1823096832
256 156 4540589 1823096832
256 157 4540112 1823096832
256 158 4541499 1823096832
256 159 4540375 1823096832
256 160 4541843 1823096832
256 161 4540451 1823096832
256 162 4542417 1823096832
256 163 4539899 1823096832
256 164 4542327 1823096832
256 165 4540001 1823096832
256 166 4542003 1823096832
256 167 4539955 1823096832
256 168 4542544 1823096832
256 169 4538754 1823096832
256 170 4541080 1823096832
256 171 4540844 1823096832
256 172 4542046 1823096832
256 173 4540381 1823096832
256 174 4540693 1823096832
256 175 4540105 1823096832
256 176 4540421 1823096832
256 177 4540057 1823096832
256 178 4540897 1823096832
256 179 4542073 1823096832
256 180 4539815 1823096832
256 181 4541032 1823096832
256 182 4540643 1823096832
256 183 4541386 1823096832
256 184 4540451 1823096832
256 185 4541762 1823096832
256 186 4541035 1823096832
256 187 4541757 1823096832
256 188 4541049 1823096832
256 189 4542713 1823096832
256 190 4540558 1823096832
256 191 4541404 1823096832
256 192 4540666 1823096832
256 193 4541590 1823096832
256 194 4540722 1823096832
256 195 4541440 1823096832
256 196 4540851 1823096832
256 197 4539750 1823096832
256 198 4540303 1823096832
256 199 4540145 1823096832
256 200 4538822 1823096832
256 201 4539829 1823096832
256 202 4540954 1823096832
256 203 4540459 1823096832
256 204 4541412 1823096832
256 205 4540898 1823096832
256 206 4542287 1823096832
256 207 4540623 1823096832
256 208 4541539 1823096832
256 209 4540300 1823096832
256 210 4540936 1823096832
256 211 4540258 1823096832
256 212 4542512 1823096832
256 213 4540183 1823096832
256 214 4542024 1823096832
256 215 4540626 1823096832
256 216 4541767 1823096832
256 217 4540951 1823096832
256 218 4540366 1823096832
256 219 4539503 1823096832
256 220 4540188 1823096832
256 221 4540338 1823096832
256 222 4538986 1823096832
256 223 4541444 1823096832
256 224 4541196 1823096832
256 225 4542707 1823096832
256 226 4540197 1823096832
256 227 4541559 1823096832
256 228 4540286 1823096832
256 229 4542386 1823096832
256 230 4540467 1823096832
256 231 4542624 1823096832
256 232 4541721 1823096832
256 233 4542365 1823096832
256 234 4539374 1823096832
256 235 4542708 1823096832
256 236 4540331 1823096832
256 237 4542017 1823096832
256 238 4540221 1823096832
256 239 4541861 1823096832
256 240 4540348 1823096832
256 241 4540591 1823096832
256 242 4540228 1823096832
256 243 4539875 1823096832
256 244 4540148 1823096832
256 245 4540735 1823096832
256 246 4540919 1823096832
256 247 4539524 1823096832
256 248 4543020 1823096832
256 249 4540305 1823096832
256 250 4542174 1823096832
256 251 4540321 1823096832
256 252 4541376 1823096832
256 253 4541614 1823096832
256 254 4541184 1823096832
256 255 4540720 1823096832
256 256 4542512 1823096832
256 257 4539382 1823096832
256 258 4540918 1823096832
256 259 4540727 1823096832
256 260 4541754 1823096832
256 261 4539215 1823096832
256 262 4539729 1823096832
256 263 4540483 1823096832
256 264 4539557 1823096832
256 265 4540059 1823096832
256 266 4540286 1823096832
256 267 4542775 1823096832
256 268 4539541 1823096832
256 269 4541778 1823096832
256 270 4540234 1823096832
256 271 4541316 1823096832
256 272 4540659 1823096832
256 273 4542389 1823096832
256 274 4540709 1823096832
256 275 4542041 1823096832
256 276 4540098 1823096832
256 277 4541652 1823096832
256 278 4540721 1823096832
256 279 4541299 1823096832
256 280 4540946 1823096832
256 281 4542683 1823096832
256 282 4539769 1823096832
256 283 4542402 1823096832
256 284 4539982 1823096832
256 285 4541407 1823096832
256 286 4540125 1823096832
256 287 4540208 1823096832
256 288 4539951 1823096832
256 289 4540124 1823096832
256 290 4543207 1823096832
256 291 4539797 1823096832
256 292 4541943 1823096832
256 293 4540545 1823096832
256 294 4542033 1823096832
256 295 4539306 1823096832
256 296 4542391 1823096832
256 297 4540098 1823096832
256 298 4540918 1823096832
256 299 4540408 1823096832
256 300 4542309 1823096832
256 301 4540261 1823096832
256 302 4541674 1823096832
256 303 4540091 1823096832
256 304 4542531 1823096832
256 305 4540656 1823096832
256 306 4540282 1823096832
256 307 4540309 1823096832
256 308 4540757 1823096832
256 309 4540010 1823096832
256 310 4540954 1823096832
256 311 4542298 1823096832
256 312 4540136 1823096832
256 313 4541553 1823096832
256 314 4539020 1823096832
256 315 4542985 1823096832
256 316 4541228 1823096832
256 317 4542193 1823096832
256 318 4541063 1823096832
256 319 4541114 1823096832
256 320 4539978 1823096832
256 321 4542733 1823096832
256 322 4540236 1823096832
256 323 4541135 1823096832
256 324 4540115 1823096832
256 325 4541094 1823096832
256 326 4540600 1823096832
256 327 4541854 1823096832
256 328 4541064 1823096832
256 329 4539654 1823096832
256 330 4539721 1823096832
256 331 4540216 1823096832
256 332 4540299 1823096832
256 333 4540160 1823096832
256 334 4541802 1823096832
256 335 4539717 1823096832
256 336 4541861 1823096832
256 337 4539617 1823096832
256 338 4542484 1823096832
256 339 4539563 1823096832
256 340 4541618 1823096832
256 341 4540274 1823096832
256 342 4541824 1823096832
256 343 4540423 1823096832
256 344 4542051 1823096832
256 345 4540567 1823096832
256 346 4542503 1823096832
256 347 4539913 1823096832
256 348 4541166 1823096832
256 349 4539862 1823096832
256 350 4540424 1823096832
256 351 4540292 1823096832
256 352 4541003 1823096832
256 353 4541855 1823096832
256 354 4540291 1823096832
256 355 4541324 1823096832
256 356 4540071 1823096832
256 357 4541484 1823096832
256 358 4540193 1823096832
256 359 4541887 1823096832
256 360 4540835 1823096832
256 361 4542058 1823096832
256 362 4540740 1823096832
256 363 4541712 1823096832
256 364 4540230 1823096832
256 365 4541666 1823096832
256 366 4539375 1823096832
256 367 4541467 1823096832
256 368 4540545 1823096832
256 369 4541421 1823096832
256 370 4539109 1823096832
256 371 4542413 1823096832
256 372 4540547 1823096832
256 373 4540426 1823096832
256 374 4540604 1823096832
256 375 4540801 1823096832
256 376 4539777 1823096832
256 377 4540347 1823096832
256 378 4542525 1823096832
256 379 4539849 1823096832
256 380 4541568 1823096832
256 381 4541094 1823096832
256 382 4541973 1823096832
256 383 4540069 1823096832
256 384 4542295 1823096832
256 385 4540528 1823096832
256 386 4542024 1823096832
256 387 4540691 1823096832
256 388 4542393 1823096832
256 389 4540053 1823096832
256 390 4541935 1823096832
256 391 4539615 1823096832
256 392 4540653 1823096832
256 393 4540900 1823096832
256 394 4539439 1823096832
256 395 4540880 1823096832
256 396 4541426 1823096832
256 397 4539649 1823096832
256 398 4539453 1823096832
256 399 4540869 1823096832
256 400 4540796 1823096832
256 401 4542347 1823096832
256 402 4540683 1823096832
256 403 4542194 1823096832
256 404 4541031 1823096832
256 405 4541885 1823096832
256 406 4540492 1823096832
256 407 4542331 1823096832
256 408 4539571 1823096832
256 409 4541991 1823096832
256 410 4539848 1823096832
256 411 4542272 1823096832
256 412 4540534 1823096832
256 413 4541516 1823096832
256 414 4539244 1823096832
256 415 4541034 1823096832
256 416 4538295 1823096832
256 417 4540186 1823096832
256 418 4540800 1823096832
256 419 4540021 1823096832
256 420 4540377 1823096832
256 421 4541024 1823096832
256 422 4542056 1823096832
256 423 4540921 1823096832
256 424 4541314 1823096832
256 425 4541928 1823096832
256 426 4542972 1823096832
256 427 4539978 1823096832
256 428 4541701 1823096832
256 429 4541063 1823096832
256 430 4542310 1823096832
256 431 4540015 1823096832
256 432 4542472 1823096832
256 433 4540636 1823096832
256 434 4541758 1823096832
256 435 4540433 1823096832
256 436 4540644 1823096832
256 437 4539632 1823096832
256 438 4542294 1823096832
256 439 4540096 1823096832
256 440 4540365 1823096832
256 441 4539872 1823096832
256 442 4540748 1823096832
256 443 4540846 1823096832
256 444 4540967 1823096832
256 445 4542711 1823096832
256 446 4540516 1823096832
256 447 4541160 1823096832
256 448 4539836 1823096832
256 449 4542282 1823096832
256 450 4539923 1823096832
256 451 4542103 1823096832
256 452 4540175 1823096832
256 453 4541588 1823096832
256 454 4541238 1823096832
256 455 4542105 1823096832
256 456 4539522 1823096832
256 457 4542522 1823096832
256 458 4541375 1823096832
256 459 4541480 1823096832
256 460 4540140 1823096832
256 461 4539376 1823096832
256 462 4540059 1823096832
256 463 4541128 1823096832
256 464 4539237 1823096832
256 465 4540906 1823096832
256 466 4542782 1823096832
256 467 4540458 1823096832
256 468 4541074 1823096832
256 469 4539806 1823096832
256 470 4540561 1823096832
256 471 4539329 1823096832
256 472 4542189 1823096832
256 473 4538997 1823096832
256 474 4541527 1823096832
256 475 4540092 1823096832
256 476 4541811 1823096832
256 477 4539463 1823096832
256 478 4542363 1823096832
256 479 4539181 1823096832
256 480 4541147 1823096832
256 481 4539796 1823096832
256 482 4542570 1823096832
256 483 4540341 1823096832
256 484 4541683 1823096832
256 485 4541504 1823096832
256 486 4540841 1823096832
256 487 4540179 1823096832
256 488 4540716 1823096832
256 489 4542149 1823096832
256 490 4539852 1823096832
256 491 4542985 1823096832
256 492 4540523 1823096832
256 493 4542621 1823096832
256 494 4541259 1823096832
256 495 4541787 1823096832
256 496 4540436 1823096832
256 497 4540553 1823096832
256 498 4540130 1823096832
256 499 4542354 1823096832
256 500 4540918 1823096832
256 501 4541842 1823096832
256 502 4540418 1823096832
256 503 4540832 1823096832
256 504 4540922 1823096832
256 505 4540297 1823096832
256 506 4539877 1823096832
256 507 4540123 1823096832
256 508 4540192 1823096832
256 509 4539727 1823096832
256 510 4541275 1823096832
256 511 4539359 1823096832
256 512 4542505 1823096832
256 513 4540649 1823096832
256 514 4540394 1823096832
256 515 4539859 1823096832
256 516 4539789 1823096832
256 517 4540762 1823096832
256 518 4542207 1823096832
256 519 4540762 1823096832
256 520 4542271 1823096832
256 521 4539439 1823096832
256 522 4542291 1823096832
256 523 4541110 1823096832
256 524 4541475 1823096832
256 525 4539604 1823096832
256 526 4541908 1823096832
256 527 4539975 1823096832
256 528 4539994 1823096832
256 529 4540541 1823096832
256 530 4540784 1823096832
256 531 4540959 1823096832
256 532 4539555 1823096832
256 533 4541958 1823096832
256 534 4540401 1823096832
256 535 4541963 1823096832
256 536 4539649 1823096832
256 537 4541315 1823096832
256 538 4539873 1823096832
256 539 4542410 1823096832
256 540 4539168 1823096832
256 541 4542073 1823096832
256 542 4540281 1823096832
256 543 4542332 1823096832
256 544 4540267 1823096832
256 545 4541403 1823096832
256 546 4539887 1823096832
256 547 4541420 1823096832
256 548 4540336 1823096832
256 549 4540298 1823096832
256 550 4540370 1823096832
256 551 4540207 1823096832
256 552 4540981 1823096832
256 553 4540275 1823096832
256 554 4542402 1823096832
256 555 4539647 1823096832
256 556 4542962 1823096832
256 557 4539395 1823096832
256 558 4541766 1823096832
256 559 4539582 1823096832
256 560 4542374 1823096832
256 561 4540197 1823096832
256 562 4541962 1823096832
256 563 4540102 1823096832
256 564 4540847 1823096832
256 565 4539534 1823096832
256 566 4541871 1823096832
256 567 4540479 1823096832
256 568 4542770 1823096832
256 569 4539973 1823096832
256 570 4542202 1823096832
256 571 4540731 1823096832
256 572 4540608 1823096832
256 573 4540071 1823096832
256 574 4540536 1823096832
256 575 4540777 1823096832
256 576 4540019 1823096832
256 577 4542592 1823096832
256 578 4539953 1823096832
256 579 4542081 1823096832
256 580 4540316 1823096832
256 581 4542176 1823096832
256 582 4540177 1823096832
256 583 4541522 1823096832
256 584 4540107 1823096832
256 585 4541884 1823096832
256 586 4540106 1823096832
256 587 4542012 1823096832
256 588 4540304 1823096832
256 589 4542135 1823096832
256 590 4540478 1823096832
256 591 4542027 1823096832
256 592 4540010 1823096832
256 593 4540351 1823096832
256 594 4540331 1823096832
256 595 4541075 1823096832
256 596 4539598 1823096832
256 597 4540532 1823096832
256 598 4539158 1823096832
256 599 4540066 1823096832
256 600 4541900 1823096832
256 601 4540543 1823096832
256 602 4542430 1823096832
256 603 4539405 1823096832
256 604 4541922 1823096832
256 605 4540121 1823096832
256 606 4541737 1823096832
256 607 4540058 1823096832
256 608 4541200 1823096832
256 609 4539710 1823096832
256 610 4542835 1823096832
256 611 4539201 1823096832
256 612 4541557 1823096832
256 613 4541802 1823096832
256 614 4542708 1823096832
256 615 4538887 1823096832
256 616 4539856 1823096832
256 617 4541321 1823096832
256 618 4540270 1823096832
256 619 4539388 1823096832
256 620 4540448 1823096832
256 621 4541586 1823096832
256 622 4540027 1823096832
256 623 4541047 1823096832
256 624 4540103 1823096832
256 625 4541843 1823096832
256 626 4541397 1823096832
256 627 4542254 1823096832
256 628 4540240 1823096832
256 629 4541891 1823096832
256 630 4541093 1823096832
256 631 4543233 1823096832
256 632 4539160 1823096832
256 633 4541996 1823096832
256 634 4540694 1823096832
256 635 4542361 1823096832
256 636 4540163 1823096832
256 637 4539301 1823096832
256 638 4540019 1823096832
256 639 4539790 1823096832
256 640 4540344 1823096832
256 641 4540234 1823096832
256 642 4541531 1823096832
256 643 4539815 1823096832
256 644 4542369 1823096832
256 645 4540608 1823096832
256 646 4542113 1823096832
256 647 4540522 1823096832
256 648 4542533 1823096832
256 649 4539720 1823096832
256 650 4542509 1823096832
256 651 4540521 1823096832
256 652 4541044 1823096832
256 653 4539209 1823096832
256 654 4542022 1823096832
256 655 4540184 1823096832
256 656 4541732 1823096832
256 657 4539851 1823096832
256 658 4541122 1823096832
256 659 4540593 1823096832
256 660 4540541 1823096832
256 661 4540048 1823096832
256 662 4540608 1823096832
256 663 4540314 1823096832
256 664 4540184 1823096832
256 665 4542361 1823096832
256 666 4540013 1823096832
256 667 4542785 1823096832
256 668 4540216 1823096832
256 669 4542125 1823096832
256 670 4539488 1823096832
256 671 4542144 1823096832
256 672 4540735 1823096832
256 673 4542028 1823096832
256 674 4539826 1823096832
256 675 4541121 1823096832
256 676 4539918 1823096832
256 677 4540361 1823096832
256 678 4540242 1823096832
256 679 4542395 1823096832
256 680 4540185 1823096832
256 681 4542288 1823096832
256 682 4540451 1823096832
256 683 4540779 1823096832
256 684 4539362 1823096832
256 685 4540601 1823096832
256 686 4540216 1823096832
256 687 4540213 1823096832
256 688 4541331 1823096832
256 689 4539826 1823096832
256 690 4542312 1823096832
256 691 4540121 1823096832
256 692 4542119 1823096832
256 693 4540039 1823096832
256 694 4542730 1823096832
256 695 4539368 1823096832
256 696 4540890 1823096832
256 697 4540308 1823096832
256 698 4542150 1823096832
256 699 4540588 1823096832
256 700 4541468 1823096832
256 701 4539960 1823096832
256 702 4542447 1823096832
256 703 4540983 1823096832
256 704 4539563 1823096832
256 705 4541487 1823096832
256 706 4541006 1823096832
256 707 4539715 1823096832
256 708 4539879 1823096832
256 709 4542957 1823096832
256 710 4540332 1823096832
256 711 4542546 1823096832
256 712 4540040 1823096832
256 713 4541287 1823096832
256 714 4540730 1823096832
256 715 4541651 1823096832
256 716 4539621 1823096832
256 717 4541613 1823096832
256 718 4540571 1823096832
256 719 4542054 1823096832
256 720 4539881 1823096832
256 721 4542225 1823096832
256 722 4540584 1823096832
256 723 4541840 1823096832
256 724 4540468 1823096832
256 725 4541804 1823096832
256 726 4539706 1823096832
256 727 4541018 1823096832
256 728 4540664 1823096832
256 729 4539700 1823096832
256 730 4540122 1823096832
256 731 4540999 1823096832
256 732 4542115 1823096832
256 733 4541032 1823096832
256 734 4540746 1823096832
256 735 4540250 1823096832
256 736 4541687 1823096832
256 737 4540109 1823096832
256 738 4541944 1823096832
256 739 4541293 1823096832
256 740 4541481 1823096832
256 741 4539676 1823096832
256 742 4542186 1823096832
256 743 4540712 1823096832
256 744 4542141 1823096832
256 745 4540491 1823096832
256 746 4542116 1823096832
256 747 4540826 1823096832
256 748 4539845 1823096832
256 749 4539722 1823096832
256 750 4540609 1823096832
256 751 4541286 1823096832
256 752 4540047 1823096832
256 753 4542649 1823096832
256 754 4540805 1823096832
256 755 4541522 1823096832
256 756 4540671 1823096832
256 757 4542884 1823096832
256 758 4540517 1823096832
256 759 4541126 1823096832
256 760 4541399 1823096832
256 761 4541925 1823096832
256 762 4539531 1823096832
256 763 4542128 1823096832
256 764 4540653 1823096832
256 765 4540374 1823096832
256 766 4540428 1823096832
256 767 4541885 1823096832
256 768 4541216 1823096832
256 769 4541211 1823096832
256 770 4539580 1823096832
256 771 4539693 1823096832
256 772 4539817 1823096832
256 773 4540066 1823096832
256 774 4540422 1823096832
256 775 4539899 1823096832
256 776 4541783 1823096832
256 777 4539734 1823096832
256 778 4541953 1823096832
256 779 4540241 1823096832
256 780 4542558 1823096832
256 781 4539783 1823096832
256 782 4543252 1823096832
256 783 4540373 1823096832
256 784 4541119 1823096832
256 785 4539727 1823096832
256 786 4542389 1823096832
256 787 4539080 1823096832
256 788 4541769 1823096832
256 789 4540902 1823096832
256 790 4541903 1823096832
256 791 4540233 1823096832
256 792 4540760 1823096832
256 793 4540023 1823096832
256 794 4539422 1823096832
256 795 4540055 1823096832
256 796 4540261 1823096832
256 797 4541323 1823096832
256 798 4540184 1823096832
256 799 4541884 1823096832
256 800 4541527 1823096832
256 801 4543049 1823096832
256 802 4539356 1823096832
256 803 4542597 1823096832
256 804 4539906 1823096832
256 805 4541875 1823096832
256 806 4539818 1823096832
256 807 4541222 1823096832
256 808 4538982 1823096832
256 809 4542607 1823096832
256 810 4540510 1823096832
256 811 4541704 1823096832
256 812 4540603 1823096832
256 813 4541585 1823096832
256 814 4540396 1823096832
256 815 4540349 1823096832
256 816 4540914 1823096832
256 817 4540527 1823096832
256 818 4539584 1823096832
256 819 4541451 1823096832
256 820 4541439 1823096832
256 821 4539215 1823096832
256 822 4542002 1823096832
256 823 4541021 1823096832
256 824 4541357 1823096832
256 825 4539830 1823096832
256 826 4542621 1823096832
256 827 4540549 1823096832
256 828 4541837 1823096832
256 829 4539023 1823096832
256 830 4541717 1823096832
256 831 4540316 1823096832
256 832 4542437 1823096832
256 833 4540166 1823096832
256 834 4542380 1823096832
256 835 4540406 1823096832
256 836 4540750 1823096832
256 837 4540665 1823096832
256 838 4539754 1823096832
256 839 4540596 1823096832
256 840 4540016 1823096832
256 841 4539868 1823096832
256 842 4540748 1823096832
256 843 4541785 1823096832
256 844 4540770 1823096832
256 845 4542322 1823096832
256 846 4539774 1823096832
256 847 4542532 1823096832
256 848 4540875 1823096832
256 849 4542503 1823096832
256 850 4541077 1823096832
256 851 4542132 1823096832
256 852 4539731 1823096832
256 853 4541398 1823096832
256 854 4539309 1823096832
256 855 4541201 1823096832
256 856 4540372 1823096832
256 857 4542670 1823096832
256 858 4539697 1823096832
256 859 4539709 1823096832
256 860 4540139 1823096832
256 861 4539875 1823096832
256 862 4540392 1823096832
256 863 4540012 1823096832
256 864 4541038 1823096832
256 865 4540978 1823096832
256 866 4541169 1823096832
256 867 4540677 1823096832
256 868 4541412 1823096832
256 869 4540940 1823096832
256 870 4541737 1823096832
256 871 4540539 1823096832
256 872 4542565 1823096832
256 873 4540895 1823096832
256 874 4541723 1823096832
256 875 4539999 1823096832
256 876 4541351 1823096832
256 877 4540522 1823096832
256 878 4542177 1823096832
256 879 4540771 1823096832
256 880 4540393 1823096832
256 881 4540294 1823096832
256 882 4540652 1823096832
256 883 4540055 1823096832
256 884 4540782 1823096832
256 885 4539409 1823096832
256 886 4540509 1823096832
256 887 4541710 1823096832
256 888 4540507 1823096832
256 889 4542148 1823096832
256 890 4540649 1823096832
256 891 4542651 1823096832
256 892 4539941 1823096832
256 893 4541187 1823096832
256 894 4540574 1823096832
256 895 4542969 1823096832
256 896 4540567 1823096832
256 897 4541784 1823096832
256 898 4540559 1823096832
256 899 4541683 1823096832
256 900 4539948 1823096832
256 901 4542916 1823096832
256 902 4540858 1823096832
256 903 4540411 1823096832
256 904 4540838 1823096832
256 905 4540290 1823096832
256 906 4540424 1823096832
256 907 4540299 1823096832
256 908 4541869 1823096832
256 909 4540197 1823096832
256 910 4542411 1823096832
256 911 4540397 1823096832
256 912 4542158 1823096832
256 913 4540111 1823096832
256 914 4541216 1823096832
256 915 4541014 1823096832
256 916 4542313 1823096832
256 917 4539836 1823096832
256 918 4542497 1823096832
256 919 4540105 1823096832
256 920 4541974 1823096832
256 921 4539836 1823096832
256 922 4542101 1823096832
256 923 4538973 1823096832
256 924 4540735 1823096832
256 925 4541232 1823096832
256 926 4539271 1823096832
256 927 4540534 1823096832
256 928 4540081 1823096832
256 929 4540076 1823096832
256 930 4539841 1823096832
256 931 4541951 1823096832
256 932 4539663 1823096832
256 933 4541110 1823096832
256 934 4540400 1823096832
256 935 4542486 1823096832
256 936 4540338 1823096832
256 937 4541821 1823096832
256 938 4539411 1823096832
256 939 4542668 1823096832
256 940 4540545 1823096832
256 941 4542506 1823096832
256 942 4540742 1823096832
256 943 4542957 1823096832
256 944 4540872 1823096832
256 945 4541014 1823096832
256 946 4540628 1823096832
256 947 4539542 1823096832
256 948 4539257 1823096832
256 949 4539458 1823096832
256 950 4539984 1823096832
256 951 4539897 1823096832
256 952 4542430 1823096832
256 953 4539571 1823096832
256 954 4541871 1823096832
256 955 4539363 1823096832
256 956 4542557 1823096832
256 957 4539745 1823096832
256 958 4542782 1823096832
256 959 4540602 1823096832
256 960 4541027 1823096832
256 961 4540980 1823096832
256 962 4541143 1823096832
256 963 4539514 1823096832
256 964 4541986 1823096832
256 965 4540351 1823096832
256 966 4541845 1823096832
256 967 4540506 1823096832
256 968 4542386 1823096832
256 969 4540176 1823096832
256 970 4541074 1823096832
256 971 4541157 1823096832
256 972 4540166 1823096832
256 973 4539913 1823096832
256 974 4540252 1823096832
256 975 4541865 1823096832
256 976 4539586 1823096832
256 977 4542443 1823096832
256 978 4541045 1823096832
256 979 4542086 1823096832
256 980 4540215 1823096832
256 981 4541395 1823096832
256 982 4540283 1823096832
256 983 4542473 1823096832
256 984 4539951 1823096832
256 985 4541568 1823096832
256 986 4539411 1823096832
256 987 4542249 1823096832
256 988 4540288 1823096832
256 989 4540349 1823096832
256 990 4539737 1823096832
256 991 4539667 1823096832
256 992 4540326 1823096832
256 993 4540124 1823096832
256 994 4540272 1823096832
256 995 4539901 1823096832
256 996 4541471 1823096832
256 997 4539599 1823096832
256 998 4542773 1823096832
256 999 4541066 1823096832
