8 0 1796 2704
8 1 1370 2704
8 2 1324 2704
8 3 1310 2704
8 4 1310 2704
8 5 1310 2704
8 6 1310 2704
8 7 1310 2704
8 8 1310 2704
8 9 1310 2704
8 10 1310 2704
8 11 1310 2704
8 12 1310 2704
8 13 1310 2704
8 14 1310 2704
8 15 1310 2704
8 16 1310 2704
8 17 1310 2704
8 18 1310 2704
8 19 1310 2704
8 20 1310 2704
8 21 1310 2704
8 22 1310 2704
8 23 1310 2704
8 24 1310 2704
8 25 1310 2704
8 26 1310 2704
8 27 1310 2704
8 28 1310 2704
8 29 1310 2704
8 30 1310 2704
8 31 1310 2704
8 32 1310 2704
8 33 1310 2704
8 34 1310 2704
8 35 1310 2704
8 36 1310 2704
8 37 1310 2704
8 38 1310 2704
8 39 1310 2704
8 40 1310 2704
8 41 1310 2704
8 42 1310 2704
8 43 1310 2704
8 44 1310 2704
8 45 1310 2704
8 46 1310 2704
8 47 1310 2704
8 48 1310 2704
8 49 1310 2704
8 50 1310 2704
8 51 1310 2704
8 52 1310 2704
8 53 1310 2704
8 54 1310 2704
8 55 1310 2704
8 56 1310 2704
8 57 1310 2704
8 58 1310 2704
8 59 1310 2704
8 60 1310 2704
8 61 1310 2704
8 62 1310 2704
8 63 1310 2704
8 64 1310 2704
8 65 1310 2704
8 66 1310 2704
8 67 1310 2704
8 68 1310 2704
8 69 1310 2704
8 70 1310 2704
8 71 1310 2704
8 72 1310 2704
8 73 1310 2704
8 74 1310 2704
8 75 1310 2704
8 76 1310 2704
8 77 1310 2704
8 78 1310 2704
8 79 1310 2704
8 80 1310 2704
8 81 1310 2704
8 82 1310 2704
8 83 1310 2704
8 84 1310 2704
8 85 1310 2704
8 86 1310 2704
8 87 1310 2704
8 88 1310 2704
8 89 1310 2704
8 90 1310 2704
8 91 1310 2704
8 92 1310 2704
8 93 1310 2704
8 94 1310 2704
8 95 1310 2704
8 96 1310 2704
8 97 1310 2704
8 98 1310 2704
8 99 1310 2704
8 100 1310 2704
8 101 1310 2704
8 102 1310 2704
8 103 1310 2704
8 104 1310 2704
8 105 1310 2704
8 106 1310 2704
8 107 1310 2704
8 108 1310 2704
8 109 1310 2704
8 110 1310 2704
8 111 1310 2704
8 112 1310 2704
8 113 1310 2704
8 114 1310 2704
8 115 1310 2704
8 116 1310 2704
8 117 1310 2704
8 118 1310 2704
8 119 1310 2704
8 120 1310 2704
8 121 1310 2704
8 122 1310 2704
8 123 1310 2704
8 124 1310 2704
8 125 1310 2704
8 126 1310 2704
8 127 1310 2704
8 128 1310 2704
8 129 1310 2704
8 130 1310 2704
8 131 1310 2704
8 132 1310 2704
8 133 1310 2704
8 134 1310 2704
8 135 1310 2704
8 136 1310 2704
8 137 1310 2704
8 138 1310 2704
8 139 1310 2704
8 140 1310 2704
8 141 1310 2704
8 142 1310 2704
8 143 1310 2704
8 144 1310 2704
8 145 1310 2704
8 146 1310 2704
8 147 1310 2704
8 148 1310 2704
8 149 1310 2704
8 150 1310 2704
8 151 1310 2704
8 152 1310 2704
8 153 1310 2704
8 154 1310 2704
8 155 1310 2704
8 156 1310 2704
8 157 1310 2704
8 158 1310 2704
8 159 1310 2704
8 160 1310 2704
8 161 1310 2704
8 162 1310 2704
8 163 1310 2704
8 164 1310 2704
8 165 1310 2704
8 166 1310 2704
8 167 1310 2704
8 168 1310 2704
8 169 1310 2704
8 170 1310 2704
8 171 1310 2704
8 172 1310 2704
8 173 1310 2704
8 174 1310 2704
8 175 1310 2704
8 176 1310 2704
8 177 1310 2704
8 178 1310 2704
8 179 1310 2704
8 180 1310 2704
8 181 1310 2704
8 182 1310 2704
8 183 1310 2704
8 184 1310 2704
8 185 1310 2704
8 186 1310 2704
8 187 1310 2704
8 188 1310 2704
8 189 1310 2704
8 190 1310 2704
8 191 1310 2704
8 192 1310 2704
8 193 1310 2704
8 194 1310 2704
8 195 1310 2704
8 196 1310 2704
8 197 1310 2704
8 198 1310 2704
8 199 1310 2704
8 200 1310 2704
8 201 1310 2704
8 202 1310 2704
8 203 1310 2704
8 204 1310 2704
8 205 1310 2704
8 206 1310 2704
8 207 1310 2704
8 208 1310 2704
8 209 1310 2704
8 210 1310 2704
8 211 1310 2704
8 212 1310 2704
8 213 1310 2704
8 214 1310 2704
8 215 1310 2704
8 216 1310 2704
8 217 1310 2704
8 218 1310 2704
8 219 1310 2704
8 220 1310 2704
8 221 1310 2704
8 222 1310 2704
8 223 1310 2704
8 224 1310 2704
8 225 1310 2704
8 226 1310 2704
8 227 1310 2704
8 228 1310 2704
8 229 1310 2704
8 230 1310 2704
8 231 1310 2704
8 232 1310 2704
8 233 1310 2704
8 234 1310 2704
8 235 1310 2704
8 236 1310 2704
8 237 1310 2704
8 238 1310 2704
8 239 1310 2704
8 240 1310 2704
8 241 1310 2704
8 242 1310 2704
8 243 1310 2704
8 244 1310 2704
8 245 1310 2704
8 246 1310 2704
8 247 1310 2704
8 248 1310 2704
8 249 1310 2704
8 250 1310 2704
8 251 1310 2704
8 252 1310 2704
8 253 1310 2704
8 254 1310 2704
8 255 1310 2704
8 256 1310 2704
8 257 1310 2704
8 258 1310 2704
8 259 1310 2704
8 260 1310 2704
8 261 1310 2704
8 262 1310 2704
8 263 1310 2704
8 264 1310 2704
8 265 1310 2704
8 266 1310 2704
8 267 1310 2704
8 268 1310 2704
8 269 1310 2704
8 270 1310 2704
8 271 1310 2704
8 272 1310 2704
8 273 1310 2704
8 274 1310 2704
8 275 1310 2704
8 276 1310 2704
8 277 1310 2704
8 278 1310 2704
8 279 1310 2704
8 280 1310 2704
8 281 1310 2704
8 282 1310 2704
8 283 1310 2704
8 284 1310 2704
8 285 1310 2704
8 286 1310 2704
8 287 1310 2704
8 288 1310 2704
8 289 1310 2704
8 290 1310 2704
8 291 1310 2704
8 292 1310 2704
8 293 1310 2704
8 294 1310 2704
8 295 1310 2704
8 296 1310 2704
8 297 1310 2704
8 298 1310 2704
8 299 1310 2704
8 300 1310 2704
8 301 1310 2704
8 302 1310 2704
8 303 1310 2704
8 304 1310 2704
8 305 1310 2704
8 306 1310 2704
8 307 1310 2704
8 308 1310 2704
8 309 1310 2704
8 310 1310 2704
8 311 1310 2704
8 312 1310 2704
8 313 1310 2704
8 314 1310 2704
8 315 1310 2704
8 316 1310 2704
8 317 1310 2704
8 318 1310 2704
8 319 1310 2704
8 320 1310 2704
8 321 1310 2704
8 322 1310 2704
8 323 1310 2704
8 324 1310 2704
8 325 1310 2704
8 326 1310 2704
8 327 1310 2704
8 328 1310 2704
8 329 1310 2704
8 330 1310 2704
8 331 1310 2704
8 332 1310 2704
8 333 1310 2704
8 334 1310 2704
8 335 1310 2704
8 336 1310 2704
8 337 1310 2704
8 338 1310 2704
8 339 1310 2704
8 340 1310 2704
8 341 1310 2704
8 342 1310 2704
8 343 1310 2704
8 344 1310 2704
8 345 1310 2704
8 346 1310 2704
8 347 1310 2704
8 348 1310 2704
8 349 1310 2704
8 350 1310 2704
8 351 1310 2704
8 352 1310 2704
8 353 1310 2704
8 354 1310 2704
8 355 1310 2704
8 356 1310 2704
8 357 1310 2704
8 358 1310 2704
8 359 1310 2704
8 360 1310 2704
8 361 1310 2704
8 362 1310 2704
8 363 1310 2704
8 364 1310 2704
8 365 1310 2704
8 366 1310 2704
8 367 1310 2704
8 368 1310 2704
8 369 1310 2704
8 370 1310 2704
8 371 1310 2704
8 372 1310 2704
8 373 1310 2704
8 374 1310 2704
8 375 1310 2704
8 376 1310 2704
8 377 1310 2704
8 378 1310 2704
8 379 1310 2704
8 380 1310 2704
8 381 1310 2704
8 382 1310 2704
8 383 1310 2704
8 384 1310 2704
8 385 1310 2704
8 386 1310 2704
8 387 1310 2704
8 388 1310 2704
8 389 1310 2704
8 390 1310 2704
8 391 1310 2704
8 392 1310 2704
8 393 1310 2704
8 394 1310 2704
8 395 1310 2704
8 396 1310 2704
8 397 1310 2704
8 398 1310 2704
8 399 1310 2704
8 400 1310 2704
8 401 1310 2704
8 402 1310 2704
8 403 1310 2704
8 404 1310 2704
8 405 1310 2704
8 406 1310 2704
8 407 1310 2704
8 408 1310 2704
8 409 1310 2704
8 410 1310 2704
8 411 1310 2704
8 412 1310 2704
8 413 1310 2704
8 414 1310 2704
8 415 1310 2704
8 416 1310 2704
8 417 1310 2704
8 418 1310 2704
8 419 1310 2704
8 420 1310 2704
8 421 1310 2704
8 422 1310 2704
8 423 1310 2704
8 424 1310 2704
8 425 1310 2704
8 426 1310 2704
8 427 1310 2704
8 428 1310 2704
8 429 1310 2704
8 430 1310 2704
8 431 1310 2704
8 432 1310 2704
8 433 1310 2704
8 434 1310 2704
8 435 1310 2704
8 436 1310 2704
8 437 1310 2704
8 438 1310 2704
8 439 1310 2704
8 440 1310 2704
8 441 1310 2704
8 442 1310 2704
8 443 1310 2704
8 444 1310 2704
8 445 1310 2704
8 446 1310 2704
8 447 1310 2704
8 448 1310 2704
8 449 1310 2704
8 450 1310 2704
8 451 1310 2704
8 452 1310 2704
8 453 1310 2704
8 454 1310 2704
8 455 1310 2704
8 456 1310 2704
8 457 1310 2704
8 458 1310 2704
8 459 1310 2704
8 460 1310 2704
8 461 1310 2704
8 462 1310 2704
8 463 1310 2704
8 464 1310 2704
8 465 1310 2704
8 466 1310 2704
8 467 1310 2704
8 468 1310 2704
8 469 1310 2704
8 470 1310 2704
8 471 1310 2704
8 472 1310 2704
8 473 1310 2704
8 474 1310 2704
8 475 1310 2704
8 476 1310 2704
8 477 1310 2704
8 478 1310 2704
8 479 1310 2704
8 480 1310 2704
8 481 1310 2704
8 482 1310 2704
8 483 1310 2704
8 484 1310 2704
8 485 1310 2704
8 486 1310 2704
8 487 1310 2704
8 488 1310 2704
8 489 1310 2704
8 490 1310 2704
8 491 1310 2704
8 492 1310 2704
8 493 1310 2704
8 494 1310 2704
8 495 1310 2704
8 496 1310 2704
8 497 1310 2704
8 498 1310 2704
8 499 1310 2704
8 500 1310 2704
8 501 1310 2704
8 502 1310 2704
8 503 1310 2704
8 504 1310 2704
8 505 1310 2704
8 506 1310 2704
8 507 1310 2704
8 508 1310 2704
8 509 1310 2704
8 510 1310 2704
8 511 1310 2704
8 512 1310 2704
8 513 1310 2704
8 514 1310 2704
8 515 1310 2704
8 516 1310 2704
8 517 1310 2704
8 518 1310 2704
8 519 1310 2704
8 520 1310 2704
8 521 1310 2704
8 522 1310 2704
8 523 1310 2704
8 524 1310 2704
8 525 1310 2704
8 526 1310 2704
8 527 1310 2704
8 528 1310 2704
8 529 1310 2704
8 530 1310 2704
8 531 1310 2704
8 532 1310 2704
8 533 1310 2704
8 534 1310 2704
8 535 1310 2704
8 536 1310 2704
8 537 1310 2704
8 538 1310 2704
8 539 1310 2704
8 540 1310 2704
8 541 1310 2704
8 542 1310 2704
8 543 1310 2704
8 544 1310 2704
8 545 1310 2704
8 546 1310 2704
8 547 1310 2704
8 548 1310 2704
8 549 1310 2704
8 550 1310 2704
8 551 1310 2704
8 552 1310 2704
8 553 1310 2704
8 554 1310 2704
8 555 1310 2704
8 556 1310 2704
8 557 1310 2704
8 558 1310 2704
8 559 1310 2704
8 560 1310 2704
8 561 1310 2704
8 562 1310 2704
8 563 1310 2704
8 564 1310 2704
8 565 1310 2704
8 566 1310 2704
8 567 1310 2704
8 568 1310 2704
8 569 1310 2704
8 570 1310 2704
8 571 1310 2704
8 572 1310 2704
8 573 1310 2704
8 574 1310 2704
8 575 1310 2704
8 576 1310 2704
8 577 1310 2704
8 578 1310 2704
8 579 1310 2704
8 580 1310 2704
8 581 1310 2704
8 582 1310 2704
8 583 1310 2704
8 584 1310 2704
8 585 1310 2704
8 586 1310 2704
8 587 1310 2704
8 588 1310 2704
8 589 1310 2704
8 590 1310 2704
8 591 1310 2704
8 592 1310 2704
8 593 1310 2704
8 594 1310 2704
8 595 1310 2704
8 596 1310 2704
8 597 1310 2704
8 598 1310 2704
8 599 1310 2704
8 600 1310 2704
8 601 1310 2704
8 602 1310 2704
8 603 1310 2704
8 604 1310 2704
8 605 1310 2704
8 606 1310 2704
8 607 1310 2704
8 608 1310 2704
8 609 1310 2704
8 610 1310 2704
8 611 1310 2704
8 612 1310 2704
8 613 1310 2704
8 614 1310 2704
8 615 1310 2704
8 616 1310 2704
8 617 1310 2704
8 618 1310 2704
8 619 1310 2704
8 620 1310 2704
8 621 1310 2704
8 622 1310 2704
8 623 1310 2704
8 624 1310 2704
8 625 1310 2704
8 626 1310 2704
8 627 1310 2704
8 628 1310 2704
8 629 1310 2704
8 630 1310 2704
8 631 1310 2704
8 632 1310 2704
8 633 1310 2704
8 634 1310 2704
8 635 1310 2704
8 636 1310 2704
8 637 1310 2704
8 638 1310 2704
8 639 1310 2704
8 640 1310 2704
8 641 1310 2704
8 642 1310 2704
8 643 1310 2704
8 644 1310 2704
8 645 1310 2704
8 646 1310 2704
8 647 1310 2704
8 648 1310 2704
8 649 1310 2704
8 650 1310 2704
8 651 1310 2704
8 652 1310 2704
8 653 1310 2704
8 654 1310 2704
8 655 1310 2704
8 656 1310 2704
8 657 1310 2704
8 658 1310 2704
8 659 1310 2704
8 660 1310 2704
8 661 1310 2704
8 662 1310 2704
8 663 1310 2704
8 664 1310 2704
8 665 1310 2704
8 666 1310 2704
8 667 1310 2704
8 668 1310 2704
8 669 1310 2704
8 670 1310 2704
8 671 1310 2704
8 672 1310 2704
8 673 1310 2704
8 674 1310 2704
8 675 1310 2704
8 676 1310 2704
8 677 1310 2704
8 678 1310 2704
8 679 1310 2704
8 680 1310 2704
8 681 1310 2704
8 682 1310 2704
8 683 1310 2704
8 684 1310 2704
8 685 1310 2704
8 686 1310 2704
8 687 1310 2704
8 688 1310 2704
8 689 1310 2704
8 690 1310 2704
8 691 1310 2704
8 692 1310 2704
8 693 1310 2704
8 694 1310 2704
8 695 1310 2704
8 696 1310 2704
8 697 1310 2704
8 698 1310 2704
8 699 1310 2704
8 700 1310 2704
8 701 1310 2704
8 702 1310 2704
8 703 1310 2704
8 704 1310 2704
8 705 1310 2704
8 706 1310 2704
8 707 1310 2704
8 708 1310 2704
8 709 1310 2704
8 710 1310 2704
8 711 1310 2704
8 712 1310 2704
8 713 1310 2704
8 714 1310 2704
8 715 1310 2704
8 716 1310 2704
8 717 1310 2704
8 718 1310 2704
8 719 1310 2704
8 720 1310 2704
8 721 1310 2704
8 722 1310 2704
8 723 1310 2704
8 724 1310 2704
8 725 1310 2704
8 726 1310 2704
8 727 1310 2704
8 728 1310 2704
8 729 1310 2704
8 730 1310 2704
8 731 1310 2704
8 732 1310 2704
8 733 1310 2704
8 734 1310 2704
8 735 1310 2704
8 736 1310 2704
8 737 1310 2704
8 738 1310 2704
8 739 1310 2704
8 740 1310 2704
8 741 1310 2704
8 742 1310 2704
8 743 1310 2704
8 744 1310 2704
8 745 1310 2704
8 746 1310 2704
8 747 1310 2704
8 748 1310 2704
8 749 1310 2704
8 750 1310 2704
8 751 1310 2704
8 752 1310 2704
8 753 1310 2704
8 754 1310 2704
8 755 1310 2704
8 756 1310 2704
8 757 1310 2704
8 758 1310 2704
8 759 1310 2704
8 760 1310 2704
8 761 1310 2704
8 762 1310 2704
8 763 1310 2704
8 764 1310 2704
8 765 1310 2704
8 766 1310 2704
8 767 1310 2704
8 768 1310 2704
8 769 1310 2704
8 770 1310 2704
8 771 1310 2704
8 772 1310 2704
8 773 1310 2704
8 774 1310 2704
8 775 1310 2704
8 776 1310 2704
8 777 1310 2704
8 778 1310 2704
8 779 1310 2704
8 780 1310 2704
8 781 1310 2704
8 782 1310 2704
8 783 1310 2704
8 784 1310 2704
8 785 1310 2704
8 786 1310 2704
8 787 1310 2704
8 788 1310 2704
8 789 1310 2704
8 790 1310 2704
8 791 1310 2704
8 792 1310 2704
8 793 1310 2704
8 794 1310 2704
8 795 1310 2704
8 796 1310 2704
8 797 1310 2704
8 798 1310 2704
8 799 1310 2704
8 800 1310 2704
8 801 1310 2704
8 802 1310 2704
8 803 1310 2704
8 804 1310 2704
8 805 1310 2704
8 806 1310 2704
8 807 1310 2704
8 808 1310 2704
8 809 1310 2704
8 810 1310 2704
8 811 1310 2704
8 812 1310 2704
8 813 1310 2704
8 814 1310 2704
8 815 1310 2704
8 816 1310 2704
8 817 1310 2704
8 818 1310 2704
8 819 1310 2704
8 820 1310 2704
8 821 1310 2704
8 822 1310 2704
8 823 1310 2704
8 824 1310 2704
8 825 1310 2704
8 826 1310 2704
8 827 1310 2704
8 828 1310 2704
8 829 1310 2704
8 830 1310 2704
8 831 1310 2704
8 832 1310 2704
8 833 1310 2704
8 834 1310 2704
8 835 1310 2704
8 836 1310 2704
8 837 1310 2704
8 838 1310 2704
8 839 1310 2704
8 840 1310 2704
8 841 1310 2704
8 842 1310 2704
8 843 1310 2704
8 844 1310 2704
8 845 1310 2704
8 846 1310 2704
8 847 1310 2704
8 848 1310 2704
8 849 1310 2704
8 850 1310 2704
8 851 1310 2704
8 852 1310 2704
8 853 1310 2704
8 854 1310 2704
8 855 1310 2704
8 856 1310 2704
8 857 1310 2704
8 858 1310 2704
8 859 1310 2704
8 860 1310 2704
8 861 1310 2704
8 862 1310 2704
8 863 1310 2704
8 864 1310 2704
8 865 1310 2704
8 866 1310 2704
8 867 1310 2704
8 868 1310 2704
8 869 1310 2704
8 870 1310 2704
8 871 1310 2704
8 872 1310 2704
8 873 1310 2704
8 874 1310 2704
8 875 1310 2704
8 876 1310 2704
8 877 1310 2704
8 878 1310 2704
8 879 1310 2704
8 880 1310 2704
8 881 1310 2704
8 882 1310 2704
8 883 1310 2704
8 884 1310 2704
8 885 1310 2704
8 886 1310 2704
8 887 1310 2704
8 888 1310 2704
8 889 1310 2704
8 890 1310 2704
8 891 1310 2704
8 892 1310 2704
8 893 1310 2704
8 894 1310 2704
8 895 1310 2704
8 896 1310 2704
8 897 1310 2704
8 898 1310 2704
8 899 1310 2704
8 900 1310 2704
8 901 1310 2704
8 902 1310 2704
8 903 1310 2704
8 904 1310 2704
8 905 1310 2704
8 906 1310 2704
8 907 1310 2704
8 908 1310 2704
8 909 1310 2704
8 910 1310 2704
8 911 1310 2704
8 912 1310 2704
8 913 1310 2704
8 914 1310 2704
8 915 1310 2704
8 916 1310 2704
8 917 1310 2704
8 918 1310 2704
8 919 1310 2704
8 920 1310 2704
8 921 1310 2704
8 922 1310 2704
8 923 1310 2704
8 924 1310 2704
8 925 1310 2704
8 926 1310 2704
8 927 1310 2704
8 928 1310 2704
8 929 1310 2704
8 930 1310 2704
8 931 1310 2704
8 932 1310 2704
8 933 1310 2704
8 934 1310 2704
8 935 1310 2704
8 936 1310 2704
8 937 1310 2704
8 938 1310 2704
8 939 1310 2704
8 940 1310 2704
8 941 1310 2704
8 942 1310 2704
8 943 1310 2704
8 944 1310 2704
8 945 1310 2704
8 946 1310 2704
8 947 1310 2704
8 948 1310 2704
8 949 1310 2704
8 950 1310 2704
8 951 1310 2704
8 952 1310 2704
8 953 1310 2704
8 954 1310 2704
8 955 1310 2704
8 956 1310 2704
8 957 1310 2704
8 958 1310 2704
8 959 1310 2704
8 960 1310 2704
8 961 1310 2704
8 962 1310 2704
8 963 1310 2704
8 964 1310 2704
8 965 1310 2704
8 966 1310 2704
8 967 1310 2704
8 968 1310 2704
8 969 1310 2704
8 970 1310 2704
8 971 1310 2704
8 972 1310 2704
8 973 1310 2704
8 974 1310 2704
8 975 1310 2704
8 976 1310 2704
8 977 1310 2704
8 978 1310 2704
8 979 1310 2704
8 980 1310 2704
8 981 1310 2704
8 982 1310 2704
8 983 1310 2704
8 984 1310 2704
8 985 1310 2704
8 986 1310 2704
8 987 1310 2704
8 988 1310 2704
8 989 1310 2704
8 990 1310 2704
8 991 1310 2704
8 992 1310 2704
8 993 1310 2704
8 994 1310 2704
8 995 1310 2704
8 996 1310 2704
8 997 1310 2704
8 998 1310 2704
8 999 1310 2704
