128 0 98697 4169206610
128 1 98695 4169206610
128 2 98695 4169206610
128 3 98695 4169206610
128 4 98695 4169206610
128 5 98695 4169206610
128 6 98695 4169206610
128 7 98695 4169206610
128 8 98695 4169206610
128 9 98695 4169206610
128 10 98695 4169206610
128 11 98695 4169206610
128 12 98695 4169206610
128 13 98695 4169206610
128 14 98695 4169206610
128 15 98695 4169206610
128 16 98695 4169206610
128 17 98695 4169206610
128 18 98695 4169206610
128 19 98695 4169206610
128 20 98695 4169206610
128 21 98695 4169206610
128 22 98695 4169206610
128 23 98695 4169206610
128 24 98695 4169206610
128 25 98695 4169206610
128 26 98695 4169206610
128 27 98695 4169206610
128 28 98695 4169206610
128 29 98695 4169206610
128 30 98695 4169206610
128 31 98695 4169206610
128 32 98695 4169206610
128 33 98695 4169206610
128 34 98695 4169206610
128 35 98695 4169206610
128 36 98695 4169206610
128 37 98695 4169206610
128 38 98695 4169206610
128 39 98695 4169206610
128 40 98695 4169206610
128 41 98695 4169206610
128 42 98695 4169206610
128 43 98695 4169206610
128 44 98695 4169206610
128 45 98695 4169206610
128 46 98695 4169206610
128 47 98695 4169206610
128 48 98695 4169206610
128 49 98695 4169206610
128 50 98695 4169206610
128 51 98695 4169206610
128 52 98695 4169206610
128 53 98695 4169206610
128 54 98695 4169206610
128 55 98695 4169206610
128 56 98695 4169206610
128 57 98695 4169206610
128 58 98695 4169206610
128 59 98695 4169206610
128 60 98868 4169206610
128 61 98695 4169206610
128 62 98695 4169206610
128 63 98695 4169206610
128 64 98695 4169206610
128 65 98695 4169206610
128 66 98695 4169206610
128 67 98695 4169206610
128 68 98695 4169206610
128 69 98695 4169206610
128 70 98695 4169206610
128 71 98695 4169206610
128 72 98695 4169206610
128 73 98695 4169206610
128 74 98695 4169206610
128 75 98695 4169206610
128 76 98695 4169206610
128 77 98695 4169206610
128 78 98695 4169206610
128 79 98695 4169206610
128 80 98695 4169206610
128 81 98695 4169206610
128 82 98695 4169206610
128 83 98695 4169206610
128 84 98695 4169206610
128 85 98695 4169206610
128 86 98695 4169206610
128 87 98695 4169206610
128 88 98695 4169206610
128 89 98695 4169206610
128 90 98695 4169206610
128 91 98695 4169206610
128 92 98846 4169206610
128 93 98695 4169206610
128 94 98695 4169206610
128 95 98695 4169206610
128 96 98695 4169206610
128 97 98695 4169206610
128 98 98695 4169206610
128 99 98695 4169206610
128 100 98695 4169206610
128 101 98695 4169206610
128 102 98695 4169206610
128 103 98695 4169206610
128 104 98695 4169206610
128 105 98695 4169206610
128 106 98695 4169206610
128 107 98695 4169206610
128 108 98695 4169206610
128 109 98695 4169206610
128 110 98695 4169206610
128 111 98695 4169206610
128 112 98695 4169206610
128 113 98695 4169206610
128 114 98695 4169206610
128 115 98695 4169206610
128 116 98695 4169206610
128 117 98695 4169206610
128 118 98695 4169206610
128 119 98695 4169206610
128 120 98695 4169206610
128 121 98695 4169206610
128 122 98695 4169206610
128 123 98695 4169206610
128 124 98695 4169206610
128 125 98695 4169206610
128 126 98695 4169206610
128 127 98695 4169206610
128 128 98695 4169206610
128 129 98695 4169206610
128 130 98695 4169206610
128 131 98695 4169206610
128 132 98695 4169206610
128 133 98695 4169206610
128 134 98695 4169206610
128 135 98695 4169206610
128 136 98695 4169206610
128 137 98695 4169206610
128 138 98695 4169206610
128 139 98695 4169206610
128 140 98695 4169206610
128 141 98695 4169206610
128 142 98695 4169206610
128 143 98695 4169206610
128 144 98695 4169206610
128 145 98695 4169206610
128 146 98695 4169206610
128 147 98695 4169206610
128 148 98695 4169206610
128 149 98695 4169206610
128 150 98695 4169206610
128 151 98695 4169206610
128 152 98695 4169206610
128 153 98695 4169206610
128 154 98695 4169206610
128 155 98695 4169206610
128 156 98695 4169206610
128 157 98695 4169206610
128 158 98695 4169206610
128 159 98695 4169206610
128 160 98695 4169206610
128 161 98695 4169206610
128 162 98695 4169206610
128 163 98695 4169206610
128 164 98695 4169206610
128 165 98695 4169206610
128 166 98695 4169206610
128 167 98695 4169206610
128 168 98695 4169206610
128 169 98695 4169206610
128 170 98695 4169206610
128 171 98695 4169206610
128 172 98695 4169206610
128 173 98695 4169206610
128 174 98695 4169206610
128 175 98695 4169206610
128 176 98695 4169206610
128 177 98695 4169206610
128 178 98695 4169206610
128 179 98695 4169206610
128 180 98695 4169206610
128 181 98695 4169206610
128 182 98695 4169206610
128 183 98695 4169206610
128 184 98695 4169206610
128 185 98695 4169206610
128 186 98695 4169206610
128 187 98695 4169206610
128 188 98695 4169206610
128 189 98695 4169206610
128 190 98695 4169206610
128 191 98695 4169206610
128 192 98695 4169206610
128 193 98695 4169206610
128 194 98695 4169206610
128 195 98695 4169206610
128 196 98695 4169206610
128 197 98695 4169206610
128 198 98695 4169206610
128 199 98695 4169206610
128 200 98695 4169206610
128 201 98695 4169206610
128 202 98695 4169206610
128 203 98695 4169206610
128 204 98695 4169206610
128 205 98695 4169206610
128 206 98695 4169206610
128 207 98695 4169206610
128 208 98695 4169206610
128 209 98695 4169206610
128 210 98695 4169206610
128 211 98695 4169206610
128 212 98695 4169206610
128 213 98695 4169206610
128 214 98695 4169206610
128 215 98695 4169206610
128 216 98695 4169206610
128 217 98695 4169206610
128 218 98695 4169206610
128 219 98695 4169206610
128 220 98695 4169206610
128 221 98695 4169206610
128 222 98695 4169206610
128 223 98695 4169206610
128 224 98695 4169206610
128 225 98695 4169206610
128 226 98695 4169206610
128 227 98695 4169206610
128 228 98695 4169206610
128 229 98695 4169206610
128 230 98695 4169206610
128 231 98695 4169206610
128 232 98695 4169206610
128 233 98695 4169206610
128 234 98695 4169206610
128 235 98695 4169206610
128 236 98695 4169206610
128 237 98695 4169206610
128 238 98695 4169206610
128 239 98695 4169206610
128 240 98695 4169206610
128 241 98695 4169206610
128 242 98695 4169206610
128 243 98695 4169206610
128 244 98695 4169206610
128 245 98695 4169206610
128 246 98695 4169206610
128 247 98695 4169206610
128 248 98695 4169206610
128 249 98695 4169206610
128 250 98695 4169206610
128 251 98695 4169206610
128 252 98695 4169206610
128 253 98695 4169206610
128 254 98695 4169206610
128 255 98695 4169206610
128 256 98695 4169206610
128 257 98695 4169206610
128 258 98695 4169206610
128 259 98695 4169206610
128 260 98695 4169206610
128 261 98695 4169206610
128 262 98695 4169206610
128 263 98695 4169206610
128 264 98695 4169206610
128 265 98695 4169206610
128 266 98695 4169206610
128 267 98695 4169206610
128 268 98695 4169206610
128 269 98695 4169206610
128 270 98695 4169206610
128 271 98695 4169206610
128 272 98695 4169206610
128 273 98695 4169206610
128 274 98695 4169206610
128 275 98695 4169206610
128 276 98695 4169206610
128 277 98695 4169206610
128 278 98695 4169206610
128 279 98695 4169206610
128 280 98695 4169206610
128 281 98695 4169206610
128 282 98695 4169206610
128 283 98695 4169206610
128 284 98695 4169206610
128 285 98695 4169206610
128 286 98695 4169206610
128 287 98695 4169206610
128 288 98695 4169206610
128 289 98695 4169206610
128 290 98695 4169206610
128 291 98695 4169206610
128 292 98695 4169206610
128 293 98695 4169206610
128 294 98695 4169206610
128 295 98695 4169206610
128 296 98695 4169206610
128 297 98695 4169206610
128 298 98695 4169206610
128 299 98695 4169206610
128 300 98695 4169206610
128 301 98695 4169206610
128 302 98695 4169206610
128 303 98695 4169206610
128 304 98695 4169206610
128 305 98695 4169206610
128 306 98695 4169206610
128 307 98695 4169206610
128 308 98695 4169206610
128 309 98695 4169206610
128 310 98695 4169206610
128 311 98695 4169206610
128 312 98695 4169206610
128 313 98695 4169206610
128 314 98695 4169206610
128 315 98695 4169206610
128 316 98695 4169206610
128 317 98695 4169206610
128 318 98695 4169206610
128 319 98695 4169206610
128 320 98695 4169206610
128 321 98695 4169206610
128 322 98695 4169206610
128 323 98695 4169206610
128 324 98695 4169206610
128 325 98695 4169206610
128 326 98695 4169206610
128 327 98695 4169206610
128 328 98695 4169206610
128 329 98695 4169206610
128 330 98695 4169206610
128 331 98695 4169206610
128 332 98695 4169206610
128 333 98695 4169206610
128 334 98695 4169206610
128 335 98695 4169206610
128 336 98695 4169206610
128 337 98695 4169206610
128 338 98695 4169206610
128 339 98695 4169206610
128 340 98695 4169206610
128 341 98695 4169206610
128 342 98695 4169206610
128 343 98695 4169206610
128 344 98695 4169206610
128 345 98695 4169206610
128 346 98695 4169206610
128 347 98695 4169206610
128 348 98695 4169206610
128 349 98695 4169206610
128 350 98695 4169206610
128 351 98695 4169206610
128 352 98695 4169206610
128 353 98695 4169206610
128 354 98695 4169206610
128 355 98695 4169206610
128 356 98695 4169206610
128 357 98695 4169206610
128 358 98695 4169206610
128 359 98695 4169206610
128 360 98695 4169206610
128 361 98695 4169206610
128 362 98695 4169206610
128 363 98695 4169206610
128 364 98695 4169206610
128 365 98695 4169206610
128 366 98695 4169206610
128 367 98695 4169206610
128 368 98695 4169206610
128 369 98695 4169206610
128 370 98695 4169206610
128 371 98695 4169206610
128 372 98695 4169206610
128 373 98695 4169206610
128 374 98695 4169206610
128 375 98695 4169206610
128 376 98695 4169206610
128 377 98695 4169206610
128 378 98695 4169206610
128 379 98695 4169206610
128 380 98695 4169206610
128 381 98695 4169206610
128 382 98695 4169206610
128 383 98695 4169206610
128 384 98695 4169206610
128 385 98695 4169206610
128 386 98695 4169206610
128 387 98695 4169206610
128 388 98695 4169206610
128 389 98695 4169206610
128 390 98695 4169206610
128 391 98695 4169206610
128 392 98695 4169206610
128 393 98695 4169206610
128 394 98695 4169206610
128 395 98695 4169206610
128 396 98695 4169206610
128 397 98695 4169206610
128 398 98695 4169206610
128 399 98695 4169206610
128 400 98695 4169206610
128 401 98695 4169206610
128 402 98695 4169206610
128 403 98695 4169206610
128 404 98695 4169206610
128 405 98695 4169206610
128 406 98695 4169206610
128 407 98695 4169206610
128 408 98695 4169206610
128 409 98695 4169206610
128 410 98695 4169206610
128 411 98695 4169206610
128 412 98695 4169206610
128 413 98695 4169206610
128 414 98695 4169206610
128 415 98695 4169206610
128 416 98695 4169206610
128 417 98695 4169206610
128 418 98695 4169206610
128 419 98695 4169206610
128 420 98695 4169206610
128 421 98695 4169206610
128 422 98695 4169206610
128 423 98695 4169206610
128 424 98695 4169206610
128 425 98695 4169206610
128 426 98695 4169206610
128 427 98695 4169206610
128 428 98695 4169206610
128 429 98695 4169206610
128 430 98695 4169206610
128 431 98695 4169206610
128 432 98695 4169206610
128 433 98695 4169206610
128 434 98695 4169206610
128 435 98695 4169206610
128 436 98695 4169206610
128 437 98695 4169206610
128 438 98695 4169206610
128 439 98695 4169206610
128 440 98695 4169206610
128 441 98695 4169206610
128 442 98695 4169206610
128 443 98695 4169206610
128 444 98695 4169206610
128 445 98695 4169206610
128 446 98695 4169206610
128 447 98695 4169206610
128 448 98695 4169206610
128 449 98695 4169206610
128 450 98695 4169206610
128 451 98695 4169206610
128 452 98695 4169206610
128 453 98695 4169206610
128 454 98695 4169206610
128 455 98695 4169206610
128 456 98695 4169206610
128 457 98695 4169206610
128 458 98695 4169206610
128 459 98695 4169206610
128 460 98695 4169206610
128 461 98695 4169206610
128 462 98695 4169206610
128 463 98695 4169206610
128 464 98695 4169206610
128 465 98695 4169206610
128 466 98695 4169206610
128 467 98695 4169206610
128 468 98695 4169206610
128 469 98695 4169206610
128 470 98695 4169206610
128 471 98695 4169206610
128 472 98695 4169206610
128 473 98695 4169206610
128 474 98695 4169206610
128 475 98695 4169206610
128 476 98695 4169206610
128 477 98695 4169206610
128 478 98695 4169206610
128 479 98695 4169206610
128 480 98695 4169206610
128 481 98695 4169206610
128 482 98695 4169206610
128 483 98695 4169206610
128 484 98695 4169206610
128 485 98695 4169206610
128 486 98695 4169206610
128 487 98695 4169206610
128 488 98695 4169206610
128 489 98695 4169206610
128 490 98695 4169206610
128 491 98695 4169206610
128 492 98695 4169206610
128 493 98695 4169206610
128 494 98695 4169206610
128 495 98695 4169206610
128 496 98695 4169206610
128 497 98695 4169206610
128 498 98695 4169206610
128 499 98695 4169206610
128 500 98695 4169206610
128 501 98695 4169206610
128 502 98695 4169206610
128 503 98695 4169206610
128 504 98695 4169206610
128 505 98695 4169206610
128 506 98695 4169206610
128 507 98695 4169206610
128 508 98695 4169206610
128 509 98695 4169206610
128 510 98695 4169206610
128 511 98695 4169206610
128 512 98695 4169206610
128 513 98695 4169206610
128 514 98695 4169206610
128 515 98695 4169206610
128 516 98695 4169206610
128 517 98695 4169206610
128 518 98695 4169206610
128 519 98695 4169206610
128 520 98695 4169206610
128 521 98695 4169206610
128 522 98695 4169206610
128 523 98695 4169206610
128 524 98695 4169206610
128 525 98695 4169206610
128 526 98695 4169206610
128 527 98695 4169206610
128 528 98695 4169206610
128 529 98695 4169206610
128 530 98695 4169206610
128 531 98695 4169206610
128 532 98695 4169206610
128 533 98695 4169206610
128 534 98695 4169206610
128 535 98695 4169206610
128 536 98695 4169206610
128 537 98695 4169206610
128 538 98695 4169206610
128 539 98695 4169206610
128 540 98695 4169206610
128 541 98695 4169206610
128 542 98695 4169206610
128 543 98695 4169206610
128 544 98695 4169206610
128 545 98695 4169206610
128 546 98695 4169206610
128 547 98695 4169206610
128 548 98695 4169206610
128 549 98695 4169206610
128 550 98695 4169206610
128 551 98695 4169206610
128 552 98695 4169206610
128 553 98695 4169206610
128 554 98695 4169206610
128 555 98695 4169206610
128 556 98695 4169206610
128 557 98695 4169206610
128 558 98695 4169206610
128 559 98695 4169206610
128 560 98695 4169206610
128 561 98695 4169206610
128 562 98695 4169206610
128 563 98695 4169206610
128 564 98695 4169206610
128 565 98695 4169206610
128 566 98695 4169206610
128 567 98695 4169206610
128 568 98695 4169206610
128 569 98695 4169206610
128 570 98695 4169206610
128 571 98695 4169206610
128 572 98695 4169206610
128 573 98695 4169206610
128 574 98695 4169206610
128 575 98695 4169206610
128 576 98695 4169206610
128 577 98695 4169206610
128 578 98695 4169206610
128 579 98695 4169206610
128 580 98695 4169206610
128 581 98695 4169206610
128 582 98695 4169206610
128 583 98695 4169206610
128 584 98695 4169206610
128 585 98695 4169206610
128 586 98695 4169206610
128 587 98695 4169206610
128 588 98695 4169206610
128 589 98695 4169206610
128 590 98695 4169206610
128 591 98695 4169206610
128 592 98695 4169206610
128 593 98695 4169206610
128 594 98695 4169206610
128 595 98864 4169206610
128 596 98695 4169206610
128 597 98695 4169206610
128 598 98695 4169206610
128 599 98695 4169206610
128 600 98695 4169206610
128 601 98695 4169206610
128 602 98695 4169206610
128 603 98695 4169206610
128 604 98695 4169206610
128 605 98695 4169206610
128 606 98695 4169206610
128 607 98695 4169206610
128 608 98695 4169206610
128 609 98695 4169206610
128 610 98695 4169206610
128 611 98695 4169206610
128 612 98695 4169206610
128 613 98695 4169206610
128 614 98695 4169206610
128 615 98695 4169206610
128 616 98695 4169206610
128 617 98695 4169206610
128 618 98695 4169206610
128 619 98695 4169206610
128 620 98695 4169206610
128 621 98695 4169206610
128 622 98695 4169206610
128 623 98695 4169206610
128 624 98695 4169206610
128 625 98695 4169206610
128 626 98695 4169206610
128 627 98695 4169206610
128 628 98695 4169206610
128 629 98695 4169206610
128 630 98695 4169206610
128 631 98695 4169206610
128 632 98695 4169206610
128 633 98695 4169206610
128 634 98695 4169206610
128 635 98695 4169206610
128 636 98695 4169206610
128 637 98695 4169206610
128 638 98695 4169206610
128 639 98695 4169206610
128 640 98695 4169206610
128 641 98695 4169206610
128 642 98695 4169206610
128 643 98695 4169206610
128 644 98695 4169206610
128 645 98695 4169206610
128 646 98695 4169206610
128 647 98695 4169206610
128 648 98858 4169206610
128 649 98695 4169206610
128 650 98695 4169206610
128 651 98695 4169206610
128 652 98695 4169206610
128 653 98695 4169206610
128 654 98695 4169206610
128 655 98695 4169206610
128 656 98695 4169206610
128 657 98695 4169206610
128 658 98695 4169206610
128 659 98695 4169206610
128 660 98695 4169206610
128 661 98695 4169206610
128 662 98695 4169206610
128 663 98695 4169206610
128 664 98695 4169206610
128 665 98695 4169206610
128 666 98695 4169206610
128 667 98695 4169206610
128 668 98695 4169206610
128 669 98695 4169206610
128 670 98695 4169206610
128 671 98695 4169206610
128 672 98695 4169206610
128 673 98695 4169206610
128 674 98695 4169206610
128 675 98695 4169206610
128 676 98695 4169206610
128 677 98695 4169206610
128 678 98695 4169206610
128 679 98695 4169206610
128 680 98695 4169206610
128 681 98695 4169206610
128 682 98695 4169206610
128 683 98695 4169206610
128 684 98695 4169206610
128 685 98695 4169206610
128 686 98695 4169206610
128 687 98695 4169206610
128 688 98695 4169206610
128 689 98695 4169206610
128 690 98695 4169206610
128 691 98695 4169206610
128 692 98695 4169206610
128 693 98695 4169206610
128 694 98695 4169206610
128 695 98695 4169206610
128 696 98695 4169206610
128 697 98695 4169206610
128 698 98695 4169206610
128 699 98695 4169206610
128 700 98695 4169206610
128 701 98871 4169206610
128 702 98695 4169206610
128 703 98695 4169206610
128 704 98695 4169206610
128 705 98695 4169206610
128 706 98695 4169206610
128 707 98695 4169206610
128 708 98695 4169206610
128 709 98695 4169206610
128 710 98695 4169206610
128 711 98695 4169206610
128 712 98695 4169206610
128 713 98695 4169206610
128 714 98695 4169206610
128 715 98695 4169206610
128 716 98695 4169206610
128 717 98695 4169206610
128 718 98695 4169206610
128 719 98695 4169206610
128 720 98695 4169206610
128 721 98695 4169206610
128 722 98695 4169206610
128 723 98695 4169206610
128 724 98695 4169206610
128 725 98695 4169206610
128 726 98695 4169206610
128 727 98695 4169206610
128 728 98695 4169206610
128 729 98695 4169206610
128 730 98695 4169206610
128 731 98695 4169206610
128 732 98695 4169206610
128 733 98695 4169206610
128 734 98695 4169206610
128 735 98695 4169206610
128 736 98695 4169206610
128 737 98695 4169206610
128 738 98695 4169206610
128 739 98695 4169206610
128 740 98695 4169206610
128 741 98695 4169206610
128 742 98695 4169206610
128 743 98695 4169206610
128 744 98695 4169206610
128 745 98695 4169206610
128 746 98695 4169206610
128 747 98695 4169206610
128 748 98695 4169206610
128 749 98695 4169206610
128 750 98695 4169206610
128 751 98695 4169206610
128 752 98695 4169206610
128 753 98695 4169206610
128 754 98871 4169206610
128 755 98695 4169206610
128 756 98695 4169206610
128 757 98695 4169206610
128 758 98695 4169206610
128 759 98695 4169206610
128 760 98695 4169206610
128 761 98695 4169206610
128 762 98695 4169206610
128 763 98695 4169206610
128 764 98695 4169206610
128 765 98695 4169206610
128 766 98695 4169206610
128 767 98695 4169206610
128 768 98695 4169206610
128 769 98695 4169206610
128 770 98695 4169206610
128 771 98695 4169206610
128 772 98695 4169206610
128 773 98695 4169206610
128 774 98695 4169206610
128 775 98695 4169206610
128 776 98695 4169206610
128 777 98695 4169206610
128 778 98695 4169206610
128 779 98695 4169206610
128 780 98695 4169206610
128 781 98695 4169206610
128 782 98695 4169206610
128 783 98695 4169206610
128 784 98695 4169206610
128 785 98695 4169206610
128 786 98695 4169206610
128 787 98695 4169206610
128 788 98695 4169206610
128 789 98695 4169206610
128 790 98695 4169206610
128 791 98695 4169206610
128 792 98695 4169206610
128 793 98695 4169206610
128 794 98695 4169206610
128 795 98695 4169206610
128 796 98695 4169206610
128 797 98695 4169206610
128 798 98695 4169206610
128 799 98695 4169206610
128 800 98695 4169206610
128 801 98695 4169206610
128 802 98695 4169206610
128 803 98695 4169206610
128 804 98695 4169206610
128 805 98695 4169206610
128 806 98695 4169206610
128 807 98877 4169206610
128 808 98695 4169206610
128 809 98695 4169206610
128 810 98695 4169206610
128 811 98695 4169206610
128 812 98695 4169206610
128 813 98695 4169206610
128 814 98695 4169206610
128 815 98695 4169206610
128 816 98695 4169206610
128 817 98695 4169206610
128 818 98695 4169206610
128 819 98695 4169206610
128 820 98695 4169206610
128 821 98695 4169206610
128 822 98695 4169206610
128 823 98695 4169206610
128 824 98695 4169206610
128 825 98695 4169206610
128 826 98695 4169206610
128 827 98695 4169206610
128 828 98695 4169206610
128 829 98695 4169206610
128 830 98695 4169206610
128 831 98695 4169206610
128 832 98695 4169206610
128 833 98695 4169206610
128 834 98695 4169206610
128 835 98695 4169206610
128 836 98695 4169206610
128 837 98695 4169206610
128 838 98695 4169206610
128 839 98695 4169206610
128 840 98695 4169206610
128 841 98695 4169206610
128 842 98695 4169206610
128 843 98695 4169206610
128 844 98695 4169206610
128 845 98695 4169206610
128 846 98695 4169206610
128 847 98695 4169206610
128 848 98695 4169206610
128 849 98695 4169206610
128 850 98695 4169206610
128 851 98695 4169206610
128 852 98695 4169206610
128 853 98695 4169206610
128 854 98695 4169206610
128 855 98695 4169206610
128 856 98695 4169206610
128 857 98695 4169206610
128 858 98695 4169206610
128 859 98695 4169206610
128 860 98868 4169206610
128 861 98695 4169206610
128 862 98695 4169206610
128 863 98695 4169206610
128 864 98695 4169206610
128 865 98695 4169206610
128 866 98695 4169206610
128 867 98695 4169206610
128 868 98695 4169206610
128 869 98695 4169206610
128 870 98695 4169206610
128 871 98695 4169206610
128 872 98695 4169206610
128 873 98695 4169206610
128 874 98695 4169206610
128 875 98695 4169206610
128 876 98695 4169206610
128 877 98695 4169206610
128 878 98695 4169206610
128 879 98695 4169206610
128 880 98695 4169206610
128 881 98695 4169206610
128 882 98695 4169206610
128 883 98695 4169206610
128 884 98695 4169206610
128 885 98695 4169206610
128 886 98872 4169206610
128 887 98695 4169206610
128 888 98695 4169206610
128 889 98695 4169206610
128 890 98695 4169206610
128 891 98695 4169206610
128 892 98695 4169206610
128 893 98695 4169206610
128 894 98695 4169206610
128 895 98695 4169206610
128 896 98695 4169206610
128 897 98695 4169206610
128 898 98695 4169206610
128 899 98695 4169206610
128 900 98695 4169206610
128 901 98695 4169206610
128 902 98695 4169206610
128 903 98695 4169206610
128 904 98695 4169206610
128 905 98695 4169206610
128 906 98695 4169206610
128 907 98695 4169206610
128 908 98695 4169206610
128 909 98695 4169206610
128 910 98695 4169206610
128 911 98695 4169206610
128 912 98695 4169206610
128 913 98872 4169206610
128 914 98695 4169206610
128 915 98695 4169206610
128 916 98695 4169206610
128 917 98695 4169206610
128 918 98695 4169206610
128 919 98695 4169206610
128 920 98695 4169206610
128 921 98695 4169206610
128 922 98695 4169206610
128 923 98695 4169206610
128 924 98695 4169206610
128 925 98695 4169206610
128 926 98695 4169206610
128 927 98695 4169206610
128 928 98695 4169206610
128 929 98695 4169206610
128 930 98695 4169206610
128 931 98695 4169206610
128 932 98695 4169206610
128 933 98695 4169206610
128 934 98695 4169206610
128 935 98695 4169206610
128 936 98695 4169206610
128 937 98695 4169206610
128 938 98695 4169206610
128 939 98870 4169206610
128 940 98695 4169206610
128 941 98695 4169206610
128 942 98695 4169206610
128 943 98695 4169206610
128 944 98695 4169206610
128 945 98695 4169206610
128 946 98695 4169206610
128 947 98695 4169206610
128 948 98695 4169206610
128 949 98695 4169206610
128 950 98695 4169206610
128 951 98695 4169206610
128 952 98695 4169206610
128 953 98695 4169206610
128 954 98695 4169206610
128 955 98695 4169206610
128 956 98695 4169206610
128 957 98695 4169206610
128 958 98695 4169206610
128 959 98695 4169206610
128 960 98695 4169206610
128 961 98695 4169206610
128 962 98695 4169206610
128 963 98695 4169206610
128 964 98695 4169206610
128 965 98695 4169206610
128 966 98695 4169206610
128 967 98695 4169206610
128 968 98695 4169206610
128 969 98695 4169206610
128 970 98695 4169206610
128 971 98695 4169206610
128 972 98695 4169206610
128 973 98695 4169206610
128 974 98695 4169206610
128 975 98695 4169206610
128 976 98695 4169206610
128 977 98695 4169206610
128 978 98695 4169206610
128 979 98695 4169206610
128 980 98695 4169206610
128 981 98695 4169206610
128 982 98695 4169206610
128 983 98695 4169206610
128 984 98695 4169206610
128 985 98695 4169206610
128 986 98695 4169206610
128 987 98695 4169206610
128 988 98695 4169206610
128 989 98695 4169206610
128 990 98695 4169206610
128 991 98695 4169206610
128 992 98863 4169206610
128 993 98695 4169206610
128 994 98695 4169206610
128 995 98695 4169206610
128 996 98695 4169206610
128 997 98695 4169206610
128 998 98695 4169206610
128 999 98695 4169206610
