64 0 3304 4228160789
64 1 0 4228160789
64 2 0 4228160789
64 3 0 4228160789
64 4 0 4228160789
64 5 0 4228160789
64 6 0 4228160789
64 7 0 4228160789
64 8 0 4228160789
64 9 0 4228160789
64 10 0 4228160789
64 11 0 4228160789
64 12 0 4228160789
64 13 0 4228160789
64 14 0 4228160789
64 15 0 4228160789
64 16 0 4228160789
64 17 0 4228160789
64 18 0 4228160789
64 19 0 4228160789
64 20 0 4228160789
64 21 0 4228160789
64 22 0 4228160789
64 23 0 4228160789
64 24 0 4228160789
64 25 0 4228160789
64 26 0 4228160789
64 27 0 4228160789
64 28 0 4228160789
64 29 0 4228160789
64 30 0 4228160789
64 31 0 4228160789
64 32 0 4228160789
64 33 0 4228160789
64 34 0 4228160789
64 35 0 4228160789
64 36 0 4228160789
64 37 0 4228160789
64 38 0 4228160789
64 39 0 4228160789
64 40 0 4228160789
64 41 0 4228160789
64 42 0 4228160789
64 43 0 4228160789
64 44 0 4228160789
64 45 0 4228160789
64 46 0 4228160789
64 47 0 4228160789
64 48 0 4228160789
64 49 0 4228160789
64 50 0 4228160789
64 51 0 4228160789
64 52 0 4228160789
64 53 0 4228160789
64 54 0 4228160789
64 55 0 4228160789
64 56 0 4228160789
64 57 0 4228160789
64 58 0 4228160789
64 59 0 4228160789
64 60 0 4228160789
64 61 0 4228160789
64 62 0 4228160789
64 63 0 4228160789
64 64 0 4228160789
64 65 0 4228160789
64 66 0 4228160789
64 67 0 4228160789
64 68 0 4228160789
64 69 0 4228160789
64 70 0 4228160789
64 71 0 4228160789
64 72 0 4228160789
64 73 0 4228160789
64 74 0 4228160789
64 75 0 4228160789
64 76 0 4228160789
64 77 0 4228160789
64 78 0 4228160789
64 79 0 4228160789
64 80 0 4228160789
64 81 0 4228160789
64 82 0 4228160789
64 83 0 4228160789
64 84 0 4228160789
64 85 0 4228160789
64 86 0 4228160789
64 87 0 4228160789
64 88 0 4228160789
64 89 0 4228160789
64 90 0 4228160789
64 91 0 4228160789
64 92 0 4228160789
64 93 0 4228160789
64 94 0 4228160789
64 95 0 4228160789
64 96 0 4228160789
64 97 0 4228160789
64 98 0 4228160789
64 99 0 4228160789
64 100 0 4228160789
64 101 0 4228160789
64 102 0 4228160789
64 103 0 4228160789
64 104 0 4228160789
64 105 0 4228160789
64 106 0 4228160789
64 107 0 4228160789
64 108 0 4228160789
64 109 0 4228160789
64 110 0 4228160789
64 111 0 4228160789
64 112 0 4228160789
64 113 0 4228160789
64 114 0 4228160789
64 115 0 4228160789
64 116 0 4228160789
64 117 0 4228160789
64 118 0 4228160789
64 119 0 4228160789
64 120 0 4228160789
64 121 0 4228160789
64 122 0 4228160789
64 123 0 4228160789
64 124 0 4228160789
64 125 0 4228160789
64 126 0 4228160789
64 127 0 4228160789
64 128 0 4228160789
64 129 0 4228160789
64 130 0 4228160789
64 131 0 4228160789
64 132 0 4228160789
64 133 0 4228160789
64 134 0 4228160789
64 135 0 4228160789
64 136 0 4228160789
64 137 0 4228160789
64 138 0 4228160789
64 139 0 4228160789
64 140 0 4228160789
64 141 0 4228160789
64 142 0 4228160789
64 143 0 4228160789
64 144 0 4228160789
64 145 0 4228160789
64 146 0 4228160789
64 147 0 4228160789
64 148 0 4228160789
64 149 0 4228160789
64 150 0 4228160789
64 151 0 4228160789
64 152 0 4228160789
64 153 0 4228160789
64 154 0 4228160789
64 155 0 4228160789
64 156 0 4228160789
64 157 0 4228160789
64 158 0 4228160789
64 159 0 4228160789
64 160 0 4228160789
64 161 0 4228160789
64 162 0 4228160789
64 163 0 4228160789
64 164 0 4228160789
64 165 0 4228160789
64 166 0 4228160789
64 167 0 4228160789
64 168 0 4228160789
64 169 0 4228160789
64 170 0 4228160789
64 171 0 4228160789
64 172 0 4228160789
64 173 0 4228160789
64 174 0 4228160789
64 175 0 4228160789
64 176 0 4228160789
64 177 0 4228160789
64 178 0 4228160789
64 179 0 4228160789
64 180 0 4228160789
64 181 0 4228160789
64 182 0 4228160789
64 183 0 4228160789
64 184 0 4228160789
64 185 0 4228160789
64 186 0 4228160789
64 187 0 4228160789
64 188 0 4228160789
64 189 0 4228160789
64 190 0 4228160789
64 191 0 4228160789
64 192 0 4228160789
64 193 0 4228160789
64 194 0 4228160789
64 195 0 4228160789
64 196 0 4228160789
64 197 0 4228160789
64 198 0 4228160789
64 199 0 4228160789
64 200 0 4228160789
64 201 0 4228160789
64 202 0 4228160789
64 203 0 4228160789
64 204 0 4228160789
64 205 0 4228160789
64 206 0 4228160789
64 207 0 4228160789
64 208 0 4228160789
64 209 0 4228160789
64 210 0 4228160789
64 211 0 4228160789
64 212 0 4228160789
64 213 0 4228160789
64 214 0 4228160789
64 215 0 4228160789
64 216 0 4228160789
64 217 0 4228160789
64 218 0 4228160789
64 219 0 4228160789
64 220 0 4228160789
64 221 0 4228160789
64 222 0 4228160789
64 223 0 4228160789
64 224 0 4228160789
64 225 0 4228160789
64 226 0 4228160789
64 227 0 4228160789
64 228 0 4228160789
64 229 0 4228160789
64 230 0 4228160789
64 231 0 4228160789
64 232 0 4228160789
64 233 0 4228160789
64 234 0 4228160789
64 235 0 4228160789
64 236 0 4228160789
64 237 0 4228160789
64 238 0 4228160789
64 239 0 4228160789
64 240 0 4228160789
64 241 0 4228160789
64 242 0 4228160789
64 243 0 4228160789
64 244 0 4228160789
64 245 0 4228160789
64 246 0 4228160789
64 247 0 4228160789
64 248 0 4228160789
64 249 0 4228160789
64 250 0 4228160789
64 251 0 4228160789
64 252 0 4228160789
64 253 0 4228160789
64 254 0 4228160789
64 255 0 4228160789
64 256 0 4228160789
64 257 0 4228160789
64 258 0 4228160789
64 259 0 4228160789
64 260 0 4228160789
64 261 0 4228160789
64 262 0 4228160789
64 263 0 4228160789
64 264 0 4228160789
64 265 0 4228160789
64 266 0 4228160789
64 267 0 4228160789
64 268 0 4228160789
64 269 0 4228160789
64 270 0 4228160789
64 271 0 4228160789
64 272 0 4228160789
64 273 0 4228160789
64 274 0 4228160789
64 275 0 4228160789
64 276 0 4228160789
64 277 0 4228160789
64 278 0 4228160789
64 279 0 4228160789
64 280 0 4228160789
64 281 0 4228160789
64 282 0 4228160789
64 283 0 4228160789
64 284 0 4228160789
64 285 0 4228160789
64 286 0 4228160789
64 287 0 4228160789
64 288 0 4228160789
64 289 0 4228160789
64 290 0 4228160789
64 291 0 4228160789
64 292 0 4228160789
64 293 0 4228160789
64 294 0 4228160789
64 295 0 4228160789
64 296 0 4228160789
64 297 0 4228160789
64 298 0 4228160789
64 299 0 4228160789
64 300 0 4228160789
64 301 0 4228160789
64 302 0 4228160789
64 303 0 4228160789
64 304 0 4228160789
64 305 0 4228160789
64 306 0 4228160789
64 307 0 4228160789
64 308 0 4228160789
64 309 0 4228160789
64 310 0 4228160789
64 311 0 4228160789
64 312 0 4228160789
64 313 0 4228160789
64 314 0 4228160789
64 315 0 4228160789
64 316 0 4228160789
64 317 0 4228160789
64 318 0 4228160789
64 319 0 4228160789
64 320 0 4228160789
64 321 0 4228160789
64 322 0 4228160789
64 323 0 4228160789
64 324 0 4228160789
64 325 0 4228160789
64 326 3 4228160789
64 327 0 4228160789
64 328 0 4228160789
64 329 0 4228160789
64 330 0 4228160789
64 331 0 4228160789
64 332 0 4228160789
64 333 0 4228160789
64 334 0 4228160789
64 335 0 4228160789
64 336 0 4228160789
64 337 0 4228160789
64 338 0 4228160789
64 339 0 4228160789
64 340 0 4228160789
64 341 0 4228160789
64 342 0 4228160789
64 343 0 4228160789
64 344 0 4228160789
64 345 0 4228160789
64 346 0 4228160789
64 347 0 4228160789
64 348 0 4228160789
64 349 0 4228160789
64 350 0 4228160789
64 351 0 4228160789
64 352 0 4228160789
64 353 0 4228160789
64 354 0 4228160789
64 355 0 4228160789
64 356 0 4228160789
64 357 0 4228160789
64 358 0 4228160789
64 359 3 4228160789
64 360 0 4228160789
64 361 0 4228160789
64 362 0 4228160789
64 363 0 4228160789
64 364 0 4228160789
64 365 0 4228160789
64 366 0 4228160789
64 367 0 4228160789
64 368 0 4228160789
64 369 0 4228160789
64 370 0 4228160789
64 371 0 4228160789
64 372 0 4228160789
64 373 0 4228160789
64 374 0 4228160789
64 375 0 4228160789
64 376 0 4228160789
64 377 0 4228160789
64 378 0 4228160789
64 379 0 4228160789
64 380 0 4228160789
64 381 0 4228160789
64 382 0 4228160789
64 383 0 4228160789
64 384 0 4228160789
64 385 0 4228160789
64 386 0 4228160789
64 387 0 4228160789
64 388 0 4228160789
64 389 0 4228160789
64 390 0 4228160789
64 391 0 4228160789
64 392 3 4228160789
64 393 0 4228160789
64 394 0 4228160789
64 395 0 4228160789
64 396 0 4228160789
64 397 0 4228160789
64 398 0 4228160789
64 399 0 4228160789
64 400 0 4228160789
64 401 0 4228160789
64 402 0 4228160789
64 403 0 4228160789
64 404 0 4228160789
64 405 0 4228160789
64 406 0 4228160789
64 407 0 4228160789
64 408 0 4228160789
64 409 0 4228160789
64 410 0 4228160789
64 411 0 4228160789
64 412 0 4228160789
64 413 0 4228160789
64 414 0 4228160789
64 415 0 4228160789
64 416 0 4228160789
64 417 0 4228160789
64 418 0 4228160789
64 419 0 4228160789
64 420 0 4228160789
64 421 0 4228160789
64 422 0 4228160789
64 423 0 4228160789
64 424 0 4228160789
64 425 0 4228160789
64 426 0 4228160789
64 427 0 4228160789
64 428 0 4228160789
64 429 0 4228160789
64 430 0 4228160789
64 431 0 4228160789
64 432 0 4228160789
64 433 0 4228160789
64 434 0 4228160789
64 435 0 4228160789
64 436 0 4228160789
64 437 0 4228160789
64 438 0 4228160789
64 439 0 4228160789
64 440 0 4228160789
64 441 0 4228160789
64 442 0 4228160789
64 443 0 4228160789
64 444 0 4228160789
64 445 0 4228160789
64 446 0 4228160789
64 447 0 4228160789
64 448 0 4228160789
64 449 0 4228160789
64 450 0 4228160789
64 451 0 4228160789
64 452 0 4228160789
64 453 0 4228160789
64 454 0 4228160789
64 455 0 4228160789
64 456 0 4228160789
64 457 0 4228160789
64 458 0 4228160789
64 459 0 4228160789
64 460 0 4228160789
64 461 0 4228160789
64 462 0 4228160789
64 463 0 4228160789
64 464 0 4228160789
64 465 0 4228160789
64 466 0 4228160789
64 467 0 4228160789
64 468 0 4228160789
64 469 0 4228160789
64 470 0 4228160789
64 471 0 4228160789
64 472 0 4228160789
64 473 0 4228160789
64 474 0 4228160789
64 475 0 4228160789
64 476 0 4228160789
64 477 0 4228160789
64 478 0 4228160789
64 479 0 4228160789
64 480 0 4228160789
64 481 0 4228160789
64 482 0 4228160789
64 483 0 4228160789
64 484 0 4228160789
64 485 0 4228160789
64 486 0 4228160789
64 487 0 4228160789
64 488 0 4228160789
64 489 0 4228160789
64 490 0 4228160789
64 491 0 4228160789
64 492 0 4228160789
64 493 0 4228160789
64 494 0 4228160789
64 495 0 4228160789
64 496 0 4228160789
64 497 0 4228160789
64 498 0 4228160789
64 499 0 4228160789
64 500 0 4228160789
64 501 0 4228160789
64 502 0 4228160789
64 503 0 4228160789
64 504 0 4228160789
64 505 0 4228160789
64 506 0 4228160789
64 507 0 4228160789
64 508 0 4228160789
64 509 0 4228160789
64 510 0 4228160789
64 511 0 4228160789
64 512 0 4228160789
64 513 0 4228160789
64 514 0 4228160789
64 515 0 4228160789
64 516 0 4228160789
64 517 0 4228160789
64 518 0 4228160789
64 519 0 4228160789
64 520 0 4228160789
64 521 0 4228160789
64 522 0 4228160789
64 523 0 4228160789
64 524 0 4228160789
64 525 0 4228160789
64 526 0 4228160789
64 527 0 4228160789
64 528 0 4228160789
64 529 0 4228160789
64 530 0 4228160789
64 531 0 4228160789
64 532 0 4228160789
64 533 0 4228160789
64 534 0 4228160789
64 535 0 4228160789
64 536 0 4228160789
64 537 0 4228160789
64 538 0 4228160789
64 539 0 4228160789
64 540 0 4228160789
64 541 0 4228160789
64 542 0 4228160789
64 543 0 4228160789
64 544 0 4228160789
64 545 0 4228160789
64 546 0 4228160789
64 547 0 4228160789
64 548 0 4228160789
64 549 0 4228160789
64 550 0 4228160789
64 551 0 4228160789
64 552 0 4228160789
64 553 0 4228160789
64 554 0 4228160789
64 555 0 4228160789
64 556 0 4228160789
64 557 0 4228160789
64 558 0 4228160789
64 559 0 4228160789
64 560 0 4228160789
64 561 0 4228160789
64 562 0 4228160789
64 563 0 4228160789
64 564 0 4228160789
64 565 0 4228160789
64 566 0 4228160789
64 567 0 4228160789
64 568 0 4228160789
64 569 0 4228160789
64 570 0 4228160789
64 571 0 4228160789
64 572 0 4228160789
64 573 0 4228160789
64 574 0 4228160789
64 575 0 4228160789
64 576 0 4228160789
64 577 0 4228160789
64 578 0 4228160789
64 579 0 4228160789
64 580 0 4228160789
64 581 0 4228160789
64 582 0 4228160789
64 583 0 4228160789
64 584 0 4228160789
64 585 0 4228160789
64 586 0 4228160789
64 587 0 4228160789
64 588 0 4228160789
64 589 0 4228160789
64 590 0 4228160789
64 591 0 4228160789
64 592 0 4228160789
64 593 0 4228160789
64 594 0 4228160789
64 595 0 4228160789
64 596 0 4228160789
64 597 0 4228160789
64 598 0 4228160789
64 599 0 4228160789
64 600 0 4228160789
64 601 0 4228160789
64 602 0 4228160789
64 603 0 4228160789
64 604 0 4228160789
64 605 0 4228160789
64 606 0 4228160789
64 607 0 4228160789
64 608 0 4228160789
64 609 0 4228160789
64 610 0 4228160789
64 611 0 4228160789
64 612 0 4228160789
64 613 0 4228160789
64 614 0 4228160789
64 615 0 4228160789
64 616 0 4228160789
64 617 0 4228160789
64 618 0 4228160789
64 619 0 4228160789
64 620 0 4228160789
64 621 0 4228160789
64 622 0 4228160789
64 623 0 4228160789
64 624 0 4228160789
64 625 0 4228160789
64 626 0 4228160789
64 627 0 4228160789
64 628 0 4228160789
64 629 0 4228160789
64 630 0 4228160789
64 631 0 4228160789
64 632 0 4228160789
64 633 0 4228160789
64 634 0 4228160789
64 635 0 4228160789
64 636 0 4228160789
64 637 0 4228160789
64 638 0 4228160789
64 639 0 4228160789
64 640 0 4228160789
64 641 0 4228160789
64 642 0 4228160789
64 643 0 4228160789
64 644 0 4228160789
64 645 0 4228160789
64 646 0 4228160789
64 647 0 4228160789
64 648 0 4228160789
64 649 0 4228160789
64 650 0 4228160789
64 651 0 4228160789
64 652 0 4228160789
64 653 0 4228160789
64 654 0 4228160789
64 655 0 4228160789
64 656 0 4228160789
64 657 0 4228160789
64 658 0 4228160789
64 659 0 4228160789
64 660 0 4228160789
64 661 0 4228160789
64 662 0 4228160789
64 663 0 4228160789
64 664 0 4228160789
64 665 0 4228160789
64 666 0 4228160789
64 667 0 4228160789
64 668 0 4228160789
64 669 0 4228160789
64 670 0 4228160789
64 671 0 4228160789
64 672 0 4228160789
64 673 0 4228160789
64 674 0 4228160789
64 675 0 4228160789
64 676 0 4228160789
64 677 0 4228160789
64 678 0 4228160789
64 679 0 4228160789
64 680 0 4228160789
64 681 0 4228160789
64 682 0 4228160789
64 683 0 4228160789
64 684 0 4228160789
64 685 0 4228160789
64 686 0 4228160789
64 687 0 4228160789
64 688 0 4228160789
64 689 0 4228160789
64 690 0 4228160789
64 691 0 4228160789
64 692 0 4228160789
64 693 0 4228160789
64 694 0 4228160789
64 695 0 4228160789
64 696 0 4228160789
64 697 0 4228160789
64 698 0 4228160789
64 699 0 4228160789
64 700 0 4228160789
64 701 0 4228160789
64 702 0 4228160789
64 703 0 4228160789
64 704 0 4228160789
64 705 0 4228160789
64 706 0 4228160789
64 707 0 4228160789
64 708 0 4228160789
64 709 0 4228160789
64 710 0 4228160789
64 711 0 4228160789
64 712 0 4228160789
64 713 0 4228160789
64 714 0 4228160789
64 715 0 4228160789
64 716 0 4228160789
64 717 0 4228160789
64 718 0 4228160789
64 719 0 4228160789
64 720 0 4228160789
64 721 0 4228160789
64 722 0 4228160789
64 723 0 4228160789
64 724 0 4228160789
64 725 0 4228160789
64 726 0 4228160789
64 727 0 4228160789
64 728 0 4228160789
64 729 0 4228160789
64 730 0 4228160789
64 731 0 4228160789
64 732 0 4228160789
64 733 0 4228160789
64 734 0 4228160789
64 735 0 4228160789
64 736 0 4228160789
64 737 0 4228160789
64 738 0 4228160789
64 739 0 4228160789
64 740 0 4228160789
64 741 0 4228160789
64 742 0 4228160789
64 743 0 4228160789
64 744 0 4228160789
64 745 0 4228160789
64 746 0 4228160789
64 747 0 4228160789
64 748 0 4228160789
64 749 0 4228160789
64 750 0 4228160789
64 751 0 4228160789
64 752 0 4228160789
64 753 0 4228160789
64 754 0 4228160789
64 755 0 4228160789
64 756 0 4228160789
64 757 0 4228160789
64 758 0 4228160789
64 759 0 4228160789
64 760 0 4228160789
64 761 0 4228160789
64 762 0 4228160789
64 763 0 4228160789
64 764 0 4228160789
64 765 0 4228160789
64 766 0 4228160789
64 767 0 4228160789
64 768 0 4228160789
64 769 0 4228160789
64 770 0 4228160789
64 771 0 4228160789
64 772 0 4228160789
64 773 0 4228160789
64 774 0 4228160789
64 775 0 4228160789
64 776 0 4228160789
64 777 0 4228160789
64 778 0 4228160789
64 779 0 4228160789
64 780 0 4228160789
64 781 0 4228160789
64 782 0 4228160789
64 783 0 4228160789
64 784 0 4228160789
64 785 0 4228160789
64 786 0 4228160789
64 787 0 4228160789
64 788 0 4228160789
64 789 0 4228160789
64 790 0 4228160789
64 791 0 4228160789
64 792 0 4228160789
64 793 0 4228160789
64 794 0 4228160789
64 795 0 4228160789
64 796 0 4228160789
64 797 0 4228160789
64 798 0 4228160789
64 799 0 4228160789
64 800 0 4228160789
64 801 0 4228160789
64 802 0 4228160789
64 803 0 4228160789
64 804 0 4228160789
64 805 0 4228160789
64 806 0 4228160789
64 807 0 4228160789
64 808 0 4228160789
64 809 0 4228160789
64 810 0 4228160789
64 811 0 4228160789
64 812 0 4228160789
64 813 0 4228160789
64 814 0 4228160789
64 815 0 4228160789
64 816 0 4228160789
64 817 0 4228160789
64 818 0 4228160789
64 819 0 4228160789
64 820 0 4228160789
64 821 0 4228160789
64 822 0 4228160789
64 823 0 4228160789
64 824 0 4228160789
64 825 0 4228160789
64 826 0 4228160789
64 827 0 4228160789
64 828 0 4228160789
64 829 0 4228160789
64 830 0 4228160789
64 831 0 4228160789
64 832 0 4228160789
64 833 0 4228160789
64 834 0 4228160789
64 835 0 4228160789
64 836 0 4228160789
64 837 0 4228160789
64 838 0 4228160789
64 839 0 4228160789
64 840 0 4228160789
64 841 0 4228160789
64 842 0 4228160789
64 843 0 4228160789
64 844 0 4228160789
64 845 0 4228160789
64 846 0 4228160789
64 847 0 4228160789
64 848 0 4228160789
64 849 0 4228160789
64 850 0 4228160789
64 851 0 4228160789
64 852 0 4228160789
64 853 0 4228160789
64 854 0 4228160789
64 855 0 4228160789
64 856 0 4228160789
64 857 0 4228160789
64 858 0 4228160789
64 859 0 4228160789
64 860 0 4228160789
64 861 0 4228160789
64 862 0 4228160789
64 863 0 4228160789
64 864 0 4228160789
64 865 0 4228160789
64 866 0 4228160789
64 867 0 4228160789
64 868 0 4228160789
64 869 0 4228160789
64 870 0 4228160789
64 871 0 4228160789
64 872 0 4228160789
64 873 0 4228160789
64 874 0 4228160789
64 875 0 4228160789
64 876 0 4228160789
64 877 0 4228160789
64 878 0 4228160789
64 879 0 4228160789
64 880 0 4228160789
64 881 0 4228160789
64 882 0 4228160789
64 883 0 4228160789
64 884 0 4228160789
64 885 0 4228160789
64 886 0 4228160789
64 887 0 4228160789
64 888 0 4228160789
64 889 0 4228160789
64 890 0 4228160789
64 891 0 4228160789
64 892 0 4228160789
64 893 0 4228160789
64 894 0 4228160789
64 895 0 4228160789
64 896 0 4228160789
64 897 0 4228160789
64 898 0 4228160789
64 899 0 4228160789
64 900 0 4228160789
64 901 0 4228160789
64 902 0 4228160789
64 903 0 4228160789
64 904 0 4228160789
64 905 0 4228160789
64 906 0 4228160789
64 907 0 4228160789
64 908 0 4228160789
64 909 0 4228160789
64 910 0 4228160789
64 911 0 4228160789
64 912 0 4228160789
64 913 0 4228160789
64 914 0 4228160789
64 915 0 4228160789
64 916 0 4228160789
64 917 0 4228160789
64 918 0 4228160789
64 919 0 4228160789
64 920 0 4228160789
64 921 0 4228160789
64 922 0 4228160789
64 923 0 4228160789
64 924 0 4228160789
64 925 0 4228160789
64 926 0 4228160789
64 927 0 4228160789
64 928 0 4228160789
64 929 0 4228160789
64 930 0 4228160789
64 931 0 4228160789
64 932 0 4228160789
64 933 0 4228160789
64 934 0 4228160789
64 935 0 4228160789
64 936 0 4228160789
64 937 0 4228160789
64 938 0 4228160789
64 939 0 4228160789
64 940 0 4228160789
64 941 0 4228160789
64 942 0 4228160789
64 943 0 4228160789
64 944 0 4228160789
64 945 0 4228160789
64 946 0 4228160789
64 947 0 4228160789
64 948 0 4228160789
64 949 0 4228160789
64 950 0 4228160789
64 951 0 4228160789
64 952 0 4228160789
64 953 0 4228160789
64 954 0 4228160789
64 955 0 4228160789
64 956 0 4228160789
64 957 0 4228160789
64 958 0 4228160789
64 959 0 4228160789
64 960 0 4228160789
64 961 0 4228160789
64 962 0 4228160789
64 963 0 4228160789
64 964 0 4228160789
64 965 0 4228160789
64 966 0 4228160789
64 967 0 4228160789
64 968 0 4228160789
64 969 0 4228160789
64 970 0 4228160789
64 971 0 4228160789
64 972 0 4228160789
64 973 0 4228160789
64 974 0 4228160789
64 975 0 4228160789
64 976 0 4228160789
64 977 0 4228160789
64 978 0 4228160789
64 979 0 4228160789
64 980 0 4228160789
64 981 0 4228160789
64 982 0 4228160789
64 983 0 4228160789
64 984 0 4228160789
64 985 0 4228160789
64 986 0 4228160789
64 987 0 4228160789
64 988 0 4228160789
64 989 0 4228160789
64 990 0 4228160789
64 991 0 4228160789
64 992 0 4228160789
64 993 0 4228160789
64 994 0 4228160789
64 995 0 4228160789
64 996 0 4228160789
64 997 0 4228160789
64 998 0 4228160789
64 999 0 4228160789
