64 0 44482 4228161003
64 1 29883 4228161008
64 2 29883 4228161008
64 3 29879 4228161008
64 4 29882 4228161008
64 5 29912 4228161008
64 6 29879 4228161008
64 7 29878 4228161008
64 8 29878 4228161008
64 9 29911 4228161008
64 10 29879 4228161008
64 11 29878 4228161008
64 12 29878 4228161008
64 13 29878 4228161008
64 14 29942 4228161008
64 15 29885 4228161008
64 16 29878 4228161008
64 17 29878 4228161008
64 18 29878 4228161008
64 19 29917 4228161008
64 20 29875 4228161008
64 21 29874 4228161008
64 22 29874 4228161008
64 23 29874 4228161008
64 24 29917 4228161008
64 25 29875 4228161008
64 26 29874 4228161008
64 27 29874 4228161008
64 28 29874 4228161008
64 29 29908 4228161008
64 30 29875 4228161008
64 31 29874 4228161008
64 32 29874 4228161008
64 33 29874 4228161008
64 34 29917 4228161008
64 35 29875 4228161008
64 36 29874 4228161008
64 37 29874 4228161008
64 38 29917 4228161008
64 39 29875 4228161008
64 40 29874 4228161008
64 41 29874 4228161008
64 42 29874 4228161008
64 43 29917 4228161008
64 44 29875 4228161008
64 45 29874 4228161008
64 46 29874 4228161008
64 47 29874 4228161008
64 48 29917 4228161008
64 49 29875 4228161008
64 50 29874 4228161008
64 51 29874 4228161008
64 52 29874 4228161008
64 53 29917 4228161008
64 54 29875 4228161008
64 55 29874 4228161008
64 56 29874 4228161008
64 57 29874 4228161008
64 58 29914 4228161008
64 59 29879 4228161008
64 60 29878 4228161008
64 61 29878 4228161008
64 62 29917 4228161008
64 63 29883 4228161008
64 64 29882 4228161008
64 65 29882 4228161008
64 66 29882 4228161008
64 67 29915 4228161008
64 68 29883 4228161008
64 69 29882 4228161008
64 70 29882 4228161008
64 71 29882 4228161008
64 72 29915 4228161008
64 73 29883 4228161008
64 74 29882 4228161008
64 75 29882 4228161008
64 76 29915 4228161008
64 77 29883 4228161008
64 78 29882 4228161008
64 79 29882 4228161008
64 80 29882 4228161008
64 81 29882 4228161008
64 82 29915 4228161008
64 83 29883 4228161008
64 84 29882 4228161008
64 85 29882 4228161008
64 86 29915 4228161008
64 87 29883 4228161008
64 88 29882 4228161008
64 89 29882 4228161008
64 90 29882 4228161008
64 91 29915 4228161008
64 92 29883 4228161008
64 93 29882 4228161008
64 94 29882 4228161008
64 95 29882 4228161008
64 96 29915 4228161008
64 97 29883 4228161008
64 98 29882 4228161008
64 99 29882 4228161008
64 100 29915 4228161008
64 101 29883 4228161008
64 102 29882 4228161008
64 103 29882 4228161008
64 104 29882 4228161008
64 105 29915 4228161008
64 106 29883 4228161008
64 107 29882 4228161008
64 108 29882 4228161008
64 109 29882 4228161008
64 110 29915 4228161008
64 111 29883 4228161008
64 112 29882 4228161008
64 113 29882 4228161008
64 114 29915 4228161008
64 115 29883 4228161008
64 116 29882 4228161008
64 117 29882 4228161008
64 118 29882 4228161008
64 119 29906 4228161008
64 120 29883 4228161008
64 121 29882 4228161008
64 122 29882 4228161008
64 123 29915 4228161008
64 124 29883 4228161008
64 125 29882 4228161008
64 126 29882 4228161008
64 127 29882 4228161008
64 128 29915 4228161008
64 129 29883 4228161008
64 130 29882 4228161008
64 131 29882 4228161008
64 132 29915 4228161008
64 133 29883 4228161008
64 134 29882 4228161008
64 135 29882 4228161008
64 136 29882 4228161008
64 137 29915 4228161008
64 138 29883 4228161008
64 139 29882 4228161008
64 140 29882 4228161008
64 141 29882 4228161008
64 142 29915 4228161008
64 143 29883 4228161008
64 144 29882 4228161008
64 145 29882 4228161008
64 146 29915 4228161008
64 147 29883 4228161008
64 148 29882 4228161008
64 149 29882 4228161008
64 150 29882 4228161008
64 151 29915 4228161008
64 152 29883 4228161008
64 153 29882 4228161008
64 154 29882 4228161008
64 155 29915 4228161008
64 156 29883 4228161008
64 157 29882 4228161008
64 158 29882 4228161008
64 159 29882 4228161008
64 160 29915 4228161008
64 161 29883 4228161008
64 162 29882 4228161008
64 163 29882 4228161008
64 164 29882 4228161008
64 165 29915 4228161008
64 166 29883 4228161008
64 167 29882 4228161008
64 168 29882 4228161008
64 169 29915 4228161008
64 170 29883 4228161008
64 171 29882 4228161008
64 172 29882 4228161008
64 173 29882 4228161008
64 174 29915 4228161008
64 175 29883 4228161008
64 176 29882 4228161008
64 177 29882 4228161008
64 178 29915 4228161008
64 179 29883 4228161008
64 180 29882 4228161008
64 181 29882 4228161008
64 182 29882 4228161008
64 183 29915 4228161008
64 184 29883 4228161008
64 185 29882 4228161008
64 186 29882 4228161008
64 187 29915 4228161008
64 188 29883 4228161008
64 189 29882 4228161008
64 190 29882 4228161008
64 191 29882 4228161008
64 192 29915 4228161008
64 193 29883 4228161008
64 194 29882 4228161008
64 195 29882 4228161008
64 196 29882 4228161008
64 197 29915 4228161008
64 198 29883 4228161008
64 199 29882 4228161008
64 200 29882 4228161008
64 201 29915 4228161008
64 202 29883 4228161008
64 203 29882 4228161008
64 204 29882 4228161008
64 205 29882 4228161008
64 206 29915 4228161008
64 207 29883 4228161008
64 208 29882 4228161008
64 209 29882 4228161008
64 210 29915 4228161008
64 211 29883 4228161008
64 212 29882 4228161008
64 213 29882 4228161008
64 214 29882 4228161008
64 215 29915 4228161008
64 216 29883 4228161008
64 217 29882 4228161008
64 218 29882 4228161008
64 219 29882 4228161008
64 220 29915 4228161008
64 221 29883 4228161008
64 222 29882 4228161008
64 223 29882 4228161008
64 224 29915 4228161008
64 225 29883 4228161008
64 226 29882 4228161008
64 227 29882 4228161008
64 228 29882 4228161008
64 229 29915 4228161008
64 230 29883 4228161008
64 231 29882 4228161008
64 232 29882 4228161008
64 233 29915 4228161008
64 234 29883 4228161008
64 235 29882 4228161008
64 236 29882 4228161008
64 237 29882 4228161008
64 238 29915 4228161008
64 239 29883 4228161008
64 240 29882 4228161008
64 241 29882 4228161008
64 242 29915 4228161008
64 243 29883 4228161008
64 244 29882 4228161008
64 245 29882 4228161008
64 246 29882 4228161008
64 247 29915 4228161008
64 248 29883 4228161008
64 249 29882 4228161008
64 250 29882 4228161008
64 251 29882 4228161008
64 252 29915 4228161008
64 253 29883 4228161008
64 254 29882 4228161008
64 255 29882 4228161008
64 256 29915 4228161008
64 257 29883 4228161008
64 258 29882 4228161008
64 259 29882 4228161008
64 260 29882 4228161008
64 261 29915 4228161008
64 262 29883 4228161008
64 263 29882 4228161008
64 264 29882 4228161008
64 265 29915 4228161008
64 266 29883 4228161008
64 267 29882 4228161008
64 268 29882 4228161008
64 269 29882 4228161008
64 270 29915 4228161008
64 271 29883 4228161008
64 272 29882 4228161008
64 273 29882 4228161008
64 274 29882 4228161008
64 275 29915 4228161008
64 276 29883 4228161008
64 277 29882 4228161008
64 278 29882 4228161008
64 279 29915 4228161008
64 280 29883 4228161008
64 281 29882 4228161008
64 282 29882 4228161008
64 283 29882 4228161008
64 284 29915 4228161008
64 285 29883 4228161008
64 286 29882 4228161008
64 287 29882 4228161008
64 288 29915 4228161008
64 289 29883 4228161008
64 290 29882 4228161008
64 291 29882 4228161008
64 292 29882 4228161008
64 293 29915 4228161008
64 294 29883 4228161008
64 295 29882 4228161008
64 296 29882 4228161008
64 297 29915 4228161008
64 298 29883 4228161008
64 299 29882 4228161008
64 300 29882 4228161008
64 301 29882 4228161008
64 302 29922 4228161008
64 303 29883 4228161008
64 304 29882 4228161008
64 305 29882 4228161008
64 306 29882 4228161008
64 307 29915 4228161008
64 308 29883 4228161008
64 309 29882 4228161008
64 310 29882 4228161008
64 311 29906 4228161008
64 312 29883 4228161008
64 313 29882 4228161008
64 314 29882 4228161008
64 315 29882 4228161008
64 316 29915 4228161008
64 317 29883 4228161008
64 318 29882 4228161008
64 319 29882 4228161008
64 320 29915 4228161008
64 321 29883 4228161008
64 322 29882 4228161008
64 323 29882 4228161008
64 324 29882 4228161008
64 325 29915 4228161008
64 326 29883 4228161008
64 327 29882 4228161008
64 328 29882 4228161008
64 329 29882 4228161008
64 330 29915 4228161008
64 331 29883 4228161008
64 332 29882 4228161008
64 333 29882 4228161008
64 334 29922 4228161008
64 335 29883 4228161008
64 336 29882 4228161008
64 337 29882 4228161008
64 338 29882 4228161008
64 339 29915 4228161008
64 340 29883 4228161008
64 341 29882 4228161008
64 342 29882 4228161008
64 343 29915 4228161008
64 344 29883 4228161008
64 345 29882 4228161008
64 346 29882 4228161008
64 347 29882 4228161008
64 348 29915 4228161008
64 349 29883 4228161008
64 350 29882 4228161008
64 351 29882 4228161008
64 352 29915 4228161008
64 353 29883 4228161008
64 354 29882 4228161008
64 355 29882 4228161008
64 356 29882 4228161008
64 357 29915 4228161008
64 358 29883 4228161008
64 359 29882 4228161008
64 360 29882 4228161008
64 361 29882 4228161008
64 362 29915 4228161008
64 363 29883 4228161008
64 364 29882 4228161008
64 365 29882 4228161008
64 366 29913 4228161008
64 367 29883 4228161008
64 368 29882 4228161008
64 369 29882 4228161008
64 370 29882 4228161008
64 371 29915 4228161008
64 372 29883 4228161008
64 373 29882 4228161008
64 374 29882 4228161008
64 375 29915 4228161008
64 376 29883 4228161008
64 377 29882 4228161008
64 378 29882 4228161008
64 379 29882 4228161008
64 380 29915 4228161008
64 381 29883 4228161008
64 382 29882 4228161008
64 383 29882 4228161008
64 384 29882 4228161008
64 385 29915 4228161008
64 386 29883 4228161008
64 387 29882 4228161008
64 388 29882 4228161008
64 389 29915 4228161008
64 390 29883 4228161008
64 391 29882 4228161008
64 392 29882 4228161008
64 393 29882 4228161008
64 394 29915 4228161008
64 395 29883 4228161008
64 396 29882 4228161008
64 397 29882 4228161008
64 398 29922 4228161008
64 399 29883 4228161008
64 400 29882 4228161008
64 401 29882 4228161008
64 402 29882 4228161008
64 403 29915 4228161008
64 404 29883 4228161008
64 405 29882 4228161008
64 406 29882 4228161008
64 407 29915 4228161008
64 408 29883 4228161008
64 409 29882 4228161008
64 410 29882 4228161008
64 411 29882 4228161008
64 412 29882 4228161008
64 413 29915 4228161008
64 414 29883 4228161008
64 415 29882 4228161008
64 416 29882 4228161008
64 417 29915 4228161008
64 418 29883 4228161008
64 419 29882 4228161008
64 420 29882 4228161008
64 421 29915 4228161008
64 422 29883 4228161008
64 423 29882 4228161008
64 424 29882 4228161008
64 425 29882 4228161008
64 426 29915 4228161008
64 427 29883 4228161008
64 428 29882 4228161008
64 429 29882 4228161008
64 430 29922 4228161008
64 431 29883 4228161008
64 432 29882 4228161008
64 433 29882 4228161008
64 434 29882 4228161008
64 435 29915 4228161008
64 436 29883 4228161008
64 437 29882 4228161008
64 438 29882 4228161008
64 439 29882 4228161008
64 440 29915 4228161008
64 441 29883 4228161008
64 442 29882 4228161008
64 443 29882 4228161008
64 444 29882 4228161008
64 445 29906 4228161008
64 446 29883 4228161008
64 447 29882 4228161008
64 448 29882 4228161008
64 449 29915 4228161008
64 450 29883 4228161008
64 451 29882 4228161008
64 452 29882 4228161008
64 453 29915 4228161008
64 454 29883 4228161008
64 455 29882 4228161008
64 456 29882 4228161008
64 457 29882 4228161008
64 458 29915 4228161008
64 459 29883 4228161008
64 460 29882 4228161008
64 461 29882 4228161008
64 462 29922 4228161008
64 463 29883 4228161008
64 464 29882 4228161008
64 465 29882 4228161008
64 466 29882 4228161008
64 467 29882 4228161008
64 468 29915 4228161008
64 469 29883 4228161008
64 470 29882 4228161008
64 471 29882 4228161008
64 472 29915 4228161008
64 473 29883 4228161008
64 474 29882 4228161008
64 475 29882 4228161008
64 476 29882 4228161008
64 477 29915 4228161008
64 478 29883 4228161008
64 479 29882 4228161008
64 480 29882 4228161008
64 481 29915 4228161008
64 482 29883 4228161008
64 483 29882 4228161008
64 484 29882 4228161008
64 485 29915 4228161008
64 486 29883 4228161008
64 487 29882 4228161008
64 488 29882 4228161008
64 489 29882 4228161008
64 490 29915 4228161008
64 491 29883 4228161008
64 492 29882 4228161008
64 493 29882 4228161008
64 494 29882 4228161008
64 495 29915 4228161008
64 496 29883 4228161008
64 497 29882 4228161008
64 498 29882 4228161008
64 499 29882 4228161008
64 500 29915 4228161008
64 501 29883 4228161008
64 502 29882 4228161008
64 503 29882 4228161008
64 504 29915 4228161008
64 505 29883 4228161008
64 506 29882 4228161008
64 507 29882 4228161008
64 508 29882 4228161008
64 509 29915 4228161008
64 510 29883 4228161008
64 511 29882 4228161008
64 512 29882 4228161008
64 513 29915 4228161008
64 514 29883 4228161008
64 515 29882 4228161008
64 516 29882 4228161008
64 517 29915 4228161008
64 518 29883 4228161008
64 519 29882 4228161008
64 520 29882 4228161008
64 521 29882 4228161008
64 522 29882 4228161008
64 523 29915 4228161008
64 524 29883 4228161008
64 525 29882 4228161008
64 526 29882 4228161008
64 527 29915 4228161008
64 528 29883 4228161008
64 529 29882 4228161008
64 530 29882 4228161008
64 531 29882 4228161008
64 532 29915 4228161008
64 533 29883 4228161008
64 534 29882 4228161008
64 535 29882 4228161008
64 536 29915 4228161008
64 537 29883 4228161008
64 538 29882 4228161008
64 539 29882 4228161008
64 540 29882 4228161008
64 541 29906 4228161008
64 542 29883 4228161008
64 543 29882 4228161008
64 544 29882 4228161008
64 545 29906 4228161008
64 546 29883 4228161008
64 547 29882 4228161008
64 548 29882 4228161008
64 549 29882 4228161008
64 550 29915 4228161008
64 551 29883 4228161008
64 552 29882 4228161008
64 553 29882 4228161008
64 554 29882 4228161008
64 555 29915 4228161008
64 556 29883 4228161008
64 557 29882 4228161008
64 558 29882 4228161008
64 559 29915 4228161008
64 560 29883 4228161008
64 561 29882 4228161008
64 562 29882 4228161008
64 563 29882 4228161008
64 564 29906 4228161008
64 565 29883 4228161008
64 566 29882 4228161008
64 567 29882 4228161008
64 568 29915 4228161008
64 569 29883 4228161008
64 570 29882 4228161008
64 571 29882 4228161008
64 572 29882 4228161008
64 573 29906 4228161008
64 574 29883 4228161008
64 575 29882 4228161008
64 576 29882 4228161008
64 577 29882 4228161008
64 578 29915 4228161008
64 579 29883 4228161008
64 580 29882 4228161008
64 581 29882 4228161008
64 582 29906 4228161008
64 583 29883 4228161008
64 584 29882 4228161008
64 585 29882 4228161008
64 586 29882 4228161008
64 587 29915 4228161008
64 588 29883 4228161008
64 589 29882 4228161008
64 590 29882 4228161008
64 591 29906 4228161008
64 592 29883 4228161008
64 593 29882 4228161008
64 594 29882 4228161008
64 595 29882 4228161008
64 596 29915 4228161008
64 597 29883 4228161008
64 598 29882 4228161008
64 599 29882 4228161008
64 600 29915 4228161008
64 601 29883 4228161008
64 602 29882 4228161008
64 603 29882 4228161008
64 604 29882 4228161008
64 605 29915 4228161008
64 606 29883 4228161008
64 607 29882 4228161008
64 608 29882 4228161008
64 609 29882 4228161008
64 610 29915 4228161008
64 611 29883 4228161008
64 612 29882 4228161008
64 613 29882 4228161008
64 614 29915 4228161008
64 615 29883 4228161008
64 616 29882 4228161008
64 617 29882 4228161008
64 618 29882 4228161008
64 619 29915 4228161008
64 620 29883 4228161008
64 621 29882 4228161008
64 622 29882 4228161008
64 623 29915 4228161008
64 624 29883 4228161008
64 625 29882 4228161008
64 626 29882 4228161008
64 627 29882 4228161008
64 628 29915 4228161008
64 629 29883 4228161008
64 630 29882 4228161008
64 631 29882 4228161008
64 632 29882 4228161008
64 633 29915 4228161008
64 634 29883 4228161008
64 635 29882 4228161008
64 636 29882 4228161008
64 637 29915 4228161008
64 638 29883 4228161008
64 639 29882 4228161008
64 640 29882 4228161008
64 641 29882 4228161008
64 642 29915 4228161008
64 643 29883 4228161008
64 644 29882 4228161008
64 645 29882 4228161008
64 646 29906 4228161008
64 647 29883 4228161008
64 648 29882 4228161008
64 649 29882 4228161008
64 650 29882 4228161008
64 651 29915 4228161008
64 652 29883 4228161008
64 653 29882 4228161008
64 654 29882 4228161008
64 655 29915 4228161008
64 656 29883 4228161008
64 657 29882 4228161008
64 658 29882 4228161008
64 659 29882 4228161008
64 660 29915 4228161008
64 661 29883 4228161008
64 662 29882 4228161008
64 663 29882 4228161008
64 664 29882 4228161008
64 665 29915 4228161008
64 666 29883 4228161008
64 667 29882 4228161008
64 668 29882 4228161008
64 669 29915 4228161008
64 670 29883 4228161008
64 671 29882 4228161008
64 672 29882 4228161008
64 673 29882 4228161008
64 674 29915 4228161008
64 675 29883 4228161008
64 676 29882 4228161008
64 677 29882 4228161008
64 678 29915 4228161008
64 679 29883 4228161008
64 680 29882 4228161008
64 681 29882 4228161008
64 682 29882 4228161008
64 683 29915 4228161008
64 684 29883 4228161008
64 685 29882 4228161008
64 686 29882 4228161008
64 687 29882 4228161008
64 688 29906 4228161008
64 689 29883 4228161008
64 690 29882 4228161008
64 691 29882 4228161008
64 692 29915 4228161008
64 693 29883 4228161008
64 694 29882 4228161008
64 695 29882 4228161008
64 696 29882 4228161008
64 697 29906 4228161008
64 698 29883 4228161008
64 699 29882 4228161008
64 700 29882 4228161008
64 701 29915 4228161008
64 702 29883 4228161008
64 703 29882 4228161008
64 704 29882 4228161008
64 705 29882 4228161008
64 706 29906 4228161008
64 707 29883 4228161008
64 708 29882 4228161008
64 709 29882 4228161008
64 710 29906 4228161008
64 711 29883 4228161008
64 712 29882 4228161008
64 713 29882 4228161008
64 714 29882 4228161008
64 715 29915 4228161008
64 716 29883 4228161008
64 717 29882 4228161008
64 718 29882 4228161008
64 719 29882 4228161008
64 720 29915 4228161008
64 721 29883 4228161008
64 722 29882 4228161008
64 723 29882 4228161008
64 724 29915 4228161008
64 725 29883 4228161008
64 726 29882 4228161008
64 727 29882 4228161008
64 728 29882 4228161008
64 729 29915 4228161008
64 730 29883 4228161008
64 731 29882 4228161008
64 732 29882 4228161008
64 733 29915 4228161008
64 734 29883 4228161008
64 735 29882 4228161008
64 736 29882 4228161008
64 737 29882 4228161008
64 738 29915 4228161008
64 739 29883 4228161008
64 740 29882 4228161008
64 741 29882 4228161008
64 742 29882 4228161008
64 743 29915 4228161008
64 744 29883 4228161008
64 745 29882 4228161008
64 746 29882 4228161008
64 747 29915 4228161008
64 748 29883 4228161008
64 749 29882 4228161008
64 750 29882 4228161008
64 751 29882 4228161008
64 752 29915 4228161008
64 753 29883 4228161008
64 754 29882 4228161008
64 755 29882 4228161008
64 756 29915 4228161008
64 757 29883 4228161008
64 758 29882 4228161008
64 759 29882 4228161008
64 760 29882 4228161008
64 761 29915 4228161008
64 762 29883 4228161008
64 763 29882 4228161008
64 764 29882 4228161008
64 765 29915 4228161008
64 766 29883 4228161008
64 767 29882 4228161008
64 768 29882 4228161008
64 769 29882 4228161008
64 770 29915 4228161008
64 771 29883 4228161008
64 772 29882 4228161008
64 773 29882 4228161008
64 774 29882 4228161008
64 775 29915 4228161008
64 776 29883 4228161008
64 777 29882 4228161008
64 778 29882 4228161008
64 779 29915 4228161008
64 780 29883 4228161008
64 781 29882 4228161008
64 782 29882 4228161008
64 783 29882 4228161008
64 784 29915 4228161008
64 785 29883 4228161008
64 786 29882 4228161008
64 787 29882 4228161008
64 788 29915 4228161008
64 789 29883 4228161008
64 790 29882 4228161008
64 791 29882 4228161008
64 792 29882 4228161008
64 793 29915 4228161008
64 794 29883 4228161008
64 795 29882 4228161008
64 796 29882 4228161008
64 797 29882 4228161008
64 798 29915 4228161008
64 799 29883 4228161008
64 800 29882 4228161008
64 801 29882 4228161008
64 802 29915 4228161008
64 803 29883 4228161008
64 804 29882 4228161008
64 805 29882 4228161008
64 806 29882 4228161008
64 807 29915 4228161008
64 808 29883 4228161008
64 809 29882 4228161008
64 810 29882 4228161008
64 811 29915 4228161008
64 812 29883 4228161008
64 813 29882 4228161008
64 814 29882 4228161008
64 815 29882 4228161008
64 816 29915 4228161008
64 817 29883 4228161008
64 818 29882 4228161008
64 819 29882 4228161008
64 820 29915 4228161008
64 821 29883 4228161008
64 822 29882 4228161008
64 823 29882 4228161008
64 824 29882 4228161008
64 825 29915 4228161008
64 826 29883 4228161008
64 827 29882 4228161008
64 828 29882 4228161008
64 829 29882 4228161008
64 830 29915 4228161008
64 831 29883 4228161008
64 832 29882 4228161008
64 833 29882 4228161008
64 834 29915 4228161008
64 835 29883 4228161008
64 836 29882 4228161008
64 837 29882 4228161008
64 838 29882 4228161008
64 839 29915 4228161008
64 840 29883 4228161008
64 841 29882 4228161008
64 842 29882 4228161008
64 843 29915 4228161008
64 844 29883 4228161008
64 845 29882 4228161008
64 846 29882 4228161008
64 847 29882 4228161008
64 848 29915 4228161008
64 849 29883 4228161008
64 850 29882 4228161008
64 851 29882 4228161008
64 852 29882 4228161008
64 853 29915 4228161008
64 854 29883 4228161008
64 855 29882 4228161008
64 856 29882 4228161008
64 857 29915 4228161008
64 858 29883 4228161008
64 859 29882 4228161008
64 860 29882 4228161008
64 861 29882 4228161008
64 862 29915 4228161008
64 863 29883 4228161008
64 864 29882 4228161008
64 865 29882 4228161008
64 866 29915 4228161008
64 867 29883 4228161008
64 868 29882 4228161008
64 869 29882 4228161008
64 870 29882 4228161008
64 871 29915 4228161008
64 872 29883 4228161008
64 873 29882 4228161008
64 874 29882 4228161008
64 875 31492 4228161008
64 876 29881 4228161008
64 877 29878 4228161008
64 878 29878 4228161008
64 879 29878 4228161008
64 880 29926 4228161008
64 881 29879 4228161008
64 882 29878 4228161008
64 883 29878 4228161008
64 884 29878 4228161008
64 885 29903 4228161008
64 886 29879 4228161008
64 887 29878 4228161008
64 888 29878 4228161008
64 889 29910 4228161008
64 890 29879 4228161008
64 891 29878 4228161008
64 892 29878 4228161008
64 893 29878 4228161008
64 894 29910 4228161008
64 895 29879 4228161008
64 896 29878 4228161008
64 897 29878 4228161008
64 898 29910 4228161008
64 899 29879 4228161008
64 900 29878 4228161008
64 901 29878 4228161008
64 902 29878 4228161008
64 903 29910 4228161008
64 904 29879 4228161008
64 905 29878 4228161008
64 906 29878 4228161008
64 907 29878 4228161008
64 908 29910 4228161008
64 909 29879 4228161008
64 910 29878 4228161008
64 911 29878 4228161008
64 912 29910 4228161008
64 913 29879 4228161008
64 914 29878 4228161008
64 915 29878 4228161008
64 916 29878 4228161008
64 917 29914 4228161008
64 918 29879 4228161008
64 919 29878 4228161008
64 920 29878 4228161008
64 921 29911 4228161008
64 922 29879 4228161008
64 923 29878 4228161008
64 924 29878 4228161008
64 925 29878 4228161008
64 926 29911 4228161008
64 927 29879 4228161008
64 928 29878 4228161008
64 929 29878 4228161008
64 930 31490 4228161008
64 931 29911 4228161008
64 932 29878 4228161008
64 933 29878 4228161008
64 934 29878 4228161008
64 935 29910 4228161008
64 936 29879 4228161008
64 937 29878 4228161008
64 938 29878 4228161008
64 939 29878 4228161008
64 940 29903 4228161008
64 941 29879 4228161008
64 942 29878 4228161008
64 943 29878 4228161008
64 944 29910 4228161008
64 945 29879 4228161008
64 946 29878 4228161008
64 947 29878 4228161008
64 948 29878 4228161008
64 949 29910 4228161008
64 950 29879 4228161008
64 951 29878 4228161008
64 952 29878 4228161008
64 953 29910 4228161008
64 954 29879 4228161008
64 955 29878 4228161008
64 956 29878 4228161008
64 957 29878 4228161008
64 958 29917 4228161008
64 959 29879 4228161008
64 960 29878 4228161008
64 961 29878 4228161008
64 962 29878 4228161008
64 963 29910 4228161008
64 964 29879 4228161008
64 965 29878 4228161008
64 966 29878 4228161008
64 967 29910 4228161008
64 968 29879 4228161008
64 969 29878 4228161008
64 970 29878 4228161008
64 971 29878 4228161008
64 972 29910 4228161008
64 973 29879 4228161008
64 974 29878 4228161008
64 975 29878 4228161008
64 976 29910 4228161008
64 977 29879 4228161008
64 978 29878 4228161008
64 979 29878 4228161008
64 980 29878 4228161008
64 981 29910 4228161008
64 982 29879 4228161008
64 983 29878 4228161008
64 984 29878 4228161008
64 985 29878 4228161008
64 986 29922 4228161008
64 987 29878 4228161008
64 988 29878 4228161008
64 989 29878 4228161008
64 990 29917 4228161008
64 991 29879 4228161008
64 992 29878 4228161008
64 993 29878 4228161008
64 994 29878 4228161008
64 995 29903 4228161008
64 996 29879 4228161008
64 997 29878 4228161008
64 998 29878 4228161008
64 999 29910 4228161008
