128 0 385579 4237354320
128 1 342428 4237354320
128 2 344097 4237354320
128 3 343725 4237354320
128 4 345106 4237354320
128 5 345559 4237354320
128 6 344429 4237354320
128 7 344118 4237354320
128 8 344580 4237354320
128 9 344481 4237354320
128 10 343984 4237354320
128 11 343973 4237354320
128 12 344610 4237354320
128 13 343859 4237354320
128 14 343967 4237354320
128 15 344503 4237354320
128 16 344492 4237354320
128 17 343996 4237354320
128 18 344660 4237354320
128 19 344051 4237354320
128 20 343709 4237354320
128 21 344046 4237354320
128 22 344210 4237354320
128 23 344124 4237354320
128 24 344745 4237354320
128 25 343451 4237354320
128 26 344067 4237354320
128 27 343848 4237354320
128 28 343956 4237354320
128 29 344291 4237354320
128 30 345210 4237354320
128 31 344413 4237354320
128 32 344421 4237354320
128 33 344092 4237354320
128 34 344837 4237354320
128 35 344278 4237354320
128 36 344261 4237354320
128 37 344680 4237354320
128 38 343673 4237354320
128 39 344091 4237354320
128 40 344641 4237354320
128 41 343658 4237354320
128 42 344871 4237354320
128 43 344033 4237354320
128 44 344231 4237354320
128 45 345134 4237354320
128 46 344170 4237354320
128 47 344781 4237354320
128 48 344581 4237354320
128 49 344700 4237354320
128 50 343746 4237354320
128 51 344698 4237354320
128 52 345600 4237354320
128 53 344293 4237354320
128 54 344426 4237354320
128 55 344611 4237354320
128 56 346897 4237354320
128 57 344236 4237354320
128 58 344750 4237354320
128 59 344475 4237354320
128 60 344436 4237354320
128 61 344028 4237354320
128 62 344634 4237354320
128 63 344576 4237354320
128 64 344341 4237354320
128 65 346431 4237354320
128 66 344770 4237354320
128 67 344916 4237354320
128 68 343360 4237354320
128 69 344199 4237354320
128 70 344040 4237354320
128 71 344139 4237354320
128 72 344883 4237354320
128 73 344770 4237354320
128 74 346816 4237354320
128 75 344020 4237354320
128 76 343212 4237354320
128 77 344326 4237354320
128 78 346591 4237354320
128 79 344812 4237354320
128 80 343554 4237354320
128 81 345169 4237354320
128 82 343983 4237354320
128 83 343925 4237354320
128 84 344312 4237354320
128 85 344442 4237354320
128 86 343220 4237354320
128 87 346337 4237354320
128 88 343827 4237354320
128 89 344392 4237354320
128 90 344240 4237354320
128 91 345353 4237354320
128 92 344057 4237354320
128 93 344515 4237354320
128 94 344712 4237354320
128 95 344146 4237354320
128 96 343541 4237354320
128 97 344071 4237354320
128 98 345364 4237354320
128 99 344814 4237354320
128 100 344927 4237354320
128 101 343804 4237354320
128 102 345397 4237354320
128 103 344770 4237354320
128 104 344112 4237354320
128 105 344008 4237354320
128 106 345015 4237354320
128 107 344396 4237354320
128 108 344270 4237354320
128 109 345091 4237354320
128 110 345334 4237354320
128 111 344633 4237354320
128 112 343822 4237354320
128 113 345031 4237354320
128 114 344191 4237354320
128 115 345337 4237354320
128 116 344161 4237354320
128 117 343728 4237354320
128 118 344755 4237354320
128 119 344896 4237354320
128 120 343754 4237354320
128 121 344287 4237354320
128 122 344150 4237354320
128 123 343707 4237354320
128 124 344854 4237354320
128 125 344570 4237354320
128 126 344875 4237354320
128 127 344496 4237354320
128 128 345378 4237354320
128 129 344182 4237354320
128 130 344261 4237354320
128 131 344384 4237354320
128 132 343919 4237354320
128 133 344908 4237354320
128 134 344139 4237354320
128 135 343845 4237354320
128 136 345426 4237354320
128 137 344597 4237354320
128 138 344780 4237354320
128 139 344582 4237354320
128 140 344645 4237354320
128 141 344444 4237354320
128 142 344363 4237354320
128 143 344649 4237354320
128 144 344834 4237354320
128 145 345310 4237354320
128 146 344499 4237354320
128 147 344136 4237354320
128 148 344575 4237354320
128 149 343556 4237354320
128 150 344779 4237354320
128 151 344550 4237354320
128 152 345151 4237354320
128 153 344813 4237354320
128 154 344449 4237354320
128 155 345364 4237354320
128 156 344418 4237354320
128 157 343773 4237354320
128 158 344297 4237354320
128 159 344892 4237354320
128 160 343524 4237354320
128 161 344345 4237354320
128 162 345004 4237354320
128 163 344498 4237354320
128 164 344766 4237354320
128 165 343939 4237354320
128 166 344017 4237354320
128 167 343761 4237354320
128 168 344856 4237354320
128 169 344143 4237354320
128 170 344857 4237354320
128 171 343766 4237354320
128 172 344239 4237354320
128 173 343826 4237354320
128 174 345181 4237354320
128 175 344431 4237354320
128 176 345205 4237354320
128 177 344492 4237354320
128 178 344570 4237354320
128 179 344179 4237354320
128 180 344566 4237354320
128 181 344766 4237354320
128 182 344096 4237354320
128 183 343989 4237354320
128 184 344294 4237354320
128 185 344360 4237354320
128 186 343692 4237354320
128 187 344010 4237354320
128 188 344080 4237354320
128 189 344212 4237354320
128 190 343948 4237354320
128 191 344111 4237354320
128 192 344743 4237354320
128 193 344757 4237354320
128 194 343960 4237354320
128 195 344095 4237354320
128 196 344432 4237354320
128 197 343750 4237354320
128 198 343582 4237354320
128 199 344332 4237354320
128 200 345151 4237354320
128 201 343970 4237354320
128 202 344152 4237354320
128 203 344466 4237354320
128 204 343368 4237354320
128 205 344314 4237354320
128 206 343989 4237354320
128 207 344544 4237354320
128 208 344723 4237354320
128 209 344731 4237354320
128 210 344397 4237354320
128 211 345496 4237354320
128 212 345840 4237354320
128 213 343964 4237354320
128 214 343934 4237354320
128 215 344741 4237354320
128 216 343733 4237354320
128 217 344788 4237354320
128 218 344371 4237354320
128 219 344980 4237354320
128 220 343643 4237354320
128 221 345302 4237354320
128 222 344767 4237354320
128 223 344563 4237354320
128 224 344361 4237354320
128 225 346181 4237354320
128 226 344363 4237354320
128 227 344365 4237354320
128 228 344073 4237354320
128 229 346223 4237354320
128 230 345001 4237354320
128 231 344339 4237354320
128 232 344289 4237354320
128 233 345950 4237354320
128 234 343795 4237354320
128 235 344164 4237354320
128 236 344366 4237354320
128 237 344661 4237354320
128 238 344354 4237354320
128 239 343829 4237354320
128 240 344780 4237354320
128 241 343842 4237354320
128 242 344011 4237354320
128 243 344259 4237354320
128 244 343479 4237354320
128 245 344636 4237354320
128 246 344780 4237354320
128 247 343707 4237354320
128 248 344347 4237354320
128 249 344462 4237354320
128 250 344146 4237354320
128 251 344148 4237354320
128 252 343830 4237354320
128 253 343831 4237354320
128 254 344319 4237354320
128 255 344359 4237354320
128 256 344189 4237354320
128 257 344073 4237354320
128 258 344155 4237354320
128 259 346169 4237354320
128 260 344269 4237354320
128 261 344133 4237354320
128 262 343417 4237354320
128 263 343852 4237354320
128 264 344166 4237354320
128 265 345558 4237354320
128 266 343603 4237354320
128 267 343991 4237354320
128 268 343833 4237354320
128 269 344679 4237354320
128 270 343383 4237354320
128 271 343311 4237354320
128 272 344138 4237354320
128 273 345174 4237354320
128 274 344105 4237354320
128 275 344396 4237354320
128 276 344132 4237354320
128 277 344658 4237354320
128 278 344542 4237354320
128 279 346041 4237354320
128 280 343710 4237354320
128 281 345108 4237354320
128 282 344309 4237354320
128 283 345407 4237354320
128 284 343269 4237354320
128 285 345589 4237354320
128 286 343722 4237354320
128 287 346216 4237354320
128 288 343562 4237354320
128 289 344019 4237354320
128 290 343879 4237354320
128 291 344623 4237354320
128 292 344971 4237354320
128 293 343966 4237354320
128 294 344568 4237354320
128 295 344096 4237354320
128 296 344386 4237354320
128 297 344530 4237354320
128 298 344339 4237354320
128 299 344656 4237354320
128 300 343987 4237354320
128 301 343555 4237354320
128 302 344444 4237354320
128 303 344709 4237354320
128 304 344693 4237354320
128 305 344619 4237354320
128 306 343554 4237354320
128 307 343687 4237354320
128 308 344420 4237354320
128 309 343539 4237354320
128 310 344031 4237354320
128 311 344879 4237354320
128 312 344655 4237354320
128 313 344566 4237354320
128 314 343676 4237354320
128 315 344384 4237354320
128 316 344266 4237354320
128 317 345129 4237354320
128 318 344379 4237354320
128 319 344115 4237354320
128 320 344657 4237354320
128 321 343829 4237354320
128 322 344118 4237354320
128 323 343554 4237354320
128 324 343855 4237354320
128 325 344122 4237354320
128 326 344930 4237354320
128 327 344758 4237354320
128 328 343560 4237354320
128 329 344294 4237354320
128 330 344316 4237354320
128 331 345013 4237354320
128 332 344590 4237354320
128 333 344890 4237354320
128 334 344312 4237354320
128 335 344503 4237354320
128 336 344308 4237354320
128 337 343808 4237354320
128 338 344103 4237354320
128 339 344687 4237354320
128 340 343710 4237354320
128 341 344177 4237354320
128 342 344818 4237354320
128 343 344562 4237354320
128 344 344766 4237354320
128 345 345735 4237354320
128 346 343955 4237354320
128 347 343984 4237354320
128 348 344508 4237354320
128 349 344552 4237354320
128 350 344565 4237354320
128 351 344553 4237354320
128 352 344644 4237354320
128 353 344170 4237354320
128 354 343927 4237354320
128 355 344249 4237354320
128 356 345121 4237354320
128 357 344310 4237354320
128 358 344501 4237354320
128 359 344728 4237354320
128 360 344314 4237354320
128 361 345023 4237354320
128 362 344692 4237354320
128 363 344749 4237354320
128 364 344294 4237354320
128 365 344681 4237354320
128 366 344234 4237354320
128 367 343616 4237354320
128 368 343961 4237354320
128 369 344816 4237354320
128 370 344616 4237354320
128 371 345036 4237354320
128 372 344396 4237354320
128 373 343935 4237354320
128 374 344926 4237354320
128 375 344529 4237354320
128 376 344161 4237354320
128 377 343125 4237354320
128 378 343823 4237354320
128 379 345002 4237354320
128 380 344017 4237354320
128 381 343512 4237354320
128 382 344363 4237354320
128 383 345381 4237354320
128 384 344428 4237354320
128 385 344562 4237354320
128 386 344113 4237354320
128 387 343739 4237354320
128 388 344369 4237354320
128 389 345217 4237354320
128 390 344135 4237354320
128 391 344038 4237354320
128 392 343830 4237354320
128 393 345017 4237354320
128 394 343950 4237354320
128 395 343631 4237354320
128 396 343945 4237354320
128 397 343993 4237354320
128 398 343350 4237354320
128 399 344991 4237354320
128 400 345205 4237354320
128 401 343839 4237354320
128 402 343675 4237354320
128 403 344259 4237354320
128 404 344141 4237354320
128 405 344298 4237354320
128 406 344756 4237354320
128 407 344772 4237354320
128 408 344968 4237354320
128 409 344892 4237354320
128 410 343771 4237354320
128 411 344558 4237354320
128 412 344823 4237354320
128 413 343297 4237354320
128 414 343866 4237354320
128 415 344954 4237354320
128 416 344772 4237354320
128 417 344979 4237354320
128 418 344157 4237354320
128 419 344507 4237354320
128 420 343651 4237354320
128 421 344182 4237354320
128 422 344397 4237354320
128 423 344715 4237354320
128 424 343815 4237354320
128 425 343888 4237354320
128 426 344251 4237354320
128 427 344439 4237354320
128 428 344370 4237354320
128 429 344533 4237354320
128 430 344471 4237354320
128 431 345387 4237354320
128 432 344631 4237354320
128 433 345327 4237354320
128 434 343838 4237354320
128 435 343378 4237354320
128 436 344199 4237354320
128 437 344601 4237354320
128 438 345028 4237354320
128 439 344092 4237354320
128 440 344845 4237354320
128 441 343989 4237354320
128 442 344478 4237354320
128 443 344781 4237354320
128 444 343754 4237354320
128 445 344430 4237354320
128 446 344118 4237354320
128 447 344731 4237354320
128 448 344120 4237354320
128 449 343602 4237354320
128 450 344253 4237354320
128 451 344681 4237354320
128 452 344200 4237354320
128 453 344406 4237354320
128 454 344248 4237354320
128 455 344337 4237354320
128 456 344695 4237354320
128 457 344245 4237354320
128 458 345199 4237354320
128 459 344217 4237354320
128 460 344757 4237354320
128 461 344535 4237354320
128 462 346384 4237354320
128 463 345114 4237354320
128 464 343695 4237354320
128 465 343951 4237354320
128 466 346595 4237354320
128 467 344605 4237354320
128 468 343518 4237354320
128 469 343916 4237354320
128 470 346152 4237354320
128 471 344912 4237354320
128 472 345366 4237354320
128 473 344227 4237354320
128 474 344230 4237354320
128 475 344022 4237354320
128 476 344022 4237354320
128 477 344394 4237354320
128 478 343838 4237354320
128 479 344932 4237354320
128 480 344320 4237354320
128 481 343630 4237354320
128 482 344386 4237354320
128 483 343924 4237354320
128 484 344473 4237354320
128 485 345605 4237354320
128 486 343852 4237354320
128 487 343758 4237354320
128 488 344743 4237354320
128 489 344037 4237354320
128 490 345336 4237354320
128 491 343628 4237354320
128 492 343641 4237354320
128 493 344237 4237354320
128 494 343986 4237354320
128 495 343939 4237354320
128 496 343914 4237354320
128 497 344412 4237354320
128 498 343839 4237354320
128 499 343959 4237354320
128 500 343299 4237354320
128 501 344663 4237354320
128 502 344217 4237354320
128 503 344203 4237354320
128 504 343409 4237354320
128 505 344435 4237354320
128 506 343384 4237354320
128 507 344117 4237354320
128 508 344609 4237354320
128 509 344762 4237354320
128 510 344652 4237354320
128 511 344743 4237354320
128 512 345414 4237354320
128 513 344565 4237354320
128 514 344416 4237354320
128 515 344453 4237354320
128 516 345479 4237354320
128 517 344536 4237354320
128 518 344917 4237354320
128 519 343981 4237354320
128 520 346158 4237354320
128 521 344291 4237354320
128 522 343972 4237354320
128 523 343954 4237354320
128 524 346131 4237354320
128 525 344886 4237354320
128 526 344907 4237354320
128 527 344453 4237354320
128 528 343923 4237354320
128 529 343871 4237354320
128 530 343731 4237354320
128 531 344360 4237354320
128 532 343928 4237354320
128 533 344920 4237354320
128 534 344145 4237354320
128 535 344676 4237354320
128 536 344522 4237354320
128 537 343608 4237354320
128 538 344343 4237354320
128 539 344675 4237354320
128 540 344420 4237354320
128 541 343258 4237354320
128 542 343370 4237354320
128 543 344441 4237354320
128 544 343683 4237354320
128 545 343998 4237354320
128 546 344171 4237354320
128 547 344240 4237354320
128 548 343685 4237354320
128 549 344362 4237354320
128 550 344071 4237354320
128 551 345478 4237354320
128 552 344750 4237354320
128 553 344352 4237354320
128 554 343901 4237354320
128 555 344090 4237354320
128 556 344989 4237354320
128 557 344299 4237354320
128 558 344440 4237354320
128 559 345586 4237354320
128 560 344511 4237354320
128 561 345673 4237354320
128 562 344386 4237354320
128 563 343363 4237354320
128 564 344096 4237354320
128 565 344805 4237354320
128 566 345515 4237354320
128 567 345204 4237354320
128 568 344715 4237354320
128 569 344870 4237354320
128 570 344841 4237354320
128 571 344588 4237354320
128 572 345146 4237354320
128 573 344440 4237354320
128 574 344312 4237354320
128 575 344496 4237354320
128 576 343947 4237354320
128 577 344594 4237354320
128 578 344732 4237354320
128 579 344088 4237354320
128 580 344283 4237354320
128 581 345041 4237354320
128 582 344506 4237354320
128 583 344463 4237354320
128 584 343848 4237354320
128 585 344670 4237354320
128 586 344763 4237354320
128 587 345681 4237354320
128 588 344437 4237354320
128 589 344210 4237354320
128 590 343502 4237354320
128 591 344437 4237354320
128 592 343887 4237354320
128 593 344779 4237354320
128 594 344360 4237354320
128 595 344392 4237354320
128 596 344423 4237354320
128 597 344627 4237354320
128 598 344111 4237354320
128 599 344506 4237354320
128 600 344640 4237354320
128 601 344313 4237354320
128 602 344820 4237354320
128 603 344272 4237354320
128 604 344277 4237354320
128 605 344072 4237354320
128 606 343885 4237354320
128 607 343447 4237354320
128 608 344109 4237354320
128 609 344375 4237354320
128 610 344567 4237354320
128 611 344453 4237354320
128 612 343523 4237354320
128 613 344350 4237354320
128 614 343712 4237354320
128 615 343925 4237354320
128 616 343932 4237354320
128 617 344171 4237354320
128 618 344401 4237354320
128 619 343485 4237354320
128 620 344258 4237354320
128 621 343830 4237354320
128 622 344947 4237354320
128 623 344635 4237354320
128 624 344952 4237354320
128 625 344694 4237354320
128 626 344476 4237354320
128 627 344593 4237354320
128 628 343949 4237354320
128 629 343950 4237354320
128 630 344544 4237354320
128 631 343758 4237354320
128 632 343596 4237354320
128 633 344607 4237354320
128 634 344702 4237354320
128 635 345238 4237354320
128 636 344781 4237354320
128 637 344584 4237354320
128 638 344846 4237354320
128 639 344088 4237354320
128 640 344291 4237354320
128 641 344261 4237354320
128 642 345242 4237354320
128 643 344628 4237354320
128 644 345092 4237354320
128 645 344975 4237354320
128 646 344052 4237354320
128 647 344446 4237354320
128 648 344368 4237354320
128 649 344868 4237354320
128 650 343923 4237354320
128 651 343863 4237354320
128 652 344132 4237354320
128 653 344256 4237354320
128 654 344812 4237354320
128 655 344069 4237354320
128 656 344331 4237354320
128 657 344511 4237354320
128 658 344860 4237354320
128 659 344868 4237354320
128 660 344215 4237354320
128 661 344016 4237354320
128 662 343461 4237354320
128 663 344678 4237354320
128 664 344759 4237354320
128 665 344044 4237354320
128 666 344222 4237354320
128 667 344311 4237354320
128 668 343745 4237354320
128 669 344624 4237354320
128 670 343556 4237354320
128 671 344367 4237354320
128 672 344830 4237354320
128 673 344092 4237354320
128 674 344957 4237354320
128 675 343978 4237354320
128 676 344507 4237354320
128 677 343940 4237354320
128 678 344245 4237354320
128 679 344356 4237354320
128 680 343447 4237354320
128 681 345162 4237354320
128 682 345208 4237354320
128 683 344786 4237354320
128 684 343585 4237354320
128 685 344689 4237354320
128 686 344228 4237354320
128 687 343685 4237354320
128 688 344417 4237354320
128 689 344033 4237354320
128 690 344605 4237354320
128 691 344474 4237354320
128 692 344075 4237354320
128 693 344456 4237354320
128 694 344120 4237354320
128 695 344774 4237354320
128 696 344423 4237354320
128 697 344605 4237354320
128 698 343554 4237354320
128 699 345779 4237354320
128 700 344616 4237354320
128 701 343846 4237354320
128 702 344299 4237354320
128 703 346343 4237354320
128 704 343584 4237354320
128 705 344589 4237354320
128 706 345123 4237354320
128 707 345517 4237354320
128 708 344330 4237354320
128 709 344452 4237354320
128 710 344271 4237354320
128 711 345025 4237354320
128 712 344156 4237354320
128 713 343657 4237354320
128 714 344749 4237354320
128 715 343927 4237354320
128 716 344081 4237354320
128 717 344326 4237354320
128 718 344823 4237354320
128 719 345012 4237354320
128 720 345301 4237354320
128 721 344154 4237354320
128 722 344335 4237354320
128 723 345585 4237354320
128 724 344391 4237354320
128 725 344259 4237354320
128 726 344402 4237354320
128 727 343972 4237354320
128 728 344873 4237354320
128 729 344523 4237354320
128 730 343819 4237354320
128 731 344853 4237354320
128 732 344179 4237354320
128 733 345630 4237354320
128 734 345118 4237354320
128 735 344794 4237354320
128 736 344462 4237354320
128 737 342961 4237354320
128 738 343792 4237354320
128 739 344440 4237354320
128 740 343740 4237354320
128 741 344333 4237354320
128 742 345262 4237354320
128 743 345426 4237354320
128 744 344600 4237354320
128 745 344939 4237354320
128 746 343967 4237354320
128 747 344698 4237354320
128 748 344819 4237354320
128 749 344430 4237354320
128 750 345037 4237354320
128 751 343601 4237354320
128 752 344253 4237354320
128 753 345360 4237354320
128 754 344387 4237354320
128 755 343819 4237354320
128 756 345127 4237354320
128 757 345396 4237354320
128 758 344040 4237354320
128 759 344221 4237354320
128 760 344515 4237354320
128 761 345759 4237354320
128 762 344346 4237354320
128 763 344004 4237354320
128 764 344020 4237354320
128 765 345089 4237354320
128 766 344606 4237354320
128 767 344335 4237354320
128 768 343959 4237354320
128 769 343899 4237354320
128 770 343516 4237354320
128 771 345213 4237354320
128 772 344720 4237354320
128 773 344514 4237354320
128 774 344940 4237354320
128 775 344249 4237354320
128 776 344451 4237354320
128 777 345323 4237354320
128 778 344247 4237354320
128 779 343939 4237354320
128 780 344304 4237354320
128 781 344373 4237354320
128 782 344837 4237354320
128 783 343596 4237354320
128 784 344149 4237354320
128 785 344245 4237354320
128 786 343545 4237354320
128 787 344507 4237354320
128 788 344606 4237354320
128 789 344691 4237354320
128 790 344623 4237354320
128 791 344105 4237354320
128 792 343951 4237354320
128 793 345281 4237354320
128 794 344705 4237354320
128 795 344579 4237354320
128 796 343931 4237354320
128 797 344214 4237354320
128 798 344594 4237354320
128 799 344053 4237354320
128 800 344661 4237354320
128 801 343678 4237354320
128 802 344492 4237354320
128 803 343029 4237354320
128 804 344608 4237354320
128 805 344508 4237354320
128 806 343967 4237354320
128 807 345134 4237354320
128 808 343835 4237354320
128 809 344463 4237354320
128 810 343775 4237354320
128 811 343624 4237354320
128 812 345054 4237354320
128 813 344858 4237354320
128 814 344434 4237354320
128 815 344440 4237354320
128 816 344089 4237354320
128 817 344293 4237354320
128 818 343814 4237354320
128 819 343970 4237354320
128 820 344372 4237354320
128 821 344764 4237354320
128 822 345596 4237354320
128 823 344048 4237354320
128 824 344578 4237354320
128 825 344896 4237354320
128 826 344120 4237354320
128 827 344620 4237354320
128 828 344754 4237354320
128 829 344022 4237354320
128 830 344825 4237354320
128 831 344039 4237354320
128 832 343924 4237354320
128 833 344546 4237354320
128 834 343789 4237354320
128 835 344361 4237354320
128 836 344027 4237354320
128 837 344077 4237354320
128 838 344054 4237354320
128 839 344995 4237354320
128 840 344110 4237354320
128 841 344630 4237354320
128 842 344078 4237354320
128 843 344261 4237354320
128 844 344996 4237354320
128 845 344833 4237354320
128 846 343929 4237354320
128 847 344659 4237354320
128 848 343948 4237354320
128 849 344315 4237354320
128 850 343870 4237354320
128 851 343900 4237354320
128 852 344249 4237354320
128 853 345023 4237354320
128 854 344249 4237354320
128 855 344878 4237354320
128 856 344543 4237354320
128 857 344180 4237354320
128 858 343701 4237354320
128 859 344147 4237354320
128 860 343625 4237354320
128 861 344278 4237354320
128 862 345011 4237354320
128 863 345094 4237354320
128 864 344462 4237354320
128 865 344427 4237354320
128 866 344579 4237354320
128 867 344264 4237354320
128 868 343399 4237354320
128 869 346051 4237354320
128 870 344562 4237354320
128 871 343285 4237354320
128 872 343835 4237354320
128 873 344993 4237354320
128 874 344202 4237354320
128 875 344735 4237354320
128 876 345259 4237354320
128 877 343612 4237354320
128 878 343636 4237354320
128 879 344954 4237354320
128 880 344417 4237354320
128 881 345000 4237354320
128 882 344064 4237354320
128 883 344521 4237354320
128 884 344788 4237354320
128 885 344847 4237354320
128 886 343732 4237354320
128 887 344776 4237354320
128 888 344942 4237354320
128 889 344492 4237354320
128 890 343333 4237354320
128 891 343597 4237354320
128 892 344877 4237354320
128 893 345043 4237354320
128 894 343352 4237354320
128 895 344137 4237354320
128 896 343640 4237354320
128 897 343873 4237354320
128 898 343326 4237354320
128 899 343857 4237354320
128 900 344859 4237354320
128 901 344614 4237354320
128 902 344484 4237354320
128 903 343767 4237354320
128 904 344728 4237354320
128 905 344950 4237354320
128 906 343476 4237354320
128 907 345122 4237354320
128 908 344862 4237354320
128 909 345122 4237354320
128 910 343824 4237354320
128 911 343518 4237354320
128 912 343524 4237354320
128 913 343943 4237354320
128 914 344214 4237354320
128 915 344379 4237354320
128 916 343548 4237354320
128 917 344654 4237354320
128 918 344753 4237354320
128 919 345197 4237354320
128 920 343947 4237354320
128 921 345045 4237354320
128 922 344004 4237354320
128 923 344796 4237354320
128 924 343934 4237354320
128 925 344632 4237354320
128 926 344855 4237354320
128 927 345123 4237354320
128 928 343911 4237354320
128 929 345370 4237354320
128 930 344889 4237354320
128 931 344423 4237354320
128 932 343784 4237354320
128 933 343304 4237354320
128 934 344482 4237354320
128 935 344177 4237354320
128 936 345807 4237354320
128 937 343977 4237354320
128 938 344803 4237354320
128 939 344335 4237354320
128 940 346206 4237354320
128 941 344795 4237354320
128 942 343595 4237354320
128 943 344440 4237354320
128 944 345438 4237354320
128 945 344377 4237354320
128 946 344406 4237354320
128 947 344176 4237354320
128 948 344027 4237354320
128 949 343973 4237354320
128 950 344319 4237354320
128 951 345177 4237354320
128 952 344693 4237354320
128 953 343917 4237354320
128 954 344059 4237354320
128 955 343745 4237354320
128 956 343883 4237354320
128 957 344850 4237354320
128 958 344475 4237354320
128 959 344377 4237354320
128 960 344077 4237354320
128 961 344376 4237354320
128 962 344330 4237354320
128 963 344326 4237354320
128 964 343949 4237354320
128 965 344081 4237354320
128 966 345308 4237354320
128 967 343692 4237354320
128 968 344111 4237354320
128 969 343998 4237354320
128 970 344707 4237354320
128 971 344772 4237354320
128 972 345376 4237354320
128 973 344232 4237354320
128 974 344928 4237354320
128 975 345028 4237354320
128 976 344307 4237354320
128 977 344214 4237354320
128 978 344844 4237354320
128 979 343864 4237354320
128 980 344616 4237354320
128 981 345271 4237354320
128 982 343151 4237354320
128 983 345158 4237354320
128 984 344487 4237354320
128 985 343907 4237354320
128 986 344359 4237354320
128 987 345382 4237354320
128 988 344184 4237354320
128 989 345309 4237354320
128 990 345956 4237354320
128 991 345126 4237354320
128 992 344236 4237354320
128 993 344061 4237354320
128 994 345816 4237354320
128 995 343848 4237354320
128 996 344652 4237354320
128 997 344709 4237354320
128 998 346407 4237354320
128 999 343997 4237354320
