32 0 13864 4227009600
32 1 8805 4227009600
32 2 8806 4227009600
32 3 8806 4227009600
32 4 8806 4227009600
32 5 8806 4227009600
32 6 8806 4227009600
32 7 8806 4227009600
32 8 8806 4227009600
32 9 8806 4227009600
32 10 8806 4227009600
32 11 8806 4227009600
32 12 8806 4227009600
32 13 8806 4227009600
32 14 8806 4227009600
32 15 8806 4227009600
32 16 8806 4227009600
32 17 8806 4227009600
32 18 8806 4227009600
32 19 8806 4227009600
32 20 8806 4227009600
32 21 8806 4227009600
32 22 8806 4227009600
32 23 8806 4227009600
32 24 8806 4227009600
32 25 8806 4227009600
32 26 8806 4227009600
32 27 8806 4227009600
32 28 8806 4227009600
32 29 8806 4227009600
32 30 8806 4227009600
32 31 8806 4227009600
32 32 8806 4227009600
32 33 8806 4227009600
32 34 8806 4227009600
32 35 8806 4227009600
32 36 8806 4227009600
32 37 8806 4227009600
32 38 8806 4227009600
32 39 8806 4227009600
32 40 8806 4227009600
32 41 8806 4227009600
32 42 8806 4227009600
32 43 8806 4227009600
32 44 8806 4227009600
32 45 8806 4227009600
32 46 8806 4227009600
32 47 8806 4227009600
32 48 8806 4227009600
32 49 8806 4227009600
32 50 8806 4227009600
32 51 8806 4227009600
32 52 8806 4227009600
32 53 8806 4227009600
32 54 8806 4227009600
32 55 8806 4227009600
32 56 8806 4227009600
32 57 8806 4227009600
32 58 8806 4227009600
32 59 8806 4227009600
32 60 8806 4227009600
32 61 8806 4227009600
32 62 8806 4227009600
32 63 8806 4227009600
32 64 8806 4227009600
32 65 8806 4227009600
32 66 8806 4227009600
32 67 8806 4227009600
32 68 8806 4227009600
32 69 8806 4227009600
32 70 8806 4227009600
32 71 8806 4227009600
32 72 8806 4227009600
32 73 8806 4227009600
32 74 8806 4227009600
32 75 8806 4227009600
32 76 8806 4227009600
32 77 8806 4227009600
32 78 8806 4227009600
32 79 8806 4227009600
32 80 8806 4227009600
32 81 8806 4227009600
32 82 8806 4227009600
32 83 8806 4227009600
32 84 8806 4227009600
32 85 8806 4227009600
32 86 8806 4227009600
32 87 8806 4227009600
32 88 8806 4227009600
32 89 8806 4227009600
32 90 8806 4227009600
32 91 8806 4227009600
32 92 8806 4227009600
32 93 8806 4227009600
32 94 8806 4227009600
32 95 8806 4227009600
32 96 8806 4227009600
32 97 8806 4227009600
32 98 8806 4227009600
32 99 8806 4227009600
32 100 8806 4227009600
32 101 8806 4227009600
32 102 8806 4227009600
32 103 8806 4227009600
32 104 8806 4227009600
32 105 8806 4227009600
32 106 8806 4227009600
32 107 8806 4227009600
32 108 8806 4227009600
32 109 8806 4227009600
32 110 8806 4227009600
32 111 8806 4227009600
32 112 8806 4227009600
32 113 8806 4227009600
32 114 8806 4227009600
32 115 8806 4227009600
32 116 8806 4227009600
32 117 8806 4227009600
32 118 8806 4227009600
32 119 8806 4227009600
32 120 8806 4227009600
32 121 8806 4227009600
32 122 8806 4227009600
32 123 8806 4227009600
32 124 8806 4227009600
32 125 8806 4227009600
32 126 8806 4227009600
32 127 8806 4227009600
32 128 8806 4227009600
32 129 8806 4227009600
32 130 8806 4227009600
32 131 8806 4227009600
32 132 8806 4227009600
32 133 8806 4227009600
32 134 8806 4227009600
32 135 8806 4227009600
32 136 8806 4227009600
32 137 8806 4227009600
32 138 8806 4227009600
32 139 8806 4227009600
32 140 8806 4227009600
32 141 8806 4227009600
32 142 8806 4227009600
32 143 8806 4227009600
32 144 8806 4227009600
32 145 8806 4227009600
32 146 8806 4227009600
32 147 8806 4227009600
32 148 8806 4227009600
32 149 8806 4227009600
32 150 8806 4227009600
32 151 8806 4227009600
32 152 8806 4227009600
32 153 8806 4227009600
32 154 8806 4227009600
32 155 8806 4227009600
32 156 8806 4227009600
32 157 8806 4227009600
32 158 8806 4227009600
32 159 8806 4227009600
32 160 8806 4227009600
32 161 8806 4227009600
32 162 8806 4227009600
32 163 8806 4227009600
32 164 8806 4227009600
32 165 8806 4227009600
32 166 8806 4227009600
32 167 8806 4227009600
32 168 8806 4227009600
32 169 8806 4227009600
32 170 8806 4227009600
32 171 8806 4227009600
32 172 8806 4227009600
32 173 8806 4227009600
32 174 8806 4227009600
32 175 8806 4227009600
32 176 8806 4227009600
32 177 8806 4227009600
32 178 8806 4227009600
32 179 8806 4227009600
32 180 8806 4227009600
32 181 8806 4227009600
32 182 8806 4227009600
32 183 8806 4227009600
32 184 8806 4227009600
32 185 8806 4227009600
32 186 8806 4227009600
32 187 8806 4227009600
32 188 8806 4227009600
32 189 8806 4227009600
32 190 8806 4227009600
32 191 8806 4227009600
32 192 8806 4227009600
32 193 8806 4227009600
32 194 8806 4227009600
32 195 8806 4227009600
32 196 8806 4227009600
32 197 8806 4227009600
32 198 8806 4227009600
32 199 8806 4227009600
32 200 8806 4227009600
32 201 8806 4227009600
32 202 8806 4227009600
32 203 8806 4227009600
32 204 8806 4227009600
32 205 8806 4227009600
32 206 8806 4227009600
32 207 8806 4227009600
32 208 8806 4227009600
32 209 8806 4227009600
32 210 8806 4227009600
32 211 8806 4227009600
32 212 8806 4227009600
32 213 8806 4227009600
32 214 8806 4227009600
32 215 8806 4227009600
32 216 8806 4227009600
32 217 8806 4227009600
32 218 8806 4227009600
32 219 8806 4227009600
32 220 8806 4227009600
32 221 8806 4227009600
32 222 8806 4227009600
32 223 8806 4227009600
32 224 8806 4227009600
32 225 8806 4227009600
32 226 8806 4227009600
32 227 8806 4227009600
32 228 8806 4227009600
32 229 8806 4227009600
32 230 8806 4227009600
32 231 8806 4227009600
32 232 8806 4227009600
32 233 8806 4227009600
32 234 8806 4227009600
32 235 8806 4227009600
32 236 8806 4227009600
32 237 8806 4227009600
32 238 8806 4227009600
32 239 8806 4227009600
32 240 8806 4227009600
32 241 8806 4227009600
32 242 8806 4227009600
32 243 8806 4227009600
32 244 8806 4227009600
32 245 8806 4227009600
32 246 8806 4227009600
32 247 8806 4227009600
32 248 8806 4227009600
32 249 8806 4227009600
32 250 8806 4227009600
32 251 8806 4227009600
32 252 8806 4227009600
32 253 8806 4227009600
32 254 8806 4227009600
32 255 8806 4227009600
32 256 8806 4227009600
32 257 8806 4227009600
32 258 8806 4227009600
32 259 8806 4227009600
32 260 8806 4227009600
32 261 8806 4227009600
32 262 8806 4227009600
32 263 8806 4227009600
32 264 8806 4227009600
32 265 8806 4227009600
32 266 8806 4227009600
32 267 8806 4227009600
32 268 8806 4227009600
32 269 8806 4227009600
32 270 8806 4227009600
32 271 8806 4227009600
32 272 8806 4227009600
32 273 8806 4227009600
32 274 8806 4227009600
32 275 8806 4227009600
32 276 8806 4227009600
32 277 8806 4227009600
32 278 8806 4227009600
32 279 8806 4227009600
32 280 8806 4227009600
32 281 8806 4227009600
32 282 8806 4227009600
32 283 8806 4227009600
32 284 8806 4227009600
32 285 8806 4227009600
32 286 8806 4227009600
32 287 8806 4227009600
32 288 8806 4227009600
32 289 8806 4227009600
32 290 8806 4227009600
32 291 8806 4227009600
32 292 8806 4227009600
32 293 8806 4227009600
32 294 8806 4227009600
32 295 8806 4227009600
32 296 8806 4227009600
32 297 8806 4227009600
32 298 8806 4227009600
32 299 8806 4227009600
32 300 8806 4227009600
32 301 8806 4227009600
32 302 8806 4227009600
32 303 8806 4227009600
32 304 8806 4227009600
32 305 8806 4227009600
32 306 8806 4227009600
32 307 8806 4227009600
32 308 8806 4227009600
32 309 8806 4227009600
32 310 8806 4227009600
32 311 8806 4227009600
32 312 8806 4227009600
32 313 8806 4227009600
32 314 8806 4227009600
32 315 8806 4227009600
32 316 8806 4227009600
32 317 8806 4227009600
32 318 8806 4227009600
32 319 8806 4227009600
32 320 8806 4227009600
32 321 8806 4227009600
32 322 8806 4227009600
32 323 8806 4227009600
32 324 8806 4227009600
32 325 8806 4227009600
32 326 8806 4227009600
32 327 8806 4227009600
32 328 8806 4227009600
32 329 8806 4227009600
32 330 8806 4227009600
32 331 8806 4227009600
32 332 8806 4227009600
32 333 8806 4227009600
32 334 8806 4227009600
32 335 8806 4227009600
32 336 8806 4227009600
32 337 8806 4227009600
32 338 8806 4227009600
32 339 8806 4227009600
32 340 8806 4227009600
32 341 8806 4227009600
32 342 8806 4227009600
32 343 8806 4227009600
32 344 8806 4227009600
32 345 8806 4227009600
32 346 8806 4227009600
32 347 8806 4227009600
32 348 8806 4227009600
32 349 8806 4227009600
32 350 8806 4227009600
32 351 8806 4227009600
32 352 8806 4227009600
32 353 8806 4227009600
32 354 8806 4227009600
32 355 8806 4227009600
32 356 8806 4227009600
32 357 8806 4227009600
32 358 8806 4227009600
32 359 8806 4227009600
32 360 8806 4227009600
32 361 8806 4227009600
32 362 8806 4227009600
32 363 8806 4227009600
32 364 8806 4227009600
32 365 8806 4227009600
32 366 8806 4227009600
32 367 8806 4227009600
32 368 8806 4227009600
32 369 8806 4227009600
32 370 8806 4227009600
32 371 8806 4227009600
32 372 8806 4227009600
32 373 8806 4227009600
32 374 8806 4227009600
32 375 8806 4227009600
32 376 8806 4227009600
32 377 8806 4227009600
32 378 8806 4227009600
32 379 8806 4227009600
32 380 8806 4227009600
32 381 8806 4227009600
32 382 8806 4227009600
32 383 8806 4227009600
32 384 8806 4227009600
32 385 8806 4227009600
32 386 8806 4227009600
32 387 8806 4227009600
32 388 8806 4227009600
32 389 8806 4227009600
32 390 8806 4227009600
32 391 8806 4227009600
32 392 8806 4227009600
32 393 8806 4227009600
32 394 8806 4227009600
32 395 8806 4227009600
32 396 8806 4227009600
32 397 8806 4227009600
32 398 8806 4227009600
32 399 8806 4227009600
32 400 8806 4227009600
32 401 8806 4227009600
32 402 8806 4227009600
32 403 8806 4227009600
32 404 8806 4227009600
32 405 8806 4227009600
32 406 8806 4227009600
32 407 8806 4227009600
32 408 8806 4227009600
32 409 8806 4227009600
32 410 8806 4227009600
32 411 8806 4227009600
32 412 8806 4227009600
32 413 8806 4227009600
32 414 8806 4227009600
32 415 8806 4227009600
32 416 8806 4227009600
32 417 8806 4227009600
32 418 8806 4227009600
32 419 8806 4227009600
32 420 8806 4227009600
32 421 8806 4227009600
32 422 8806 4227009600
32 423 8806 4227009600
32 424 8806 4227009600
32 425 8806 4227009600
32 426 8806 4227009600
32 427 8806 4227009600
32 428 8806 4227009600
32 429 8806 4227009600
32 430 8806 4227009600
32 431 8806 4227009600
32 432 8806 4227009600
32 433 8806 4227009600
32 434 8806 4227009600
32 435 8806 4227009600
32 436 8806 4227009600
32 437 8806 4227009600
32 438 8806 4227009600
32 439 8806 4227009600
32 440 8806 4227009600
32 441 8806 4227009600
32 442 8806 4227009600
32 443 8806 4227009600
32 444 8806 4227009600
32 445 8806 4227009600
32 446 8806 4227009600
32 447 8806 4227009600
32 448 8806 4227009600
32 449 8806 4227009600
32 450 8806 4227009600
32 451 8806 4227009600
32 452 8806 4227009600
32 453 8806 4227009600
32 454 8806 4227009600
32 455 8806 4227009600
32 456 8806 4227009600
32 457 8806 4227009600
32 458 8806 4227009600
32 459 8806 4227009600
32 460 8806 4227009600
32 461 8806 4227009600
32 462 8806 4227009600
32 463 8806 4227009600
32 464 8806 4227009600
32 465 8806 4227009600
32 466 8806 4227009600
32 467 8806 4227009600
32 468 8806 4227009600
32 469 8806 4227009600
32 470 8806 4227009600
32 471 8806 4227009600
32 472 8806 4227009600
32 473 8806 4227009600
32 474 8806 4227009600
32 475 8806 4227009600
32 476 8806 4227009600
32 477 8806 4227009600
32 478 8806 4227009600
32 479 8806 4227009600
32 480 8806 4227009600
32 481 8806 4227009600
32 482 8806 4227009600
32 483 8806 4227009600
32 484 8806 4227009600
32 485 8806 4227009600
32 486 8806 4227009600
32 487 8806 4227009600
32 488 8806 4227009600
32 489 8806 4227009600
32 490 8806 4227009600
32 491 8806 4227009600
32 492 8806 4227009600
32 493 8806 4227009600
32 494 8806 4227009600
32 495 8806 4227009600
32 496 8806 4227009600
32 497 8806 4227009600
32 498 8806 4227009600
32 499 8806 4227009600
32 500 8806 4227009600
32 501 8806 4227009600
32 502 8806 4227009600
32 503 8806 4227009600
32 504 8806 4227009600
32 505 8806 4227009600
32 506 8806 4227009600
32 507 8806 4227009600
32 508 8806 4227009600
32 509 8806 4227009600
32 510 8806 4227009600
32 511 8806 4227009600
32 512 8806 4227009600
32 513 8806 4227009600
32 514 8806 4227009600
32 515 8806 4227009600
32 516 8806 4227009600
32 517 8806 4227009600
32 518 8806 4227009600
32 519 8806 4227009600
32 520 8806 4227009600
32 521 8806 4227009600
32 522 8806 4227009600
32 523 8806 4227009600
32 524 8806 4227009600
32 525 8806 4227009600
32 526 8806 4227009600
32 527 8806 4227009600
32 528 8806 4227009600
32 529 8806 4227009600
32 530 8806 4227009600
32 531 8806 4227009600
32 532 8806 4227009600
32 533 8806 4227009600
32 534 8806 4227009600
32 535 8806 4227009600
32 536 8806 4227009600
32 537 8806 4227009600
32 538 8806 4227009600
32 539 8806 4227009600
32 540 8806 4227009600
32 541 8806 4227009600
32 542 8806 4227009600
32 543 8806 4227009600
32 544 8806 4227009600
32 545 8806 4227009600
32 546 8806 4227009600
32 547 8806 4227009600
32 548 8806 4227009600
32 549 8806 4227009600
32 550 8806 4227009600
32 551 8806 4227009600
32 552 8806 4227009600
32 553 8806 4227009600
32 554 8806 4227009600
32 555 8806 4227009600
32 556 8806 4227009600
32 557 8806 4227009600
32 558 8806 4227009600
32 559 8806 4227009600
32 560 8806 4227009600
32 561 8806 4227009600
32 562 8806 4227009600
32 563 8806 4227009600
32 564 8806 4227009600
32 565 8806 4227009600
32 566 8806 4227009600
32 567 8806 4227009600
32 568 8806 4227009600
32 569 8806 4227009600
32 570 8806 4227009600
32 571 8806 4227009600
32 572 8806 4227009600
32 573 8806 4227009600
32 574 8806 4227009600
32 575 8806 4227009600
32 576 8806 4227009600
32 577 8806 4227009600
32 578 8806 4227009600
32 579 8806 4227009600
32 580 8806 4227009600
32 581 8806 4227009600
32 582 8806 4227009600
32 583 8806 4227009600
32 584 8806 4227009600
32 585 8806 4227009600
32 586 8806 4227009600
32 587 8806 4227009600
32 588 8806 4227009600
32 589 8806 4227009600
32 590 8806 4227009600
32 591 8806 4227009600
32 592 8806 4227009600
32 593 8806 4227009600
32 594 8806 4227009600
32 595 8806 4227009600
32 596 8806 4227009600
32 597 8806 4227009600
32 598 8806 4227009600
32 599 8806 4227009600
32 600 8806 4227009600
32 601 8806 4227009600
32 602 8806 4227009600
32 603 8806 4227009600
32 604 8806 4227009600
32 605 8806 4227009600
32 606 8806 4227009600
32 607 8806 4227009600
32 608 8806 4227009600
32 609 8806 4227009600
32 610 8806 4227009600
32 611 8806 4227009600
32 612 8806 4227009600
32 613 8806 4227009600
32 614 8806 4227009600
32 615 8806 4227009600
32 616 8806 4227009600
32 617 8806 4227009600
32 618 8806 4227009600
32 619 8806 4227009600
32 620 8806 4227009600
32 621 8806 4227009600
32 622 8806 4227009600
32 623 8806 4227009600
32 624 8806 4227009600
32 625 8806 4227009600
32 626 8806 4227009600
32 627 8806 4227009600
32 628 8806 4227009600
32 629 8806 4227009600
32 630 8806 4227009600
32 631 8806 4227009600
32 632 8806 4227009600
32 633 8806 4227009600
32 634 8806 4227009600
32 635 8806 4227009600
32 636 8806 4227009600
32 637 8806 4227009600
32 638 8806 4227009600
32 639 8806 4227009600
32 640 8806 4227009600
32 641 8806 4227009600
32 642 8806 4227009600
32 643 8806 4227009600
32 644 8806 4227009600
32 645 8806 4227009600
32 646 8806 4227009600
32 647 8806 4227009600
32 648 8806 4227009600
32 649 8806 4227009600
32 650 8806 4227009600
32 651 8806 4227009600
32 652 8806 4227009600
32 653 8806 4227009600
32 654 8806 4227009600
32 655 8806 4227009600
32 656 8806 4227009600
32 657 8806 4227009600
32 658 8806 4227009600
32 659 8806 4227009600
32 660 8806 4227009600
32 661 8806 4227009600
32 662 8806 4227009600
32 663 8806 4227009600
32 664 8806 4227009600
32 665 8806 4227009600
32 666 8806 4227009600
32 667 8806 4227009600
32 668 8806 4227009600
32 669 8806 4227009600
32 670 8806 4227009600
32 671 8806 4227009600
32 672 8806 4227009600
32 673 8806 4227009600
32 674 8806 4227009600
32 675 8806 4227009600
32 676 8806 4227009600
32 677 8806 4227009600
32 678 8806 4227009600
32 679 8806 4227009600
32 680 8806 4227009600
32 681 8806 4227009600
32 682 8806 4227009600
32 683 8806 4227009600
32 684 8806 4227009600
32 685 8806 4227009600
32 686 8806 4227009600
32 687 8806 4227009600
32 688 8806 4227009600
32 689 8806 4227009600
32 690 8806 4227009600
32 691 8806 4227009600
32 692 8806 4227009600
32 693 8806 4227009600
32 694 8806 4227009600
32 695 8806 4227009600
32 696 8806 4227009600
32 697 8806 4227009600
32 698 8806 4227009600
32 699 8806 4227009600
32 700 8806 4227009600
32 701 8806 4227009600
32 702 8806 4227009600
32 703 8806 4227009600
32 704 8806 4227009600
32 705 8806 4227009600
32 706 8806 4227009600
32 707 8806 4227009600
32 708 8806 4227009600
32 709 8806 4227009600
32 710 8806 4227009600
32 711 8806 4227009600
32 712 8806 4227009600
32 713 8806 4227009600
32 714 8806 4227009600
32 715 8806 4227009600
32 716 8806 4227009600
32 717 8806 4227009600
32 718 8806 4227009600
32 719 8806 4227009600
32 720 8806 4227009600
32 721 8806 4227009600
32 722 8806 4227009600
32 723 8806 4227009600
32 724 8806 4227009600
32 725 8806 4227009600
32 726 8806 4227009600
32 727 8806 4227009600
32 728 8806 4227009600
32 729 8806 4227009600
32 730 8806 4227009600
32 731 8806 4227009600
32 732 8806 4227009600
32 733 8806 4227009600
32 734 8806 4227009600
32 735 8806 4227009600
32 736 8806 4227009600
32 737 8806 4227009600
32 738 8806 4227009600
32 739 8806 4227009600
32 740 8806 4227009600
32 741 8806 4227009600
32 742 8806 4227009600
32 743 8806 4227009600
32 744 8806 4227009600
32 745 8806 4227009600
32 746 8806 4227009600
32 747 8806 4227009600
32 748 8806 4227009600
32 749 8806 4227009600
32 750 8806 4227009600
32 751 8806 4227009600
32 752 8806 4227009600
32 753 8806 4227009600
32 754 8806 4227009600
32 755 8806 4227009600
32 756 8806 4227009600
32 757 8806 4227009600
32 758 8806 4227009600
32 759 8806 4227009600
32 760 8806 4227009600
32 761 8806 4227009600
32 762 8806 4227009600
32 763 8806 4227009600
32 764 8806 4227009600
32 765 8806 4227009600
32 766 8806 4227009600
32 767 8806 4227009600
32 768 8806 4227009600
32 769 8806 4227009600
32 770 8806 4227009600
32 771 8806 4227009600
32 772 8806 4227009600
32 773 8806 4227009600
32 774 8806 4227009600
32 775 8806 4227009600
32 776 8806 4227009600
32 777 8806 4227009600
32 778 8806 4227009600
32 779 8806 4227009600
32 780 8806 4227009600
32 781 8806 4227009600
32 782 8806 4227009600
32 783 8806 4227009600
32 784 8806 4227009600
32 785 8806 4227009600
32 786 8806 4227009600
32 787 8806 4227009600
32 788 8806 4227009600
32 789 8806 4227009600
32 790 8806 4227009600
32 791 8806 4227009600
32 792 8806 4227009600
32 793 8806 4227009600
32 794 8806 4227009600
32 795 8806 4227009600
32 796 8806 4227009600
32 797 8806 4227009600
32 798 8806 4227009600
32 799 8806 4227009600
32 800 8806 4227009600
32 801 8806 4227009600
32 802 8806 4227009600
32 803 8806 4227009600
32 804 8806 4227009600
32 805 8806 4227009600
32 806 8806 4227009600
32 807 8806 4227009600
32 808 8806 4227009600
32 809 8806 4227009600
32 810 8806 4227009600
32 811 8806 4227009600
32 812 8806 4227009600
32 813 8806 4227009600
32 814 8806 4227009600
32 815 8806 4227009600
32 816 8806 4227009600
32 817 8806 4227009600
32 818 8806 4227009600
32 819 8806 4227009600
32 820 8806 4227009600
32 821 8806 4227009600
32 822 8806 4227009600
32 823 8806 4227009600
32 824 8806 4227009600
32 825 8806 4227009600
32 826 8806 4227009600
32 827 8806 4227009600
32 828 8806 4227009600
32 829 8806 4227009600
32 830 8806 4227009600
32 831 8806 4227009600
32 832 8806 4227009600
32 833 8806 4227009600
32 834 8806 4227009600
32 835 8806 4227009600
32 836 8806 4227009600
32 837 8806 4227009600
32 838 8806 4227009600
32 839 8806 4227009600
32 840 8806 4227009600
32 841 8806 4227009600
32 842 8806 4227009600
32 843 8806 4227009600
32 844 8806 4227009600
32 845 8806 4227009600
32 846 8806 4227009600
32 847 8806 4227009600
32 848 8806 4227009600
32 849 8806 4227009600
32 850 8806 4227009600
32 851 8806 4227009600
32 852 8806 4227009600
32 853 8806 4227009600
32 854 8806 4227009600
32 855 8806 4227009600
32 856 8806 4227009600
32 857 8806 4227009600
32 858 8806 4227009600
32 859 8806 4227009600
32 860 8806 4227009600
32 861 8806 4227009600
32 862 8806 4227009600
32 863 8806 4227009600
32 864 8806 4227009600
32 865 8806 4227009600
32 866 8806 4227009600
32 867 8806 4227009600
32 868 8806 4227009600
32 869 8806 4227009600
32 870 8806 4227009600
32 871 8806 4227009600
32 872 8806 4227009600
32 873 8806 4227009600
32 874 8806 4227009600
32 875 8806 4227009600
32 876 8806 4227009600
32 877 8806 4227009600
32 878 8806 4227009600
32 879 8806 4227009600
32 880 8806 4227009600
32 881 8806 4227009600
32 882 8806 4227009600
32 883 8806 4227009600
32 884 8806 4227009600
32 885 8806 4227009600
32 886 8806 4227009600
32 887 8806 4227009600
32 888 8806 4227009600
32 889 8806 4227009600
32 890 8806 4227009600
32 891 8806 4227009600
32 892 8806 4227009600
32 893 8806 4227009600
32 894 8806 4227009600
32 895 8806 4227009600
32 896 8806 4227009600
32 897 8806 4227009600
32 898 8806 4227009600
32 899 8806 4227009600
32 900 8806 4227009600
32 901 8806 4227009600
32 902 8806 4227009600
32 903 8806 4227009600
32 904 8806 4227009600
32 905 8806 4227009600
32 906 8806 4227009600
32 907 8806 4227009600
32 908 8806 4227009600
32 909 8806 4227009600
32 910 8806 4227009600
32 911 8806 4227009600
32 912 8806 4227009600
32 913 8806 4227009600
32 914 8806 4227009600
32 915 8806 4227009600
32 916 8806 4227009600
32 917 8806 4227009600
32 918 8806 4227009600
32 919 8806 4227009600
32 920 8806 4227009600
32 921 8806 4227009600
32 922 8806 4227009600
32 923 8806 4227009600
32 924 8806 4227009600
32 925 8806 4227009600
32 926 8806 4227009600
32 927 8806 4227009600
32 928 8806 4227009600
32 929 8806 4227009600
32 930 8806 4227009600
32 931 8806 4227009600
32 932 8806 4227009600
32 933 8806 4227009600
32 934 8806 4227009600
32 935 8806 4227009600
32 936 8806 4227009600
32 937 8806 4227009600
32 938 8806 4227009600
32 939 8806 4227009600
32 940 10591 4227009600
32 941 8806 4227009600
32 942 8806 4227009600
32 943 8806 4227009600
32 944 8806 4227009600
32 945 8806 4227009600
32 946 8806 4227009600
32 947 8806 4227009600
32 948 8806 4227009600
32 949 8806 4227009600
32 950 8806 4227009600
32 951 8806 4227009600
32 952 8806 4227009600
32 953 8806 4227009600
32 954 8806 4227009600
32 955 8806 4227009600
32 956 8806 4227009600
32 957 8806 4227009600
32 958 8806 4227009600
32 959 8806 4227009600
32 960 8806 4227009600
32 961 8806 4227009600
32 962 8806 4227009600
32 963 8806 4227009600
32 964 8806 4227009600
32 965 8806 4227009600
32 966 8806 4227009600
32 967 8806 4227009600
32 968 8806 4227009600
32 969 8806 4227009600
32 970 8806 4227009600
32 971 8806 4227009600
32 972 8806 4227009600
32 973 8806 4227009600
32 974 8806 4227009600
32 975 8806 4227009600
32 976 8806 4227009600
32 977 8806 4227009600
32 978 8806 4227009600
32 979 8806 4227009600
32 980 8806 4227009600
32 981 8806 4227009600
32 982 8806 4227009600
32 983 8806 4227009600
32 984 8806 4227009600
32 985 8806 4227009600
32 986 8806 4227009600
32 987 8806 4227009600
32 988 8806 4227009600
32 989 8806 4227009600
32 990 8806 4227009600
32 991 8806 4227009600
32 992 8806 4227009600
32 993 8806 4227009600
32 994 8806 4227009600
32 995 8806 4227009600
32 996 8806 4227009600
32 997 8806 4227009600
32 998 8806 4227009600
32 999 8806 4227009600
