32 0 6212 4227009389
32 1 6214 4227009389
32 2 6214 4227009389
32 3 6214 4227009389
32 4 6214 4227009389
32 5 6214 4227009389
32 6 6214 4227009389
32 7 6214 4227009389
32 8 6214 4227009389
32 9 6214 4227009389
32 10 6214 4227009389
32 11 6214 4227009389
32 12 6214 4227009389
32 13 6214 4227009389
32 14 6214 4227009389
32 15 6214 4227009389
32 16 6214 4227009389
32 17 6214 4227009389
32 18 6214 4227009389
32 19 6214 4227009389
32 20 6214 4227009389
32 21 6214 4227009389
32 22 6214 4227009389
32 23 6214 4227009389
32 24 6214 4227009389
32 25 6214 4227009389
32 26 6214 4227009389
32 27 6214 4227009389
32 28 6214 4227009389
32 29 6214 4227009389
32 30 6214 4227009389
32 31 6214 4227009389
32 32 6214 4227009389
32 33 6214 4227009389
32 34 6214 4227009389
32 35 6214 4227009389
32 36 6214 4227009389
32 37 6214 4227009389
32 38 6214 4227009389
32 39 6214 4227009389
32 40 6214 4227009389
32 41 6214 4227009389
32 42 6214 4227009389
32 43 6214 4227009389
32 44 6214 4227009389
32 45 6214 4227009389
32 46 6214 4227009389
32 47 6214 4227009389
32 48 6214 4227009389
32 49 6214 4227009389
32 50 6214 4227009389
32 51 6214 4227009389
32 52 6214 4227009389
32 53 6214 4227009389
32 54 6214 4227009389
32 55 6214 4227009389
32 56 6214 4227009389
32 57 6214 4227009389
32 58 6214 4227009389
32 59 6214 4227009389
32 60 6214 4227009389
32 61 6214 4227009389
32 62 6214 4227009389
32 63 6214 4227009389
32 64 6214 4227009389
32 65 6214 4227009389
32 66 6214 4227009389
32 67 6214 4227009389
32 68 6214 4227009389
32 69 6214 4227009389
32 70 6214 4227009389
32 71 6214 4227009389
32 72 6214 4227009389
32 73 6214 4227009389
32 74 6214 4227009389
32 75 6214 4227009389
32 76 6214 4227009389
32 77 6214 4227009389
32 78 6214 4227009389
32 79 6214 4227009389
32 80 6214 4227009389
32 81 6214 4227009389
32 82 6214 4227009389
32 83 6214 4227009389
32 84 6214 4227009389
32 85 6214 4227009389
32 86 6214 4227009389
32 87 6214 4227009389
32 88 6214 4227009389
32 89 6214 4227009389
32 90 6214 4227009389
32 91 6214 4227009389
32 92 6214 4227009389
32 93 6214 4227009389
32 94 6214 4227009389
32 95 6214 4227009389
32 96 6214 4227009389
32 97 6214 4227009389
32 98 6214 4227009389
32 99 6214 4227009389
32 100 6214 4227009389
32 101 6214 4227009389
32 102 6214 4227009389
32 103 6214 4227009389
32 104 6214 4227009389
32 105 6214 4227009389
32 106 6214 4227009389
32 107 6214 4227009389
32 108 6214 4227009389
32 109 6214 4227009389
32 110 6214 4227009389
32 111 6214 4227009389
32 112 6214 4227009389
32 113 6214 4227009389
32 114 6214 4227009389
32 115 6214 4227009389
32 116 6214 4227009389
32 117 6214 4227009389
32 118 6214 4227009389
32 119 6214 4227009389
32 120 6214 4227009389
32 121 6214 4227009389
32 122 6214 4227009389
32 123 6214 4227009389
32 124 6214 4227009389
32 125 6214 4227009389
32 126 6214 4227009389
32 127 6214 4227009389
32 128 6214 4227009389
32 129 6214 4227009389
32 130 6214 4227009389
32 131 6214 4227009389
32 132 6214 4227009389
32 133 6214 4227009389
32 134 6214 4227009389
32 135 6214 4227009389
32 136 6214 4227009389
32 137 6214 4227009389
32 138 6214 4227009389
32 139 6214 4227009389
32 140 6214 4227009389
32 141 6214 4227009389
32 142 6214 4227009389
32 143 6214 4227009389
32 144 6214 4227009389
32 145 6214 4227009389
32 146 6214 4227009389
32 147 6214 4227009389
32 148 6214 4227009389
32 149 6214 4227009389
32 150 6214 4227009389
32 151 6214 4227009389
32 152 6214 4227009389
32 153 6214 4227009389
32 154 6214 4227009389
32 155 6214 4227009389
32 156 6214 4227009389
32 157 6214 4227009389
32 158 6214 4227009389
32 159 6214 4227009389
32 160 6214 4227009389
32 161 6214 4227009389
32 162 6214 4227009389
32 163 6214 4227009389
32 164 6214 4227009389
32 165 6214 4227009389
32 166 6214 4227009389
32 167 6214 4227009389
32 168 6214 4227009389
32 169 6214 4227009389
32 170 6214 4227009389
32 171 6214 4227009389
32 172 6214 4227009389
32 173 6214 4227009389
32 174 6214 4227009389
32 175 6214 4227009389
32 176 6214 4227009389
32 177 6214 4227009389
32 178 6214 4227009389
32 179 6214 4227009389
32 180 6214 4227009389
32 181 6214 4227009389
32 182 6214 4227009389
32 183 6214 4227009389
32 184 6214 4227009389
32 185 6214 4227009389
32 186 6214 4227009389
32 187 6214 4227009389
32 188 6214 4227009389
32 189 6214 4227009389
32 190 6214 4227009389
32 191 6214 4227009389
32 192 6214 4227009389
32 193 6214 4227009389
32 194 6214 4227009389
32 195 6214 4227009389
32 196 6214 4227009389
32 197 6214 4227009389
32 198 6214 4227009389
32 199 6214 4227009389
32 200 6214 4227009389
32 201 6214 4227009389
32 202 6214 4227009389
32 203 6214 4227009389
32 204 6214 4227009389
32 205 6214 4227009389
32 206 6214 4227009389
32 207 6214 4227009389
32 208 6214 4227009389
32 209 6214 4227009389
32 210 6214 4227009389
32 211 6214 4227009389
32 212 6214 4227009389
32 213 6214 4227009389
32 214 6214 4227009389
32 215 6214 4227009389
32 216 6214 4227009389
32 217 6214 4227009389
32 218 6214 4227009389
32 219 6214 4227009389
32 220 6214 4227009389
32 221 6214 4227009389
32 222 6214 4227009389
32 223 6214 4227009389
32 224 6214 4227009389
32 225 6214 4227009389
32 226 6214 4227009389
32 227 6214 4227009389
32 228 6214 4227009389
32 229 6214 4227009389
32 230 6214 4227009389
32 231 6214 4227009389
32 232 6214 4227009389
32 233 6214 4227009389
32 234 6214 4227009389
32 235 6214 4227009389
32 236 6214 4227009389
32 237 6214 4227009389
32 238 6214 4227009389
32 239 6214 4227009389
32 240 6214 4227009389
32 241 6214 4227009389
32 242 6214 4227009389
32 243 6214 4227009389
32 244 6214 4227009389
32 245 6214 4227009389
32 246 6214 4227009389
32 247 6214 4227009389
32 248 6214 4227009389
32 249 6214 4227009389
32 250 6214 4227009389
32 251 6214 4227009389
32 252 6214 4227009389
32 253 6214 4227009389
32 254 6214 4227009389
32 255 6214 4227009389
32 256 6214 4227009389
32 257 6214 4227009389
32 258 6214 4227009389
32 259 6214 4227009389
32 260 6214 4227009389
32 261 6214 4227009389
32 262 6214 4227009389
32 263 6214 4227009389
32 264 6214 4227009389
32 265 6214 4227009389
32 266 6214 4227009389
32 267 6214 4227009389
32 268 6214 4227009389
32 269 6214 4227009389
32 270 6214 4227009389
32 271 6214 4227009389
32 272 6214 4227009389
32 273 6214 4227009389
32 274 6214 4227009389
32 275 6214 4227009389
32 276 6214 4227009389
32 277 6214 4227009389
32 278 6214 4227009389
32 279 6214 4227009389
32 280 6214 4227009389
32 281 6214 4227009389
32 282 6214 4227009389
32 283 6214 4227009389
32 284 6214 4227009389
32 285 6214 4227009389
32 286 6214 4227009389
32 287 6214 4227009389
32 288 6214 4227009389
32 289 6214 4227009389
32 290 6214 4227009389
32 291 6214 4227009389
32 292 6214 4227009389
32 293 6214 4227009389
32 294 6214 4227009389
32 295 6214 4227009389
32 296 6214 4227009389
32 297 6214 4227009389
32 298 6214 4227009389
32 299 6214 4227009389
32 300 6214 4227009389
32 301 6214 4227009389
32 302 6214 4227009389
32 303 6214 4227009389
32 304 6214 4227009389
32 305 6214 4227009389
32 306 6214 4227009389
32 307 6214 4227009389
32 308 6214 4227009389
32 309 6214 4227009389
32 310 6214 4227009389
32 311 6214 4227009389
32 312 6214 4227009389
32 313 6214 4227009389
32 314 6214 4227009389
32 315 6214 4227009389
32 316 6214 4227009389
32 317 6214 4227009389
32 318 6214 4227009389
32 319 6214 4227009389
32 320 6214 4227009389
32 321 6214 4227009389
32 322 6214 4227009389
32 323 6214 4227009389
32 324 6214 4227009389
32 325 6214 4227009389
32 326 6214 4227009389
32 327 6214 4227009389
32 328 6214 4227009389
32 329 6214 4227009389
32 330 6214 4227009389
32 331 6214 4227009389
32 332 6214 4227009389
32 333 6214 4227009389
32 334 6214 4227009389
32 335 6214 4227009389
32 336 6214 4227009389
32 337 6214 4227009389
32 338 6214 4227009389
32 339 6214 4227009389
32 340 6214 4227009389
32 341 6214 4227009389
32 342 6214 4227009389
32 343 6214 4227009389
32 344 6214 4227009389
32 345 6214 4227009389
32 346 6214 4227009389
32 347 6214 4227009389
32 348 6214 4227009389
32 349 6214 4227009389
32 350 6214 4227009389
32 351 6214 4227009389
32 352 6214 4227009389
32 353 6214 4227009389
32 354 6214 4227009389
32 355 6214 4227009389
32 356 6214 4227009389
32 357 6214 4227009389
32 358 6214 4227009389
32 359 6214 4227009389
32 360 6214 4227009389
32 361 6214 4227009389
32 362 6214 4227009389
32 363 6214 4227009389
32 364 6214 4227009389
32 365 6214 4227009389
32 366 6214 4227009389
32 367 6214 4227009389
32 368 6214 4227009389
32 369 6214 4227009389
32 370 6214 4227009389
32 371 6214 4227009389
32 372 6214 4227009389
32 373 6214 4227009389
32 374 6214 4227009389
32 375 6214 4227009389
32 376 6214 4227009389
32 377 6214 4227009389
32 378 6214 4227009389
32 379 6214 4227009389
32 380 6214 4227009389
32 381 6214 4227009389
32 382 6214 4227009389
32 383 6214 4227009389
32 384 6214 4227009389
32 385 6214 4227009389
32 386 6214 4227009389
32 387 6214 4227009389
32 388 6214 4227009389
32 389 6214 4227009389
32 390 6214 4227009389
32 391 6214 4227009389
32 392 6214 4227009389
32 393 6214 4227009389
32 394 6214 4227009389
32 395 6214 4227009389
32 396 6214 4227009389
32 397 6214 4227009389
32 398 6214 4227009389
32 399 6214 4227009389
32 400 6214 4227009389
32 401 6214 4227009389
32 402 6214 4227009389
32 403 6214 4227009389
32 404 6214 4227009389
32 405 6214 4227009389
32 406 6214 4227009389
32 407 6214 4227009389
32 408 6214 4227009389
32 409 6214 4227009389
32 410 6214 4227009389
32 411 6214 4227009389
32 412 6214 4227009389
32 413 6214 4227009389
32 414 6214 4227009389
32 415 6214 4227009389
32 416 6214 4227009389
32 417 6214 4227009389
32 418 6214 4227009389
32 419 6214 4227009389
32 420 6214 4227009389
32 421 6214 4227009389
32 422 6214 4227009389
32 423 6214 4227009389
32 424 6214 4227009389
32 425 6214 4227009389
32 426 6214 4227009389
32 427 6214 4227009389
32 428 6214 4227009389
32 429 6214 4227009389
32 430 6214 4227009389
32 431 6214 4227009389
32 432 6214 4227009389
32 433 6214 4227009389
32 434 6214 4227009389
32 435 6214 4227009389
32 436 6214 4227009389
32 437 6214 4227009389
32 438 6214 4227009389
32 439 6214 4227009389
32 440 6214 4227009389
32 441 6214 4227009389
32 442 6214 4227009389
32 443 6214 4227009389
32 444 6214 4227009389
32 445 6214 4227009389
32 446 6214 4227009389
32 447 6214 4227009389
32 448 6214 4227009389
32 449 6214 4227009389
32 450 6214 4227009389
32 451 6214 4227009389
32 452 6214 4227009389
32 453 6214 4227009389
32 454 6214 4227009389
32 455 6214 4227009389
32 456 6214 4227009389
32 457 6214 4227009389
32 458 6214 4227009389
32 459 6214 4227009389
32 460 6214 4227009389
32 461 6214 4227009389
32 462 6214 4227009389
32 463 6214 4227009389
32 464 6214 4227009389
32 465 6214 4227009389
32 466 6214 4227009389
32 467 6214 4227009389
32 468 6214 4227009389
32 469 6214 4227009389
32 470 6214 4227009389
32 471 6214 4227009389
32 472 6214 4227009389
32 473 6214 4227009389
32 474 6214 4227009389
32 475 6214 4227009389
32 476 6214 4227009389
32 477 6214 4227009389
32 478 6214 4227009389
32 479 6214 4227009389
32 480 6214 4227009389
32 481 6214 4227009389
32 482 6214 4227009389
32 483 6214 4227009389
32 484 6214 4227009389
32 485 6214 4227009389
32 486 6214 4227009389
32 487 6214 4227009389
32 488 6214 4227009389
32 489 6214 4227009389
32 490 6214 4227009389
32 491 6214 4227009389
32 492 6214 4227009389
32 493 6214 4227009389
32 494 6214 4227009389
32 495 6214 4227009389
32 496 6214 4227009389
32 497 6214 4227009389
32 498 6214 4227009389
32 499 6214 4227009389
32 500 6214 4227009389
32 501 6214 4227009389
32 502 6214 4227009389
32 503 6214 4227009389
32 504 6214 4227009389
32 505 6214 4227009389
32 506 6214 4227009389
32 507 6214 4227009389
32 508 6214 4227009389
32 509 6214 4227009389
32 510 6214 4227009389
32 511 6214 4227009389
32 512 6214 4227009389
32 513 6214 4227009389
32 514 6214 4227009389
32 515 6214 4227009389
32 516 6214 4227009389
32 517 6214 4227009389
32 518 6214 4227009389
32 519 6214 4227009389
32 520 6214 4227009389
32 521 6214 4227009389
32 522 6214 4227009389
32 523 6214 4227009389
32 524 6214 4227009389
32 525 6214 4227009389
32 526 6214 4227009389
32 527 6214 4227009389
32 528 6214 4227009389
32 529 6214 4227009389
32 530 6214 4227009389
32 531 6214 4227009389
32 532 6214 4227009389
32 533 6214 4227009389
32 534 6214 4227009389
32 535 6214 4227009389
32 536 6214 4227009389
32 537 6214 4227009389
32 538 6214 4227009389
32 539 6214 4227009389
32 540 6214 4227009389
32 541 6214 4227009389
32 542 6214 4227009389
32 543 6214 4227009389
32 544 6214 4227009389
32 545 6214 4227009389
32 546 6214 4227009389
32 547 6214 4227009389
32 548 6214 4227009389
32 549 6214 4227009389
32 550 6214 4227009389
32 551 6214 4227009389
32 552 6214 4227009389
32 553 6214 4227009389
32 554 6214 4227009389
32 555 6214 4227009389
32 556 6214 4227009389
32 557 6214 4227009389
32 558 6214 4227009389
32 559 6214 4227009389
32 560 6214 4227009389
32 561 6214 4227009389
32 562 6214 4227009389
32 563 6214 4227009389
32 564 6214 4227009389
32 565 6214 4227009389
32 566 6214 4227009389
32 567 6214 4227009389
32 568 6214 4227009389
32 569 6214 4227009389
32 570 6214 4227009389
32 571 6214 4227009389
32 572 6214 4227009389
32 573 6214 4227009389
32 574 6214 4227009389
32 575 6214 4227009389
32 576 6214 4227009389
32 577 6214 4227009389
32 578 6214 4227009389
32 579 6214 4227009389
32 580 6214 4227009389
32 581 6214 4227009389
32 582 6214 4227009389
32 583 6214 4227009389
32 584 6214 4227009389
32 585 6214 4227009389
32 586 6214 4227009389
32 587 6214 4227009389
32 588 6214 4227009389
32 589 6214 4227009389
32 590 6214 4227009389
32 591 6214 4227009389
32 592 6214 4227009389
32 593 6214 4227009389
32 594 6214 4227009389
32 595 6214 4227009389
32 596 6214 4227009389
32 597 6214 4227009389
32 598 6214 4227009389
32 599 6214 4227009389
32 600 6214 4227009389
32 601 6214 4227009389
32 602 6214 4227009389
32 603 6214 4227009389
32 604 6214 4227009389
32 605 6214 4227009389
32 606 6214 4227009389
32 607 6214 4227009389
32 608 6214 4227009389
32 609 6214 4227009389
32 610 6214 4227009389
32 611 6214 4227009389
32 612 6214 4227009389
32 613 6214 4227009389
32 614 6214 4227009389
32 615 6214 4227009389
32 616 6214 4227009389
32 617 6214 4227009389
32 618 6214 4227009389
32 619 6214 4227009389
32 620 6214 4227009389
32 621 6214 4227009389
32 622 6214 4227009389
32 623 6214 4227009389
32 624 6214 4227009389
32 625 6214 4227009389
32 626 6214 4227009389
32 627 6214 4227009389
32 628 6214 4227009389
32 629 6214 4227009389
32 630 6214 4227009389
32 631 6214 4227009389
32 632 6214 4227009389
32 633 6214 4227009389
32 634 6214 4227009389
32 635 6214 4227009389
32 636 6214 4227009389
32 637 6214 4227009389
32 638 6214 4227009389
32 639 6214 4227009389
32 640 6214 4227009389
32 641 6214 4227009389
32 642 6214 4227009389
32 643 6214 4227009389
32 644 6214 4227009389
32 645 6214 4227009389
32 646 6214 4227009389
32 647 6214 4227009389
32 648 6214 4227009389
32 649 6214 4227009389
32 650 6214 4227009389
32 651 6214 4227009389
32 652 6214 4227009389
32 653 6214 4227009389
32 654 6214 4227009389
32 655 6214 4227009389
32 656 6214 4227009389
32 657 6214 4227009389
32 658 6214 4227009389
32 659 6214 4227009389
32 660 6214 4227009389
32 661 6214 4227009389
32 662 6214 4227009389
32 663 6214 4227009389
32 664 6214 4227009389
32 665 6214 4227009389
32 666 6214 4227009389
32 667 6214 4227009389
32 668 6214 4227009389
32 669 6214 4227009389
32 670 6214 4227009389
32 671 6214 4227009389
32 672 6214 4227009389
32 673 6214 4227009389
32 674 6214 4227009389
32 675 6214 4227009389
32 676 6214 4227009389
32 677 6214 4227009389
32 678 6214 4227009389
32 679 6214 4227009389
32 680 6214 4227009389
32 681 6214 4227009389
32 682 6214 4227009389
32 683 6214 4227009389
32 684 6214 4227009389
32 685 6214 4227009389
32 686 6214 4227009389
32 687 6214 4227009389
32 688 6214 4227009389
32 689 6214 4227009389
32 690 6214 4227009389
32 691 6214 4227009389
32 692 6214 4227009389
32 693 6214 4227009389
32 694 6214 4227009389
32 695 6214 4227009389
32 696 6214 4227009389
32 697 6214 4227009389
32 698 6214 4227009389
32 699 6214 4227009389
32 700 6214 4227009389
32 701 6214 4227009389
32 702 6214 4227009389
32 703 6214 4227009389
32 704 6214 4227009389
32 705 6214 4227009389
32 706 6214 4227009389
32 707 6214 4227009389
32 708 6214 4227009389
32 709 6214 4227009389
32 710 6214 4227009389
32 711 6214 4227009389
32 712 6214 4227009389
32 713 6214 4227009389
32 714 6214 4227009389
32 715 6214 4227009389
32 716 6214 4227009389
32 717 6214 4227009389
32 718 6214 4227009389
32 719 6214 4227009389
32 720 6214 4227009389
32 721 6214 4227009389
32 722 6214 4227009389
32 723 6214 4227009389
32 724 6214 4227009389
32 725 6214 4227009389
32 726 6214 4227009389
32 727 6214 4227009389
32 728 6214 4227009389
32 729 6214 4227009389
32 730 6214 4227009389
32 731 6214 4227009389
32 732 6214 4227009389
32 733 6214 4227009389
32 734 6214 4227009389
32 735 6214 4227009389
32 736 6214 4227009389
32 737 6214 4227009389
32 738 6214 4227009389
32 739 6214 4227009389
32 740 6214 4227009389
32 741 6214 4227009389
32 742 6214 4227009389
32 743 6214 4227009389
32 744 6214 4227009389
32 745 6214 4227009389
32 746 6214 4227009389
32 747 6214 4227009389
32 748 6214 4227009389
32 749 6214 4227009389
32 750 6214 4227009389
32 751 6214 4227009389
32 752 6214 4227009389
32 753 6214 4227009389
32 754 6214 4227009389
32 755 6214 4227009389
32 756 6214 4227009389
32 757 6214 4227009389
32 758 6214 4227009389
32 759 6214 4227009389
32 760 6214 4227009389
32 761 6214 4227009389
32 762 6214 4227009389
32 763 6214 4227009389
32 764 6214 4227009389
32 765 6214 4227009389
32 766 6214 4227009389
32 767 6214 4227009389
32 768 6214 4227009389
32 769 6214 4227009389
32 770 6214 4227009389
32 771 6214 4227009389
32 772 6214 4227009389
32 773 6214 4227009389
32 774 6214 4227009389
32 775 6214 4227009389
32 776 6214 4227009389
32 777 6214 4227009389
32 778 6214 4227009389
32 779 6214 4227009389
32 780 6214 4227009389
32 781 6214 4227009389
32 782 6214 4227009389
32 783 6214 4227009389
32 784 6214 4227009389
32 785 6214 4227009389
32 786 6214 4227009389
32 787 6214 4227009389
32 788 6214 4227009389
32 789 6214 4227009389
32 790 6214 4227009389
32 791 6214 4227009389
32 792 6214 4227009389
32 793 6214 4227009389
32 794 6214 4227009389
32 795 6214 4227009389
32 796 6214 4227009389
32 797 6214 4227009389
32 798 6214 4227009389
32 799 6214 4227009389
32 800 6214 4227009389
32 801 6214 4227009389
32 802 6214 4227009389
32 803 6214 4227009389
32 804 6214 4227009389
32 805 6214 4227009389
32 806 6214 4227009389
32 807 6214 4227009389
32 808 6214 4227009389
32 809 6214 4227009389
32 810 6214 4227009389
32 811 6214 4227009389
32 812 6214 4227009389
32 813 6214 4227009389
32 814 6214 4227009389
32 815 6214 4227009389
32 816 6214 4227009389
32 817 6214 4227009389
32 818 6214 4227009389
32 819 6214 4227009389
32 820 6214 4227009389
32 821 6214 4227009389
32 822 6214 4227009389
32 823 6214 4227009389
32 824 6214 4227009389
32 825 6214 4227009389
32 826 6214 4227009389
32 827 6214 4227009389
32 828 6214 4227009389
32 829 6214 4227009389
32 830 6214 4227009389
32 831 6214 4227009389
32 832 6214 4227009389
32 833 6214 4227009389
32 834 6214 4227009389
32 835 6214 4227009389
32 836 6214 4227009389
32 837 6214 4227009389
32 838 6214 4227009389
32 839 6214 4227009389
32 840 6214 4227009389
32 841 6214 4227009389
32 842 6214 4227009389
32 843 6214 4227009389
32 844 6214 4227009389
32 845 6214 4227009389
32 846 6214 4227009389
32 847 6214 4227009389
32 848 6214 4227009389
32 849 6214 4227009389
32 850 6214 4227009389
32 851 6214 4227009389
32 852 6214 4227009389
32 853 6214 4227009389
32 854 6214 4227009389
32 855 6214 4227009389
32 856 6214 4227009389
32 857 6214 4227009389
32 858 6214 4227009389
32 859 6214 4227009389
32 860 6214 4227009389
32 861 6214 4227009389
32 862 6214 4227009389
32 863 6214 4227009389
32 864 6214 4227009389
32 865 6214 4227009389
32 866 6214 4227009389
32 867 6214 4227009389
32 868 6214 4227009389
32 869 6214 4227009389
32 870 6214 4227009389
32 871 6214 4227009389
32 872 6214 4227009389
32 873 6214 4227009389
32 874 6214 4227009389
32 875 6214 4227009389
32 876 6214 4227009389
32 877 6214 4227009389
32 878 6214 4227009389
32 879 6214 4227009389
32 880 6214 4227009389
32 881 6214 4227009389
32 882 6214 4227009389
32 883 6214 4227009389
32 884 6214 4227009389
32 885 6214 4227009389
32 886 6214 4227009389
32 887 6214 4227009389
32 888 6214 4227009389
32 889 6214 4227009389
32 890 6214 4227009389
32 891 6214 4227009389
32 892 6214 4227009389
32 893 6214 4227009389
32 894 6214 4227009389
32 895 6214 4227009389
32 896 6214 4227009389
32 897 6214 4227009389
32 898 6214 4227009389
32 899 6214 4227009389
32 900 6214 4227009389
32 901 6214 4227009389
32 902 6214 4227009389
32 903 6214 4227009389
32 904 6214 4227009389
32 905 6214 4227009389
32 906 6214 4227009389
32 907 6214 4227009389
32 908 6214 4227009389
32 909 6214 4227009389
32 910 6214 4227009389
32 911 6214 4227009389
32 912 6214 4227009389
32 913 6214 4227009389
32 914 6214 4227009389
32 915 6214 4227009389
32 916 6214 4227009389
32 917 6214 4227009389
32 918 6214 4227009389
32 919 6214 4227009389
32 920 6214 4227009389
32 921 6214 4227009389
32 922 6214 4227009389
32 923 6214 4227009389
32 924 6214 4227009389
32 925 6214 4227009389
32 926 6214 4227009389
32 927 6214 4227009389
32 928 6214 4227009389
32 929 6214 4227009389
32 930 6214 4227009389
32 931 6214 4227009389
32 932 6214 4227009389
32 933 6214 4227009389
32 934 6214 4227009389
32 935 6214 4227009389
32 936 6214 4227009389
32 937 6214 4227009389
32 938 6214 4227009389
32 939 6214 4227009389
32 940 6214 4227009389
32 941 6214 4227009389
32 942 6214 4227009389
32 943 6214 4227009389
32 944 6214 4227009389
32 945 6214 4227009389
32 946 6214 4227009389
32 947 6214 4227009389
32 948 6214 4227009389
32 949 6214 4227009389
32 950 6214 4227009389
32 951 6214 4227009389
32 952 6214 4227009389
32 953 6214 4227009389
32 954 6214 4227009389
32 955 6214 4227009389
32 956 6214 4227009389
32 957 6214 4227009389
32 958 6214 4227009389
32 959 6214 4227009389
32 960 6214 4227009389
32 961 6214 4227009389
32 962 6214 4227009389
32 963 6214 4227009389
32 964 6214 4227009389
32 965 6214 4227009389
32 966 6214 4227009389
32 967 6214 4227009389
32 968 6214 4227009389
32 969 6214 4227009389
32 970 6214 4227009389
32 971 6214 4227009389
32 972 6214 4227009389
32 973 6214 4227009389
32 974 6214 4227009389
32 975 6214 4227009389
32 976 6214 4227009389
32 977 6214 4227009389
32 978 6214 4227009389
32 979 6214 4227009389
32 980 6214 4227009389
32 981 6214 4227009389
32 982 6214 4227009389
32 983 6214 4227009389
32 984 6214 4227009389
32 985 6214 4227009389
32 986 6214 4227009389
32 987 6214 4227009389
32 988 6214 4227009389
32 989 6214 4227009389
32 990 6214 4227009389
32 991 6214 4227009389
32 992 6214 4227009389
32 993 6214 4227009389
32 994 6214 4227009389
32 995 6214 4227009389
32 996 6214 4227009389
32 997 6214 4227009389
32 998 6214 4227009389
32 999 6214 4227009389
