256 0 74361 15860545
256 1 74304 15860545
256 2 74302 15860545
256 3 74276 15860545
256 4 74277 15860545
256 5 74276 15860545
256 6 74281 15860545
256 7 74263 15860545
256 8 74256 15860545
256 9 74268 15860545
256 10 74267 15860545
256 11 74253 15860545
256 12 74244 15860545
256 13 74275 15860545
256 14 74246 15860545
256 15 74240 15860545
256 16 74240 15860545
256 17 74255 15860545
256 18 74238 15860545
256 19 74252 15860545
256 20 74255 15860545
256 21 74252 15860545
256 22 74246 15860545
256 23 74246 15860545
256 24 74265 15860545
256 25 74247 15860545
256 26 74258 15860545
256 27 74245 15860545
256 28 74272 15860545
256 29 74265 15860545
256 30 74254 15860545
256 31 74247 15860545
256 32 74276 15860545
256 33 74240 15860545
256 34 74246 15860545
256 35 74245 15860545
256 36 74254 15860545
256 37 74241 15860545
256 38 74245 15860545
256 39 74250 15860545
256 40 74254 15860545
256 41 74253 15860545
256 42 74244 15860545
256 43 74240 15860545
256 44 74251 15860545
256 45 74246 15860545
256 46 74240 15860545
256 47 74270 15860545
256 48 74246 15860545
256 49 74247 15860545
256 50 74238 15860545
256 51 74266 15860545
256 52 74241 15860545
256 53 74263 15860545
256 54 74241 15860545
256 55 74265 15860545
256 56 74253 15860545
256 57 74257 15860545
256 58 74246 15860545
256 59 74239 15860545
256 60 74264 15860545
256 61 74263 15860545
256 62 74256 15860545
256 63 74253 15860545
256 64 74246 15860545
256 65 74246 15860545
256 66 74271 15860545
256 67 74241 15860545
256 68 74246 15860545
256 69 74246 15860545
256 70 74275 15860545
256 71 74238 15860545
256 72 74246 15860545
256 73 74247 15860545
256 74 74262 15860545
256 75 74247 15860545
256 76 74252 15860545
256 77 74252 15860545
256 78 74257 15860545
256 79 74271 15860545
256 80 74257 15860545
256 81 74253 15860545
256 82 74247 15860545
256 83 74245 15860545
256 84 74246 15860545
256 85 74262 15860545
256 86 74253 15860545
256 87 74246 15860545
256 88 74253 15860545
256 89 74270 15860545
256 90 74269 15860545
256 91 74244 15860545
256 92 74258 15860545
256 93 74241 15860545
256 94 74253 15860545
256 95 74247 15860545
256 96 74264 15860545
256 97 74239 15860545
256 98 74253 15860545
256 99 74257 15860545
256 100 74252 15860545
256 101 74253 15860545
256 102 74270 15860545
256 103 74246 15860545
256 104 74293 15860545
256 105 74240 15860545
256 106 74244 15860545
256 107 74240 15860545
256 108 74281 15860545
256 109 74246 15860545
256 110 74253 15860545
256 111 74246 15860545
256 112 74246 15860545
256 113 74245 15860545
256 114 74259 15860545
256 115 74240 15860545
256 116 74258 15860545
256 117 74253 15860545
256 118 74249 15860545
256 119 74252 15860545
256 120 74260 15860545
256 121 74264 15860545
256 122 74244 15860545
256 123 74274 15860545
256 124 74240 15860545
256 125 74247 15860545
256 126 74259 15860545
256 127 74274 15860545
256 128 74241 15860545
256 129 74252 15860545
256 130 74250 15860545
256 131 74255 15860545
256 132 74253 15860545
256 133 74238 15860545
256 134 74240 15860545
256 135 74240 15860545
256 136 74282 15860545
256 137 74238 15860545
256 138 74252 15860545
256 139 74265 15860545
256 140 74261 15860545
256 141 74240 15860545
256 142 74274 15860545
256 143 74258 15860545
256 144 74244 15860545
256 145 74252 15860545
256 146 74268 15860545
256 147 74253 15860545
256 148 74244 15860545
256 149 74252 15860545
256 150 74281 15860545
256 151 74246 15860545
256 152 74247 15860545
256 153 74259 15860545
256 154 74238 15860545
256 155 74253 15860545
256 156 74258 15860545
256 157 74240 15860545
256 158 74253 15860545
256 159 74247 15860545
256 160 74247 15860545
256 161 74279 15860545
256 162 74255 15860545
256 163 74241 15860545
256 164 74247 15860545
256 165 74268 15860545
256 166 74247 15860545
256 167 74265 15860545
256 168 74271 15860545
256 169 74268 15860545
256 170 74260 15860545
256 171 74240 15860545
256 172 74252 15860545
256 173 74252 15860545
256 174 74253 15860545
256 175 74238 15860545
256 176 74246 15860545
256 177 74247 15860545
256 178 74264 15860545
256 179 74241 15860545
256 180 74248 15860545
256 181 74250 15860545
256 182 74259 15860545
256 183 74247 15860545
256 184 74270 15860545
256 185 74246 15860545
256 186 74271 15860545
256 187 74247 15860545
256 188 74267 15860545
256 189 74263 15860545
256 190 74241 15860545
256 191 74239 15860545
256 192 74247 15860545
256 193 74258 15860545
256 194 74250 15860545
256 195 74251 15860545
256 196 74240 15860545
256 197 74254 15860545
256 198 74241 15860545
256 199 74273 15860545
256 200 74246 15860545
256 201 74245 15860545
256 202 74250 15860545
256 203 74279 15860545
256 204 74258 15860545
256 205 74241 15860545
256 206 74238 15860545
256 207 74269 15860545
256 208 74240 15860545
256 209 74255 15860545
256 210 74254 15860545
256 211 74268 15860545
256 212 74255 15860545
256 213 74245 15860545
256 214 74245 15860545
256 215 74247 15860545
256 216 74244 15860545
256 217 74240 15860545
256 218 74247 15860545
256 219 74253 15860545
256 220 74251 15860545
256 221 74247 15860545
256 222 74277 15860545
256 223 74255 15860545
256 224 74257 15860545
256 225 74247 15860545
256 226 74291 15860545
256 227 74240 15860545
256 228 74256 15860545
256 229 74247 15860545
256 230 74252 15860545
256 231 74251 15860545
256 232 74258 15860545
256 233 74252 15860545
256 234 74238 15860545
256 235 74246 15860545
256 236 74239 15860545
256 237 74259 15860545
256 238 74240 15860545
256 239 74246 15860545
256 240 74254 15860545
256 241 74294 15860545
256 242 74246 15860545
256 243 74252 15860545
256 244 74249 15860545
256 245 74264 15860545
256 246 74241 15860545
256 247 74238 15860545
256 248 74245 15860545
256 249 74247 15860545
256 250 74244 15860545
256 251 74264 15860545
256 252 74238 15860545
256 253 74239 15860545
256 254 74252 15860545
256 255 74257 15860545
256 256 74262 15860545
256 257 74239 15860545
256 258 74259 15860545
256 259 74244 15860545
256 260 74277 15860545
256 261 74252 15860545
256 262 74256 15860545
256 263 74252 15860545
256 264 74269 15860545
256 265 74246 15860545
256 266 74244 15860545
256 267 74251 15860545
256 268 74274 15860545
256 269 74247 15860545
256 270 74241 15860545
256 271 74247 15860545
256 272 74247 15860545
256 273 74259 15860545
256 274 74244 15860545
256 275 74239 15860545
256 276 74246 15860545
256 277 74246 15860545
256 278 74258 15860545
256 279 74251 15860545
256 280 74241 15860545
256 281 74247 15860545
256 282 74243 15860545
256 283 74263 15860545
256 284 74245 15860545
256 285 74241 15860545
256 286 74238 15860545
256 287 74282 15860545
256 288 74240 15860545
256 289 74268 15860545
256 290 74259 15860545
256 291 74259 15860545
256 292 74240 15860545
256 293 74252 15860545
256 294 74240 15860545
256 295 74258 15860545
256 296 74240 15860545
256 297 74239 15860545
256 298 74246 15860545
256 299 74258 15860545
256 300 74264 15860545
256 301 74240 15860545
256 302 74263 15860545
256 303 74240 15860545
256 304 74245 15860545
256 305 74247 15860545
256 306 74274 15860545
256 307 74246 15860545
256 308 74256 15860545
256 309 74266 15860545
256 310 74246 15860545
256 311 74246 15860545
256 312 74241 15860545
256 313 74251 15860545
256 314 74240 15860545
256 315 74238 15860545
256 316 74246 15860545
256 317 74258 15860545
256 318 74258 15860545
256 319 74244 15860545
256 320 74246 15860545
256 321 74266 15860545
256 322 74246 15860545
256 323 74240 15860545
256 324 74244 15860545
256 325 74269 15860545
256 326 74250 15860545
256 327 74245 15860545
256 328 74240 15860545
256 329 74259 15860545
256 330 74263 15860545
256 331 74254 15860545
256 332 74246 15860545
256 333 74244 15860545
256 334 74252 15860545
256 335 74252 15860545
256 336 74254 15860545
256 337 74245 15860545
256 338 74250 15860545
256 339 74257 15860545
256 340 74273 15860545
256 341 74248 15860545
256 342 74247 15860545
256 343 74246 15860545
256 344 74277 15860545
256 345 74239 15860545
256 346 74247 15860545
256 347 74244 15860545
256 348 74281 15860545
256 349 74252 15860545
256 350 74256 15860545
256 351 74244 15860545
256 352 74252 15860545
256 353 74253 15860545
256 354 74244 15860545
256 355 74240 15860545
256 356 74258 15860545
256 357 74251 15860545
256 358 74252 15860545
256 359 74246 15860545
256 360 74239 15860545
256 361 74245 15860545
256 362 74252 15860545
256 363 74269 15860545
256 364 74238 15860545
256 365 74252 15860545
256 366 74260 15860545
256 367 74270 15860545
256 368 74246 15860545
256 369 74246 15860545
256 370 74258 15860545
256 371 74258 15860545
256 372 74256 15860545
256 373 74240 15860545
256 374 74247 15860545
256 375 74243 15860545
256 376 74240 15860545
256 377 74240 15860545
256 378 74240 15860545
256 379 74243 15860545
256 380 74256 15860545
256 381 74247 15860545
256 382 74297 15860545
256 383 74258 15860545
256 384 74246 15860545
256 385 74239 15860545
256 386 74269 15860545
256 387 74270 15860545
256 388 74247 15860545
256 389 74250 15860545
256 390 74240 15860545
256 391 74254 15860545
256 392 74245 15860545
256 393 74259 15860545
256 394 74246 15860545
256 395 74246 15860545
256 396 74240 15860545
256 397 74245 15860545
256 398 74267 15860545
256 399 74240 15860545
256 400 74246 15860545
256 401 74270 15860545
256 402 74249 15860545
256 403 74270 15860545
256 404 74250 15860545
256 405 74275 15860545
256 406 74252 15860545
256 407 74246 15860545
256 408 74238 15860545
256 409 74250 15860545
256 410 74246 15860545
256 411 74246 15860545
256 412 74240 15860545
256 413 74251 15860545
256 414 74252 15860545
256 415 74245 15860545
256 416 74264 15860545
256 417 74258 15860545
256 418 74240 15860545
256 419 74246 15860545
256 420 74280 15860545
256 421 74240 15860545
256 422 74246 15860545
256 423 74251 15860545
256 424 74260 15860545
256 425 74252 15860545
256 426 74253 15860545
256 427 74246 15860545
256 428 74273 15860545
256 429 74249 15860545
256 430 74240 15860545
256 431 74250 15860545
256 432 74247 15860545
256 433 74246 15860545
256 434 74256 15860545
256 435 74253 15860545
256 436 74257 15860545
256 437 74257 15860545
256 438 74248 15860545
256 439 74285 15860545
256 440 74252 15860545
256 441 74238 15860545
256 442 74240 15860545
256 443 74259 15860545
256 444 74240 15860545
256 445 74240 15860545
256 446 74240 15860545
256 447 74272 15860545
256 448 74253 15860545
256 449 74253 15860545
256 450 74257 15860545
256 451 74238 15860545
256 452 74253 15860545
256 453 74240 15860545
256 454 74266 15860545
256 455 74245 15860545
256 456 74241 15860545
256 457 74240 15860545
256 458 74246 15860545
256 459 74258 15860545
256 460 74268 15860545
256 461 74251 15860545
256 462 74276 15860545
256 463 74252 15860545
256 464 74251 15860545
256 465 74253 15860545
256 466 74273 15860545
256 467 74247 15860545
256 468 74246 15860545
256 469 74241 15860545
256 470 74237 15860545
256 471 74282 15860545
256 472 74246 15860545
256 473 74240 15860545
256 474 74246 15860545
256 475 74259 15860545
256 476 74262 15860545
256 477 74246 15860545
256 478 74253 15860545
256 479 74251 15860545
256 480 74240 15860545
256 481 74270 15860545
256 482 74247 15860545
256 483 74252 15860545
256 484 74252 15860545
256 485 74262 15860545
256 486 74246 15860545
256 487 74256 15860545
256 488 74244 15860545
256 489 74238 15860545
256 490 74244 15860545
256 491 74246 15860545
256 492 74253 15860545
256 493 74240 15860545
256 494 74264 15860545
256 495 74260 15860545
256 496 74246 15860545
256 497 74243 15860545
256 498 74247 15860545
256 499 74252 15860545
256 500 74284 15860545
256 501 74247 15860545
256 502 74256 15860545
256 503 74243 15860545
256 504 74275 15860545
256 505 74240 15860545
256 506 74264 15860545
256 507 74238 15860545
256 508 74265 15860545
256 509 74245 15860545
256 510 74251 15860545
256 511 74265 15860545
256 512 74258 15860545
256 513 74247 15860545
256 514 74255 15860545
256 515 74246 15860545
256 516 74253 15860545
256 517 74253 15860545
256 518 74246 15860545
256 519 74283 15860545
256 520 74252 15860545
256 521 74240 15860545
256 522 74241 15860545
256 523 74268 15860545
256 524 74247 15860545
256 525 74245 15860545
256 526 74246 15860545
256 527 74283 15860545
256 528 74239 15860545
256 529 74246 15860545
256 530 74240 15860545
256 531 74238 15860545
256 532 74252 15860545
256 533 74246 15860545
256 534 74240 15860545
256 535 74255 15860545
256 536 74240 15860545
256 537 74241 15860545
256 538 74256 15860545
256 539 74258 15860545
256 540 74238 15860545
256 541 74240 15860545
256 542 74267 15860545
256 543 74252 15860545
256 544 74240 15860545
256 545 74245 15860545
256 546 74275 15860545
256 547 74251 15860545
256 548 74240 15860545
256 549 74247 15860545
256 550 74260 15860545
256 551 74243 15860545
256 552 74256 15860545
256 553 74240 15860545
256 554 74244 15860545
256 555 74238 15860545
256 556 74240 15860545
256 557 74252 15860545
256 558 74246 15860545
256 559 74251 15860545
256 560 74250 15860545
256 561 74272 15860545
256 562 74256 15860545
256 563 74246 15860545
256 564 74245 15860545
256 565 74269 15860545
256 566 74252 15860545
256 567 74238 15860545
256 568 74253 15860545
256 569 74252 15860545
256 570 74247 15860545
256 571 74263 15860545
256 572 74241 15860545
256 573 74253 15860545
256 574 74257 15860545
256 575 74267 15860545
256 576 74245 15860545
256 577 74253 15860545
256 578 74245 15860545
256 579 74241 15860545
256 580 74292 15860545
256 581 74248 15860545
256 582 74257 15860545
256 583 74258 15860545
256 584 74269 15860545
256 585 74244 15860545
256 586 74239 15860545
256 587 74246 15860545
256 588 74238 15860545
256 589 74265 15860545
256 590 74241 15860545
256 591 74244 15860545
256 592 74254 15860545
256 593 74241 15860545
256 594 74237 15860545
256 595 74262 15860545
256 596 74250 15860545
256 597 74255 15860545
256 598 74250 15860545
256 599 74294 15860545
256 600 74250 15860545
256 601 74244 15860545
256 602 74252 15860545
256 603 74262 15860545
256 604 74268 15860545
256 605 74253 15860545
256 606 74253 15860545
256 607 74262 15860545
256 608 74261 15860545
256 609 74240 15860545
256 610 74247 15860545
256 611 74252 15860545
256 612 74252 15860545
256 613 74263 15860545
256 614 74247 15860545
256 615 74246 15860545
256 616 74246 15860545
256 617 74247 15860545
256 618 74275 15860545
256 619 74262 15860545
256 620 74245 15860545
256 621 74252 15860545
256 622 74264 15860545
256 623 74244 15860545
256 624 74245 15860545
256 625 74255 15860545
256 626 74263 15860545
256 627 74265 15860545
256 628 74247 15860545
256 629 74241 15860545
256 630 74257 15860545
256 631 74246 15860545
256 632 74240 15860545
256 633 74246 15860545
256 634 74253 15860545
256 635 74240 15860545
256 636 74239 15860545
256 637 74251 15860545
256 638 74240 15860545
256 639 74246 15860545
256 640 74252 15860545
256 641 74275 15860545
256 642 74252 15860545
256 643 74253 15860545
256 644 74238 15860545
256 645 74270 15860545
256 646 74263 15860545
256 647 74249 15860545
256 648 74246 15860545
256 649 74246 15860545
256 650 74244 15860545
256 651 74246 15860545
256 652 74250 15860545
256 653 74263 15860545
256 654 74247 15860545
256 655 74247 15860545
256 656 74253 15860545
256 657 74240 15860545
256 658 74271 15860545
256 659 74239 15860545
256 660 74283 15860545
256 661 74266 15860545
256 662 74246 15860545
256 663 74246 15860545
256 664 74263 15860545
256 665 74246 15860545
256 666 74259 15860545
256 667 74253 15860545
256 668 74245 15860545
256 669 74250 15860545
256 670 74247 15860545
256 671 74247 15860545
256 672 74256 15860545
256 673 74247 15860545
256 674 74245 15860545
256 675 74256 15860545
256 676 74251 15860545
256 677 74252 15860545
256 678 74258 15860545
256 679 74272 15860545
256 680 74257 15860545
256 681 74258 15860545
256 682 74251 15860545
256 683 74278 15860545
256 684 74241 15860545
256 685 74252 15860545
256 686 74247 15860545
256 687 74251 15860545
256 688 74247 15860545
256 689 74239 15860545
256 690 74252 15860545
256 691 74247 15860545
256 692 74257 15860545
256 693 74253 15860545
256 694 74253 15860545
256 695 74246 15860545
256 696 74241 15860545
256 697 74250 15860545
256 698 74269 15860545
256 699 74247 15860545
256 700 74245 15860545
256 701 74259 15860545
256 702 74268 15860545
256 703 74258 15860545
256 704 74245 15860545
256 705 74245 15860545
256 706 74277 15860545
256 707 74246 15860545
256 708 74238 15860545
256 709 74252 15860545
256 710 74246 15860545
256 711 74251 15860545
256 712 74247 15860545
256 713 74264 15860545
256 714 74250 15860545
256 715 74238 15860545
256 716 74247 15860545
256 717 74278 15860545
256 718 74240 15860545
256 719 74247 15860545
256 720 74244 15860545
256 721 74264 15860545
256 722 74252 15860545
256 723 74244 15860545
256 724 74258 15860545
256 725 74274 15860545
256 726 74241 15860545
256 727 74252 15860545
256 728 74245 15860545
256 729 74246 15860545
256 730 74256 15860545
256 731 74269 15860545
256 732 74247 15860545
256 733 74246 15860545
256 734 74240 15860545
256 735 74251 15860545
256 736 74246 15860545
256 737 74265 15860545
256 738 74247 15860545
256 739 74244 15860545
256 740 74263 15860545
256 741 74254 15860545
256 742 74253 15860545
256 743 74265 15860545
256 744 74282 15860545
256 745 74258 15860545
256 746 74253 15860545
256 747 74247 15860545
256 748 74254 15860545
256 749 74245 15860545
256 750 74245 15860545
256 751 74265 15860545
256 752 74252 15860545
256 753 74266 15860545
256 754 74244 15860545
256 755 74254 15860545
256 756 74253 15860545
256 757 74251 15860545
256 758 74251 15860545
256 759 74274 15860545
256 760 74253 15860545
256 761 74258 15860545
256 762 74246 15860545
256 763 74263 15860545
256 764 74247 15860545
256 765 74244 15860545
256 766 74252 15860545
256 767 74258 15860545
256 768 74247 15860545
256 769 74247 15860545
256 770 74252 15860545
256 771 74259 15860545
256 772 74260 15860545
256 773 74246 15860545
256 774 74252 15860545
256 775 74252 15860545
256 776 74244 15860545
256 777 74247 15860545
256 778 74270 15860545
256 779 74241 15860545
256 780 74251 15860545
256 781 74257 15860545
256 782 74276 15860545
256 783 74252 15860545
256 784 74250 15860545
256 785 74252 15860545
256 786 74257 15860545
256 787 74247 15860545
256 788 74258 15860545
256 789 74265 15860545
256 790 74253 15860545
256 791 74247 15860545
256 792 74256 15860545
256 793 74244 15860545
256 794 74255 15860545
256 795 74262 15860545
256 796 74251 15860545
256 797 74273 15860545
256 798 74253 15860545
256 799 74247 15860545
256 800 74265 15860545
256 801 74275 15860545
256 802 74244 15860545
256 803 74240 15860545
256 804 74253 15860545
256 805 74247 15860545
256 806 74256 15860545
256 807 74246 15860545
256 808 74241 15860545
256 809 74253 15860545
256 810 74241 15860545
256 811 74245 15860545
256 812 74244 15860545
256 813 74252 15860545
256 814 74251 15860545
256 815 74265 15860545
256 816 74269 15860545
256 817 74246 15860545
256 818 74245 15860545
256 819 74246 15860545
256 820 74267 15860545
256 821 74246 15860545
256 822 74244 15860545
256 823 74253 15860545
256 824 74270 15860545
256 825 74241 15860545
256 826 74244 15860545
256 827 74270 15860545
256 828 74277 15860545
256 829 74259 15860545
256 830 74245 15860545
256 831 74251 15860545
256 832 74241 15860545
256 833 74240 15860545
256 834 74251 15860545
256 835 74291 15860545
256 836 74241 15860545
256 837 74240 15860545
256 838 74245 15860545
256 839 74283 15860545
256 840 74252 15860545
256 841 74257 15860545
256 842 74259 15860545
256 843 74276 15860545
256 844 74244 15860545
256 845 74251 15860545
256 846 74253 15860545
256 847 74246 15860545
256 848 74240 15860545
256 849 74261 15860545
256 850 74244 15860545
256 851 74245 15860545
256 852 74238 15860545
256 853 74269 15860545
256 854 74246 15860545
256 855 74259 15860545
256 856 74244 15860545
256 857 74244 15860545
256 858 74294 15860545
256 859 74245 15860545
256 860 74250 15860545
256 861 74246 15860545
256 862 74275 15860545
256 863 74252 15860545
256 864 74251 15860545
256 865 74253 15860545
256 866 74275 15860545
256 867 74258 15860545
256 868 74264 15860545
256 869 74240 15860545
256 870 74269 15860545
256 871 74240 15860545
256 872 74252 15860545
256 873 74238 15860545
256 874 74253 15860545
256 875 74260 15860545
256 876 74245 15860545
256 877 74280 15860545
256 878 74246 15860545
256 879 74246 15860545
256 880 74259 15860545
256 881 74267 15860545
256 882 74252 15860545
256 883 74251 15860545
256 884 74240 15860545
256 885 74263 15860545
256 886 74252 15860545
256 887 74247 15860545
256 888 74253 15860545
256 889 74259 15860545
256 890 74245 15860545
256 891 74244 15860545
256 892 74240 15860545
256 893 74241 15860545
256 894 74251 15860545
256 895 74241 15860545
256 896 74266 15860545
256 897 74246 15860545
256 898 74247 15860545
256 899 74258 15860545
256 900 74295 15860545
256 901 74265 15860545
256 902 74253 15860545
256 903 74244 15860545
256 904 74264 15860545
256 905 74240 15860545
256 906 74253 15860545
256 907 74246 15860545
256 908 74253 15860545
256 909 74239 15860545
256 910 74246 15860545
256 911 74253 15860545
256 912 74240 15860545
256 913 74240 15860545
256 914 74253 15860545
256 915 74266 15860545
256 916 74257 15860545
256 917 74252 15860545
256 918 74239 15860545
256 919 74266 15860545
256 920 74240 15860545
256 921 74246 15860545
256 922 74245 15860545
256 923 74274 15860545
256 924 74266 15860545
256 925 74243 15860545
256 926 74263 15860545
256 927 74246 15860545
256 928 74238 15860545
256 929 74246 15860545
256 930 74238 15860545
256 931 74268 15860545
256 932 74252 15860545
256 933 74239 15860545
256 934 74272 15860545
256 935 74252 15860545
256 936 74246 15860545
256 937 74240 15860545
256 938 74269 15860545
256 939 74254 15860545
256 940 74241 15860545
256 941 74246 15860545
256 942 74288 15860545
256 943 74253 15860545
256 944 74259 15860545
256 945 74241 15860545
256 946 74247 15860545
256 947 74240 15860545
256 948 74250 15860545
256 949 74247 15860545
256 950 74246 15860545
256 951 74240 15860545
256 952 74256 15860545
256 953 74239 15860545
256 954 74241 15860545
256 955 74238 15860545
256 956 74241 15860545
256 957 74269 15860545
256 958 74241 15860545
256 959 74252 15860545
256 960 74245 15860545
256 961 74292 15860545
256 962 74259 15860545
256 963 74252 15860545
256 964 74250 15860545
256 965 74240 15860545
256 966 74246 15860545
256 967 74253 15860545
256 968 74252 15860545
256 969 74254 15860545
256 970 74244 15860545
256 971 74259 15860545
256 972 74239 15860545
256 973 74244 15860545
256 974 74245 15860545
256 975 74244 15860545
256 976 74271 15860545
256 977 74240 15860545
256 978 74246 15860545
256 979 74246 15860545
256 980 74267 15860545
256 981 74240 15860545
256 982 74240 15860545
256 983 74259 15860545
256 984 74240 15860545
256 985 74258 15860545
256 986 74241 15860545
256 987 74241 15860545
256 988 74252 15860545
256 989 74239 15860545
256 990 74254 15860545
256 991 74244 15860545
256 992 74253 15860545
256 993 74259 15860545
256 994 74253 15860545
256 995 74271 15860545
256 996 74247 15860545
256 997 74246 15860545
256 998 74241 15860545
256 999 74272 15860545
