64 0 266 4228160797
64 1 38 4228160797
64 2 38 4228160797
64 3 38 4228160797
64 4 38 4228160797
64 5 53 4228160797
64 6 38 4228160797
64 7 38 4228160797
64 8 38 4228160797
64 9 38 4228160797
64 10 53 4228160797
64 11 38 4228160797
64 12 38 4228160797
64 13 38 4228160797
64 14 38 4228160797
64 15 38 4228160797
64 16 53 4228160797
64 17 38 4228160797
64 18 38 4228160797
64 19 38 4228160797
64 20 38 4228160797
64 21 51 4228160797
64 22 38 4228160797
64 23 38 4228160797
64 24 38 4228160797
64 25 38 4228160797
64 26 51 4228160797
64 27 38 4228160797
64 28 38 4228160797
64 29 38 4228160797
64 30 38 4228160797
64 31 38 4228160797
64 32 38 4228160797
64 33 52 4228160797
64 34 38 4228160797
64 35 38 4228160797
64 36 38 4228160797
64 37 38 4228160797
64 38 52 4228160797
64 39 38 4228160797
64 40 38 4228160797
64 41 38 4228160797
64 42 38 4228160797
64 43 52 4228160797
64 44 38 4228160797
64 45 38 4228160797
64 46 38 4228160797
64 47 38 4228160797
64 48 38 4228160797
64 49 52 4228160797
64 50 38 4228160797
64 51 38 4228160797
64 52 38 4228160797
64 53 38 4228160797
64 54 52 4228160797
64 55 38 4228160797
64 56 38 4228160797
64 57 38 4228160797
64 58 38 4228160797
64 59 52 4228160797
64 60 38 4228160797
64 61 38 4228160797
64 62 38 4228160797
64 63 38 4228160797
64 64 38 4228160797
64 65 52 4228160797
64 66 38 4228160797
64 67 38 4228160797
64 68 38 4228160797
64 69 38 4228160797
64 70 38 4228160797
64 71 52 4228160797
64 72 38 4228160797
64 73 38 4228160797
64 74 38 4228160797
64 75 38 4228160797
64 76 52 4228160797
64 77 38 4228160797
64 78 38 4228160797
64 79 38 4228160797
64 80 38 4228160797
64 81 52 4228160797
64 82 38 4228160797
64 83 38 4228160797
64 84 38 4228160797
64 85 38 4228160797
64 86 38 4228160797
64 87 52 4228160797
64 88 38 4228160797
64 89 38 4228160797
64 90 38 4228160797
64 91 38 4228160797
64 92 52 4228160797
64 93 38 4228160797
64 94 38 4228160797
64 95 38 4228160797
64 96 38 4228160797
64 97 38 4228160797
64 98 52 4228160797
64 99 38 4228160797
64 100 38 4228160797
64 101 38 4228160797
64 102 38 4228160797
64 103 52 4228160797
64 104 38 4228160797
64 105 38 4228160797
64 106 38 4228160797
64 107 38 4228160797
64 108 52 4228160797
64 109 38 4228160797
64 110 38 4228160797
64 111 38 4228160797
64 112 38 4228160797
64 113 52 4228160797
64 114 38 4228160797
64 115 38 4228160797
64 116 38 4228160797
64 117 38 4228160797
64 118 38 4228160797
64 119 52 4228160797
64 120 38 4228160797
64 121 38 4228160797
64 122 38 4228160797
64 123 38 4228160797
64 124 52 4228160797
64 125 38 4228160797
64 126 38 4228160797
64 127 38 4228160797
64 128 38 4228160797
64 129 51 4228160797
64 130 38 4228160797
64 131 38 4228160797
64 132 38 4228160797
64 133 38 4228160797
64 134 38 4228160797
64 135 52 4228160797
64 136 38 4228160797
64 137 38 4228160797
64 138 38 4228160797
64 139 38 4228160797
64 140 52 4228160797
64 141 38 4228160797
64 142 38 4228160797
64 143 38 4228160797
64 144 38 4228160797
64 145 52 4228160797
64 146 38 4228160797
64 147 38 4228160797
64 148 38 4228160797
64 149 38 4228160797
64 150 52 4228160797
64 151 38 4228160797
64 152 38 4228160797
64 153 38 4228160797
64 154 38 4228160797
64 155 52 4228160797
64 156 38 4228160797
64 157 38 4228160797
64 158 38 4228160797
64 159 38 4228160797
64 160 38 4228160797
64 161 52 4228160797
64 162 38 4228160797
64 163 38 4228160797
64 164 38 4228160797
64 165 38 4228160797
64 166 52 4228160797
64 167 38 4228160797
64 168 38 4228160797
64 169 38 4228160797
64 170 38 4228160797
64 171 51 4228160797
64 172 38 4228160797
64 173 38 4228160797
64 174 38 4228160797
64 175 38 4228160797
64 176 52 4228160797
64 177 38 4228160797
64 178 38 4228160797
64 179 38 4228160797
64 180 38 4228160797
64 181 52 4228160797
64 182 38 4228160797
64 183 38 4228160797
64 184 38 4228160797
64 185 38 4228160797
64 186 52 4228160797
64 187 38 4228160797
64 188 38 4228160797
64 189 38 4228160797
64 190 38 4228160797
64 191 38 4228160797
64 192 52 4228160797
64 193 38 4228160797
64 194 38 4228160797
64 195 38 4228160797
64 196 38 4228160797
64 197 51 4228160797
64 198 38 4228160797
64 199 38 4228160797
64 200 38 4228160797
64 201 38 4228160797
64 202 52 4228160797
64 203 38 4228160797
64 204 38 4228160797
64 205 38 4228160797
64 206 38 4228160797
64 207 51 4228160797
64 208 38 4228160797
64 209 38 4228160797
64 210 38 4228160797
64 211 38 4228160797
64 212 52 4228160797
64 213 38 4228160797
64 214 38 4228160797
64 215 38 4228160797
64 216 38 4228160797
64 217 52 4228160797
64 218 38 4228160797
64 219 38 4228160797
64 220 38 4228160797
64 221 38 4228160797
64 222 38 4228160797
64 223 51 4228160797
64 224 38 4228160797
64 225 38 4228160797
64 226 38 4228160797
64 227 38 4228160797
64 228 51 4228160797
64 229 38 4228160797
64 230 38 4228160797
64 231 38 4228160797
64 232 38 4228160797
64 233 52 4228160797
64 234 38 4228160797
64 235 38 4228160797
64 236 38 4228160797
64 237 38 4228160797
64 238 38 4228160797
64 239 52 4228160797
64 240 38 4228160797
64 241 38 4228160797
64 242 38 4228160797
64 243 38 4228160797
64 244 52 4228160797
64 245 38 4228160797
64 246 38 4228160797
64 247 38 4228160797
64 248 38 4228160797
64 249 52 4228160797
64 250 38 4228160797
64 251 38 4228160797
64 252 38 4228160797
64 253 38 4228160797
64 254 38 4228160797
64 255 52 4228160797
64 256 38 4228160797
64 257 38 4228160797
64 258 38 4228160797
64 259 38 4228160797
64 260 51 4228160797
64 261 38 4228160797
64 262 38 4228160797
64 263 38 4228160797
64 264 38 4228160797
64 265 52 4228160797
64 266 38 4228160797
64 267 38 4228160797
64 268 38 4228160797
64 269 38 4228160797
64 270 52 4228160797
64 271 38 4228160797
64 272 38 4228160797
64 273 38 4228160797
64 274 38 4228160797
64 275 52 4228160797
64 276 38 4228160797
64 277 38 4228160797
64 278 38 4228160797
64 279 38 4228160797
64 280 58 4228160797
64 281 38 4228160797
64 282 38 4228160797
64 283 38 4228160797
64 284 38 4228160797
64 285 38 4228160797
64 286 52 4228160797
64 287 38 4228160797
64 288 38 4228160797
64 289 38 4228160797
64 290 38 4228160797
64 291 52 4228160797
64 292 38 4228160797
64 293 38 4228160797
64 294 38 4228160797
64 295 38 4228160797
64 296 52 4228160797
64 297 38 4228160797
64 298 38 4228160797
64 299 38 4228160797
64 300 38 4228160797
64 301 51 4228160797
64 302 38 4228160797
64 303 38 4228160797
64 304 38 4228160797
64 305 38 4228160797
64 306 52 4228160797
64 307 38 4228160797
64 308 38 4228160797
64 309 38 4228160797
64 310 38 4228160797
64 311 64 4228160797
64 312 38 4228160797
64 313 38 4228160797
64 314 38 4228160797
64 315 38 4228160797
64 316 38 4228160797
64 317 51 4228160797
64 318 38 4228160797
64 319 38 4228160797
64 320 38 4228160797
64 321 38 4228160797
64 322 52 4228160797
64 323 38 4228160797
64 324 38 4228160797
64 325 38 4228160797
64 326 38 4228160797
64 327 52 4228160797
64 328 38 4228160797
64 329 38 4228160797
64 330 38 4228160797
64 331 38 4228160797
64 332 53 4228160797
64 333 38 4228160797
64 334 38 4228160797
64 335 38 4228160797
64 336 38 4228160797
64 337 52 4228160797
64 338 38 4228160797
64 339 38 4228160797
64 340 38 4228160797
64 341 38 4228160797
64 342 38 4228160797
64 343 52 4228160797
64 344 38 4228160797
64 345 38 4228160797
64 346 38 4228160797
64 347 38 4228160797
64 348 52 4228160797
64 349 38 4228160797
64 350 38 4228160797
64 351 38 4228160797
64 352 38 4228160797
64 353 53 4228160797
64 354 38 4228160797
64 355 38 4228160797
64 356 38 4228160797
64 357 38 4228160797
64 358 38 4228160797
64 359 52 4228160797
64 360 38 4228160797
64 361 38 4228160797
64 362 38 4228160797
64 363 38 4228160797
64 364 52 4228160797
64 365 38 4228160797
64 366 38 4228160797
64 367 38 4228160797
64 368 38 4228160797
64 369 52 4228160797
64 370 38 4228160797
64 371 38 4228160797
64 372 38 4228160797
64 373 38 4228160797
64 374 38 4228160797
64 375 51 4228160797
64 376 38 4228160797
64 377 38 4228160797
64 378 38 4228160797
64 379 38 4228160797
64 380 52 4228160797
64 381 38 4228160797
64 382 38 4228160797
64 383 38 4228160797
64 384 38 4228160797
64 385 52 4228160797
64 386 38 4228160797
64 387 38 4228160797
64 388 38 4228160797
64 389 38 4228160797
64 390 52 4228160797
64 391 38 4228160797
64 392 38 4228160797
64 393 38 4228160797
64 394 38 4228160797
64 395 52 4228160797
64 396 38 4228160797
64 397 38 4228160797
64 398 38 4228160797
64 399 38 4228160797
64 400 52 4228160797
64 401 38 4228160797
64 402 38 4228160797
64 403 38 4228160797
64 404 38 4228160797
64 405 38 4228160797
64 406 51 4228160797
64 407 38 4228160797
64 408 38 4228160797
64 409 38 4228160797
64 410 38 4228160797
64 411 52 4228160797
64 412 38 4228160797
64 413 38 4228160797
64 414 38 4228160797
64 415 38 4228160797
64 416 52 4228160797
64 417 38 4228160797
64 418 38 4228160797
64 419 38 4228160797
64 420 38 4228160797
64 421 53 4228160797
64 422 38 4228160797
64 423 38 4228160797
64 424 38 4228160797
64 425 38 4228160797
64 426 52 4228160797
64 427 38 4228160797
64 428 38 4228160797
64 429 38 4228160797
64 430 38 4228160797
64 431 52 4228160797
64 432 38 4228160797
64 433 38 4228160797
64 434 38 4228160797
64 435 38 4228160797
64 436 38 4228160797
64 437 52 4228160797
64 438 38 4228160797
64 439 38 4228160797
64 440 38 4228160797
64 441 38 4228160797
64 442 52 4228160797
64 443 38 4228160797
64 444 38 4228160797
64 445 38 4228160797
64 446 38 4228160797
64 447 53 4228160797
64 448 38 4228160797
64 449 38 4228160797
64 450 38 4228160797
64 451 38 4228160797
64 452 52 4228160797
64 453 38 4228160797
64 454 38 4228160797
64 455 38 4228160797
64 456 38 4228160797
64 457 52 4228160797
64 458 38 4228160797
64 459 38 4228160797
64 460 38 4228160797
64 461 38 4228160797
64 462 38 4228160797
64 463 52 4228160797
64 464 38 4228160797
64 465 38 4228160797
64 466 38 4228160797
64 467 38 4228160797
64 468 52 4228160797
64 469 38 4228160797
64 470 38 4228160797
64 471 38 4228160797
64 472 38 4228160797
64 473 52 4228160797
64 474 38 4228160797
64 475 38 4228160797
64 476 38 4228160797
64 477 38 4228160797
64 478 38 4228160797
64 479 52 4228160797
64 480 38 4228160797
64 481 38 4228160797
64 482 38 4228160797
64 483 38 4228160797
64 484 51 4228160797
64 485 38 4228160797
64 486 38 4228160797
64 487 38 4228160797
64 488 38 4228160797
64 489 52 4228160797
64 490 38 4228160797
64 491 38 4228160797
64 492 38 4228160797
64 493 38 4228160797
64 494 52 4228160797
64 495 38 4228160797
64 496 38 4228160797
64 497 38 4228160797
64 498 38 4228160797
64 499 38 4228160797
64 500 52 4228160797
64 501 38 4228160797
64 502 38 4228160797
64 503 38 4228160797
64 504 38 4228160797
64 505 52 4228160797
64 506 38 4228160797
64 507 38 4228160797
64 508 38 4228160797
64 509 38 4228160797
64 510 52 4228160797
64 511 38 4228160797
64 512 38 4228160797
64 513 38 4228160797
64 514 38 4228160797
64 515 52 4228160797
64 516 38 4228160797
64 517 38 4228160797
64 518 38 4228160797
64 519 38 4228160797
64 520 52 4228160797
64 521 38 4228160797
64 522 38 4228160797
64 523 38 4228160797
64 524 38 4228160797
64 525 52 4228160797
64 526 38 4228160797
64 527 38 4228160797
64 528 38 4228160797
64 529 38 4228160797
64 530 38 4228160797
64 531 52 4228160797
64 532 38 4228160797
64 533 38 4228160797
64 534 38 4228160797
64 535 38 4228160797
64 536 51 4228160797
64 537 38 4228160797
64 538 38 4228160797
64 539 38 4228160797
64 540 38 4228160797
64 541 52 4228160797
64 542 38 4228160797
64 543 38 4228160797
64 544 38 4228160797
64 545 38 4228160797
64 546 52 4228160797
64 547 38 4228160797
64 548 38 4228160797
64 549 38 4228160797
64 550 38 4228160797
64 551 52 4228160797
64 552 38 4228160797
64 553 38 4228160797
64 554 38 4228160797
64 555 38 4228160797
64 556 52 4228160797
64 557 38 4228160797
64 558 38 4228160797
64 559 38 4228160797
64 560 38 4228160797
64 561 38 4228160797
64 562 52 4228160797
64 563 38 4228160797
64 564 38 4228160797
64 565 38 4228160797
64 566 38 4228160797
64 567 52 4228160797
64 568 38 4228160797
64 569 38 4228160797
64 570 38 4228160797
64 571 38 4228160797
64 572 52 4228160797
64 573 38 4228160797
64 574 38 4228160797
64 575 38 4228160797
64 576 38 4228160797
64 577 52 4228160797
64 578 38 4228160797
64 579 38 4228160797
64 580 38 4228160797
64 581 38 4228160797
64 582 38 4228160797
64 583 52 4228160797
64 584 38 4228160797
64 585 38 4228160797
64 586 38 4228160797
64 587 38 4228160797
64 588 52 4228160797
64 589 38 4228160797
64 590 38 4228160797
64 591 38 4228160797
64 592 38 4228160797
64 593 52 4228160797
64 594 38 4228160797
64 595 38 4228160797
64 596 38 4228160797
64 597 38 4228160797
64 598 38 4228160797
64 599 52 4228160797
64 600 38 4228160797
64 601 38 4228160797
64 602 38 4228160797
64 603 38 4228160797
64 604 52 4228160797
64 605 38 4228160797
64 606 38 4228160797
64 607 38 4228160797
64 608 38 4228160797
64 609 52 4228160797
64 610 38 4228160797
64 611 38 4228160797
64 612 38 4228160797
64 613 38 4228160797
64 614 52 4228160797
64 615 38 4228160797
64 616 38 4228160797
64 617 38 4228160797
64 618 38 4228160797
64 619 52 4228160797
64 620 38 4228160797
64 621 38 4228160797
64 622 38 4228160797
64 623 38 4228160797
64 624 38 4228160797
64 625 52 4228160797
64 626 38 4228160797
64 627 38 4228160797
64 628 38 4228160797
64 629 38 4228160797
64 630 52 4228160797
64 631 38 4228160797
64 632 38 4228160797
64 633 38 4228160797
64 634 38 4228160797
64 635 52 4228160797
64 636 38 4228160797
64 637 38 4228160797
64 638 38 4228160797
64 639 38 4228160797
64 640 52 4228160797
64 641 38 4228160797
64 642 38 4228160797
64 643 38 4228160797
64 644 38 4228160797
64 645 52 4228160797
64 646 38 4228160797
64 647 38 4228160797
64 648 38 4228160797
64 649 38 4228160797
64 650 52 4228160797
64 651 38 4228160797
64 652 38 4228160797
64 653 38 4228160797
64 654 38 4228160797
64 655 38 4228160797
64 656 52 4228160797
64 657 38 4228160797
64 658 38 4228160797
64 659 38 4228160797
64 660 38 4228160797
64 661 51 4228160797
64 662 38 4228160797
64 663 38 4228160797
64 664 38 4228160797
64 665 38 4228160797
64 666 52 4228160797
64 667 38 4228160797
64 668 38 4228160797
64 669 38 4228160797
64 670 38 4228160797
64 671 52 4228160797
64 672 38 4228160797
64 673 38 4228160797
64 674 38 4228160797
64 675 38 4228160797
64 676 51 4228160797
64 677 38 4228160797
64 678 38 4228160797
64 679 38 4228160797
64 680 38 4228160797
64 681 52 4228160797
64 682 38 4228160797
64 683 38 4228160797
64 684 38 4228160797
64 685 38 4228160797
64 686 38 4228160797
64 687 52 4228160797
64 688 38 4228160797
64 689 38 4228160797
64 690 38 4228160797
64 691 38 4228160797
64 692 52 4228160797
64 693 38 4228160797
64 694 38 4228160797
64 695 38 4228160797
64 696 38 4228160797
64 697 52 4228160797
64 698 38 4228160797
64 699 38 4228160797
64 700 38 4228160797
64 701 38 4228160797
64 702 38 4228160797
64 703 52 4228160797
64 704 38 4228160797
64 705 38 4228160797
64 706 38 4228160797
64 707 38 4228160797
64 708 52 4228160797
64 709 38 4228160797
64 710 38 4228160797
64 711 38 4228160797
64 712 38 4228160797
64 713 52 4228160797
64 714 38 4228160797
64 715 38 4228160797
64 716 38 4228160797
64 717 38 4228160797
64 718 38 4228160797
64 719 52 4228160797
64 720 38 4228160797
64 721 38 4228160797
64 722 38 4228160797
64 723 38 4228160797
64 724 52 4228160797
64 725 38 4228160797
64 726 38 4228160797
64 727 38 4228160797
64 728 38 4228160797
64 729 52 4228160797
64 730 38 4228160797
64 731 38 4228160797
64 732 38 4228160797
64 733 38 4228160797
64 734 52 4228160797
64 735 38 4228160797
64 736 38 4228160797
64 737 38 4228160797
64 738 38 4228160797
64 739 52 4228160797
64 740 38 4228160797
64 741 38 4228160797
64 742 38 4228160797
64 743 38 4228160797
64 744 52 4228160797
64 745 38 4228160797
64 746 38 4228160797
64 747 38 4228160797
64 748 38 4228160797
64 749 38 4228160797
64 750 52 4228160797
64 751 38 4228160797
64 752 38 4228160797
64 753 38 4228160797
64 754 38 4228160797
64 755 52 4228160797
64 756 38 4228160797
64 757 38 4228160797
64 758 38 4228160797
64 759 38 4228160797
64 760 52 4228160797
64 761 38 4228160797
64 762 38 4228160797
64 763 38 4228160797
64 764 38 4228160797
64 765 52 4228160797
64 766 38 4228160797
64 767 38 4228160797
64 768 38 4228160797
64 769 38 4228160797
64 770 52 4228160797
64 771 38 4228160797
64 772 38 4228160797
64 773 38 4228160797
64 774 38 4228160797
64 775 52 4228160797
64 776 38 4228160797
64 777 38 4228160797
64 778 38 4228160797
64 779 38 4228160797
64 780 38 4228160797
64 781 52 4228160797
64 782 38 4228160797
64 783 38 4228160797
64 784 38 4228160797
64 785 38 4228160797
64 786 52 4228160797
64 787 38 4228160797
64 788 38 4228160797
64 789 38 4228160797
64 790 38 4228160797
64 791 52 4228160797
64 792 38 4228160797
64 793 38 4228160797
64 794 38 4228160797
64 795 38 4228160797
64 796 52 4228160797
64 797 38 4228160797
64 798 38 4228160797
64 799 38 4228160797
64 800 38 4228160797
64 801 52 4228160797
64 802 38 4228160797
64 803 38 4228160797
64 804 38 4228160797
64 805 38 4228160797
64 806 38 4228160797
64 807 52 4228160797
64 808 38 4228160797
64 809 38 4228160797
64 810 38 4228160797
64 811 38 4228160797
64 812 51 4228160797
64 813 38 4228160797
64 814 38 4228160797
64 815 38 4228160797
64 816 38 4228160797
64 817 52 4228160797
64 818 38 4228160797
64 819 38 4228160797
64 820 38 4228160797
64 821 38 4228160797
64 822 38 4228160797
64 823 52 4228160797
64 824 38 4228160797
64 825 38 4228160797
64 826 38 4228160797
64 827 38 4228160797
64 828 52 4228160797
64 829 38 4228160797
64 830 38 4228160797
64 831 38 4228160797
64 832 38 4228160797
64 833 52 4228160797
64 834 38 4228160797
64 835 38 4228160797
64 836 38 4228160797
64 837 38 4228160797
64 838 53 4228160797
64 839 38 4228160797
64 840 38 4228160797
64 841 38 4228160797
64 842 38 4228160797
64 843 38 4228160797
64 844 52 4228160797
64 845 38 4228160797
64 846 38 4228160797
64 847 38 4228160797
64 848 38 4228160797
64 849 52 4228160797
64 850 38 4228160797
64 851 38 4228160797
64 852 38 4228160797
64 853 38 4228160797
64 854 52 4228160797
64 855 38 4228160797
64 856 38 4228160797
64 857 38 4228160797
64 858 38 4228160797
64 859 52 4228160797
64 860 38 4228160797
64 861 38 4228160797
64 862 38 4228160797
64 863 38 4228160797
64 864 52 4228160797
64 865 38 4228160797
64 866 38 4228160797
64 867 38 4228160797
64 868 38 4228160797
64 869 52 4228160797
64 870 38 4228160797
64 871 38 4228160797
64 872 38 4228160797
64 873 38 4228160797
64 874 38 4228160797
64 875 52 4228160797
64 876 38 4228160797
64 877 38 4228160797
64 878 38 4228160797
64 879 38 4228160797
64 880 52 4228160797
64 881 38 4228160797
64 882 38 4228160797
64 883 38 4228160797
64 884 38 4228160797
64 885 52 4228160797
64 886 38 4228160797
64 887 38 4228160797
64 888 38 4228160797
64 889 38 4228160797
64 890 51 4228160797
64 891 38 4228160797
64 892 38 4228160797
64 893 38 4228160797
64 894 38 4228160797
64 895 52 4228160797
64 896 38 4228160797
64 897 38 4228160797
64 898 38 4228160797
64 899 38 4228160797
64 900 52 4228160797
64 901 38 4228160797
64 902 38 4228160797
64 903 38 4228160797
64 904 38 4228160797
64 905 38 4228160797
64 906 52 4228160797
64 907 38 4228160797
64 908 38 4228160797
64 909 38 4228160797
64 910 38 4228160797
64 911 51 4228160797
64 912 38 4228160797
64 913 38 4228160797
64 914 38 4228160797
64 915 38 4228160797
64 916 51 4228160797
64 917 38 4228160797
64 918 38 4228160797
64 919 38 4228160797
64 920 38 4228160797
64 921 52 4228160797
64 922 38 4228160797
64 923 38 4228160797
64 924 38 4228160797
64 925 38 4228160797
64 926 38 4228160797
64 927 53 4228160797
64 928 38 4228160797
64 929 38 4228160797
64 930 38 4228160797
64 931 38 4228160797
64 932 52 4228160797
64 933 38 4228160797
64 934 38 4228160797
64 935 38 4228160797
64 936 38 4228160797
64 937 52 4228160797
64 938 38 4228160797
64 939 38 4228160797
64 940 38 4228160797
64 941 38 4228160797
64 942 38 4228160797
64 943 52 4228160797
64 944 38 4228160797
64 945 38 4228160797
64 946 38 4228160797
64 947 38 4228160797
64 948 52 4228160797
64 949 38 4228160797
64 950 38 4228160797
64 951 38 4228160797
64 952 38 4228160797
64 953 52 4228160797
64 954 38 4228160797
64 955 38 4228160797
64 956 38 4228160797
64 957 38 4228160797
64 958 52 4228160797
64 959 38 4228160797
64 960 38 4228160797
64 961 38 4228160797
64 962 38 4228160797
64 963 52 4228160797
64 964 38 4228160797
64 965 38 4228160797
64 966 38 4228160797
64 967 38 4228160797
64 968 38 4228160797
64 969 52 4228160797
64 970 38 4228160797
64 971 38 4228160797
64 972 38 4228160797
64 973 38 4228160797
64 974 51 4228160797
64 975 38 4228160797
64 976 38 4228160797
64 977 38 4228160797
64 978 38 4228160797
64 979 52 4228160797
64 980 38 4228160797
64 981 38 4228160797
64 982 38 4228160797
64 983 38 4228160797
64 984 52 4228160797
64 985 38 4228160797
64 986 38 4228160797
64 987 38 4228160797
64 988 38 4228160797
64 989 52 4228160797
64 990 38 4228160797
64 991 38 4228160797
64 992 38 4228160797
64 993 38 4228160797
64 994 51 4228160797
64 995 38 4228160797
64 996 38 4228160797
64 997 38 4228160797
64 998 38 4228160797
64 999 38 4228160797
