256 0 410270 15860546
256 1 410479 15860546
256 2 410143 15860546
256 3 409805 15860546
256 4 409738 15860546
256 5 410158 15860546
256 6 409502 15860546
256 7 409453 15860546
256 8 410446 15860546
256 9 410600 15860546
256 10 409952 15860546
256 11 410228 15860546
256 12 410090 15860546
256 13 409699 15860546
256 14 409505 15860546
256 15 409179 15860546
256 16 409623 15860546
256 17 409938 15860546
256 18 409799 15860546
256 19 409991 15860546
256 20 410260 15860546
256 21 409281 15860546
256 22 409634 15860546
256 23 409696 15860546
256 24 409474 15860546
256 25 409538 15860546
256 26 410285 15860546
256 27 409953 15860546
256 28 409955 15860546
256 29 409356 15860546
256 30 410356 15860546
256 31 409874 15860546
256 32 410312 15860546
256 33 410069 15860546
256 34 409979 15860546
256 35 408666 15860546
256 36 410039 15860546
256 37 409749 15860546
256 38 409488 15860546
256 39 409625 15860546
256 40 409415 15860546
256 41 409561 15860546
256 42 410273 15860546
256 43 409728 15860546
256 44 410386 15860546
256 45 410001 15860546
256 46 409657 15860546
256 47 409232 15860546
256 48 409548 15860546
256 49 410298 15860546
256 50 410313 15860546
256 51 409819 15860546
256 52 409563 15860546
256 53 410419 15860546
256 54 410505 15860546
256 55 409916 15860546
256 56 409956 15860546
256 57 410541 15860546
256 58 409864 15860546
256 59 409631 15860546
256 60 410501 15860546
256 61 409943 15860546
256 62 409864 15860546
256 63 409796 15860546
256 64 409759 15860546
256 65 409468 15860546
256 66 409938 15860546
256 67 409532 15860546
256 68 410340 15860546
256 69 409775 15860546
256 70 409929 15860546
256 71 410409 15860546
256 72 410042 15860546
256 73 410344 15860546
256 74 409324 15860546
256 75 409138 15860546
256 76 409793 15860546
256 77 410043 15860546
256 78 410372 15860546
256 79 410009 15860546
256 80 409537 15860546
256 81 410118 15860546
256 82 409807 15860546
256 83 409714 15860546
256 84 409517 15860546
256 85 409198 15860546
256 86 410034 15860546
256 87 410413 15860546
256 88 410192 15860546
256 89 409605 15860546
256 90 410356 15860546
256 91 409505 15860546
256 92 410436 15860546
256 93 410037 15860546
256 94 410351 15860546
256 95 409974 15860546
256 96 410444 15860546
256 97 410484 15860546
256 98 409578 15860546
256 99 410365 15860546
256 100 409915 15860546
256 101 410438 15860546
256 102 410029 15860546
256 103 409903 15860546
256 104 410706 15860546
256 105 410111 15860546
256 106 409343 15860546
256 107 410157 15860546
256 108 409849 15860546
256 109 409781 15860546
256 110 409969 15860546
256 111 410521 15860546
256 112 409758 15860546
256 113 410208 15860546
256 114 410652 15860546
256 115 409417 15860546
256 116 409666 15860546
256 117 410135 15860546
256 118 409871 15860546
256 119 410506 15860546
256 120 410351 15860546
256 121 409430 15860546
256 122 409344 15860546
256 123 410205 15860546
256 124 409724 15860546
256 125 410222 15860546
256 126 409745 15860546
256 127 409413 15860546
256 128 409845 15860546
256 129 410163 15860546
256 130 409845 15860546
256 131 409887 15860546
256 132 409924 15860546
256 133 409940 15860546
256 134 410303 15860546
256 135 410211 15860546
256 136 410643 15860546
256 137 410717 15860546
256 138 409920 15860546
256 139 409926 15860546
256 140 409739 15860546
256 141 409919 15860546
256 142 409651 15860546
256 143 409646 15860546
256 144 410659 15860546
256 145 410874 15860546
256 146 409602 15860546
256 147 410521 15860546
256 148 409994 15860546
256 149 409797 15860546
256 150 410092 15860546
256 151 410009 15860546
256 152 410333 15860546
256 153 410072 15860546
256 154 409600 15860546
256 155 409965 15860546
256 156 410483 15860546
256 157 410155 15860546
256 158 410229 15860546
256 159 409890 15860546
256 160 409064 15860546
256 161 409767 15860546
256 162 410200 15860546
256 163 410158 15860546
256 164 409861 15860546
256 165 410290 15860546
256 166 409945 15860546
256 167 410636 15860546
256 168 408968 15860546
256 169 410069 15860546
256 170 409490 15860546
256 171 410189 15860546
256 172 410366 15860546
256 173 409771 15860546
256 174 409810 15860546
256 175 409323 15860546
256 176 410291 15860546
256 177 410034 15860546
256 178 410203 15860546
256 179 410031 15860546
256 180 409498 15860546
256 181 410136 15860546
256 182 409900 15860546
256 183 409997 15860546
256 184 409383 15860546
256 185 409407 15860546
256 186 410472 15860546
256 187 409767 15860546
256 188 409668 15860546
256 189 409871 15860546
256 190 410853 15860546
256 191 410193 15860546
256 192 410212 15860546
256 193 409552 15860546
256 194 410354 15860546
256 195 409657 15860546
256 196 409637 15860546
256 197 410126 15860546
256 198 410190 15860546
256 199 409787 15860546
256 200 409884 15860546
256 201 410308 15860546
256 202 409898 15860546
256 203 409814 15860546
256 204 409616 15860546
256 205 410220 15860546
256 206 410400 15860546
256 207 410178 15860546
256 208 410139 15860546
256 209 409708 15860546
256 210 410186 15860546
256 211 409818 15860546
256 212 410058 15860546
256 213 409857 15860546
256 214 409973 15860546
256 215 410128 15860546
256 216 409541 15860546
256 217 409648 15860546
256 218 409454 15860546
256 219 409962 15860546
256 220 409109 15860546
256 221 410166 15860546
256 222 410089 15860546
256 223 410002 15860546
256 224 410505 15860546
256 225 410333 15860546
256 226 410073 15860546
256 227 408972 15860546
256 228 410370 15860546
256 229 410200 15860546
256 230 409748 15860546
256 231 409848 15860546
256 232 410098 15860546
256 233 410191 15860546
256 234 410405 15860546
256 235 409873 15860546
256 236 409967 15860546
256 237 410361 15860546
256 238 409982 15860546
256 239 410111 15860546
256 240 410493 15860546
256 241 410407 15860546
256 242 409231 15860546
256 243 409624 15860546
256 244 409693 15860546
256 245 409189 15860546
256 246 410014 15860546
256 247 409967 15860546
256 248 409350 15860546
256 249 409758 15860546
256 250 410400 15860546
256 251 409700 15860546
256 252 410012 15860546
256 253 410239 15860546
256 254 409820 15860546
256 255 410135 15860546
256 256 409394 15860546
256 257 409717 15860546
256 258 409555 15860546
256 259 409825 15860546
256 260 410063 15860546
256 261 410679 15860546
256 262 410270 15860546
256 263 410364 15860546
256 264 409858 15860546
256 265 409789 15860546
256 266 410233 15860546
256 267 409272 15860546
256 268 409604 15860546
256 269 410379 15860546
256 270 409863 15860546
256 271 409808 15860546
256 272 409774 15860546
256 273 410491 15860546
256 274 409996 15860546
256 275 410307 15860546
256 276 410213 15860546
256 277 409744 15860546
256 278 409893 15860546
256 279 410239 15860546
256 280 409699 15860546
256 281 410368 15860546
256 282 409994 15860546
256 283 409560 15860546
256 284 410920 15860546
256 285 410270 15860546
256 286 409258 15860546
256 287 409403 15860546
256 288 410804 15860546
256 289 410330 15860546
256 290 409212 15860546
256 291 409925 15860546
256 292 409917 15860546
256 293 409814 15860546
256 294 409236 15860546
256 295 409808 15860546
256 296 409527 15860546
256 297 410157 15860546
256 298 410168 15860546
256 299 410002 15860546
256 300 410705 15860546
256 301 410484 15860546
256 302 409913 15860546
256 303 409580 15860546
256 304 409751 15860546
256 305 409731 15860546
256 306 409668 15860546
256 307 409771 15860546
256 308 410150 15860546
256 309 410205 15860546
256 310 410276 15860546
256 311 409873 15860546
256 312 409454 15860546
256 313 410289 15860546
256 314 409761 15860546
256 315 410013 15860546
256 316 410006 15860546
256 317 410159 15860546
256 318 410040 15860546
256 319 409878 15860546
256 320 409682 15860546
256 321 409712 15860546
256 322 409953 15860546
256 323 410162 15860546
256 324 409774 15860546
256 325 410368 15860546
256 326 409856 15860546
256 327 410350 15860546
256 328 409913 15860546
256 329 409759 15860546
256 330 409756 15860546
256 331 409712 15860546
256 332 410481 15860546
256 333 409871 15860546
256 334 410020 15860546
256 335 410015 15860546
256 336 410069 15860546
256 337 409667 15860546
256 338 409412 15860546
256 339 410287 15860546
256 340 409749 15860546
256 341 410296 15860546
256 342 409467 15860546
256 343 410171 15860546
256 344 409960 15860546
256 345 410460 15860546
256 346 410594 15860546
256 347 410409 15860546
256 348 409853 15860546
256 349 410214 15860546
256 350 410132 15860546
256 351 410325 15860546
256 352 410620 15860546
256 353 410283 15860546
256 354 409522 15860546
256 355 410424 15860546
256 356 409125 15860546
256 357 409532 15860546
256 358 409629 15860546
256 359 409709 15860546
256 360 409885 15860546
256 361 410109 15860546
256 362 410479 15860546
256 363 409860 15860546
256 364 409888 15860546
256 365 409834 15860546
256 366 410358 15860546
256 367 409609 15860546
256 368 409241 15860546
256 369 409910 15860546
256 370 410109 15860546
256 371 409838 15860546
256 372 410023 15860546
256 373 410766 15860546
256 374 410678 15860546
256 375 409152 15860546
256 376 408969 15860546
256 377 409727 15860546
256 378 410180 15860546
256 379 410983 15860546
256 380 410005 15860546
256 381 410013 15860546
256 382 409881 15860546
256 383 409806 15860546
256 384 410111 15860546
256 385 409219 15860546
256 386 409854 15860546
256 387 409936 15860546
256 388 409957 15860546
256 389 409908 15860546
256 390 410218 15860546
256 391 410025 15860546
256 392 410207 15860546
256 393 410093 15860546
256 394 409724 15860546
256 395 409426 15860546
256 396 410107 15860546
256 397 410185 15860546
256 398 409683 15860546
256 399 410037 15860546
256 400 409590 15860546
256 401 410294 15860546
256 402 410268 15860546
256 403 409147 15860546
256 404 409293 15860546
256 405 409949 15860546
256 406 409895 15860546
256 407 409740 15860546
256 408 409816 15860546
256 409 410542 15860546
256 410 409374 15860546
256 411 409770 15860546
256 412 409757 15860546
256 413 409407 15860546
256 414 410440 15860546
256 415 409728 15860546
256 416 409756 15860546
256 417 410290 15860546
256 418 409891 15860546
256 419 409184 15860546
256 420 409724 15860546
256 421 410112 15860546
256 422 409574 15860546
256 423 409911 15860546
256 424 410328 15860546
256 425 409559 15860546
256 426 409844 15860546
256 427 410379 15860546
256 428 409824 15860546
256 429 410469 15860546
256 430 409975 15860546
256 431 409490 15860546
256 432 410321 15860546
256 433 409957 15860546
256 434 409793 15860546
256 435 409784 15860546
256 436 409309 15860546
256 437 409705 15860546
256 438 409390 15860546
256 439 410275 15860546
256 440 409727 15860546
256 441 410052 15860546
256 442 410784 15860546
256 443 409953 15860546
256 444 410556 15860546
256 445 410161 15860546
256 446 410213 15860546
256 447 410277 15860546
256 448 409771 15860546
256 449 409358 15860546
256 450 410063 15860546
256 451 409931 15860546
256 452 410682 15860546
256 453 409640 15860546
256 454 410490 15860546
256 455 409669 15860546
256 456 410512 15860546
256 457 409898 15860546
256 458 410645 15860546
256 459 409784 15860546
256 460 410254 15860546
256 461 410058 15860546
256 462 409873 15860546
256 463 410107 15860546
256 464 409908 15860546
256 465 409408 15860546
256 466 409021 15860546
256 467 409635 15860546
256 468 410535 15860546
256 469 410049 15860546
256 470 410314 15860546
256 471 410056 15860546
256 472 410396 15860546
256 473 410360 15860546
256 474 410797 15860546
256 475 409318 15860546
256 476 409674 15860546
256 477 409754 15860546
256 478 409466 15860546
256 479 409587 15860546
256 480 409660 15860546
256 481 410267 15860546
256 482 409314 15860546
256 483 409360 15860546
256 484 409609 15860546
256 485 409545 15860546
256 486 410044 15860546
256 487 410388 15860546
256 488 409720 15860546
256 489 410022 15860546
256 490 410016 15860546
256 491 409231 15860546
256 492 410219 15860546
256 493 410056 15860546
256 494 410020 15860546
256 495 410643 15860546
256 496 409454 15860546
256 497 409835 15860546
256 498 410331 15860546
256 499 409821 15860546
256 500 410036 15860546
256 501 409682 15860546
256 502 409797 15860546
256 503 411102 15860546
256 504 409643 15860546
256 505 409863 15860546
256 506 410591 15860546
256 507 409455 15860546
256 508 410162 15860546
256 509 409884 15860546
256 510 409361 15860546
256 511 410536 15860546
256 512 410007 15860546
256 513 409922 15860546
256 514 410676 15860546
256 515 410755 15860546
256 516 409410 15860546
256 517 410206 15860546
256 518 409920 15860546
256 519 410263 15860546
256 520 409566 15860546
256 521 409884 15860546
256 522 410036 15860546
256 523 409699 15860546
256 524 410165 15860546
256 525 410764 15860546
256 526 409105 15860546
256 527 409575 15860546
256 528 410062 15860546
256 529 410093 15860546
256 530 410100 15860546
256 531 410130 15860546
256 532 410294 15860546
256 533 409967 15860546
256 534 410012 15860546
256 535 409480 15860546
256 536 409883 15860546
256 537 409697 15860546
256 538 410016 15860546
256 539 409742 15860546
256 540 409963 15860546
256 541 409932 15860546
256 542 410327 15860546
256 543 410028 15860546
256 544 409560 15860546
256 545 410435 15860546
256 546 409942 15860546
256 547 410030 15860546
256 548 410239 15860546
256 549 409842 15860546
256 550 410127 15860546
256 551 409933 15860546
256 552 409772 15860546
256 553 410841 15860546
256 554 410003 15860546
256 555 410213 15860546
256 556 409330 15860546
256 557 410324 15860546
256 558 410853 15860546
256 559 409986 15860546
256 560 409612 15860546
256 561 409864 15860546
256 562 409611 15860546
256 563 409984 15860546
256 564 409568 15860546
256 565 410434 15860546
256 566 409700 15860546
256 567 410240 15860546
256 568 409633 15860546
256 569 410775 15860546
256 570 410004 15860546
256 571 410418 15860546
256 572 409522 15860546
256 573 409105 15860546
256 574 409775 15860546
256 575 410028 15860546
256 576 409904 15860546
256 577 409372 15860546
256 578 410141 15860546
256 579 409428 15860546
256 580 410349 15860546
256 581 409826 15860546
256 582 409431 15860546
256 583 410182 15860546
256 584 410177 15860546
256 585 411038 15860546
256 586 409764 15860546
256 587 409435 15860546
256 588 410210 15860546
256 589 410605 15860546
256 590 409939 15860546
256 591 409594 15860546
256 592 410049 15860546
256 593 410303 15860546
256 594 410150 15860546
256 595 409574 15860546
256 596 410152 15860546
256 597 409696 15860546
256 598 409795 15860546
256 599 409972 15860546
256 600 410619 15860546
256 601 409738 15860546
256 602 409727 15860546
256 603 410067 15860546
256 604 409945 15860546
256 605 410177 15860546
256 606 409350 15860546
256 607 409432 15860546
256 608 409639 15860546
256 609 409760 15860546
256 610 409922 15860546
256 611 409740 15860546
256 612 409612 15860546
256 613 409446 15860546
256 614 409279 15860546
256 615 409807 15860546
256 616 410162 15860546
256 617 409697 15860546
256 618 409777 15860546
256 619 409938 15860546
256 620 409377 15860546
256 621 409720 15860546
256 622 410433 15860546
256 623 410020 15860546
256 624 409899 15860546
256 625 409445 15860546
256 626 410917 15860546
256 627 409828 15860546
256 628 409643 15860546
256 629 409212 15860546
256 630 409713 15860546
256 631 410145 15860546
256 632 410295 15860546
256 633 409551 15860546
256 634 409833 15860546
256 635 409950 15860546
256 636 410047 15860546
256 637 410000 15860546
256 638 409915 15860546
256 639 409585 15860546
256 640 409631 15860546
256 641 410737 15860546
256 642 410175 15860546
256 643 410340 15860546
256 644 410351 15860546
256 645 409482 15860546
256 646 410075 15860546
256 647 409787 15860546
256 648 410000 15860546
256 649 409976 15860546
256 650 409809 15860546
256 651 410305 15860546
256 652 410453 15860546
256 653 410060 15860546
256 654 410288 15860546
256 655 410082 15860546
256 656 410044 15860546
256 657 410114 15860546
256 658 410371 15860546
256 659 409938 15860546
256 660 410326 15860546
256 661 409847 15860546
256 662 409720 15860546
256 663 409799 15860546
256 664 410305 15860546
256 665 410494 15860546
256 666 409980 15860546
256 667 409767 15860546
256 668 409587 15860546
256 669 408884 15860546
256 670 409945 15860546
256 671 409959 15860546
256 672 409595 15860546
256 673 410117 15860546
256 674 409704 15860546
256 675 409837 15860546
256 676 409640 15860546
256 677 409825 15860546
256 678 409867 15860546
256 679 410300 15860546
256 680 410257 15860546
256 681 409691 15860546
256 682 409356 15860546
256 683 409262 15860546
256 684 410305 15860546
256 685 409727 15860546
256 686 409969 15860546
256 687 410450 15860546
256 688 409279 15860546
256 689 409486 15860546
256 690 410301 15860546
256 691 410268 15860546
256 692 410099 15860546
256 693 409687 15860546
256 694 410510 15860546
256 695 409877 15860546
256 696 409276 15860546
256 697 409353 15860546
256 698 410691 15860546
256 699 409648 15860546
256 700 410028 15860546
256 701 410201 15860546
256 702 409430 15860546
256 703 410373 15860546
256 704 409854 15860546
256 705 408860 15860546
256 706 410538 15860546
256 707 409749 15860546
256 708 409825 15860546
256 709 410256 15860546
256 710 409551 15860546
256 711 409796 15860546
256 712 409756 15860546
256 713 409701 15860546
256 714 409404 15860546
256 715 409675 15860546
256 716 409777 15860546
256 717 410928 15860546
256 718 410003 15860546
256 719 409448 15860546
256 720 410092 15860546
256 721 409686 15860546
256 722 410301 15860546
256 723 410154 15860546
256 724 409578 15860546
256 725 409860 15860546
256 726 410075 15860546
256 727 410218 15860546
256 728 410004 15860546
256 729 410638 15860546
256 730 410705 15860546
256 731 408834 15860546
256 732 410131 15860546
256 733 409451 15860546
256 734 409528 15860546
256 735 409406 15860546
256 736 409431 15860546
256 737 409460 15860546
256 738 410390 15860546
256 739 410237 15860546
256 740 409685 15860546
256 741 409957 15860546
256 742 410299 15860546
256 743 409672 15860546
256 744 409451 15860546
256 745 410045 15860546
256 746 409562 15860546
256 747 409798 15860546
256 748 409381 15860546
256 749 409400 15860546
256 750 410118 15860546
256 751 409960 15860546
256 752 409662 15860546
256 753 409898 15860546
256 754 409619 15860546
256 755 410222 15860546
256 756 410258 15860546
256 757 410051 15860546
256 758 409524 15860546
256 759 409305 15860546
256 760 409858 15860546
256 761 410093 15860546
256 762 410031 15860546
256 763 409542 15860546
256 764 410178 15860546
256 765 410020 15860546
256 766 409939 15860546
256 767 410362 15860546
256 768 409352 15860546
256 769 410273 15860546
256 770 409423 15860546
256 771 409805 15860546
256 772 409728 15860546
256 773 410534 15860546
256 774 410135 15860546
256 775 409683 15860546
256 776 409702 15860546
256 777 409808 15860546
256 778 409907 15860546
256 779 409956 15860546
256 780 410192 15860546
256 781 410553 15860546
256 782 409499 15860546
256 783 410057 15860546
256 784 410646 15860546
256 785 409754 15860546
256 786 409763 15860546
256 787 410119 15860546
256 788 409344 15860546
256 789 409913 15860546
256 790 410340 15860546
256 791 409786 15860546
256 792 409936 15860546
256 793 410322 15860546
256 794 409683 15860546
256 795 409881 15860546
256 796 409792 15860546
256 797 409808 15860546
256 798 409893 15860546
256 799 410225 15860546
256 800 409921 15860546
256 801 409300 15860546
256 802 410399 15860546
256 803 410046 15860546
256 804 409707 15860546
256 805 409871 15860546
256 806 410219 15860546
256 807 409391 15860546
256 808 409529 15860546
256 809 409199 15860546
256 810 410301 15860546
256 811 409904 15860546
256 812 409725 15860546
256 813 410560 15860546
256 814 409754 15860546
256 815 409260 15860546
256 816 410578 15860546
256 817 410720 15860546
256 818 409993 15860546
256 819 409975 15860546
256 820 409894 15860546
256 821 410019 15860546
256 822 410174 15860546
256 823 409530 15860546
256 824 410303 15860546
256 825 409786 15860546
256 826 409371 15860546
256 827 409753 15860546
256 828 409968 15860546
256 829 409186 15860546
256 830 409539 15860546
256 831 410201 15860546
256 832 410598 15860546
256 833 410561 15860546
256 834 409518 15860546
256 835 410011 15860546
256 836 410142 15860546
256 837 409914 15860546
256 838 409507 15860546
256 839 410562 15860546
256 840 410106 15860546
256 841 410180 15860546
256 842 410471 15860546
256 843 409549 15860546
256 844 410048 15860546
256 845 410257 15860546
256 846 410076 15860546
256 847 409523 15860546
256 848 409581 15860546
256 849 410110 15860546
256 850 409706 15860546
256 851 410331 15860546
256 852 409447 15860546
256 853 410273 15860546
256 854 410294 15860546
256 855 409801 15860546
256 856 409675 15860546
256 857 410188 15860546
256 858 410599 15860546
256 859 409676 15860546
256 860 409563 15860546
256 861 409800 15860546
256 862 410100 15860546
256 863 410136 15860546
256 864 409404 15860546
256 865 410251 15860546
256 866 410089 15860546
256 867 409507 15860546
256 868 410193 15860546
256 869 409559 15860546
256 870 409607 15860546
256 871 409821 15860546
256 872 410027 15860546
256 873 410514 15860546
256 874 409636 15860546
256 875 410082 15860546
256 876 410514 15860546
256 877 409811 15860546
256 878 409710 15860546
256 879 409560 15860546
256 880 409705 15860546
256 881 409241 15860546
256 882 409541 15860546
256 883 409690 15860546
256 884 410633 15860546
256 885 409674 15860546
256 886 410394 15860546
256 887 409961 15860546
256 888 410057 15860546
256 889 410288 15860546
256 890 409530 15860546
256 891 410282 15860546
256 892 410208 15860546
256 893 410264 15860546
256 894 410361 15860546
256 895 409660 15860546
256 896 409458 15860546
256 897 409502 15860546
256 898 409253 15860546
256 899 409967 15860546
256 900 410395 15860546
256 901 410293 15860546
256 902 409210 15860546
256 903 409871 15860546
256 904 409177 15860546
256 905 409786 15860546
256 906 409715 15860546
256 907 409187 15860546
256 908 410285 15860546
256 909 409316 15860546
256 910 409922 15860546
256 911 410416 15860546
256 912 410306 15860546
256 913 409696 15860546
256 914 410796 15860546
256 915 409688 15860546
256 916 409198 15860546
256 917 409952 15860546
256 918 410009 15860546
256 919 409988 15860546
256 920 410056 15860546
256 921 409665 15860546
256 922 410030 15860546
256 923 408931 15860546
256 924 409355 15860546
256 925 410366 15860546
256 926 410358 15860546
256 927 409476 15860546
256 928 409652 15860546
256 929 409635 15860546
256 930 409834 15860546
256 931 410250 15860546
256 932 410308 15860546
256 933 409044 15860546
256 934 410315 15860546
256 935 409708 15860546
256 936 409514 15860546
256 937 409459 15860546
256 938 409953 15860546
256 939 409868 15860546
256 940 409872 15860546
256 941 409592 15860546
256 942 410056 15860546
256 943 409762 15860546
256 944 410550 15860546
256 945 410333 15860546
256 946 410083 15860546
256 947 410013 15860546
256 948 409926 15860546
256 949 409631 15860546
256 950 409715 15860546
256 951 410035 15860546
256 952 410584 15860546
256 953 410215 15860546
256 954 410163 15860546
256 955 410645 15860546
256 956 410101 15860546
256 957 410273 15860546
256 958 409916 15860546
256 959 409867 15860546
256 960 410067 15860546
256 961 409966 15860546
256 962 409745 15860546
256 963 409718 15860546
256 964 409699 15860546
256 965 410245 15860546
256 966 409963 15860546
256 967 409930 15860546
256 968 409366 15860546
256 969 410462 15860546
256 970 409184 15860546
256 971 409796 15860546
256 972 409819 15860546
256 973 410318 15860546
256 974 409614 15860546
256 975 409674 15860546
256 976 410503 15860546
256 977 409384 15860546
256 978 410148 15860546
256 979 410727 15860546
256 980 409760 15860546
256 981 410015 15860546
256 982 410444 15860546
256 983 409476 15860546
256 984 409281 15860546
256 985 409647 15860546
256 986 410617 15860546
256 987 409795 15860546
256 988 408711 15860546
256 989 409422 15860546
256 990 409989 15860546
256 991 410160 15860546
256 992 410286 15860546
256 993 409709 15860546
256 994 409642 15860546
256 995 409835 15860546
256 996 410355 15860546
256 997 409434 15860546
256 998 410324 15860546
256 999 409932 15860546
