128 0 403186 4237354320
128 1 415444 4237354320
128 2 459981 4237354320
128 3 352492 4237354320
128 4 494082 4237354320
128 5 387171 4237354320
128 6 351503 4237354320
128 7 391170 4237354320
128 8 351017 4237354320
128 9 390757 4237354320
128 10 350553 4237354320
128 11 350707 4237354320
128 12 456640 4237354320
128 13 368550 4237354320
128 14 493280 4237354320
128 15 373176 4237354320
128 16 377658 4237354320
128 17 350295 4237354320
128 18 457113 4237354320
128 19 363777 4237354320
128 20 504351 4237354320
128 21 376378 4237354320
128 22 404734 4237354320
128 23 399957 4237354320
128 24 483296 4237354320
128 25 362150 4237354320
128 26 513507 4237354320
128 27 371974 4237354320
128 28 414938 4237354320
128 29 382115 4237354320
128 30 349826 4237354320
128 31 427769 4237354320
128 32 351201 4237354320
128 33 352270 4237354320
128 34 455728 4237354320
128 35 369159 4237354320
128 36 493380 4237354320
128 37 372066 4237354320
128 38 382108 4237354320
128 39 351235 4237354320
128 40 428126 4237354320
128 41 395675 4237354320
128 42 398430 4237354320
128 43 352826 4237354320
128 44 394314 4237354320
128 45 413491 4237354320
128 46 511863 4237354320
128 47 352284 4237354320
128 48 400220 4237354320
128 49 407997 4237354320
128 50 365728 4237354320
128 51 352277 4237354320
128 52 496163 4237354320
128 53 369769 4237354320
128 54 416875 4237354320
128 55 350907 4237354320
128 56 497398 4237354320
128 57 383062 4237354320
128 58 392799 4237354320
128 59 351658 4237354320
128 60 395261 4237354320
128 61 414868 4237354320
128 62 463939 4237354320
128 63 351300 4237354320
128 64 414811 4237354320
128 65 384087 4237354320
128 66 393379 4237354320
128 67 417507 4237354320
128 68 432674 4237354320
128 69 364675 4237354320
128 70 425878 4237354320
128 71 372724 4237354320
128 72 408098 4237354320
128 73 403386 4237354320
128 74 496165 4237354320
128 75 372186 4237354320
128 76 409295 4237354320
128 77 389990 4237354320
128 78 398907 4237354320
128 79 408514 4237354320
128 80 504003 4237354320
128 81 373952 4237354320
128 82 405723 4237354320
128 83 391919 4237354320
128 84 404831 4237354320
128 85 396365 4237354320
128 86 475536 4237354320
128 87 373385 4237354320
128 88 408277 4237354320
128 89 395211 4237354320
128 90 415740 4237354320
128 91 380756 4237354320
128 92 351079 4237354320
128 93 435355 4237354320
128 94 389385 4237354320
128 95 414601 4237354320
128 96 350603 4237354320
128 97 392522 4237354320
128 98 415955 4237354320
128 99 450609 4237354320
128 100 351011 4237354320
128 101 437942 4237354320
128 102 376698 4237354320
128 103 350909 4237354320
128 104 376413 4237354320
128 105 352847 4237354320
128 106 438998 4237354320
128 107 398559 4237354320
128 108 420080 4237354320
128 109 351133 4237354320
128 110 351739 4237354320
128 111 368239 4237354320
128 112 350538 4237354320
128 113 397021 4237354320
128 114 464008 4237354320
128 115 372957 4237354320
128 116 411142 4237354320
128 117 509886 4237354320
128 118 373642 4237354320
128 119 412376 4237354320
128 120 504094 4237354320
128 121 361175 4237354320
128 122 499671 4237354320
128 123 365659 4237354320
128 124 416571 4237354320
128 125 351610 4237354320
128 126 386845 4237354320
128 127 350341 4237354320
128 128 351638 4237354320
128 129 367225 4237354320
128 130 351534 4237354320
128 131 399891 4237354320
128 132 487104 4237354320
128 133 374842 4237354320
128 134 406360 4237354320
128 135 492699 4237354320
128 136 363491 4237354320
128 137 508130 4237354320
128 138 356114 4237354320
128 139 417854 4237354320
128 140 351050 4237354320
128 141 387367 4237354320
128 142 350927 4237354320
128 143 351811 4237354320
128 144 368837 4237354320
128 145 351231 4237354320
128 146 389847 4237354320
128 147 446358 4237354320
128 148 373726 4237354320
128 149 407622 4237354320
128 150 500729 4237354320
128 151 364251 4237354320
128 152 510577 4237354320
128 153 357845 4237354320
128 154 423429 4237354320
128 155 351389 4237354320
128 156 381812 4237354320
128 157 350686 4237354320
128 158 350595 4237354320
128 159 370430 4237354320
128 160 352090 4237354320
128 161 392787 4237354320
128 162 469640 4237354320
128 163 374897 4237354320
128 164 405703 4237354320
128 165 494692 4237354320
128 166 362277 4237354320
128 167 523611 4237354320
128 168 350970 4237354320
128 169 435218 4237354320
128 170 426804 4237354320
128 171 400966 4237354320
128 172 351005 4237354320
128 173 350686 4237354320
128 174 377174 4237354320
128 175 352008 4237354320
128 176 394129 4237354320
128 177 442446 4237354320
128 178 376043 4237354320
128 179 403180 4237354320
128 180 490517 4237354320
128 181 374470 4237354320
128 182 410879 4237354320
128 183 505140 4237354320
128 184 361877 4237354320
128 185 505023 4237354320
128 186 359946 4237354320
128 187 422086 4237354320
128 188 350982 4237354320
128 189 380846 4237354320
128 190 351495 4237354320
128 191 352272 4237354320
128 192 364954 4237354320
128 193 350327 4237354320
128 194 394796 4237354320
128 195 478623 4237354320
128 196 375608 4237354320
128 197 404965 4237354320
128 198 494210 4237354320
128 199 365341 4237354320
128 200 510650 4237354320
128 201 356937 4237354320
128 202 417708 4237354320
128 203 350638 4237354320
128 204 388492 4237354320
128 205 351901 4237354320
128 206 351763 4237354320
128 207 370009 4237354320
128 208 351727 4237354320
128 209 393564 4237354320
128 210 469108 4237354320
128 211 376184 4237354320
128 212 404784 4237354320
128 213 490966 4237354320
128 214 363529 4237354320
128 215 506490 4237354320
128 216 356802 4237354320
128 217 417497 4237354320
128 218 350973 4237354320
128 219 387994 4237354320
128 220 352000 4237354320
128 221 351130 4237354320
128 222 369429 4237354320
128 223 351211 4237354320
128 224 393133 4237354320
128 225 459555 4237354320
128 226 375848 4237354320
128 227 403328 4237354320
128 228 489089 4237354320
128 229 363268 4237354320
128 230 502736 4237354320
128 231 364529 4237354320
128 232 416871 4237354320
128 233 350794 4237354320
128 234 388601 4237354320
128 235 350629 4237354320
128 236 351182 4237354320
128 237 367937 4237354320
128 238 350634 4237354320
128 239 398014 4237354320
128 240 481824 4237354320
128 241 373789 4237354320
128 242 407707 4237354320
128 243 496552 4237354320
128 244 361932 4237354320
128 245 505651 4237354320
128 246 362213 4237354320
128 247 417125 4237354320
128 248 351609 4237354320
128 249 385443 4237354320
128 250 351111 4237354320
128 251 352857 4237354320
128 252 369329 4237354320
128 253 350972 4237354320
128 254 396762 4237354320
128 255 476972 4237354320
128 256 373584 4237354320
128 257 407300 4237354320
128 258 497301 4237354320
128 259 362073 4237354320
128 260 502367 4237354320
128 261 362495 4237354320
128 262 415794 4237354320
128 263 351047 4237354320
128 264 389556 4237354320
128 265 350508 4237354320
128 266 351791 4237354320
128 267 367248 4237354320
128 268 351131 4237354320
128 269 397055 4237354320
128 270 483716 4237354320
128 271 373842 4237354320
128 272 410869 4237354320
128 273 505949 4237354320
128 274 363224 4237354320
128 275 501712 4237354320
128 276 365288 4237354320
128 277 416058 4237354320
128 278 350662 4237354320
128 279 389233 4237354320
128 280 351837 4237354320
128 281 352059 4237354320
128 282 369604 4237354320
128 283 351552 4237354320
128 284 402664 4237354320
128 285 489046 4237354320
128 286 372892 4237354320
128 287 410392 4237354320
128 288 503444 4237354320
128 289 362468 4237354320
128 290 503390 4237354320
128 291 363634 4237354320
128 292 416969 4237354320
128 293 351518 4237354320
128 294 388064 4237354320
128 295 351300 4237354320
128 296 352575 4237354320
128 297 368592 4237354320
128 298 351467 4237354320
128 299 392124 4237354320
128 300 453583 4237354320
128 301 373193 4237354320
128 302 414837 4237354320
128 303 476916 4237354320
128 304 352806 4237354320
128 305 399835 4237354320
128 306 423239 4237354320
128 307 350743 4237354320
128 308 351420 4237354320
128 309 372725 4237354320
128 310 351151 4237354320
128 311 395867 4237354320
128 312 454244 4237354320
128 313 376028 4237354320
128 314 411248 4237354320
128 315 511473 4237354320
128 316 371906 4237354320
128 317 418031 4237354320
128 318 444557 4237354320
128 319 352057 4237354320
128 320 393191 4237354320
128 321 410312 4237354320
128 322 351138 4237354320
128 323 351442 4237354320
128 324 367324 4237354320
128 325 351955 4237354320
128 326 397823 4237354320
128 327 467355 4237354320
128 328 373151 4237354320
128 329 410571 4237354320
128 330 507206 4237354320
128 331 373958 4237354320
128 332 411611 4237354320
128 333 508375 4237354320
128 334 362721 4237354320
128 335 509522 4237354320
128 336 357148 4237354320
128 337 420056 4237354320
128 338 351003 4237354320
128 339 383720 4237354320
128 340 351338 4237354320
128 341 351829 4237354320
128 342 369960 4237354320
128 343 351330 4237354320
128 344 392878 4237354320
128 345 461241 4237354320
128 346 374169 4237354320
128 347 407813 4237354320
128 348 499085 4237354320
128 349 362033 4237354320
128 350 503414 4237354320
128 351 363621 4237354320
128 352 419156 4237354320
128 353 350674 4237354320
128 354 387010 4237354320
128 355 351879 4237354320
128 356 351670 4237354320
128 357 366704 4237354320
128 358 351746 4237354320
128 359 399260 4237354320
128 360 487221 4237354320
128 361 375896 4237354320
128 362 405843 4237354320
128 363 494542 4237354320
128 364 361721 4237354320
128 365 505147 4237354320
128 366 361561 4237354320
128 367 418682 4237354320
128 368 350673 4237354320
128 369 386025 4237354320
128 370 351608 4237354320
128 371 352815 4237354320
128 372 366737 4237354320
128 373 351898 4237354320
128 374 397932 4237354320
128 375 480465 4237354320
128 376 373806 4237354320
128 377 404645 4237354320
128 378 493764 4237354320
128 379 364750 4237354320
128 380 504148 4237354320
128 381 361869 4237354320
128 382 414581 4237354320
128 383 350818 4237354320
128 384 394968 4237354320
128 385 350954 4237354320
128 386 350851 4237354320
128 387 368963 4237354320
128 388 350904 4237354320
128 389 394963 4237354320
128 390 472345 4237354320
128 391 375262 4237354320
128 392 408336 4237354320
128 393 499283 4237354320
128 394 362961 4237354320
128 395 503062 4237354320
128 396 363759 4237354320
128 397 419965 4237354320
128 398 350780 4237354320
128 399 386878 4237354320
128 400 350602 4237354320
128 401 352085 4237354320
128 402 368858 4237354320
128 403 351173 4237354320
128 404 394802 4237354320
128 405 477620 4237354320
128 406 373905 4237354320
128 407 410268 4237354320
128 408 499622 4237354320
128 409 363787 4237354320
128 410 536741 4237354320
128 411 353615 4237354320
128 412 428949 4237354320
128 413 413421 4237354320
128 414 427498 4237354320
128 415 375207 4237354320
128 416 368272 4237354320
128 417 419846 4237354320
128 418 350571 4237354320
128 419 352220 4237354320
128 420 370849 4237354320
128 421 350094 4237354320
128 422 397739 4237354320
128 423 476906 4237354320
128 424 374026 4237354320
128 425 408660 4237354320
128 426 502464 4237354320
128 427 364537 4237354320
128 428 509926 4237354320
128 429 357315 4237354320
128 430 420685 4237354320
128 431 351068 4237354320
128 432 382599 4237354320
128 433 351048 4237354320
128 434 352332 4237354320
128 435 368867 4237354320
128 436 350989 4237354320
128 437 393887 4237354320
128 438 477226 4237354320
128 439 373669 4237354320
128 440 406858 4237354320
128 441 497301 4237354320
128 442 361497 4237354320
128 443 503426 4237354320
128 444 363639 4237354320
128 445 418921 4237354320
128 446 351487 4237354320
128 447 383211 4237354320
128 448 351114 4237354320
128 449 352523 4237354320
128 450 371476 4237354320
128 451 351208 4237354320
128 452 393936 4237354320
128 453 470112 4237354320
128 454 373924 4237354320
128 455 405183 4237354320
128 456 492777 4237354320
128 457 363387 4237354320
128 458 503540 4237354320
128 459 363663 4237354320
128 460 414914 4237354320
128 461 351098 4237354320
128 462 399694 4237354320
128 463 351445 4237354320
128 464 350985 4237354320
128 465 371028 4237354320
128 466 351424 4237354320
128 467 396072 4237354320
128 468 476467 4237354320
128 469 375059 4237354320
128 470 406734 4237354320
128 471 499148 4237354320
128 472 362322 4237354320
128 473 504504 4237354320
128 474 363362 4237354320
128 475 414198 4237354320
128 476 351074 4237354320
128 477 396712 4237354320
128 478 351091 4237354320
128 479 351314 4237354320
128 480 369503 4237354320
128 481 351426 4237354320
128 482 399239 4237354320
128 483 483907 4237354320
128 484 372483 4237354320
128 485 412469 4237354320
128 486 507135 4237354320
128 487 362794 4237354320
128 488 506395 4237354320
128 489 360993 4237354320
128 490 416613 4237354320
128 491 352035 4237354320
128 492 388452 4237354320
128 493 349852 4237354320
128 494 352795 4237354320
128 495 366247 4237354320
128 496 350799 4237354320
128 497 393846 4237354320
128 498 468284 4237354320
128 499 375324 4237354320
128 500 403470 4237354320
128 501 486884 4237354320
128 502 362513 4237354320
128 503 507059 4237354320
128 504 357727 4237354320
128 505 417938 4237354320
128 506 350664 4237354320
128 507 389471 4237354320
128 508 351536 4237354320
128 509 351836 4237354320
128 510 369354 4237354320
128 511 351646 4237354320
128 512 397247 4237354320
128 513 483450 4237354320
128 514 374732 4237354320
128 515 407878 4237354320
128 516 500534 4237354320
128 517 363357 4237354320
128 518 506471 4237354320
128 519 360575 4237354320
128 520 416428 4237354320
128 521 351188 4237354320
128 522 390275 4237354320
128 523 350995 4237354320
128 524 351461 4237354320
128 525 369399 4237354320
128 526 350518 4237354320
128 527 398654 4237354320
128 528 483436 4237354320
128 529 371991 4237354320
128 530 411589 4237354320
128 531 510228 4237354320
128 532 363358 4237354320
128 533 509875 4237354320
128 534 357622 4237354320
128 535 418136 4237354320
128 536 350814 4237354320
128 537 387332 4237354320
128 538 351778 4237354320
128 539 352061 4237354320
128 540 372510 4237354320
128 541 350863 4237354320
128 542 390589 4237354320
128 543 452997 4237354320
128 544 374224 4237354320
128 545 407909 4237354320
128 546 501301 4237354320
128 547 362630 4237354320
128 548 506001 4237354320
128 549 361665 4237354320
128 550 417742 4237354320
128 551 351245 4237354320
128 552 389567 4237354320
128 553 351952 4237354320
128 554 351507 4237354320
128 555 368547 4237354320
128 556 350410 4237354320
128 557 392921 4237354320
128 558 467987 4237354320
128 559 376436 4237354320
128 560 403522 4237354320
128 561 490655 4237354320
128 562 360277 4237354320
128 563 500779 4237354320
128 564 364524 4237354320
128 565 417595 4237354320
128 566 351180 4237354320
128 567 385466 4237354320
128 568 350853 4237354320
128 569 353167 4237354320
128 570 367941 4237354320
128 571 350509 4237354320
128 572 400202 4237354320
128 573 484255 4237354320
128 574 373217 4237354320
128 575 409328 4237354320
128 576 497647 4237354320
128 577 364212 4237354320
128 578 506997 4237354320
128 579 360485 4237354320
128 580 415863 4237354320
128 581 351055 4237354320
128 582 394452 4237354320
128 583 351402 4237354320
128 584 351498 4237354320
128 585 370977 4237354320
128 586 351584 4237354320
128 587 396199 4237354320
128 588 475481 4237354320
128 589 373080 4237354320
128 590 410685 4237354320
128 591 507981 4237354320
128 592 363913 4237354320
128 593 512356 4237354320
128 594 355580 4237354320
128 595 420551 4237354320
128 596 351293 4237354320
128 597 384098 4237354320
128 598 351158 4237354320
128 599 351311 4237354320
128 600 367934 4237354320
128 601 352354 4237354320
128 602 400042 4237354320
128 603 486598 4237354320
128 604 373116 4237354320
128 605 411172 4237354320
128 606 503113 4237354320
128 607 363775 4237354320
128 608 516682 4237354320
128 609 351253 4237354320
128 610 420226 4237354320
128 611 351849 4237354320
128 612 383364 4237354320
128 613 350354 4237354320
128 614 352121 4237354320
128 615 371264 4237354320
128 616 351149 4237354320
128 617 397253 4237354320
128 618 475845 4237354320
128 619 373193 4237354320
128 620 406103 4237354320
128 621 490811 4237354320
128 622 362737 4237354320
128 623 502772 4237354320
128 624 362420 4237354320
128 625 418948 4237354320
128 626 350948 4237354320
128 627 388054 4237354320
128 628 351231 4237354320
128 629 351637 4237354320
128 630 366291 4237354320
128 631 351100 4237354320
128 632 396509 4237354320
128 633 473910 4237354320
128 634 374429 4237354320
128 635 406567 4237354320
128 636 496918 4237354320
128 637 362133 4237354320
128 638 503812 4237354320
128 639 360873 4237354320
128 640 421809 4237354320
128 641 351400 4237354320
128 642 382263 4237354320
128 643 351960 4237354320
128 644 352803 4237354320
128 645 368379 4237354320
128 646 351656 4237354320
128 647 395344 4237354320
128 648 478856 4237354320
128 649 373496 4237354320
128 650 408477 4237354320
128 651 498745 4237354320
128 652 362967 4237354320
128 653 508129 4237354320
128 654 359301 4237354320
128 655 416598 4237354320
128 656 351266 4237354320
128 657 393718 4237354320
128 658 351659 4237354320
128 659 351518 4237354320
128 660 371470 4237354320
128 661 351186 4237354320
128 662 394859 4237354320
128 663 471960 4237354320
128 664 376740 4237354320
128 665 400468 4237354320
128 666 482379 4237354320
128 667 361730 4237354320
128 668 502089 4237354320
128 669 362087 4237354320
128 670 419728 4237354320
128 671 351259 4237354320
128 672 386887 4237354320
128 673 351672 4237354320
128 674 352278 4237354320
128 675 368717 4237354320
128 676 350800 4237354320
128 677 394770 4237354320
128 678 467987 4237354320
128 679 371871 4237354320
128 680 415520 4237354320
128 681 460662 4237354320
128 682 351993 4237354320
128 683 393509 4237354320
128 684 409727 4237354320
128 685 350442 4237354320
128 686 351806 4237354320
128 687 373345 4237354320
128 688 351511 4237354320
128 689 397109 4237354320
128 690 472097 4237354320
128 691 375770 4237354320
128 692 405698 4237354320
128 693 496040 4237354320
128 694 372014 4237354320
128 695 409035 4237354320
128 696 498982 4237354320
128 697 362660 4237354320
128 698 515946 4237354320
128 699 352728 4237354320
128 700 421677 4237354320
128 701 350839 4237354320
128 702 382127 4237354320
128 703 352576 4237354320
128 704 350749 4237354320
128 705 369787 4237354320
128 706 352216 4237354320
128 707 396739 4237354320
128 708 481106 4237354320
128 709 373497 4237354320
128 710 404702 4237354320
128 711 492558 4237354320
128 712 362702 4237354320
128 713 501149 4237354320
128 714 363640 4237354320
128 715 413134 4237354320
128 716 350534 4237354320
128 717 397353 4237354320
128 718 350596 4237354320
128 719 351142 4237354320
128 720 367339 4237354320
128 721 350825 4237354320
128 722 396776 4237354320
128 723 486478 4237354320
128 724 371977 4237354320
128 725 411574 4237354320
128 726 507227 4237354320
128 727 361662 4237354320
128 728 502899 4237354320
128 729 362479 4237354320
128 730 417235 4237354320
128 731 350520 4237354320
128 732 387480 4237354320
128 733 350918 4237354320
128 734 351742 4237354320
128 735 371160 4237354320
128 736 350785 4237354320
128 737 396514 4237354320
128 738 476345 4237354320
128 739 373537 4237354320
128 740 410186 4237354320
128 741 507358 4237354320
128 742 362230 4237354320
128 743 508575 4237354320
128 744 358126 4237354320
128 745 417846 4237354320
128 746 350010 4237354320
128 747 389257 4237354320
128 748 350573 4237354320
128 749 352243 4237354320
128 750 371669 4237354320
128 751 350702 4237354320
128 752 395679 4237354320
128 753 475674 4237354320
128 754 374428 4237354320
128 755 406954 4237354320
128 756 496792 4237354320
128 757 363105 4237354320
128 758 507856 4237354320
128 759 359386 4237354320
128 760 418951 4237354320
128 761 350572 4237354320
128 762 386102 4237354320
128 763 350872 4237354320
128 764 351568 4237354320
128 765 366984 4237354320
128 766 350640 4237354320
128 767 400058 4237354320
128 768 486022 4237354320
128 769 373266 4237354320
128 770 415699 4237354320
128 771 462087 4237354320
128 772 351987 4237354320
128 773 390982 4237354320
128 774 397720 4237354320
128 775 350754 4237354320
128 776 351525 4237354320
128 777 372124 4237354320
128 778 351244 4237354320
128 779 398554 4237354320
128 780 473643 4237354320
128 781 372954 4237354320
128 782 410865 4237354320
128 783 507295 4237354320
128 784 370888 4237354320
128 785 410113 4237354320
128 786 504003 4237354320
128 787 362583 4237354320
128 788 503288 4237354320
128 789 360511 4237354320
128 790 416880 4237354320
128 791 351257 4237354320
128 792 391690 4237354320
128 793 351102 4237354320
128 794 352367 4237354320
128 795 368298 4237354320
128 796 350734 4237354320
128 797 397126 4237354320
128 798 479067 4237354320
128 799 371931 4237354320
128 800 411005 4237354320
128 801 503760 4237354320
128 802 362132 4237354320
128 803 505154 4237354320
128 804 363299 4237354320
128 805 416609 4237354320
128 806 351286 4237354320
128 807 389525 4237354320
128 808 351653 4237354320
128 809 351872 4237354320
128 810 367915 4237354320
128 811 350719 4237354320
128 812 399885 4237354320
128 813 486917 4237354320
128 814 373497 4237354320
128 815 412414 4237354320
128 816 509033 4237354320
128 817 363072 4237354320
128 818 507111 4237354320
128 819 360365 4237354320
128 820 416026 4237354320
128 821 352246 4237354320
128 822 386673 4237354320
128 823 350683 4237354320
128 824 352103 4237354320
128 825 369533 4237354320
128 826 351097 4237354320
128 827 393946 4237354320
128 828 471673 4237354320
128 829 371981 4237354320
128 830 411954 4237354320
128 831 505631 4237354320
128 832 364241 4237354320
128 833 510499 4237354320
128 834 355234 4237354320
128 835 417718 4237354320
128 836 351045 4237354320
128 837 391243 4237354320
128 838 350655 4237354320
128 839 351365 4237354320
128 840 367589 4237354320
128 841 351106 4237354320
128 842 393586 4237354320
128 843 468816 4237354320
128 844 373139 4237354320
128 845 411522 4237354320
128 846 508788 4237354320
128 847 352934 4237354320
128 848 405999 4237354320
128 849 433618 4237354320
128 850 350801 4237354320
128 851 352197 4237354320
128 852 371912 4237354320
128 853 350282 4237354320
128 854 397236 4237354320
128 855 465664 4237354320
128 856 374104 4237354320
128 857 405923 4237354320
128 858 496325 4237354320
128 859 373173 4237354320
128 860 409235 4237354320
128 861 500511 4237354320
128 862 363174 4237354320
128 863 507418 4237354320
128 864 358165 4237354320
128 865 420342 4237354320
128 866 351014 4237354320
128 867 379367 4237354320
128 868 351077 4237354320
128 869 351905 4237354320
128 870 368959 4237354320
128 871 351459 4237354320
128 872 396738 4237354320
128 873 477979 4237354320
128 874 372230 4237354320
128 875 411396 4237354320
128 876 502927 4237354320
128 877 362157 4237354320
128 878 504246 4237354320
128 879 362192 4237354320
128 880 416511 4237354320
128 881 350682 4237354320
128 882 393795 4237354320
128 883 352858 4237354320
128 884 351576 4237354320
128 885 369868 4237354320
128 886 350119 4237354320
128 887 398730 4237354320
128 888 481553 4237354320
128 889 373175 4237354320
128 890 408615 4237354320
128 891 502197 4237354320
128 892 364304 4237354320
128 893 507212 4237354320
128 894 362955 4237354320
128 895 416040 4237354320
128 896 351351 4237354320
128 897 387146 4237354320
128 898 352121 4237354320
128 899 351729 4237354320
128 900 367874 4237354320
128 901 351758 4237354320
128 902 397739 4237354320
128 903 479054 4237354320
128 904 370900 4237354320
128 905 411377 4237354320
128 906 507624 4237354320
128 907 363677 4237354320
128 908 509552 4237354320
128 909 357331 4237354320
128 910 418741 4237354320
128 911 351190 4237354320
128 912 384377 4237354320
128 913 351008 4237354320
128 914 351945 4237354320
128 915 371002 4237354320
128 916 352527 4237354320
128 917 390919 4237354320
128 918 456010 4237354320
128 919 375269 4237354320
128 920 407097 4237354320
128 921 498935 4237354320
128 922 363020 4237354320
128 923 507192 4237354320
128 924 359878 4237354320
128 925 416916 4237354320
128 926 351438 4237354320
128 927 389524 4237354320
128 928 351591 4237354320
128 929 353038 4237354320
128 930 367376 4237354320
128 931 351558 4237354320
128 932 399251 4237354320
128 933 486397 4237354320
128 934 373519 4237354320
128 935 408402 4237354320
128 936 499917 4237354320
128 937 360715 4237354320
128 938 502207 4237354320
128 939 364068 4237354320
128 940 416509 4237354320
128 941 350387 4237354320
128 942 390741 4237354320
128 943 350833 4237354320
128 944 352642 4237354320
128 945 368499 4237354320
128 946 350460 4237354320
128 947 397914 4237354320
128 948 480986 4237354320
128 949 374652 4237354320
128 950 409484 4237354320
128 951 498400 4237354320
128 952 361960 4237354320
128 953 510125 4237354320
128 954 356230 4237354320
128 955 419424 4237354320
128 956 351298 4237354320
128 957 383986 4237354320
128 958 351169 4237354320
128 959 352169 4237354320
128 960 368629 4237354320
128 961 351272 4237354320
128 962 395369 4237354320
128 963 476448 4237354320
128 964 371629 4237354320
128 965 412729 4237354320
128 966 477516 4237354320
128 967 352487 4237354320
128 968 398051 4237354320
128 969 418700 4237354320
128 970 350224 4237354320
128 971 349816 4237354320
128 972 368976 4237354320
128 973 351152 4237354320
128 974 394544 4237354320
128 975 436410 4237354320
128 976 372628 4237354320
128 977 414319 4237354320
128 978 455318 4237354320
128 979 352240 4237354320
128 980 398948 4237354320
128 981 481707 4237354320
128 982 363442 4237354320
128 983 514304 4237354320
128 984 354807 4237354320
128 985 420798 4237354320
128 986 350326 4237354320
128 987 380690 4237354320
128 988 351124 4237354320
128 989 351909 4237354320
128 990 365179 4237354320
128 991 350681 4237354320
128 992 395722 4237354320
128 993 472257 4237354320
128 994 373572 4237354320
128 995 404446 4237354320
128 996 492210 4237354320
128 997 362383 4237354320
128 998 504694 4237354320
128 999 360047 4237354320
