128 0 18712 4237354113
128 1 18695 4237354113
128 2 18688 4237354113
128 3 18689 4237354113
128 4 18688 4237354113
128 5 18688 4237354113
128 6 18689 4237354113
128 7 18685 4237354113
128 8 18714 4237354113
128 9 18685 4237354113
128 10 18687 4237354113
128 11 18687 4237354113
128 12 18689 4237354113
128 13 18686 4237354113
128 14 18689 4237354113
128 15 18689 4237354113
128 16 18688 4237354113
128 17 18688 4237354113
128 18 18688 4237354113
128 19 18689 4237354113
128 20 18689 4237354113
128 21 18687 4237354113
128 22 18688 4237354113
128 23 18689 4237354113
128 24 18688 4237354113
128 25 18688 4237354113
128 26 18715 4237354113
128 27 18687 4237354113
128 28 18689 4237354113
128 29 18688 4237354113
128 30 18689 4237354113
128 31 18688 4237354113
128 32 18688 4237354113
128 33 18688 4237354113
128 34 18689 4237354113
128 35 18686 4237354113
128 36 18689 4237354113
128 37 18688 4237354113
128 38 18686 4237354113
128 39 18685 4237354113
128 40 18688 4237354113
128 41 18687 4237354113
128 42 18689 4237354113
128 43 18686 4237354113
128 44 18713 4237354113
128 45 18689 4237354113
128 46 18689 4237354113
128 47 18688 4237354113
128 48 18688 4237354113
128 49 18688 4237354113
128 50 18688 4237354113
128 51 18687 4237354113
128 52 18689 4237354113
128 53 18687 4237354113
128 54 18688 4237354113
128 55 18688 4237354113
128 56 18689 4237354113
128 57 18686 4237354113
128 58 18688 4237354113
128 59 18689 4237354113
128 60 18689 4237354113
128 61 18688 4237354113
128 62 18714 4237354113
128 63 18688 4237354113
128 64 18688 4237354113
128 65 18686 4237354113
128 66 18689 4237354113
128 67 18687 4237354113
128 68 18688 4237354113
128 69 18687 4237354113
128 70 18689 4237354113
128 71 18689 4237354113
128 72 18688 4237354113
128 73 18688 4237354113
128 74 18688 4237354113
128 75 18687 4237354113
128 76 18688 4237354113
128 77 18686 4237354113
128 78 18689 4237354113
128 79 18688 4237354113
128 80 18710 4237354113
128 81 18687 4237354113
128 82 18689 4237354113
128 83 18686 4237354113
128 84 18688 4237354113
128 85 18685 4237354113
128 86 18688 4237354113
128 87 18687 4237354113
128 88 18688 4237354113
128 89 18688 4237354113
128 90 18688 4237354113
128 91 18688 4237354113
128 92 18688 4237354113
128 93 18688 4237354113
128 94 18689 4237354113
128 95 18687 4237354113
128 96 18689 4237354113
128 97 18688 4237354113
128 98 18688 4237354113
128 99 18689 4237354113
128 100 18688 4237354113
128 101 18689 4237354113
128 102 18688 4237354113
128 103 18688 4237354113
128 104 18689 4237354113
128 105 18689 4237354113
128 106 18689 4237354113
128 107 18687 4237354113
128 108 18689 4237354113
128 109 18688 4237354113
128 110 18689 4237354113
128 111 18713 4237354113
128 112 18689 4237354113
128 113 18688 4237354113
128 114 18686 4237354113
128 115 18687 4237354113
128 116 18687 4237354113
128 117 18689 4237354113
128 118 18687 4237354113
128 119 18686 4237354113
128 120 18687 4237354113
128 121 18688 4237354113
128 122 18689 4237354113
128 123 18688 4237354113
128 124 18688 4237354113
128 125 18686 4237354113
128 126 18686 4237354113
128 127 18688 4237354113
128 128 18689 4237354113
128 129 18687 4237354113
128 130 18688 4237354113
128 131 18685 4237354113
128 132 18685 4237354113
128 133 18688 4237354113
128 134 18687 4237354113
128 135 18686 4237354113
128 136 18688 4237354113
128 137 18687 4237354113
128 138 18688 4237354113
128 139 18688 4237354113
128 140 18686 4237354113
128 141 18689 4237354113
128 142 18689 4237354113
128 143 18686 4237354113
128 144 18689 4237354113
128 145 18688 4237354113
128 146 18689 4237354113
128 147 18688 4237354113
128 148 18688 4237354113
128 149 18688 4237354113
128 150 18687 4237354113
128 151 18689 4237354113
128 152 18686 4237354113
128 153 18688 4237354113
128 154 18688 4237354113
128 155 18714 4237354113
128 156 18689 4237354113
128 157 18687 4237354113
128 158 18688 4237354113
128 159 18689 4237354113
128 160 18689 4237354113
128 161 18688 4237354113
128 162 18689 4237354113
128 163 18686 4237354113
128 164 18711 4237354113
128 165 18688 4237354113
128 166 18689 4237354113
128 167 18689 4237354113
128 168 18689 4237354113
128 169 18687 4237354113
128 170 18687 4237354113
128 171 18686 4237354113
128 172 18687 4237354113
128 173 18689 4237354113
128 174 18688 4237354113
128 175 18687 4237354113
128 176 18689 4237354113
128 177 18689 4237354113
128 178 18689 4237354113
128 179 18687 4237354113
128 180 18689 4237354113
128 181 18689 4237354113
128 182 18687 4237354113
128 183 18689 4237354113
128 184 18688 4237354113
128 185 18689 4237354113
128 186 18712 4237354113
128 187 18687 4237354113
128 188 18689 4237354113
128 189 18689 4237354113
128 190 18689 4237354113
128 191 18687 4237354113
128 192 18687 4237354113
128 193 18688 4237354113
128 194 18689 4237354113
128 195 18688 4237354113
128 196 18689 4237354113
128 197 18688 4237354113
128 198 18685 4237354113
128 199 18689 4237354113
128 200 18688 4237354113
128 201 18689 4237354113
128 202 18689 4237354113
128 203 18685 4237354113
128 204 18686 4237354113
128 205 18688 4237354113
128 206 18688 4237354113
128 207 18688 4237354113
128 208 18711 4237354113
128 209 18689 4237354113
128 210 18686 4237354113
128 211 18688 4237354113
128 212 18688 4237354113
128 213 18686 4237354113
128 214 18686 4237354113
128 215 18689 4237354113
128 216 18686 4237354113
128 217 18688 4237354113
128 218 18686 4237354113
128 219 18689 4237354113
128 220 18688 4237354113
128 221 18688 4237354113
128 222 18689 4237354113
128 223 18689 4237354113
128 224 18688 4237354113
128 225 18687 4237354113
128 226 18689 4237354113
128 227 18688 4237354113
128 228 18688 4237354113
128 229 18688 4237354113
128 230 18713 4237354113
128 231 18689 4237354113
128 232 18686 4237354113
128 233 18689 4237354113
128 234 18687 4237354113
128 235 18689 4237354113
128 236 18687 4237354113
128 237 18689 4237354113
128 238 18688 4237354113
128 239 18688 4237354113
128 240 18687 4237354113
128 241 18688 4237354113
128 242 18687 4237354113
128 243 18718 4237354113
128 244 18688 4237354113
128 245 18689 4237354113
128 246 18689 4237354113
128 247 18688 4237354113
128 248 18686 4237354113
128 249 18687 4237354113
128 250 18688 4237354113
128 251 18686 4237354113
128 252 18687 4237354113
128 253 18689 4237354113
128 254 18689 4237354113
128 255 18689 4237354113
128 256 18686 4237354113
128 257 18689 4237354113
128 258 18688 4237354113
128 259 18687 4237354113
128 260 18689 4237354113
128 261 18687 4237354113
128 262 18686 4237354113
128 263 18688 4237354113
128 264 18688 4237354113
128 265 18689 4237354113
128 266 18689 4237354113
128 267 18687 4237354113
128 268 18688 4237354113
128 269 18688 4237354113
128 270 18688 4237354113
128 271 18689 4237354113
128 272 18689 4237354113
128 273 18688 4237354113
128 274 18687 4237354113
128 275 18687 4237354113
128 276 18688 4237354113
128 277 18686 4237354113
128 278 18712 4237354113
128 279 18686 4237354113
128 280 18689 4237354113
128 281 18689 4237354113
128 282 18689 4237354113
128 283 18688 4237354113
128 284 18688 4237354113
128 285 18687 4237354113
128 286 18688 4237354113
128 287 18689 4237354113
128 288 18689 4237354113
128 289 18687 4237354113
128 290 18689 4237354113
128 291 18688 4237354113
128 292 18688 4237354113
128 293 18687 4237354113
128 294 18687 4237354113
128 295 18688 4237354113
128 296 18689 4237354113
128 297 18688 4237354113
128 298 18689 4237354113
128 299 18689 4237354113
128 300 18714 4237354113
128 301 18686 4237354113
128 302 18689 4237354113
128 303 18688 4237354113
128 304 18688 4237354113
128 305 18688 4237354113
128 306 18688 4237354113
128 307 18688 4237354113
128 308 18685 4237354113
128 309 18688 4237354113
128 310 18689 4237354113
128 311 18689 4237354113
128 312 18688 4237354113
128 313 18689 4237354113
128 314 18686 4237354113
128 315 18689 4237354113
128 316 18686 4237354113
128 317 18688 4237354113
128 318 18688 4237354113
128 319 18688 4237354113
128 320 18689 4237354113
128 321 18688 4237354113
128 322 18689 4237354113
128 323 18689 4237354113
128 324 18688 4237354113
128 325 18688 4237354113
128 326 18689 4237354113
128 327 18689 4237354113
128 328 18685 4237354113
128 329 18689 4237354113
128 330 18688 4237354113
128 331 18714 4237354113
128 332 18687 4237354113
128 333 18688 4237354113
128 334 18687 4237354113
128 335 18689 4237354113
128 336 18687 4237354113
128 337 18688 4237354113
128 338 18689 4237354113
128 339 18688 4237354113
128 340 18686 4237354113
128 341 18687 4237354113
128 342 18688 4237354113
128 343 18688 4237354113
128 344 18688 4237354113
128 345 18689 4237354113
128 346 18688 4237354113
128 347 18689 4237354113
128 348 18688 4237354113
128 349 18689 4237354113
128 350 18686 4237354113
128 351 18689 4237354113
128 352 18689 4237354113
128 353 18709 4237354113
128 354 18687 4237354113
128 355 18688 4237354113
128 356 18688 4237354113
128 357 18688 4237354113
128 358 18688 4237354113
128 359 18689 4237354113
128 360 18688 4237354113
128 361 18689 4237354113
128 362 18685 4237354113
128 363 18688 4237354113
128 364 18689 4237354113
128 365 18688 4237354113
128 366 18688 4237354113
128 367 18689 4237354113
128 368 18688 4237354113
128 369 18687 4237354113
128 370 18688 4237354113
128 371 18687 4237354113
128 372 18689 4237354113
128 373 18687 4237354113
128 374 18688 4237354113
128 375 18689 4237354113
128 376 18688 4237354113
128 377 18689 4237354113
128 378 18689 4237354113
128 379 18714 4237354113
128 380 18688 4237354113
128 381 18689 4237354113
128 382 18689 4237354113
128 383 18687 4237354113
128 384 18686 4237354113
128 385 18689 4237354113
128 386 18688 4237354113
128 387 18688 4237354113
128 388 18689 4237354113
128 389 18689 4237354113
128 390 18687 4237354113
128 391 18689 4237354113
128 392 18689 4237354113
128 393 18689 4237354113
128 394 18689 4237354113
128 395 18688 4237354113
128 396 18686 4237354113
128 397 18687 4237354113
128 398 18687 4237354113
128 399 18688 4237354113
128 400 18689 4237354113
128 401 18689 4237354113
128 402 18688 4237354113
128 403 18688 4237354113
128 404 18688 4237354113
128 405 18688 4237354113
128 406 18687 4237354113
128 407 18687 4237354113
128 408 18686 4237354113
128 409 18688 4237354113
128 410 18687 4237354113
128 411 18688 4237354113
128 412 18686 4237354113
128 413 18689 4237354113
128 414 18688 4237354113
128 415 18688 4237354113
128 416 18689 4237354113
128 417 18689 4237354113
128 418 18687 4237354113
128 419 18686 4237354113
128 420 18688 4237354113
128 421 18688 4237354113
128 422 18689 4237354113
128 423 18688 4237354113
128 424 18688 4237354113
128 425 18688 4237354113
128 426 18689 4237354113
128 427 18688 4237354113
128 428 18685 4237354113
128 429 18688 4237354113
128 430 18688 4237354113
128 431 18687 4237354113
128 432 18688 4237354113
128 433 18689 4237354113
128 434 18689 4237354113
128 435 18687 4237354113
128 436 18689 4237354113
128 437 18689 4237354113
128 438 18688 4237354113
128 439 18687 4237354113
128 440 18689 4237354113
128 441 18689 4237354113
128 442 18689 4237354113
128 443 18688 4237354113
128 444 18688 4237354113
128 445 18689 4237354113
128 446 18687 4237354113
128 447 18687 4237354113
128 448 18689 4237354113
128 449 18688 4237354113
128 450 18688 4237354113
128 451 18689 4237354113
128 452 18688 4237354113
128 453 18688 4237354113
128 454 18712 4237354113
128 455 18689 4237354113
128 456 18689 4237354113
128 457 18688 4237354113
128 458 18689 4237354113
128 459 18689 4237354113
128 460 18687 4237354113
128 461 18686 4237354113
128 462 18689 4237354113
128 463 18688 4237354113
128 464 18688 4237354113
128 465 18687 4237354113
128 466 18686 4237354113
128 467 18711 4237354113
128 468 18686 4237354113
128 469 18689 4237354113
128 470 18689 4237354113
128 471 18689 4237354113
128 472 18688 4237354113
128 473 18689 4237354113
128 474 18687 4237354113
128 475 18689 4237354113
128 476 18687 4237354113
128 477 18689 4237354113
128 478 18687 4237354113
128 479 18686 4237354113
128 480 18687 4237354113
128 481 18688 4237354113
128 482 18687 4237354113
128 483 18688 4237354113
128 484 18689 4237354113
128 485 18689 4237354113
128 486 18687 4237354113
128 487 18688 4237354113
128 488 18688 4237354113
128 489 18713 4237354113
128 490 18688 4237354113
128 491 18689 4237354113
128 492 18689 4237354113
128 493 18688 4237354113
128 494 18687 4237354113
128 495 18688 4237354113
128 496 18687 4237354113
128 497 18687 4237354113
128 498 18689 4237354113
128 499 18687 4237354113
128 500 18686 4237354113
128 501 18688 4237354113
128 502 18688 4237354113
128 503 18688 4237354113
128 504 18689 4237354113
128 505 18686 4237354113
128 506 18688 4237354113
128 507 18689 4237354113
128 508 18688 4237354113
128 509 18689 4237354113
128 510 18689 4237354113
128 511 18689 4237354113
128 512 18689 4237354113
128 513 18689 4237354113
128 514 18688 4237354113
128 515 18687 4237354113
128 516 18687 4237354113
128 517 18689 4237354113
128 518 18688 4237354113
128 519 18688 4237354113
128 520 18689 4237354113
128 521 18689 4237354113
128 522 18687 4237354113
128 523 18688 4237354113
128 524 18716 4237354113
128 525 18688 4237354113
128 526 18687 4237354113
128 527 18689 4237354113
128 528 18689 4237354113
128 529 18687 4237354113
128 530 18688 4237354113
128 531 18686 4237354113
128 532 18685 4237354113
128 533 18689 4237354113
128 534 18685 4237354113
128 535 18689 4237354113
128 536 18687 4237354113
128 537 18686 4237354113
128 538 18689 4237354113
128 539 18688 4237354113
128 540 18688 4237354113
128 541 18688 4237354113
128 542 18688 4237354113
128 543 18689 4237354113
128 544 18688 4237354113
128 545 18687 4237354113
128 546 18688 4237354113
128 547 18688 4237354113
128 548 18688 4237354113
128 549 18688 4237354113
128 550 18688 4237354113
128 551 18687 4237354113
128 552 18688 4237354113
128 553 18686 4237354113
128 554 18687 4237354113
128 555 18688 4237354113
128 556 18689 4237354113
128 557 18687 4237354113
128 558 18688 4237354113
128 559 18688 4237354113
128 560 18689 4237354113
128 561 18689 4237354113
128 562 18688 4237354113
128 563 18689 4237354113
128 564 18689 4237354113
128 565 18689 4237354113
128 566 18688 4237354113
128 567 18687 4237354113
128 568 18687 4237354113
128 569 18688 4237354113
128 570 18687 4237354113
128 571 18686 4237354113
128 572 18686 4237354113
128 573 18686 4237354113
128 574 18688 4237354113
128 575 18688 4237354113
128 576 18689 4237354113
128 577 18688 4237354113
128 578 18686 4237354113
128 579 18685 4237354113
128 580 18688 4237354113
128 581 18688 4237354113
128 582 18688 4237354113
128 583 18688 4237354113
128 584 18689 4237354113
128 585 18689 4237354113
128 586 18689 4237354113
128 587 18689 4237354113
128 588 18686 4237354113
128 589 18687 4237354113
128 590 18716 4237354113
128 591 18686 4237354113
128 592 18688 4237354113
128 593 18687 4237354113
128 594 18687 4237354113
128 595 18687 4237354113
128 596 18689 4237354113
128 597 18688 4237354113
128 598 18688 4237354113
128 599 18688 4237354113
128 600 18688 4237354113
128 601 18688 4237354113
128 602 18687 4237354113
128 603 18712 4237354113
128 604 18687 4237354113
128 605 18688 4237354113
128 606 18689 4237354113
128 607 18688 4237354113
128 608 18689 4237354113
128 609 18687 4237354113
128 610 18689 4237354113
128 611 18687 4237354113
128 612 18688 4237354113
128 613 18686 4237354113
128 614 18688 4237354113
128 615 18685 4237354113
128 616 18686 4237354113
128 617 18687 4237354113
128 618 18688 4237354113
128 619 18689 4237354113
128 620 18688 4237354113
128 621 18688 4237354113
128 622 18687 4237354113
128 623 18688 4237354113
128 624 18686 4237354113
128 625 18688 4237354113
128 626 18689 4237354113
128 627 18686 4237354113
128 628 18688 4237354113
128 629 18688 4237354113
128 630 18689 4237354113
128 631 18688 4237354113
128 632 18688 4237354113
128 633 18689 4237354113
128 634 18689 4237354113
128 635 18688 4237354113
128 636 18687 4237354113
128 637 18686 4237354113
128 638 18717 4237354113
128 639 18688 4237354113
128 640 18688 4237354113
128 641 18687 4237354113
128 642 18689 4237354113
128 643 18686 4237354113
128 644 18688 4237354113
128 645 18689 4237354113
128 646 18686 4237354113
128 647 18688 4237354113
128 648 18687 4237354113
128 649 18686 4237354113
128 650 18688 4237354113
128 651 18689 4237354113
128 652 18688 4237354113
128 653 18689 4237354113
128 654 18689 4237354113
128 655 18687 4237354113
128 656 18686 4237354113
128 657 18689 4237354113
128 658 18686 4237354113
128 659 18686 4237354113
128 660 18689 4237354113
128 661 18687 4237354113
128 662 18689 4237354113
128 663 18689 4237354113
128 664 18688 4237354113
128 665 18688 4237354113
128 666 18689 4237354113
128 667 18686 4237354113
128 668 18686 4237354113
128 669 18688 4237354113
128 670 18687 4237354113
128 671 18689 4237354113
128 672 18689 4237354113
128 673 18687 4237354113
128 674 18685 4237354113
128 675 18686 4237354113
128 676 18687 4237354113
128 677 18689 4237354113
128 678 18687 4237354113
128 679 18688 4237354113
128 680 18688 4237354113
128 681 18688 4237354113
128 682 18689 4237354113
128 683 18689 4237354113
128 684 18689 4237354113
128 685 18689 4237354113
128 686 18688 4237354113
128 687 18688 4237354113
128 688 18689 4237354113
128 689 18688 4237354113
128 690 18686 4237354113
128 691 18713 4237354113
128 692 18688 4237354113
128 693 18687 4237354113
128 694 18686 4237354113
128 695 18687 4237354113
128 696 18686 4237354113
128 697 18687 4237354113
128 698 18688 4237354113
128 699 18689 4237354113
128 700 18686 4237354113
128 701 18687 4237354113
128 702 18688 4237354113
128 703 18689 4237354113
128 704 18686 4237354113
128 705 18689 4237354113
128 706 18689 4237354113
128 707 18688 4237354113
128 708 18689 4237354113
128 709 18689 4237354113
128 710 18689 4237354113
128 711 18689 4237354113
128 712 18686 4237354113
128 713 18689 4237354113
128 714 18689 4237354113
128 715 18688 4237354113
128 716 18689 4237354113
128 717 18708 4237354113
128 718 18688 4237354113
128 719 18687 4237354113
128 720 18689 4237354113
128 721 18689 4237354113
128 722 18688 4237354113
128 723 18688 4237354113
128 724 18689 4237354113
128 725 18688 4237354113
128 726 18685 4237354113
128 727 18689 4237354113
128 728 18687 4237354113
128 729 18687 4237354113
128 730 18689 4237354113
128 731 18688 4237354113
128 732 18689 4237354113
128 733 18688 4237354113
128 734 18689 4237354113
128 735 18688 4237354113
128 736 18688 4237354113
128 737 18687 4237354113
128 738 18688 4237354113
128 739 18714 4237354113
128 740 18688 4237354113
128 741 18689 4237354113
128 742 18688 4237354113
128 743 18689 4237354113
128 744 18687 4237354113
128 745 18687 4237354113
128 746 18686 4237354113
128 747 18689 4237354113
128 748 18716 4237354113
128 749 18687 4237354113
128 750 18687 4237354113
128 751 18689 4237354113
128 752 18687 4237354113
128 753 18688 4237354113
128 754 18689 4237354113
128 755 18687 4237354113
128 756 18689 4237354113
128 757 18687 4237354113
128 758 18688 4237354113
128 759 18687 4237354113
128 760 18688 4237354113
128 761 18711 4237354113
128 762 18689 4237354113
128 763 18688 4237354113
128 764 18686 4237354113
128 765 18688 4237354113
128 766 18688 4237354113
128 767 18686 4237354113
128 768 18685 4237354113
128 769 18687 4237354113
128 770 18710 4237354113
128 771 18688 4237354113
128 772 18689 4237354113
128 773 18688 4237354113
128 774 18687 4237354113
128 775 18686 4237354113
128 776 18686 4237354113
128 777 18689 4237354113
128 778 18687 4237354113
128 779 18689 4237354113
128 780 18688 4237354113
128 781 18689 4237354113
128 782 18689 4237354113
128 783 18688 4237354113
128 784 18689 4237354113
128 785 18688 4237354113
128 786 18687 4237354113
128 787 18688 4237354113
128 788 18687 4237354113
128 789 18687 4237354113
128 790 18689 4237354113
128 791 18687 4237354113
128 792 18689 4237354113
128 793 18688 4237354113
128 794 18688 4237354113
128 795 18686 4237354113
128 796 18687 4237354113
128 797 18688 4237354113
128 798 18689 4237354113
128 799 18689 4237354113
128 800 18686 4237354113
128 801 18687 4237354113
128 802 18689 4237354113
128 803 18686 4237354113
128 804 18688 4237354113
128 805 18713 4237354113
128 806 18688 4237354113
128 807 18686 4237354113
128 808 18688 4237354113
128 809 18688 4237354113
128 810 18688 4237354113
128 811 18689 4237354113
128 812 18688 4237354113
128 813 18687 4237354113
128 814 18687 4237354113
128 815 18688 4237354113
128 816 18689 4237354113
128 817 18689 4237354113
128 818 18716 4237354113
128 819 18688 4237354113
128 820 18687 4237354113
128 821 18689 4237354113
128 822 18689 4237354113
128 823 18686 4237354113
128 824 18689 4237354113
128 825 18687 4237354113
128 826 18687 4237354113
128 827 18689 4237354113
128 828 18686 4237354113
128 829 18687 4237354113
128 830 18688 4237354113
128 831 18689 4237354113
128 832 18686 4237354113
128 833 18689 4237354113
128 834 18688 4237354113
128 835 18688 4237354113
128 836 18689 4237354113
128 837 18689 4237354113
128 838 18689 4237354113
128 839 18688 4237354113
128 840 18714 4237354113
128 841 18689 4237354113
128 842 18687 4237354113
128 843 18687 4237354113
128 844 18688 4237354113
128 845 18687 4237354113
128 846 18689 4237354113
128 847 18688 4237354113
128 848 18689 4237354113
128 849 18688 4237354113
128 850 18688 4237354113
128 851 18687 4237354113
128 852 18689 4237354113
128 853 18686 4237354113
128 854 18688 4237354113
128 855 18686 4237354113
128 856 18689 4237354113
128 857 18689 4237354113
128 858 18689 4237354113
128 859 18689 4237354113
128 860 18689 4237354113
128 861 18686 4237354113
128 862 18713 4237354113
128 863 18689 4237354113
128 864 18689 4237354113
128 865 18688 4237354113
128 866 18689 4237354113
128 867 18689 4237354113
128 868 18689 4237354113
128 869 18689 4237354113
128 870 18689 4237354113
128 871 18711 4237354113
128 872 18688 4237354113
128 873 18688 4237354113
128 874 18686 4237354113
128 875 18689 4237354113
128 876 18686 4237354113
128 877 18688 4237354113
128 878 18688 4237354113
128 879 18686 4237354113
128 880 18688 4237354113
128 881 18689 4237354113
128 882 18687 4237354113
128 883 18689 4237354113
128 884 18688 4237354113
128 885 18689 4237354113
128 886 18689 4237354113
128 887 18688 4237354113
128 888 18689 4237354113
128 889 18689 4237354113
128 890 18687 4237354113
128 891 18686 4237354113
128 892 18689 4237354113
128 893 18688 4237354113
128 894 18689 4237354113
128 895 18687 4237354113
128 896 18688 4237354113
128 897 18713 4237354113
128 898 18689 4237354113
128 899 18689 4237354113
128 900 18689 4237354113
128 901 18688 4237354113
128 902 18689 4237354113
128 903 18687 4237354113
128 904 18686 4237354113
128 905 18688 4237354113
128 906 18688 4237354113
128 907 18689 4237354113
128 908 18687 4237354113
128 909 18688 4237354113
128 910 18686 4237354113
128 911 18688 4237354113
128 912 18685 4237354113
128 913 18688 4237354113
128 914 18689 4237354113
128 915 18688 4237354113
128 916 18688 4237354113
128 917 18688 4237354113
128 918 18689 4237354113
128 919 18687 4237354113
128 920 18689 4237354113
128 921 18686 4237354113
128 922 18689 4237354113
128 923 18689 4237354113
128 924 18688 4237354113
128 925 18688 4237354113
128 926 18689 4237354113
128 927 18686 4237354113
128 928 18713 4237354113
128 929 18688 4237354113
128 930 18688 4237354113
128 931 18686 4237354113
128 932 18688 4237354113
128 933 18689 4237354113
128 934 18688 4237354113
128 935 18688 4237354113
128 936 18686 4237354113
128 937 18688 4237354113
128 938 18688 4237354113
128 939 18688 4237354113
128 940 18689 4237354113
128 941 18689 4237354113
128 942 18688 4237354113
128 943 18689 4237354113
128 944 18686 4237354113
128 945 18689 4237354113
128 946 18689 4237354113
128 947 18687 4237354113
128 948 18688 4237354113
128 949 18688 4237354113
128 950 18712 4237354113
128 951 18688 4237354113
128 952 18687 4237354113
128 953 18689 4237354113
128 954 18689 4237354113
128 955 18689 4237354113
128 956 18688 4237354113
128 957 18689 4237354113
128 958 18686 4237354113
128 959 18686 4237354113
128 960 18689 4237354113
128 961 18688 4237354113
128 962 18686 4237354113
128 963 18686 4237354113
128 964 18689 4237354113
128 965 18689 4237354113
128 966 18687 4237354113
128 967 18687 4237354113
128 968 18687 4237354113
128 969 18687 4237354113
128 970 18689 4237354113
128 971 18689 4237354113
128 972 18688 4237354113
128 973 18688 4237354113
128 974 18689 4237354113
128 975 18687 4237354113
128 976 18689 4237354113
128 977 18689 4237354113
128 978 18689 4237354113
128 979 18688 4237354113
128 980 18686 4237354113
128 981 18689 4237354113
128 982 18689 4237354113
128 983 18689 4237354113
128 984 18688 4237354113
128 985 18712 4237354113
128 986 18688 4237354113
128 987 18688 4237354113
128 988 18687 4237354113
128 989 18688 4237354113
128 990 18689 4237354113
128 991 18689 4237354113
128 992 18688 4237354113
128 993 18689 4237354113
128 994 18688 4237354113
128 995 18688 4237354113
128 996 18689 4237354113
128 997 18687 4237354113
128 998 18687 4237354113
128 999 18688 4237354113
