4 0 40 344
4 1 4 344
4 2 0 344
4 3 0 344
4 4 0 344
4 5 0 344
4 6 0 344
4 7 0 344
4 8 0 344
4 9 0 344
4 10 0 344
4 11 0 344
4 12 0 344
4 13 0 344
4 14 0 344
4 15 0 344
4 16 0 344
4 17 0 344
4 18 0 344
4 19 0 344
4 20 0 344
4 21 0 344
4 22 0 344
4 23 0 344
4 24 0 344
4 25 0 344
4 26 0 344
4 27 0 344
4 28 0 344
4 29 0 344
4 30 0 344
4 31 0 344
4 32 0 344
4 33 0 344
4 34 0 344
4 35 0 344
4 36 0 344
4 37 0 344
4 38 0 344
4 39 0 344
4 40 0 344
4 41 0 344
4 42 0 344
4 43 0 344
4 44 0 344
4 45 0 344
4 46 0 344
4 47 0 344
4 48 0 344
4 49 0 344
4 50 0 344
4 51 0 344
4 52 0 344
4 53 0 344
4 54 0 344
4 55 0 344
4 56 0 344
4 57 0 344
4 58 0 344
4 59 0 344
4 60 0 344
4 61 0 344
4 62 0 344
4 63 0 344
4 64 0 344
4 65 0 344
4 66 0 344
4 67 0 344
4 68 0 344
4 69 0 344
4 70 0 344
4 71 0 344
4 72 0 344
4 73 0 344
4 74 0 344
4 75 0 344
4 76 0 344
4 77 0 344
4 78 0 344
4 79 0 344
4 80 0 344
4 81 0 344
4 82 0 344
4 83 0 344
4 84 0 344
4 85 0 344
4 86 0 344
4 87 0 344
4 88 0 344
4 89 0 344
4 90 0 344
4 91 0 344
4 92 0 344
4 93 0 344
4 94 0 344
4 95 0 344
4 96 0 344
4 97 0 344
4 98 0 344
4 99 0 344
4 100 0 344
4 101 0 344
4 102 0 344
4 103 0 344
4 104 0 344
4 105 0 344
4 106 0 344
4 107 0 344
4 108 0 344
4 109 0 344
4 110 0 344
4 111 0 344
4 112 0 344
4 113 0 344
4 114 0 344
4 115 0 344
4 116 0 344
4 117 0 344
4 118 0 344
4 119 0 344
4 120 0 344
4 121 0 344
4 122 0 344
4 123 0 344
4 124 0 344
4 125 0 344
4 126 0 344
4 127 0 344
4 128 0 344
4 129 0 344
4 130 0 344
4 131 0 344
4 132 0 344
4 133 0 344
4 134 0 344
4 135 0 344
4 136 0 344
4 137 0 344
4 138 0 344
4 139 0 344
4 140 0 344
4 141 0 344
4 142 0 344
4 143 0 344
4 144 0 344
4 145 0 344
4 146 0 344
4 147 0 344
4 148 0 344
4 149 0 344
4 150 0 344
4 151 0 344
4 152 0 344
4 153 0 344
4 154 0 344
4 155 0 344
4 156 0 344
4 157 0 344
4 158 0 344
4 159 0 344
4 160 0 344
4 161 0 344
4 162 0 344
4 163 0 344
4 164 0 344
4 165 0 344
4 166 0 344
4 167 0 344
4 168 0 344
4 169 0 344
4 170 0 344
4 171 0 344
4 172 0 344
4 173 0 344
4 174 0 344
4 175 0 344
4 176 0 344
4 177 0 344
4 178 0 344
4 179 0 344
4 180 0 344
4 181 0 344
4 182 0 344
4 183 0 344
4 184 0 344
4 185 0 344
4 186 0 344
4 187 0 344
4 188 0 344
4 189 0 344
4 190 0 344
4 191 0 344
4 192 0 344
4 193 0 344
4 194 0 344
4 195 0 344
4 196 0 344
4 197 0 344
4 198 0 344
4 199 0 344
4 200 0 344
4 201 0 344
4 202 0 344
4 203 0 344
4 204 0 344
4 205 0 344
4 206 0 344
4 207 0 344
4 208 0 344
4 209 0 344
4 210 0 344
4 211 0 344
4 212 0 344
4 213 0 344
4 214 0 344
4 215 0 344
4 216 0 344
4 217 0 344
4 218 0 344
4 219 0 344
4 220 0 344
4 221 0 344
4 222 0 344
4 223 0 344
4 224 0 344
4 225 0 344
4 226 0 344
4 227 0 344
4 228 0 344
4 229 0 344
4 230 0 344
4 231 0 344
4 232 0 344
4 233 0 344
4 234 0 344
4 235 0 344
4 236 0 344
4 237 0 344
4 238 0 344
4 239 0 344
4 240 0 344
4 241 0 344
4 242 0 344
4 243 0 344
4 244 0 344
4 245 0 344
4 246 0 344
4 247 0 344
4 248 0 344
4 249 0 344
4 250 0 344
4 251 0 344
4 252 0 344
4 253 0 344
4 254 0 344
4 255 0 344
4 256 0 344
4 257 0 344
4 258 0 344
4 259 0 344
4 260 0 344
4 261 0 344
4 262 0 344
4 263 0 344
4 264 0 344
4 265 0 344
4 266 0 344
4 267 0 344
4 268 0 344
4 269 0 344
4 270 0 344
4 271 0 344
4 272 0 344
4 273 0 344
4 274 0 344
4 275 0 344
4 276 0 344
4 277 0 344
4 278 0 344
4 279 0 344
4 280 0 344
4 281 0 344
4 282 0 344
4 283 0 344
4 284 0 344
4 285 0 344
4 286 0 344
4 287 0 344
4 288 0 344
4 289 0 344
4 290 0 344
4 291 0 344
4 292 0 344
4 293 0 344
4 294 0 344
4 295 0 344
4 296 0 344
4 297 0 344
4 298 0 344
4 299 0 344
4 300 0 344
4 301 0 344
4 302 0 344
4 303 0 344
4 304 0 344
4 305 0 344
4 306 0 344
4 307 0 344
4 308 0 344
4 309 0 344
4 310 0 344
4 311 0 344
4 312 0 344
4 313 0 344
4 314 0 344
4 315 0 344
4 316 0 344
4 317 0 344
4 318 0 344
4 319 0 344
4 320 0 344
4 321 0 344
4 322 0 344
4 323 0 344
4 324 0 344
4 325 0 344
4 326 0 344
4 327 0 344
4 328 0 344
4 329 0 344
4 330 0 344
4 331 0 344
4 332 0 344
4 333 0 344
4 334 0 344
4 335 0 344
4 336 0 344
4 337 0 344
4 338 0 344
4 339 0 344
4 340 0 344
4 341 0 344
4 342 0 344
4 343 0 344
4 344 0 344
4 345 0 344
4 346 0 344
4 347 0 344
4 348 0 344
4 349 0 344
4 350 0 344
4 351 0 344
4 352 0 344
4 353 0 344
4 354 0 344
4 355 0 344
4 356 0 344
4 357 0 344
4 358 0 344
4 359 0 344
4 360 0 344
4 361 0 344
4 362 0 344
4 363 0 344
4 364 0 344
4 365 0 344
4 366 0 344
4 367 0 344
4 368 0 344
4 369 0 344
4 370 0 344
4 371 0 344
4 372 0 344
4 373 0 344
4 374 0 344
4 375 0 344
4 376 0 344
4 377 0 344
4 378 0 344
4 379 0 344
4 380 0 344
4 381 0 344
4 382 0 344
4 383 0 344
4 384 0 344
4 385 0 344
4 386 0 344
4 387 0 344
4 388 0 344
4 389 0 344
4 390 0 344
4 391 0 344
4 392 0 344
4 393 0 344
4 394 0 344
4 395 0 344
4 396 0 344
4 397 0 344
4 398 0 344
4 399 0 344
4 400 0 344
4 401 0 344
4 402 0 344
4 403 0 344
4 404 0 344
4 405 0 344
4 406 0 344
4 407 0 344
4 408 0 344
4 409 0 344
4 410 0 344
4 411 0 344
4 412 0 344
4 413 0 344
4 414 0 344
4 415 0 344
4 416 0 344
4 417 0 344
4 418 0 344
4 419 0 344
4 420 0 344
4 421 0 344
4 422 0 344
4 423 0 344
4 424 0 344
4 425 0 344
4 426 0 344
4 427 0 344
4 428 0 344
4 429 0 344
4 430 0 344
4 431 0 344
4 432 0 344
4 433 0 344
4 434 0 344
4 435 0 344
4 436 0 344
4 437 0 344
4 438 0 344
4 439 0 344
4 440 0 344
4 441 0 344
4 442 0 344
4 443 0 344
4 444 0 344
4 445 0 344
4 446 0 344
4 447 0 344
4 448 0 344
4 449 0 344
4 450 0 344
4 451 0 344
4 452 0 344
4 453 0 344
4 454 0 344
4 455 0 344
4 456 0 344
4 457 0 344
4 458 0 344
4 459 0 344
4 460 0 344
4 461 0 344
4 462 0 344
4 463 0 344
4 464 0 344
4 465 0 344
4 466 0 344
4 467 0 344
4 468 0 344
4 469 0 344
4 470 0 344
4 471 0 344
4 472 0 344
4 473 0 344
4 474 0 344
4 475 0 344
4 476 0 344
4 477 0 344
4 478 0 344
4 479 0 344
4 480 0 344
4 481 0 344
4 482 0 344
4 483 0 344
4 484 0 344
4 485 0 344
4 486 0 344
4 487 0 344
4 488 0 344
4 489 0 344
4 490 0 344
4 491 0 344
4 492 0 344
4 493 0 344
4 494 0 344
4 495 0 344
4 496 0 344
4 497 0 344
4 498 0 344
4 499 0 344
4 500 0 344
4 501 0 344
4 502 0 344
4 503 0 344
4 504 0 344
4 505 0 344
4 506 0 344
4 507 0 344
4 508 0 344
4 509 0 344
4 510 0 344
4 511 0 344
4 512 0 344
4 513 0 344
4 514 0 344
4 515 0 344
4 516 0 344
4 517 0 344
4 518 0 344
4 519 0 344
4 520 0 344
4 521 0 344
4 522 0 344
4 523 0 344
4 524 0 344
4 525 0 344
4 526 0 344
4 527 0 344
4 528 0 344
4 529 0 344
4 530 0 344
4 531 0 344
4 532 0 344
4 533 0 344
4 534 0 344
4 535 0 344
4 536 0 344
4 537 0 344
4 538 0 344
4 539 0 344
4 540 0 344
4 541 0 344
4 542 0 344
4 543 0 344
4 544 0 344
4 545 0 344
4 546 0 344
4 547 0 344
4 548 0 344
4 549 0 344
4 550 0 344
4 551 0 344
4 552 0 344
4 553 0 344
4 554 0 344
4 555 0 344
4 556 0 344
4 557 0 344
4 558 0 344
4 559 0 344
4 560 0 344
4 561 0 344
4 562 0 344
4 563 0 344
4 564 0 344
4 565 0 344
4 566 0 344
4 567 0 344
4 568 0 344
4 569 0 344
4 570 0 344
4 571 0 344
4 572 0 344
4 573 0 344
4 574 0 344
4 575 0 344
4 576 0 344
4 577 0 344
4 578 0 344
4 579 0 344
4 580 0 344
4 581 0 344
4 582 0 344
4 583 0 344
4 584 0 344
4 585 0 344
4 586 0 344
4 587 0 344
4 588 0 344
4 589 0 344
4 590 0 344
4 591 0 344
4 592 0 344
4 593 0 344
4 594 0 344
4 595 0 344
4 596 0 344
4 597 0 344
4 598 0 344
4 599 0 344
4 600 0 344
4 601 0 344
4 602 0 344
4 603 0 344
4 604 0 344
4 605 0 344
4 606 0 344
4 607 0 344
4 608 0 344
4 609 0 344
4 610 0 344
4 611 0 344
4 612 0 344
4 613 0 344
4 614 0 344
4 615 0 344
4 616 0 344
4 617 0 344
4 618 0 344
4 619 0 344
4 620 0 344
4 621 0 344
4 622 0 344
4 623 0 344
4 624 0 344
4 625 0 344
4 626 0 344
4 627 0 344
4 628 0 344
4 629 0 344
4 630 0 344
4 631 0 344
4 632 0 344
4 633 0 344
4 634 0 344
4 635 0 344
4 636 0 344
4 637 0 344
4 638 0 344
4 639 0 344
4 640 0 344
4 641 0 344
4 642 0 344
4 643 0 344
4 644 0 344
4 645 0 344
4 646 0 344
4 647 0 344
4 648 0 344
4 649 0 344
4 650 0 344
4 651 0 344
4 652 0 344
4 653 0 344
4 654 0 344
4 655 0 344
4 656 0 344
4 657 0 344
4 658 0 344
4 659 0 344
4 660 0 344
4 661 0 344
4 662 0 344
4 663 0 344
4 664 0 344
4 665 0 344
4 666 0 344
4 667 0 344
4 668 0 344
4 669 0 344
4 670 0 344
4 671 0 344
4 672 0 344
4 673 0 344
4 674 0 344
4 675 0 344
4 676 0 344
4 677 0 344
4 678 0 344
4 679 0 344
4 680 0 344
4 681 0 344
4 682 0 344
4 683 0 344
4 684 0 344
4 685 0 344
4 686 0 344
4 687 0 344
4 688 0 344
4 689 0 344
4 690 0 344
4 691 0 344
4 692 0 344
4 693 0 344
4 694 0 344
4 695 0 344
4 696 0 344
4 697 0 344
4 698 0 344
4 699 0 344
4 700 0 344
4 701 0 344
4 702 0 344
4 703 0 344
4 704 0 344
4 705 0 344
4 706 0 344
4 707 0 344
4 708 0 344
4 709 0 344
4 710 0 344
4 711 0 344
4 712 0 344
4 713 0 344
4 714 0 344
4 715 0 344
4 716 0 344
4 717 0 344
4 718 0 344
4 719 0 344
4 720 0 344
4 721 0 344
4 722 0 344
4 723 0 344
4 724 0 344
4 725 0 344
4 726 0 344
4 727 0 344
4 728 0 344
4 729 0 344
4 730 0 344
4 731 0 344
4 732 0 344
4 733 0 344
4 734 0 344
4 735 0 344
4 736 0 344
4 737 0 344
4 738 0 344
4 739 0 344
4 740 0 344
4 741 0 344
4 742 0 344
4 743 0 344
4 744 0 344
4 745 0 344
4 746 0 344
4 747 0 344
4 748 0 344
4 749 0 344
4 750 0 344
4 751 0 344
4 752 0 344
4 753 0 344
4 754 0 344
4 755 0 344
4 756 0 344
4 757 0 344
4 758 0 344
4 759 0 344
4 760 0 344
4 761 0 344
4 762 0 344
4 763 0 344
4 764 0 344
4 765 0 344
4 766 0 344
4 767 0 344
4 768 0 344
4 769 0 344
4 770 0 344
4 771 0 344
4 772 0 344
4 773 0 344
4 774 0 344
4 775 0 344
4 776 0 344
4 777 0 344
4 778 0 344
4 779 0 344
4 780 0 344
4 781 0 344
4 782 0 344
4 783 0 344
4 784 0 344
4 785 0 344
4 786 0 344
4 787 0 344
4 788 0 344
4 789 0 344
4 790 0 344
4 791 0 344
4 792 0 344
4 793 0 344
4 794 0 344
4 795 0 344
4 796 0 344
4 797 0 344
4 798 0 344
4 799 0 344
4 800 0 344
4 801 0 344
4 802 0 344
4 803 0 344
4 804 0 344
4 805 0 344
4 806 0 344
4 807 0 344
4 808 0 344
4 809 0 344
4 810 0 344
4 811 0 344
4 812 0 344
4 813 0 344
4 814 0 344
4 815 0 344
4 816 0 344
4 817 0 344
4 818 0 344
4 819 0 344
4 820 0 344
4 821 0 344
4 822 0 344
4 823 0 344
4 824 0 344
4 825 0 344
4 826 0 344
4 827 0 344
4 828 0 344
4 829 0 344
4 830 0 344
4 831 0 344
4 832 0 344
4 833 0 344
4 834 0 344
4 835 0 344
4 836 0 344
4 837 0 344
4 838 0 344
4 839 0 344
4 840 0 344
4 841 0 344
4 842 0 344
4 843 0 344
4 844 0 344
4 845 0 344
4 846 0 344
4 847 0 344
4 848 0 344
4 849 0 344
4 850 0 344
4 851 0 344
4 852 0 344
4 853 0 344
4 854 0 344
4 855 0 344
4 856 0 344
4 857 0 344
4 858 0 344
4 859 0 344
4 860 0 344
4 861 0 344
4 862 0 344
4 863 0 344
4 864 0 344
4 865 0 344
4 866 0 344
4 867 0 344
4 868 0 344
4 869 0 344
4 870 0 344
4 871 0 344
4 872 0 344
4 873 0 344
4 874 0 344
4 875 0 344
4 876 0 344
4 877 0 344
4 878 0 344
4 879 0 344
4 880 0 344
4 881 0 344
4 882 0 344
4 883 0 344
4 884 0 344
4 885 0 344
4 886 0 344
4 887 0 344
4 888 0 344
4 889 0 344
4 890 0 344
4 891 0 344
4 892 0 344
4 893 0 344
4 894 0 344
4 895 0 344
4 896 0 344
4 897 0 344
4 898 0 344
4 899 0 344
4 900 0 344
4 901 0 344
4 902 0 344
4 903 0 344
4 904 0 344
4 905 0 344
4 906 0 344
4 907 0 344
4 908 0 344
4 909 0 344
4 910 0 344
4 911 0 344
4 912 0 344
4 913 0 344
4 914 0 344
4 915 0 344
4 916 0 344
4 917 0 344
4 918 0 344
4 919 0 344
4 920 0 344
4 921 0 344
4 922 0 344
4 923 0 344
4 924 0 344
4 925 0 344
4 926 0 344
4 927 0 344
4 928 0 344
4 929 0 344
4 930 0 344
4 931 0 344
4 932 0 344
4 933 0 344
4 934 0 344
4 935 0 344
4 936 0 344
4 937 0 344
4 938 0 344
4 939 0 344
4 940 0 344
4 941 0 344
4 942 0 344
4 943 0 344
4 944 0 344
4 945 0 344
4 946 0 344
4 947 0 344
4 948 0 344
4 949 0 344
4 950 0 344
4 951 0 344
4 952 0 344
4 953 0 344
4 954 0 344
4 955 0 344
4 956 0 344
4 957 0 344
4 958 0 344
4 959 0 344
4 960 0 344
4 961 0 344
4 962 0 344
4 963 0 344
4 964 0 344
4 965 0 344
4 966 0 344
4 967 0 344
4 968 0 344
4 969 0 344
4 970 0 344
4 971 0 344
4 972 0 344
4 973 0 344
4 974 0 344
4 975 0 344
4 976 0 344
4 977 0 344
4 978 0 344
4 979 0 344
4 980 0 344
4 981 0 344
4 982 0 344
4 983 0 344
4 984 0 344
4 985 0 344
4 986 0 344
4 987 0 344
4 988 0 344
4 989 0 344
4 990 0 344
4 991 0 344
4 992 0 344
4 993 0 344
4 994 0 344
4 995 0 344
4 996 0 344
4 997 0 344
4 998 0 344
4 999 0 344
