16 0 3446 3152926662
16 1 2990 3152926632
16 2 2992 3152926632
16 3 2991 3152926632
16 4 2992 3152926632
16 5 2992 3152926632
16 6 2992 3152926632
16 7 2992 3152926632
16 8 2992 3152926632
16 9 2992 3152926632
16 10 2992 3152926632
16 11 2992 3152926632
16 12 2992 3152926632
16 13 2992 3152926632
16 14 2992 3152926632
16 15 2992 3152926632
16 16 2991 3152926632
16 17 2992 3152926632
16 18 2992 3152926632
16 19 2992 3152926632
16 20 2992 3152926632
16 21 2992 3152926632
16 22 2992 3152926632
16 23 2992 3152926632
16 24 2992 3152926632
16 25 2992 3152926632
16 26 2992 3152926632
16 27 2992 3152926632
16 28 2992 3152926632
16 29 2992 3152926632
16 30 2992 3152926632
16 31 2992 3152926632
16 32 2992 3152926632
16 33 2992 3152926632
16 34 2992 3152926632
16 35 2992 3152926632
16 36 2992 3152926632
16 37 2992 3152926632
16 38 2992 3152926632
16 39 2992 3152926632
16 40 2992 3152926632
16 41 2992 3152926632
16 42 2992 3152926632
16 43 2992 3152926632
16 44 2992 3152926632
16 45 2992 3152926632
16 46 2992 3152926632
16 47 2992 3152926632
16 48 2992 3152926632
16 49 2992 3152926632
16 50 2992 3152926632
16 51 2992 3152926632
16 52 2992 3152926632
16 53 2992 3152926632
16 54 2992 3152926632
16 55 2992 3152926632
16 56 2991 3152926632
16 57 2992 3152926632
16 58 2992 3152926632
16 59 2992 3152926632
16 60 2992 3152926632
16 61 2992 3152926632
16 62 2992 3152926632
16 63 2992 3152926632
16 64 2992 3152926632
16 65 2992 3152926632
16 66 2991 3152926632
16 67 2992 3152926632
16 68 2992 3152926632
16 69 2992 3152926632
16 70 2992 3152926632
16 71 2992 3152926632
16 72 2992 3152926632
16 73 2992 3152926632
16 74 2992 3152926632
16 75 2992 3152926632
16 76 2992 3152926632
16 77 2992 3152926632
16 78 2992 3152926632
16 79 2992 3152926632
16 80 2992 3152926632
16 81 3007 3152926632
16 82 3007 3152926632
16 83 3007 3152926632
16 84 3007 3152926632
16 85 3007 3152926632
16 86 3007 3152926632
16 87 3007 3152926632
16 88 3007 3152926632
16 89 3007 3152926632
16 90 3007 3152926632
16 91 2992 3152926632
16 92 2992 3152926632
16 93 2992 3152926632
16 94 2992 3152926632
16 95 2992 3152926632
16 96 2992 3152926632
16 97 2992 3152926632
16 98 2992 3152926632
16 99 2992 3152926632
16 100 2992 3152926632
16 101 2991 3152926632
16 102 2992 3152926632
16 103 2992 3152926632
16 104 2992 3152926632
16 105 2991 3152926632
16 106 2992 3152926632
16 107 2992 3152926632
16 108 2992 3152926632
16 109 2992 3152926632
16 110 2992 3152926632
16 111 2992 3152926632
16 112 2992 3152926632
16 113 2992 3152926632
16 114 2992 3152926632
16 115 2992 3152926632
16 116 2992 3152926632
16 117 2992 3152926632
16 118 2992 3152926632
16 119 2992 3152926632
16 120 2992 3152926632
16 121 2992 3152926632
16 122 2992 3152926632
16 123 2992 3152926632
16 124 2992 3152926632
16 125 2991 3152926632
16 126 2992 3152926632
16 127 2992 3152926632
16 128 2992 3152926632
16 129 2992 3152926632
16 130 2992 3152926632
16 131 2992 3152926632
16 132 2992 3152926632
16 133 2992 3152926632
16 134 2991 3152926632
16 135 2992 3152926632
16 136 2992 3152926632
16 137 2992 3152926632
16 138 2992 3152926632
16 139 2991 3152926632
16 140 2992 3152926632
16 141 2992 3152926632
16 142 2992 3152926632
16 143 2992 3152926632
16 144 2991 3152926632
16 145 2992 3152926632
16 146 2992 3152926632
16 147 2992 3152926632
16 148 2992 3152926632
16 149 2991 3152926632
16 150 2992 3152926632
16 151 2992 3152926632
16 152 2992 3152926632
16 153 2992 3152926632
16 154 2992 3152926632
16 155 2992 3152926632
16 156 2992 3152926632
16 157 2992 3152926632
16 158 2991 3152926632
16 159 2992 3152926632
16 160 2992 3152926632
16 161 2992 3152926632
16 162 2992 3152926632
16 163 2991 3152926632
16 164 2992 3152926632
16 165 2992 3152926632
16 166 2992 3152926632
16 167 2992 3152926632
16 168 2992 3152926632
16 169 2992 3152926632
16 170 2992 3152926632
16 171 2992 3152926632
16 172 2992 3152926632
16 173 2991 3152926632
16 174 2992 3152926632
16 175 2992 3152926632
16 176 2992 3152926632
16 177 2991 3152926632
16 178 2992 3152926632
16 179 2992 3152926632
16 180 2992 3152926632
16 181 2992 3152926632
16 182 2992 3152926632
16 183 2992 3152926632
16 184 2992 3152926632
16 185 2992 3152926632
16 186 2992 3152926632
16 187 2992 3152926632
16 188 2992 3152926632
16 189 2992 3152926632
16 190 2992 3152926632
16 191 2992 3152926632
16 192 2992 3152926632
16 193 2992 3152926632
16 194 2992 3152926632
16 195 2992 3152926632
16 196 2991 3152926632
16 197 2992 3152926632
16 198 2992 3152926632
16 199 2992 3152926632
16 200 2992 3152926632
16 201 2992 3152926632
16 202 2992 3152926632
16 203 2992 3152926632
16 204 2992 3152926632
16 205 2992 3152926632
16 206 2991 3152926632
16 207 2992 3152926632
16 208 2992 3152926632
16 209 2992 3152926632
16 210 2992 3152926632
16 211 2991 3152926632
16 212 2992 3152926632
16 213 2992 3152926632
16 214 2992 3152926632
16 215 2992 3152926632
16 216 2992 3152926632
16 217 2992 3152926632
16 218 2992 3152926632
16 219 2992 3152926632
16 220 2991 3152926632
16 221 2992 3152926632
16 222 2992 3152926632
16 223 2992 3152926632
16 224 2992 3152926632
16 225 2992 3152926632
16 226 2992 3152926632
16 227 2992 3152926632
16 228 2992 3152926632
16 229 2992 3152926632
16 230 2992 3152926632
16 231 2992 3152926632
16 232 2992 3152926632
16 233 2992 3152926632
16 234 2992 3152926632
16 235 2992 3152926632
16 236 2992 3152926632
16 237 2992 3152926632
16 238 2992 3152926632
16 239 2992 3152926632
16 240 2992 3152926632
16 241 2992 3152926632
16 242 2992 3152926632
16 243 2992 3152926632
16 244 2992 3152926632
16 245 2992 3152926632
16 246 2992 3152926632
16 247 2992 3152926632
16 248 2992 3152926632
16 249 2992 3152926632
16 250 2992 3152926632
16 251 2992 3152926632
16 252 2992 3152926632
16 253 2991 3152926632
16 254 2992 3152926632
16 255 2992 3152926632
16 256 2992 3152926632
16 257 2992 3152926632
16 258 2992 3152926632
16 259 2992 3152926632
16 260 2992 3152926632
16 261 2992 3152926632
16 262 2992 3152926632
16 263 2991 3152926632
16 264 2992 3152926632
16 265 2992 3152926632
16 266 2992 3152926632
16 267 2992 3152926632
16 268 2991 3152926632
16 269 2992 3152926632
16 270 2992 3152926632
16 271 2992 3152926632
16 272 2992 3152926632
16 273 2992 3152926632
16 274 2992 3152926632
16 275 2992 3152926632
16 276 2992 3152926632
16 277 2991 3152926632
16 278 2992 3152926632
16 279 2992 3152926632
16 280 2992 3152926632
16 281 2992 3152926632
16 282 2992 3152926632
16 283 2992 3152926632
16 284 2992 3152926632
16 285 2992 3152926632
16 286 2992 3152926632
16 287 2991 3152926632
16 288 2992 3152926632
16 289 2992 3152926632
16 290 2992 3152926632
16 291 2992 3152926632
16 292 2991 3152926632
16 293 2992 3152926632
16 294 2992 3152926632
16 295 2992 3152926632
16 296 2992 3152926632
16 297 2992 3152926632
16 298 2992 3152926632
16 299 2992 3152926632
16 300 2992 3152926632
16 301 2992 3152926632
16 302 2992 3152926632
16 303 2992 3152926632
16 304 2992 3152926632
16 305 2992 3152926632
16 306 2992 3152926632
16 307 2992 3152926632
16 308 2992 3152926632
16 309 2992 3152926632
16 310 2992 3152926632
16 311 2992 3152926632
16 312 2992 3152926632
16 313 2992 3152926632
16 314 2992 3152926632
16 315 2992 3152926632
16 316 2992 3152926632
16 317 2992 3152926632
16 318 2992 3152926632
16 319 2992 3152926632
16 320 2992 3152926632
16 321 2992 3152926632
16 322 2992 3152926632
16 323 2992 3152926632
16 324 2992 3152926632
16 325 2992 3152926632
16 326 2992 3152926632
16 327 2992 3152926632
16 328 2992 3152926632
16 329 2992 3152926632
16 330 2992 3152926632
16 331 2992 3152926632
16 332 2992 3152926632
16 333 2992 3152926632
16 334 2992 3152926632
16 335 2992 3152926632
16 336 2992 3152926632
16 337 2992 3152926632
16 338 2992 3152926632
16 339 2992 3152926632
16 340 2992 3152926632
16 341 2992 3152926632
16 342 2992 3152926632
16 343 2992 3152926632
16 344 2992 3152926632
16 345 2992 3152926632
16 346 2992 3152926632
16 347 2992 3152926632
16 348 2992 3152926632
16 349 2991 3152926632
16 350 2992 3152926632
16 351 2992 3152926632
16 352 2992 3152926632
16 353 2992 3152926632
16 354 2992 3152926632
16 355 2992 3152926632
16 356 2992 3152926632
16 357 2992 3152926632
16 358 2992 3152926632
16 359 2992 3152926632
16 360 2992 3152926632
16 361 2992 3152926632
16 362 2992 3152926632
16 363 2992 3152926632
16 364 2992 3152926632
16 365 2992 3152926632
16 366 2992 3152926632
16 367 2992 3152926632
16 368 2992 3152926632
16 369 2992 3152926632
16 370 2992 3152926632
16 371 2992 3152926632
16 372 2992 3152926632
16 373 2992 3152926632
16 374 2992 3152926632
16 375 2992 3152926632
16 376 2992 3152926632
16 377 2992 3152926632
16 378 2991 3152926632
16 379 2992 3152926632
16 380 2992 3152926632
16 381 2992 3152926632
16 382 2992 3152926632
16 383 2992 3152926632
16 384 2992 3152926632
16 385 2992 3152926632
16 386 2992 3152926632
16 387 2992 3152926632
16 388 2992 3152926632
16 389 2992 3152926632
16 390 2992 3152926632
16 391 2992 3152926632
16 392 2992 3152926632
16 393 2992 3152926632
16 394 2992 3152926632
16 395 2992 3152926632
16 396 2992 3152926632
16 397 2991 3152926632
16 398 2992 3152926632
16 399 2992 3152926632
16 400 2992 3152926632
16 401 2992 3152926632
16 402 2992 3152926632
16 403 2992 3152926632
16 404 2992 3152926632
16 405 2992 3152926632
16 406 2992 3152926632
16 407 2992 3152926632
16 408 2992 3152926632
16 409 2992 3152926632
16 410 2992 3152926632
16 411 2992 3152926632
16 412 2992 3152926632
16 413 2992 3152926632
16 414 2992 3152926632
16 415 2992 3152926632
16 416 2992 3152926632
16 417 2992 3152926632
16 418 2992 3152926632
16 419 2992 3152926632
16 420 2992 3152926632
16 421 2992 3152926632
16 422 2992 3152926632
16 423 2992 3152926632
16 424 2992 3152926632
16 425 2992 3152926632
16 426 2992 3152926632
16 427 2992 3152926632
16 428 2992 3152926632
16 429 2992 3152926632
16 430 2992 3152926632
16 431 2992 3152926632
16 432 2992 3152926632
16 433 2992 3152926632
16 434 2992 3152926632
16 435 2992 3152926632
16 436 2992 3152926632
16 437 2992 3152926632
16 438 2992 3152926632
16 439 2992 3152926632
16 440 2992 3152926632
16 441 2992 3152926632
16 442 2992 3152926632
16 443 2992 3152926632
16 444 2992 3152926632
16 445 2992 3152926632
16 446 2992 3152926632
16 447 2992 3152926632
16 448 2992 3152926632
16 449 2992 3152926632
16 450 2992 3152926632
16 451 2992 3152926632
16 452 2992 3152926632
16 453 2992 3152926632
16 454 2992 3152926632
16 455 2992 3152926632
16 456 2992 3152926632
16 457 2992 3152926632
16 458 2992 3152926632
16 459 2992 3152926632
16 460 2992 3152926632
16 461 2992 3152926632
16 462 2992 3152926632
16 463 2992 3152926632
16 464 2992 3152926632
16 465 2992 3152926632
16 466 2992 3152926632
16 467 2992 3152926632
16 468 2992 3152926632
16 469 2992 3152926632
16 470 2992 3152926632
16 471 2992 3152926632
16 472 2992 3152926632
16 473 2992 3152926632
16 474 2992 3152926632
16 475 2992 3152926632
16 476 2992 3152926632
16 477 2992 3152926632
16 478 2992 3152926632
16 479 2992 3152926632
16 480 2992 3152926632
16 481 2992 3152926632
16 482 2992 3152926632
16 483 2992 3152926632
16 484 2992 3152926632
16 485 2992 3152926632
16 486 2992 3152926632
16 487 2992 3152926632
16 488 2992 3152926632
16 489 2992 3152926632
16 490 2992 3152926632
16 491 2992 3152926632
16 492 2992 3152926632
16 493 2991 3152926632
16 494 2992 3152926632
16 495 2992 3152926632
16 496 2992 3152926632
16 497 2992 3152926632
16 498 2992 3152926632
16 499 2992 3152926632
16 500 2992 3152926632
16 501 2992 3152926632
16 502 2992 3152926632
16 503 2992 3152926632
16 504 2992 3152926632
16 505 2992 3152926632
16 506 2992 3152926632
16 507 2992 3152926632
16 508 2992 3152926632
16 509 2992 3152926632
16 510 2992 3152926632
16 511 2992 3152926632
16 512 2992 3152926632
16 513 2992 3152926632
16 514 2992 3152926632
16 515 2992 3152926632
16 516 2992 3152926632
16 517 2992 3152926632
16 518 2992 3152926632
16 519 2992 3152926632
16 520 2992 3152926632
16 521 2992 3152926632
16 522 2992 3152926632
16 523 2992 3152926632
16 524 2992 3152926632
16 525 2992 3152926632
16 526 2992 3152926632
16 527 2992 3152926632
16 528 2992 3152926632
16 529 2992 3152926632
16 530 2992 3152926632
16 531 2992 3152926632
16 532 2992 3152926632
16 533 2992 3152926632
16 534 2992 3152926632
16 535 2992 3152926632
16 536 2992 3152926632
16 537 2992 3152926632
16 538 2992 3152926632
16 539 2992 3152926632
16 540 2992 3152926632
16 541 2992 3152926632
16 542 2992 3152926632
16 543 2992 3152926632
16 544 2992 3152926632
16 545 2992 3152926632
16 546 2992 3152926632
16 547 2992 3152926632
16 548 2992 3152926632
16 549 2992 3152926632
16 550 2992 3152926632
16 551 2992 3152926632
16 552 2992 3152926632
16 553 2992 3152926632
16 554 2992 3152926632
16 555 2992 3152926632
16 556 2992 3152926632
16 557 2992 3152926632
16 558 2992 3152926632
16 559 2992 3152926632
16 560 2992 3152926632
16 561 2992 3152926632
16 562 2992 3152926632
16 563 2992 3152926632
16 564 2991 3152926632
16 565 2992 3152926632
16 566 2992 3152926632
16 567 2992 3152926632
16 568 2992 3152926632
16 569 2991 3152926632
16 570 2992 3152926632
16 571 2992 3152926632
16 572 2992 3152926632
16 573 2992 3152926632
16 574 2992 3152926632
16 575 2992 3152926632
16 576 2992 3152926632
16 577 2992 3152926632
16 578 2992 3152926632
16 579 2992 3152926632
16 580 2992 3152926632
16 581 2992 3152926632
16 582 2992 3152926632
16 583 2992 3152926632
16 584 2992 3152926632
16 585 2992 3152926632
16 586 2992 3152926632
16 587 2992 3152926632
16 588 2992 3152926632
16 589 2992 3152926632
16 590 2992 3152926632
16 591 2992 3152926632
16 592 2992 3152926632
16 593 2992 3152926632
16 594 2992 3152926632
16 595 2992 3152926632
16 596 2992 3152926632
16 597 2992 3152926632
16 598 2992 3152926632
16 599 2992 3152926632
16 600 2992 3152926632
16 601 2992 3152926632
16 602 2992 3152926632
16 603 2992 3152926632
16 604 2992 3152926632
16 605 2992 3152926632
16 606 2992 3152926632
16 607 2992 3152926632
16 608 2992 3152926632
16 609 2992 3152926632
16 610 2992 3152926632
16 611 2992 3152926632
16 612 2992 3152926632
16 613 2992 3152926632
16 614 2992 3152926632
16 615 2992 3152926632
16 616 2992 3152926632
16 617 2992 3152926632
16 618 2992 3152926632
16 619 2992 3152926632
16 620 2992 3152926632
16 621 2991 3152926632
16 622 2992 3152926632
16 623 2992 3152926632
16 624 2992 3152926632
16 625 2992 3152926632
16 626 2992 3152926632
16 627 2992 3152926632
16 628 2992 3152926632
16 629 2992 3152926632
16 630 2992 3152926632
16 631 2991 3152926632
16 632 2992 3152926632
16 633 2992 3152926632
16 634 2992 3152926632
16 635 2992 3152926632
16 636 2992 3152926632
16 637 2992 3152926632
16 638 2992 3152926632
16 639 2992 3152926632
16 640 2992 3152926632
16 641 2992 3152926632
16 642 2992 3152926632
16 643 2992 3152926632
16 644 2992 3152926632
16 645 2991 3152926632
16 646 2992 3152926632
16 647 2992 3152926632
16 648 2992 3152926632
16 649 2992 3152926632
16 650 2992 3152926632
16 651 2992 3152926632
16 652 2992 3152926632
16 653 2992 3152926632
16 654 2992 3152926632
16 655 2992 3152926632
16 656 2992 3152926632
16 657 2992 3152926632
16 658 2992 3152926632
16 659 2992 3152926632
16 660 2992 3152926632
16 661 2992 3152926632
16 662 2992 3152926632
16 663 2992 3152926632
16 664 2992 3152926632
16 665 2992 3152926632
16 666 2992 3152926632
16 667 2992 3152926632
16 668 2992 3152926632
16 669 2992 3152926632
16 670 2992 3152926632
16 671 2992 3152926632
16 672 2992 3152926632
16 673 2992 3152926632
16 674 2992 3152926632
16 675 2992 3152926632
16 676 2992 3152926632
16 677 2992 3152926632
16 678 2992 3152926632
16 679 2991 3152926632
16 680 2992 3152926632
16 681 2992 3152926632
16 682 2992 3152926632
16 683 2991 3152926632
16 684 2992 3152926632
16 685 2992 3152926632
16 686 2992 3152926632
16 687 2992 3152926632
16 688 2992 3152926632
16 689 2992 3152926632
16 690 2992 3152926632
16 691 2992 3152926632
16 692 2992 3152926632
16 693 2992 3152926632
16 694 2992 3152926632
16 695 2992 3152926632
16 696 2992 3152926632
16 697 2992 3152926632
16 698 2992 3152926632
16 699 2992 3152926632
16 700 2992 3152926632
16 701 2992 3152926632
16 702 2992 3152926632
16 703 2992 3152926632
16 704 2992 3152926632
16 705 2992 3152926632
16 706 2992 3152926632
16 707 2992 3152926632
16 708 2992 3152926632
16 709 2992 3152926632
16 710 2992 3152926632
16 711 2992 3152926632
16 712 2992 3152926632
16 713 2992 3152926632
16 714 2992 3152926632
16 715 2992 3152926632
16 716 2992 3152926632
16 717 2992 3152926632
16 718 2992 3152926632
16 719 2992 3152926632
16 720 2992 3152926632
16 721 2992 3152926632
16 722 2992 3152926632
16 723 2992 3152926632
16 724 2992 3152926632
16 725 2992 3152926632
16 726 2992 3152926632
16 727 2992 3152926632
16 728 2992 3152926632
16 729 2992 3152926632
16 730 2992 3152926632
16 731 2992 3152926632
16 732 2992 3152926632
16 733 2992 3152926632
16 734 2992 3152926632
16 735 2992 3152926632
16 736 2992 3152926632
16 737 2992 3152926632
16 738 2992 3152926632
16 739 2992 3152926632
16 740 2992 3152926632
16 741 2992 3152926632
16 742 2992 3152926632
16 743 2992 3152926632
16 744 2992 3152926632
16 745 2992 3152926632
16 746 2992 3152926632
16 747 2992 3152926632
16 748 2992 3152926632
16 749 2992 3152926632
16 750 2992 3152926632
16 751 2991 3152926632
16 752 2992 3152926632
16 753 2992 3152926632
16 754 2992 3152926632
16 755 2992 3152926632
16 756 2992 3152926632
16 757 2992 3152926632
16 758 2992 3152926632
16 759 2992 3152926632
16 760 2991 3152926632
16 761 2992 3152926632
16 762 2992 3152926632
16 763 2992 3152926632
16 764 2992 3152926632
16 765 2992 3152926632
16 766 2992 3152926632
16 767 2992 3152926632
16 768 2992 3152926632
16 769 2992 3152926632
16 770 2992 3152926632
16 771 2992 3152926632
16 772 2992 3152926632
16 773 2992 3152926632
16 774 2992 3152926632
16 775 2992 3152926632
16 776 2992 3152926632
16 777 2992 3152926632
16 778 2992 3152926632
16 779 2992 3152926632
16 780 2992 3152926632
16 781 2992 3152926632
16 782 2992 3152926632
16 783 2992 3152926632
16 784 2991 3152926632
16 785 2992 3152926632
16 786 2992 3152926632
16 787 2992 3152926632
16 788 2992 3152926632
16 789 2992 3152926632
16 790 2992 3152926632
16 791 2992 3152926632
16 792 2992 3152926632
16 793 2992 3152926632
16 794 2992 3152926632
16 795 2992 3152926632
16 796 2992 3152926632
16 797 2992 3152926632
16 798 2992 3152926632
16 799 2991 3152926632
16 800 2992 3152926632
16 801 2992 3152926632
16 802 3007 3152926632
16 803 2992 3152926632
16 804 3007 3152926632
16 805 3007 3152926632
16 806 3007 3152926632
16 807 3007 3152926632
16 808 2992 3152926632
16 809 3007 3152926632
16 810 3007 3152926632
16 811 2992 3152926632
16 812 3007 3152926632
16 813 3006 3152926632
16 814 3007 3152926632
16 815 3007 3152926632
16 816 3007 3152926632
16 817 3007 3152926632
16 818 3007 3152926632
16 819 3007 3152926632
16 820 3007 3152926632
16 821 3007 3152926632
16 822 3006 3152926632
16 823 3007 3152926632
16 824 3007 3152926632
16 825 3007 3152926632
16 826 3007 3152926632
16 827 3007 3152926632
16 828 3007 3152926632
16 829 3007 3152926632
16 830 3007 3152926632
16 831 3007 3152926632
16 832 3007 3152926632
16 833 3007 3152926632
16 834 3007 3152926632
16 835 3007 3152926632
16 836 3007 3152926632
16 837 3007 3152926632
16 838 3007 3152926632
16 839 3007 3152926632
16 840 3007 3152926632
16 841 3007 3152926632
16 842 3007 3152926632
16 843 3007 3152926632
16 844 3007 3152926632
16 845 3007 3152926632
16 846 3007 3152926632
16 847 3007 3152926632
16 848 3007 3152926632
16 849 3007 3152926632
16 850 3007 3152926632
16 851 3006 3152926632
16 852 3007 3152926632
16 853 3007 3152926632
16 854 3007 3152926632
16 855 3007 3152926632
16 856 3007 3152926632
16 857 3007 3152926632
16 858 3007 3152926632
16 859 3007 3152926632
16 860 3007 3152926632
16 861 3007 3152926632
16 862 3007 3152926632
16 863 3007 3152926632
16 864 3007 3152926632
16 865 3007 3152926632
16 866 3007 3152926632
16 867 3007 3152926632
16 868 3007 3152926632
16 869 3007 3152926632
16 870 3006 3152926632
16 871 3007 3152926632
16 872 3007 3152926632
16 873 3007 3152926632
16 874 3007 3152926632
16 875 3006 3152926632
16 876 3007 3152926632
16 877 3007 3152926632
16 878 3007 3152926632
16 879 3007 3152926632
16 880 3007 3152926632
16 881 3007 3152926632
16 882 3007 3152926632
16 883 3007 3152926632
16 884 3007 3152926632
16 885 3007 3152926632
16 886 3007 3152926632
16 887 3007 3152926632
16 888 3007 3152926632
16 889 3007 3152926632
16 890 3007 3152926632
16 891 3007 3152926632
16 892 3007 3152926632
16 893 3007 3152926632
16 894 3007 3152926632
16 895 3007 3152926632
16 896 3007 3152926632
16 897 3007 3152926632
16 898 3007 3152926632
16 899 3007 3152926632
16 900 3007 3152926632
16 901 2992 3152926632
16 902 2992 3152926632
16 903 2992 3152926632
16 904 2992 3152926632
16 905 2992 3152926632
16 906 2992 3152926632
16 907 2992 3152926632
16 908 2992 3152926632
16 909 2992 3152926632
16 910 2992 3152926632
16 911 2992 3152926632
16 912 2992 3152926632
16 913 2992 3152926632
16 914 2992 3152926632
16 915 2992 3152926632
16 916 2992 3152926632
16 917 2992 3152926632
16 918 2991 3152926632
16 919 2992 3152926632
16 920 2992 3152926632
16 921 2992 3152926632
16 922 2992 3152926632
16 923 2991 3152926632
16 924 2992 3152926632
16 925 2992 3152926632
16 926 2992 3152926632
16 927 2991 3152926632
16 928 2992 3152926632
16 929 2992 3152926632
16 930 2992 3152926632
16 931 2992 3152926632
16 932 2992 3152926632
16 933 2992 3152926632
16 934 2992 3152926632
16 935 2992 3152926632
16 936 2992 3152926632
16 937 2991 3152926632
16 938 2992 3152926632
16 939 2992 3152926632
16 940 2992 3152926632
16 941 2992 3152926632
16 942 2991 3152926632
16 943 2992 3152926632
16 944 2992 3152926632
16 945 2992 3152926632
16 946 2992 3152926632
16 947 2991 3152926632
16 948 2992 3152926632
16 949 2992 3152926632
16 950 2992 3152926632
16 951 2992 3152926632
16 952 2992 3152926632
16 953 2992 3152926632
16 954 2992 3152926632
16 955 2992 3152926632
16 956 2992 3152926632
16 957 2992 3152926632
16 958 2992 3152926632
16 959 2992 3152926632
16 960 2992 3152926632
16 961 2991 3152926632
16 962 2992 3152926632
16 963 2992 3152926632
16 964 2992 3152926632
16 965 2992 3152926632
16 966 2992 3152926632
16 967 2992 3152926632
16 968 2992 3152926632
16 969 2992 3152926632
16 970 2992 3152926632
16 971 2992 3152926632
16 972 2992 3152926632
16 973 2992 3152926632
16 974 2992 3152926632
16 975 2992 3152926632
16 976 2992 3152926632
16 977 2992 3152926632
16 978 2992 3152926632
16 979 2992 3152926632
16 980 2991 3152926632
16 981 2992 3152926632
16 982 2992 3152926632
16 983 2992 3152926632
16 984 2992 3152926632
16 985 2991 3152926632
16 986 2992 3152926632
16 987 2992 3152926632
16 988 2992 3152926632
16 989 2992 3152926632
16 990 2992 3152926632
16 991 2992 3152926632
16 992 2992 3152926632
16 993 2992 3152926632
16 994 2992 3152926632
16 995 2992 3152926632
16 996 2992 3152926632
16 997 2992 3152926632
16 998 2992 3152926632
16 999 2992 3152926632
