256 0 410575 15860546
256 1 409561 15860546
256 2 409737 15860546
256 3 409110 15860546
256 4 410522 15860546
256 5 410316 15860546
256 6 410022 15860546
256 7 409947 15860546
256 8 409521 15860546
256 9 409651 15860546
256 10 409873 15860546
256 11 409777 15860546
256 12 409922 15860546
256 13 409948 15860546
256 14 409716 15860546
256 15 409754 15860546
256 16 410148 15860546
256 17 409347 15860546
256 18 409850 15860546
256 19 409898 15860546
256 20 409987 15860546
256 21 409720 15860546
256 22 408856 15860546
256 23 409808 15860546
256 24 409923 15860546
256 25 410793 15860546
256 26 410478 15860546
256 27 409942 15860546
256 28 409463 15860546
256 29 410357 15860546
256 30 409926 15860546
256 31 409809 15860546
256 32 410685 15860546
256 33 410293 15860546
256 34 410267 15860546
256 35 409862 15860546
256 36 409843 15860546
256 37 409324 15860546
256 38 409806 15860546
256 39 409946 15860546
256 40 409898 15860546
256 41 409696 15860546
256 42 409796 15860546
256 43 409992 15860546
256 44 410482 15860546
256 45 410127 15860546
256 46 409888 15860546
256 47 410070 15860546
256 48 410176 15860546
256 49 409484 15860546
256 50 409770 15860546
256 51 410190 15860546
256 52 410485 15860546
256 53 409975 15860546
256 54 410122 15860546
256 55 410083 15860546
256 56 410284 15860546
256 57 410403 15860546
256 58 409430 15860546
256 59 410424 15860546
256 60 410049 15860546
256 61 410201 15860546
256 62 410576 15860546
256 63 409754 15860546
256 64 409863 15860546
256 65 409489 15860546
256 66 409560 15860546
256 67 410383 15860546
256 68 410086 15860546
256 69 409792 15860546
256 70 409784 15860546
256 71 409629 15860546
256 72 410370 15860546
256 73 409730 15860546
256 74 409984 15860546
256 75 410722 15860546
256 76 409654 15860546
256 77 409398 15860546
256 78 409475 15860546
256 79 409536 15860546
256 80 409973 15860546
256 81 410077 15860546
256 82 410430 15860546
256 83 410475 15860546
256 84 410134 15860546
256 85 409797 15860546
256 86 410075 15860546
256 87 410270 15860546
256 88 409608 15860546
256 89 410192 15860546
256 90 410006 15860546
256 91 409322 15860546
256 92 410037 15860546
256 93 409468 15860546
256 94 409870 15860546
256 95 409597 15860546
256 96 410198 15860546
256 97 410165 15860546
256 98 410158 15860546
256 99 410152 15860546
256 100 410610 15860546
256 101 410033 15860546
256 102 409505 15860546
256 103 409860 15860546
256 104 410873 15860546
256 105 409839 15860546
256 106 409509 15860546
256 107 409589 15860546
256 108 409971 15860546
256 109 410266 15860546
256 110 410095 15860546
256 111 409767 15860546
256 112 409327 15860546
256 113 410259 15860546
256 114 410171 15860546
256 115 409385 15860546
256 116 410337 15860546
256 117 410004 15860546
256 118 409891 15860546
256 119 410310 15860546
256 120 409924 15860546
256 121 409335 15860546
256 122 409605 15860546
256 123 410391 15860546
256 124 409635 15860546
256 125 410605 15860546
256 126 409959 15860546
256 127 409302 15860546
256 128 409082 15860546
256 129 410636 15860546
256 130 409856 15860546
256 131 410626 15860546
256 132 409471 15860546
256 133 409156 15860546
256 134 409840 15860546
256 135 409784 15860546
256 136 410240 15860546
256 137 410385 15860546
256 138 410012 15860546
256 139 410038 15860546
256 140 409428 15860546
256 141 409867 15860546
256 142 410404 15860546
256 143 410362 15860546
256 144 410283 15860546
256 145 409943 15860546
256 146 409691 15860546
256 147 409452 15860546
256 148 410325 15860546
256 149 409354 15860546
256 150 410159 15860546
256 151 410616 15860546
256 152 410251 15860546
256 153 409623 15860546
256 154 409973 15860546
256 155 409400 15860546
256 156 410124 15860546
256 157 409543 15860546
256 158 409805 15860546
256 159 409135 15860546
256 160 410106 15860546
256 161 409345 15860546
256 162 410272 15860546
256 163 409716 15860546
256 164 410075 15860546
256 165 409824 15860546
256 166 410046 15860546
256 167 409676 15860546
256 168 409793 15860546
256 169 409461 15860546
256 170 410067 15860546
256 171 409829 15860546
256 172 409788 15860546
256 173 409485 15860546
256 174 410156 15860546
256 175 409471 15860546
256 176 410877 15860546
256 177 409820 15860546
256 178 409730 15860546
256 179 409887 15860546
256 180 409975 15860546
256 181 410088 15860546
256 182 410591 15860546
256 183 409798 15860546
256 184 409313 15860546
256 185 409834 15860546
256 186 410253 15860546
256 187 410094 15860546
256 188 409314 15860546
256 189 409645 15860546
256 190 409614 15860546
256 191 409649 15860546
256 192 410138 15860546
256 193 409899 15860546
256 194 410367 15860546
256 195 409265 15860546
256 196 410547 15860546
256 197 409769 15860546
256 198 409952 15860546
256 199 410072 15860546
256 200 409425 15860546
256 201 409818 15860546
256 202 409842 15860546
256 203 409924 15860546
256 204 410449 15860546
256 205 409797 15860546
256 206 410357 15860546
256 207 410028 15860546
256 208 409900 15860546
256 209 409332 15860546
256 210 409640 15860546
256 211 409882 15860546
256 212 409995 15860546
256 213 410088 15860546
256 214 409329 15860546
256 215 410639 15860546
256 216 410807 15860546
256 217 410136 15860546
256 218 410444 15860546
256 219 409913 15860546
256 220 410570 15860546
256 221 410273 15860546
256 222 410014 15860546
256 223 409579 15860546
256 224 409793 15860546
256 225 409915 15860546
256 226 409892 15860546
256 227 409682 15860546
256 228 409970 15860546
256 229 410246 15860546
256 230 409968 15860546
256 231 409409 15860546
256 232 410048 15860546
256 233 409300 15860546
256 234 409669 15860546
256 235 410301 15860546
256 236 409979 15860546
256 237 409833 15860546
256 238 410309 15860546
256 239 409602 15860546
256 240 409910 15860546
256 241 410150 15860546
256 242 409545 15860546
256 243 409668 15860546
256 244 410079 15860546
256 245 409785 15860546
256 246 409210 15860546
256 247 409474 15860546
256 248 409995 15860546
256 249 409690 15860546
256 250 409928 15860546
256 251 409996 15860546
256 252 409689 15860546
256 253 410826 15860546
256 254 410131 15860546
256 255 409669 15860546
256 256 410637 15860546
256 257 410182 15860546
256 258 409861 15860546
256 259 409985 15860546
256 260 410222 15860546
256 261 410123 15860546
256 262 409707 15860546
256 263 410017 15860546
256 264 409825 15860546
256 265 409129 15860546
256 266 409640 15860546
256 267 409755 15860546
256 268 409400 15860546
256 269 410080 15860546
256 270 410341 15860546
256 271 410634 15860546
256 272 409911 15860546
256 273 409988 15860546
256 274 410581 15860546
256 275 409195 15860546
256 276 409846 15860546
256 277 409428 15860546
256 278 410307 15860546
256 279 410509 15860546
256 280 409738 15860546
256 281 410582 15860546
256 282 409258 15860546
256 283 410509 15860546
256 284 410385 15860546
256 285 410159 15860546
256 286 410173 15860546
256 287 409483 15860546
256 288 409785 15860546
256 289 409912 15860546
256 290 410059 15860546
256 291 409725 15860546
256 292 409557 15860546
256 293 409748 15860546
256 294 409449 15860546
256 295 409892 15860546
256 296 409737 15860546
256 297 410078 15860546
256 298 409819 15860546
256 299 409769 15860546
256 300 409532 15860546
256 301 409522 15860546
256 302 410140 15860546
256 303 410263 15860546
256 304 409855 15860546
256 305 410127 15860546
256 306 409695 15860546
256 307 410405 15860546
256 308 410458 15860546
256 309 409757 15860546
256 310 410634 15860546
256 311 409550 15860546
256 312 410090 15860546
256 313 409613 15860546
256 314 409609 15860546
256 315 410147 15860546
256 316 408562 15860546
256 317 409814 15860546
256 318 409930 15860546
256 319 410675 15860546
256 320 409756 15860546
256 321 409839 15860546
256 322 409915 15860546
256 323 410245 15860546
256 324 410011 15860546
256 325 409635 15860546
256 326 409034 15860546
256 327 410560 15860546
256 328 410043 15860546
256 329 410092 15860546
256 330 409952 15860546
256 331 409346 15860546
256 332 409753 15860546
256 333 409472 15860546
256 334 410227 15860546
256 335 410129 15860546
256 336 410124 15860546
256 337 410391 15860546
256 338 409429 15860546
256 339 409599 15860546
256 340 409930 15860546
256 341 409109 15860546
256 342 410102 15860546
256 343 409840 15860546
256 344 409926 15860546
256 345 410141 15860546
256 346 410051 15860546
256 347 410373 15860546
256 348 410124 15860546
256 349 410048 15860546
256 350 410226 15860546
256 351 410111 15860546
256 352 409919 15860546
256 353 409675 15860546
256 354 409455 15860546
256 355 409227 15860546
256 356 410389 15860546
256 357 409516 15860546
256 358 410150 15860546
256 359 409975 15860546
256 360 409443 15860546
256 361 409328 15860546
256 362 409945 15860546
256 363 410639 15860546
256 364 409629 15860546
256 365 409953 15860546
256 366 409499 15860546
256 367 409884 15860546
256 368 409905 15860546
256 369 410155 15860546
256 370 409404 15860546
256 371 409908 15860546
256 372 410064 15860546
256 373 409828 15860546
256 374 410659 15860546
256 375 410056 15860546
256 376 409787 15860546
256 377 409796 15860546
256 378 410352 15860546
256 379 409897 15860546
256 380 410646 15860546
256 381 410194 15860546
256 382 410008 15860546
256 383 409632 15860546
256 384 410290 15860546
256 385 410120 15860546
256 386 409813 15860546
256 387 409651 15860546
256 388 409298 15860546
256 389 409997 15860546
256 390 410045 15860546
256 391 410767 15860546
256 392 409743 15860546
256 393 409272 15860546
256 394 409645 15860546
256 395 409905 15860546
256 396 410117 15860546
256 397 409737 15860546
256 398 409757 15860546
256 399 409363 15860546
256 400 410392 15860546
256 401 410080 15860546
256 402 410004 15860546
256 403 410363 15860546
256 404 409870 15860546
256 405 410333 15860546
256 406 409298 15860546
256 407 410376 15860546
256 408 409252 15860546
256 409 409573 15860546
256 410 409318 15860546
256 411 409653 15860546
256 412 410178 15860546
256 413 410088 15860546
256 414 410340 15860546
256 415 410080 15860546
256 416 409824 15860546
256 417 409920 15860546
256 418 410690 15860546
256 419 409981 15860546
256 420 410060 15860546
256 421 409316 15860546
256 422 409969 15860546
256 423 409418 15860546
256 424 410266 15860546
256 425 409663 15860546
256 426 409948 15860546
256 427 409532 15860546
256 428 410137 15860546
256 429 409907 15860546
256 430 410169 15860546
256 431 409585 15860546
256 432 409471 15860546
256 433 410981 15860546
256 434 409232 15860546
256 435 409795 15860546
256 436 409744 15860546
256 437 410032 15860546
256 438 409348 15860546
256 439 409507 15860546
256 440 410157 15860546
256 441 410059 15860546
256 442 410210 15860546
256 443 409509 15860546
256 444 409318 15860546
256 445 410126 15860546
256 446 410043 15860546
256 447 409799 15860546
256 448 410272 15860546
256 449 409765 15860546
256 450 409720 15860546
256 451 409478 15860546
256 452 410085 15860546
256 453 409665 15860546
256 454 409404 15860546
256 455 410294 15860546
256 456 409913 15860546
256 457 409741 15860546
256 458 410188 15860546
256 459 409522 15860546
256 460 409579 15860546
256 461 409516 15860546
256 462 409775 15860546
256 463 409516 15860546
256 464 410565 15860546
256 465 409130 15860546
256 466 409118 15860546
256 467 410281 15860546
256 468 409964 15860546
256 469 410022 15860546
256 470 410040 15860546
256 471 409589 15860546
256 472 410566 15860546
256 473 409692 15860546
256 474 409571 15860546
256 475 409619 15860546
256 476 409574 15860546
256 477 410522 15860546
256 478 409998 15860546
256 479 409572 15860546
256 480 410000 15860546
256 481 410165 15860546
256 482 409736 15860546
256 483 409923 15860546
256 484 410324 15860546
256 485 409833 15860546
256 486 409699 15860546
256 487 410107 15860546
256 488 410300 15860546
256 489 409924 15860546
256 490 410029 15860546
256 491 410253 15860546
256 492 410017 15860546
256 493 409533 15860546
256 494 410987 15860546
256 495 410165 15860546
256 496 410319 15860546
256 497 409587 15860546
256 498 409742 15860546
256 499 410461 15860546
256 500 410250 15860546
256 501 409790 15860546
256 502 409810 15860546
256 503 409906 15860546
256 504 409704 15860546
256 505 410155 15860546
256 506 410416 15860546
256 507 410257 15860546
256 508 409644 15860546
256 509 410126 15860546
256 510 408870 15860546
256 511 409619 15860546
256 512 409327 15860546
256 513 409393 15860546
256 514 410110 15860546
256 515 409890 15860546
256 516 409505 15860546
256 517 409829 15860546
256 518 409503 15860546
256 519 410358 15860546
256 520 409737 15860546
256 521 409328 15860546
256 522 409513 15860546
256 523 409730 15860546
256 524 409613 15860546
256 525 409490 15860546
256 526 410152 15860546
256 527 410210 15860546
256 528 409508 15860546
256 529 409748 15860546
256 530 410770 15860546
256 531 409844 15860546
256 532 409574 15860546
256 533 409196 15860546
256 534 409327 15860546
256 535 410213 15860546
256 536 410210 15860546
256 537 410353 15860546
256 538 409566 15860546
256 539 409884 15860546
256 540 409708 15860546
256 541 409846 15860546
256 542 409948 15860546
256 543 409519 15860546
256 544 409716 15860546
256 545 410843 15860546
256 546 409518 15860546
256 547 409774 15860546
256 548 409859 15860546
256 549 409932 15860546
256 550 409477 15860546
256 551 410100 15860546
256 552 410196 15860546
256 553 410312 15860546
256 554 410666 15860546
256 555 409260 15860546
256 556 410599 15860546
256 557 409796 15860546
256 558 410842 15860546
256 559 410008 15860546
256 560 410191 15860546
256 561 409560 15860546
256 562 409634 15860546
256 563 408861 15860546
256 564 409745 15860546
256 565 410734 15860546
256 566 410370 15860546
256 567 410313 15860546
256 568 410415 15860546
256 569 409667 15860546
256 570 409837 15860546
256 571 410119 15860546
256 572 409759 15860546
256 573 410476 15860546
256 574 409753 15860546
256 575 409297 15860546
256 576 409703 15860546
256 577 409476 15860546
256 578 409499 15860546
256 579 409767 15860546
256 580 409851 15860546
256 581 409724 15860546
256 582 409414 15860546
256 583 409620 15860546
256 584 410253 15860546
256 585 409919 15860546
256 586 410280 15860546
256 587 410360 15860546
256 588 409129 15860546
256 589 410216 15860546
256 590 410010 15860546
256 591 410024 15860546
256 592 410230 15860546
256 593 410011 15860546
256 594 410447 15860546
256 595 409704 15860546
256 596 409818 15860546
256 597 410079 15860546
256 598 409569 15860546
256 599 410440 15860546
256 600 409613 15860546
256 601 409759 15860546
256 602 410139 15860546
256 603 410229 15860546
256 604 410263 15860546
256 605 410303 15860546
256 606 410112 15860546
256 607 410118 15860546
256 608 410390 15860546
256 609 409284 15860546
256 610 409901 15860546
256 611 409837 15860546
256 612 409711 15860546
256 613 409721 15860546
256 614 409566 15860546
256 615 411220 15860546
256 616 410179 15860546
256 617 409840 15860546
256 618 409901 15860546
256 619 410072 15860546
256 620 410301 15860546
256 621 410355 15860546
256 622 409660 15860546
256 623 410429 15860546
256 624 409053 15860546
256 625 409973 15860546
256 626 410138 15860546
256 627 410741 15860546
256 628 409316 15860546
256 629 409273 15860546
256 630 409936 15860546
256 631 409408 15860546
256 632 410460 15860546
256 633 410098 15860546
256 634 409907 15860546
256 635 409794 15860546
256 636 411087 15860546
256 637 410737 15860546
256 638 410204 15860546
256 639 409701 15860546
256 640 410570 15860546
256 641 409734 15860546
256 642 409442 15860546
256 643 410739 15860546
256 644 409829 15860546
256 645 409765 15860546
256 646 410025 15860546
256 647 409299 15860546
256 648 409932 15860546
256 649 409381 15860546
256 650 410167 15860546
256 651 410759 15860546
256 652 410455 15860546
256 653 409795 15860546
256 654 410506 15860546
256 655 409666 15860546
256 656 409509 15860546
256 657 409767 15860546
256 658 410315 15860546
256 659 410425 15860546
256 660 410072 15860546
256 661 410190 15860546
256 662 409642 15860546
256 663 409345 15860546
256 664 409131 15860546
256 665 410037 15860546
256 666 409957 15860546
256 667 409895 15860546
256 668 409566 15860546
256 669 409161 15860546
256 670 409755 15860546
256 671 409726 15860546
256 672 409697 15860546
256 673 409697 15860546
256 674 410651 15860546
256 675 409799 15860546
256 676 409873 15860546
256 677 409190 15860546
256 678 410243 15860546
256 679 410584 15860546
256 680 409572 15860546
256 681 410424 15860546
256 682 410003 15860546
256 683 410501 15860546
256 684 409909 15860546
256 685 409871 15860546
256 686 409905 15860546
256 687 410527 15860546
256 688 409818 15860546
256 689 409774 15860546
256 690 410041 15860546
256 691 409676 15860546
256 692 409920 15860546
256 693 409768 15860546
256 694 409578 15860546
256 695 409914 15860546
256 696 410060 15860546
256 697 409616 15860546
256 698 410326 15860546
256 699 410529 15860546
256 700 410147 15860546
256 701 409254 15860546
256 702 410299 15860546
256 703 409800 15860546
256 704 410368 15860546
256 705 410389 15860546
256 706 410523 15860546
256 707 409306 15860546
256 708 408705 15860546
256 709 410109 15860546
256 710 409931 15860546
256 711 409761 15860546
256 712 409478 15860546
256 713 409343 15860546
256 714 409656 15860546
256 715 409090 15860546
256 716 410304 15860546
256 717 410060 15860546
256 718 410152 15860546
256 719 409652 15860546
256 720 410129 15860546
256 721 409750 15860546
256 722 409475 15860546
256 723 409671 15860546
256 724 409930 15860546
256 725 410049 15860546
256 726 410569 15860546
256 727 410046 15860546
256 728 408897 15860546
256 729 410202 15860546
256 730 410146 15860546
256 731 409892 15860546
256 732 410412 15860546
256 733 410476 15860546
256 734 410589 15860546
256 735 409702 15860546
256 736 409967 15860546
256 737 409887 15860546
256 738 409560 15860546
256 739 410189 15860546
256 740 410623 15860546
256 741 409953 15860546
256 742 410167 15860546
256 743 409486 15860546
256 744 410217 15860546
256 745 409943 15860546
256 746 409651 15860546
256 747 410023 15860546
256 748 409751 15860546
256 749 409932 15860546
256 750 409795 15860546
256 751 409146 15860546
256 752 409746 15860546
256 753 410204 15860546
256 754 410142 15860546
256 755 410618 15860546
256 756 410318 15860546
256 757 410167 15860546
256 758 409986 15860546
256 759 409947 15860546
256 760 410125 15860546
256 761 409920 15860546
256 762 409410 15860546
256 763 409956 15860546
256 764 409949 15860546
256 765 409994 15860546
256 766 410459 15860546
256 767 410087 15860546
256 768 410426 15860546
256 769 410034 15860546
256 770 410099 15860546
256 771 409789 15860546
256 772 409944 15860546
256 773 410162 15860546
256 774 410013 15860546
256 775 409353 15860546
256 776 409451 15860546
256 777 409561 15860546
256 778 410579 15860546
256 779 409679 15860546
256 780 411139 15860546
256 781 410127 15860546
256 782 410045 15860546
256 783 409442 15860546
256 784 409423 15860546
256 785 409936 15860546
256 786 410153 15860546
256 787 410616 15860546
256 788 409636 15860546
256 789 410334 15860546
256 790 410510 15860546
256 791 409957 15860546
256 792 409265 15860546
256 793 410076 15860546
256 794 409183 15860546
256 795 409820 15860546
256 796 410723 15860546
256 797 409326 15860546
256 798 409890 15860546
256 799 409847 15860546
256 800 410165 15860546
256 801 409575 15860546
256 802 409081 15860546
256 803 409599 15860546
256 804 409378 15860546
256 805 410133 15860546
256 806 409960 15860546
256 807 410147 15860546
256 808 409930 15860546
256 809 409724 15860546
256 810 410150 15860546
256 811 409711 15860546
256 812 409871 15860546
256 813 409675 15860546
256 814 410169 15860546
256 815 409532 15860546
256 816 409410 15860546
256 817 410081 15860546
256 818 409728 15860546
256 819 409950 15860546
256 820 410083 15860546
256 821 410653 15860546
256 822 409942 15860546
256 823 409852 15860546
256 824 409557 15860546
256 825 410771 15860546
256 826 409811 15860546
256 827 410252 15860546
256 828 409807 15860546
256 829 409583 15860546
256 830 410370 15860546
256 831 409442 15860546
256 832 409861 15860546
256 833 410037 15860546
256 834 410055 15860546
256 835 410111 15860546
256 836 409779 15860546
256 837 410992 15860546
256 838 410129 15860546
256 839 409318 15860546
256 840 410024 15860546
256 841 408765 15860546
256 842 409286 15860546
256 843 410210 15860546
256 844 410705 15860546
256 845 409536 15860546
256 846 409900 15860546
256 847 409761 15860546
256 848 409554 15860546
256 849 410045 15860546
256 850 410069 15860546
256 851 409644 15860546
256 852 409665 15860546
256 853 409466 15860546
256 854 410310 15860546
256 855 410130 15860546
256 856 410265 15860546
256 857 409352 15860546
256 858 409710 15860546
256 859 410174 15860546
256 860 410044 15860546
256 861 409532 15860546
256 862 410957 15860546
256 863 410050 15860546
256 864 410296 15860546
256 865 410162 15860546
256 866 409941 15860546
256 867 409935 15860546
256 868 410156 15860546
256 869 409815 15860546
256 870 410123 15860546
256 871 409942 15860546
256 872 409633 15860546
256 873 409719 15860546
256 874 409524 15860546
256 875 410269 15860546
256 876 410140 15860546
256 877 409584 15860546
256 878 409573 15860546
256 879 410361 15860546
256 880 409490 15860546
256 881 409650 15860546
256 882 410032 15860546
256 883 410911 15860546
256 884 410357 15860546
256 885 410230 15860546
256 886 409628 15860546
256 887 409456 15860546
256 888 410023 15860546
256 889 409865 15860546
256 890 409258 15860546
256 891 409964 15860546
256 892 409332 15860546
256 893 409546 15860546
256 894 409936 15860546
256 895 410803 15860546
256 896 410277 15860546
256 897 409944 15860546
256 898 409940 15860546
256 899 410311 15860546
256 900 409624 15860546
256 901 409458 15860546
256 902 409822 15860546
256 903 409938 15860546
256 904 410215 15860546
256 905 410226 15860546
256 906 409677 15860546
256 907 410019 15860546
256 908 410571 15860546
256 909 410207 15860546
256 910 410159 15860546
256 911 409904 15860546
256 912 409860 15860546
256 913 409710 15860546
256 914 411190 15860546
256 915 409768 15860546
256 916 409753 15860546
256 917 409635 15860546
256 918 410915 15860546
256 919 409916 15860546
256 920 409809 15860546
256 921 409853 15860546
256 922 410310 15860546
256 923 409768 15860546
256 924 410490 15860546
256 925 409055 15860546
256 926 410341 15860546
256 927 410431 15860546
256 928 409814 15860546
256 929 409760 15860546
256 930 409262 15860546
256 931 410081 15860546
256 932 409919 15860546
256 933 409326 15860546
256 934 410545 15860546
256 935 409418 15860546
256 936 409081 15860546
256 937 409319 15860546
256 938 409474 15860546
256 939 409779 15860546
256 940 409578 15860546
256 941 409986 15860546
256 942 409237 15860546
256 943 410360 15860546
256 944 409416 15860546
256 945 408656 15860546
256 946 409107 15860546
256 947 410035 15860546
256 948 409119 15860546
256 949 410485 15860546
256 950 410214 15860546
256 951 409028 15860546
256 952 410609 15860546
256 953 409837 15860546
256 954 409550 15860546
256 955 410377 15860546
256 956 409474 15860546
256 957 409281 15860546
256 958 410156 15860546
256 959 410196 15860546
256 960 409962 15860546
256 961 410446 15860546
256 962 410355 15860546
256 963 409574 15860546
256 964 410692 15860546
256 965 410362 15860546
256 966 409981 15860546
256 967 409826 15860546
256 968 410145 15860546
256 969 410898 15860546
256 970 409420 15860546
256 971 409872 15860546
256 972 409896 15860546
256 973 410802 15860546
256 974 410140 15860546
256 975 409849 15860546
256 976 410110 15860546
256 977 410495 15860546
256 978 409415 15860546
256 979 409697 15860546
256 980 410309 15860546
256 981 409840 15860546
256 982 409722 15860546
256 983 409955 15860546
256 984 409991 15860546
256 985 409625 15860546
256 986 409326 15860546
256 987 409410 15860546
256 988 409351 15860546
256 989 410217 15860546
256 990 410156 15860546
256 991 409163 15860546
256 992 409946 15860546
256 993 409354 15860546
256 994 409450 15860546
256 995 409439 15860546
256 996 409008 15860546
256 997 410572 15860546
256 998 408901 15860546
256 999 409790 15860546
