512 0 527475 603357389
512 1 499743 603357369
512 2 490835 603357369
512 3 493519 603357369
512 4 499199 603357369
512 5 499071 603357369
512 6 490403 603357369
512 7 499903 603357369
512 8 500267 603357369
512 9 494339 603357369
512 10 501707 603357369
512 11 495871 603357369
512 12 496608 603357369
512 13 497888 603357369
512 14 493702 603357369
512 15 494976 603357369
512 16 499352 603357369
512 17 495600 603357369
512 18 492959 603357369
512 19 497351 603357369
512 20 496363 603357369
512 21 493027 603357369
512 22 504271 603357369
512 23 497755 603357369
512 24 489599 603357369
512 25 507147 603357369
512 26 494011 603357369
512 27 490539 603357369
512 28 506623 603357369
512 29 494003 603357369
512 30 491875 603357369
512 31 501871 603357369
512 32 498039 603357369
512 33 492451 603357369
512 34 509407 603357369
512 35 499032 603357369
512 36 487584 603357369
512 37 497728 603357369
512 38 493556 603357369
512 39 497744 603357369
512 40 506375 603357369
512 41 497747 603357369
512 42 496615 603357369
512 43 499503 603357369
512 44 494219 603357369
512 45 492967 603357369
512 46 500915 603357369
512 47 494735 603357369
512 48 501819 603357369
512 49 499895 603357369
512 50 499911 603357369
512 51 493091 603357369
512 52 504339 603357369
512 53 503255 603357369
512 54 493799 603357369
512 55 499967 603357369
512 56 491587 603357369
512 57 497695 603357369
512 58 502420 603357369
512 59 500136 603357369
512 60 492620 603357369
512 61 498616 603357369
512 62 497440 603357369
512 63 493116 603357369
512 64 503653 603357369
512 65 490099 603357369
512 66 495955 603357369
512 67 502771 603357369
512 68 500083 603357369
512 69 497767 603357369
512 70 500471 603357369
512 71 500387 603357369
512 72 497939 603357369
512 73 503951 603357369
512 74 496463 603357369
512 75 498235 603357369
512 76 497386 603357369
512 77 500689 603357369
512 78 497619 603357369
512 79 499647 603357369
512 80 498255 603357369
512 81 499419 603357369
512 82 501371 603357369
512 83 495264 603357369
512 84 497312 603357369
512 85 501108 603357369
512 86 496580 603357369
512 87 493687 603357369
512 88 496117 603357369
512 89 494123 603357369
512 90 493295 603357369
512 91 497807 603357369
512 92 497071 603357369
512 93 496522 603357369
512 94 500979 603357369
512 95 497676 603357369
512 96 488643 603357369
512 97 497671 603357369
512 98 489631 603357369
512 99 503295 603357369
512 100 502735 603357369
512 101 487802 603357369
512 102 496311 603357369
512 103 489683 603357369
512 104 494775 603357369
512 105 504511 603357369
512 106 499900 603357369
512 107 490600 603357369
512 108 501256 603357369
512 109 494420 603357369
512 110 489928 603357369
512 111 503460 603357369
512 112 491219 603357369
512 113 490955 603357369
512 114 502519 603357369
512 115 497699 603357369
512 116 497327 603357369
512 117 500116 603357369
512 118 493383 603357369
512 119 494779 603357369
512 120 501935 603357369
512 121 492155 603357369
512 122 497763 603357369
512 123 499815 603357369
512 124 492343 603357369
512 125 490203 603357369
512 126 500999 603357369
512 127 495823 603357369
512 128 500743 603357369
512 129 499576 603357369
512 130 498176 603357369
512 131 504484 603357369
512 132 499556 603357369
512 133 502572 603357369
512 134 498196 603357369
512 135 503768 603357369
512 136 496715 603357369
512 137 500191 603357369
512 138 503287 603357369
512 139 500515 603357369
512 140 505242 603357369
512 141 491627 603357369
512 142 491099 603357369
512 143 498335 603357369
512 144 500859 603357369
512 145 498359 603357369
512 146 500143 603357369
512 147 491783 603357369
512 148 489939 603357369
512 149 499603 603357369
512 150 492895 603357369
512 151 498919 603357369
512 152 498791 603357369
512 153 491356 603357369
512 154 498052 603357369
512 155 498944 603357369
512 156 490128 603357369
512 157 496844 603357369
512 158 498084 603357369
512 159 493707 603357369
512 160 496599 603357369
512 161 499815 603357369
512 162 502647 603357369
512 163 494543 603357369
512 164 503693 603357369
512 165 496127 603357369
512 166 496267 603357369
512 167 502655 603357369
512 168 492079 603357369
512 169 501719 603357369
512 170 500567 603357369
512 171 504467 603357369
512 172 492199 603357369
512 173 499247 603357369
512 174 495419 603357369
512 175 490291 603357369
512 176 502852 603357369
512 177 497672 603357369
512 178 498124 603357369
512 179 500516 603357369
512 180 499408 603357369
512 181 495416 603357369
512 182 498811 603357369
512 183 497275 603357369
512 184 496783 603357369
512 185 501831 603357369
512 186 497683 603357369
512 187 499492 603357369
512 188 502323 603357369
512 189 500811 603357369
512 190 492465 603357369
512 191 505383 603357369
512 192 494119 603357369
512 193 497327 603357369
512 194 496283 603357369
512 195 491327 603357369
512 196 499691 603357369
512 197 497307 603357369
512 198 503399 603357369
512 199 494959 603357369
512 200 497119 603357369
512 201 491856 603357369
512 202 506128 603357369
512 203 496720 603357369
512 204 491568 603357369
512 205 501600 603357369
512 206 495988 603357369
512 207 499151 603357369
512 208 497867 603357369
512 209 495727 603357369
512 210 490767 603357369
512 211 502699 603357369
512 212 491963 603357369
512 213 490151 603357369
512 214 501087 603357369
512 215 492419 603357369
512 216 493047 603357369
512 217 503411 603357369
512 218 500971 603357369
512 219 494719 603357369
512 220 502499 603357369
512 221 501027 603357369
512 222 490435 603357369
512 223 495640 603357369
512 224 495704 603357369
512 225 496680 603357369
512 226 498004 603357369
512 227 495756 603357369
512 228 489980 603357369
512 229 494971 603357369
512 230 496095 603357369
512 231 494087 603357369
512 232 503895 603357369
512 233 491379 603357369
512 234 502739 603357369
512 235 495687 603357369
512 236 499437 603357369
512 237 506211 603357369
512 238 506487 603357369
512 239 491735 603357369
512 240 497847 603357369
512 241 503127 603357369
512 242 491576 603357369
512 243 508703 603357369
512 244 498439 603357369
512 245 499395 603357369
512 246 506899 603357369
512 247 499775 603357369
512 248 494140 603357369
512 249 502520 603357369
512 250 493096 603357369
512 251 492420 603357369
512 252 501510 603357369
512 253 491740 603357369
512 254 500611 603357369
512 255 504341 603357369
512 256 497411 603357369
512 257 497383 603357369
512 258 501959 603357369
512 259 505369 603357369
512 260 491238 603357369
512 261 509003 603357369
512 262 499003 603357369
512 263 501910 603357369
512 264 492895 603357369
512 265 498823 603357369
512 266 495059 603357369
512 267 497965 603357369
512 268 496663 603357369
512 269 489699 603357369
512 270 507167 603357369
512 271 498359 603357369
512 272 499583 603357369
512 273 491076 603357369
512 274 499900 603357369
512 275 489268 603357369
512 276 499900 603357369
512 277 501216 603357369
512 278 487204 603357369
512 279 499779 603357369
512 280 492419 603357369
512 281 499063 603357369
512 282 500851 603357369
512 283 498335 603357369
512 284 490343 603357369
512 285 496627 603357369
512 286 503275 603357369
512 287 491111 603357369
512 288 504567 603357369
512 289 496007 603357369
512 290 495136 603357369
512 291 496390 603357369
512 292 492423 603357369
512 293 492839 603357369
512 294 499571 603357369
512 295 487863 603357369
512 296 493403 603357369
512 297 502560 603357369
512 298 494688 603357369
512 299 492336 603357369
512 300 498552 603357369
512 301 499192 603357369
512 302 492975 603357369
512 303 500903 603357369
512 304 490759 603357369
512 305 494731 603357369
512 306 499803 603357369
512 307 493107 603357369
512 308 503275 603357369
512 309 499443 603357369
512 310 500579 603357369
512 311 503159 603357369
512 312 498803 603357369
512 313 495427 603357369
512 314 494071 603357369
512 315 501599 603357369
512 316 490711 603357369
512 317 497799 603357369
512 318 492219 603357369
512 319 499643 603357369
512 320 502703 603357369
512 321 496672 603357369
512 322 493184 603357369
512 323 504978 603357369
512 324 501104 603357369
512 325 497944 603357369
512 326 500544 603357369
512 327 491343 603357369
512 328 497243 603357369
512 329 502143 603357369
512 330 502023 603357369
512 331 493803 603357369
512 332 502775 603357369
512 333 494615 603357369
512 334 496017 603357369
512 335 495539 603357369
512 336 489679 603357369
512 337 494827 603357369
512 338 498047 603357369
512 339 490011 603357369
512 340 495343 603357369
512 341 500883 603357369
512 342 491255 603357369
512 343 499931 603357369
512 344 498780 603357369
512 345 493088 603357369
512 346 493864 603357369
512 347 502808 603357369
512 348 498388 603357369
512 349 490948 603357369
512 350 501295 603357369
512 351 495427 603357369
512 352 503255 603357369
512 353 503179 603357369
512 354 492288 603357369
512 355 496571 603357369
512 356 499531 603357369
512 357 497711 603357369
512 358 492279 603357369
512 359 501383 603357369
512 360 490431 603357369
512 361 496479 603357369
512 362 506643 603357369
512 363 493119 603357369
512 364 489527 603357369
512 365 499259 603357369
512 366 500899 603357369
512 367 491880 603357369
512 368 500496 603357369
512 369 502708 603357369
512 370 498236 603357369
512 371 502084 603357369
512 372 490060 603357369
512 373 496199 603357369
512 374 499571 603357369
512 375 498207 603357369
512 376 495879 603357369
512 377 503612 603357369
512 378 502150 603357369
512 379 489243 603357369
512 380 500399 603357369
512 381 499755 603357369
512 382 503523 603357369
512 383 492483 603357369
512 384 501739 603357369
512 385 494135 603357369
512 386 499767 603357369
512 387 497991 603357369
512 388 500423 603357369
512 389 503315 603357369
512 390 495451 603357369
512 391 497115 603357369
512 392 500704 603357369
512 393 491988 603357369
512 394 491404 603357369
512 395 503472 603357369
512 396 494966 603357369
512 397 495824 603357369
512 398 500779 603357369
512 399 492091 603357369
512 400 497231 603357369
512 401 499003 603357369
512 402 492323 603357369
512 403 490919 603357369
512 404 497859 603357369
512 405 495203 603357369
512 406 495075 603357369
512 407 494667 603357369
512 408 492887 603357369
512 409 505491 603357369
512 410 501523 603357369
512 411 503095 603357369
512 412 496339 603357369
512 413 502579 603357369
512 414 494707 603357369
512 415 496404 603357369
512 416 500504 603357369
512 417 495196 603357369
512 418 498253 603357369
512 419 492780 603357369
512 420 498676 603357369
512 421 500375 603357369
512 422 495455 603357369
512 423 490427 603357369
512 424 501559 603357369
512 425 491136 603357369
512 426 500587 603357369
512 427 503271 603357369
512 428 496739 603357369
512 429 498607 603357369
512 430 499623 603357369
512 431 497587 603357369
512 432 491843 603357369
512 433 497931 603357369
512 434 489983 603357369
512 435 502652 603357369
512 436 500339 603357369
512 437 486852 603357369
512 438 502227 603357369
512 439 488908 603357369
512 440 497276 603357369
512 441 501224 603357369
512 442 495832 603357369
512 443 487876 603357369
512 444 504680 603357369
512 445 491727 603357369
512 446 492939 603357369
512 447 498883 603357369
512 448 500183 603357369
512 449 495767 603357369
512 450 501435 603357369
512 451 497607 603357369
512 452 492635 603357369
512 453 500375 603357369
512 454 493679 603357369
512 455 495867 603357369
512 456 498875 603357369
512 457 493367 603357369
512 458 492795 603357369
512 459 493975 603357369
512 460 498423 603357369
512 461 492719 603357369
512 462 504759 603357369
512 463 494340 603357369
512 464 493060 603357369
512 465 497052 603357369
512 466 492612 603357369
512 467 501388 603357369
512 468 496760 603357369
512 469 498415 603357369
512 470 503879 603357369
512 471 499795 603357369
512 472 490119 603357369
512 473 496743 603357369
512 474 496799 603357369
512 475 497531 603357369
512 476 500823 603357369
512 477 497143 603357369
512 478 499199 603357369
512 479 493895 603357369
512 480 497475 603357369
512 481 494419 603357369
512 482 498083 603357369
512 483 498919 603357369
512 484 490823 603357369
512 485 501451 603357369
512 486 496211 603357369
512 487 498760 603357369
512 488 500032 603357369
512 489 495224 603357369
512 490 493816 603357369
512 491 498108 603357369
512 492 498159 603357369
512 493 487267 603357369
512 494 497707 603357369
512 495 491907 603357369
512 496 494103 603357369
512 497 502459 603357369
512 498 503951 603357369
512 499 491795 603357369
512 500 498695 603357369
512 501 497417 603357369
512 502 495935 603357369
512 503 496215 603357369
512 504 495191 603357369
512 505 494155 603357369
512 506 500131 603357369
512 507 492607 603357369
512 508 491611 603357369
512 509 501539 603357369
512 510 499008 603357369
512 511 492472 603357369
512 512 498200 603357369
512 513 487704 603357369
512 514 498100 603357369
512 515 499220 603357369
512 516 495967 603357369
512 517 501443 603357369
512 518 501527 603357369
512 519 495811 603357369
512 520 494719 603357369
512 521 495471 603357369
512 522 495255 603357369
512 523 499650 603357369
512 524 502079 603357369
512 525 499111 603357369
512 526 492379 603357369
512 527 497611 603357369
512 528 495524 603357369
512 529 499207 603357369
512 530 501584 603357369
512 531 495883 603357369
512 532 498743 603357369
512 533 500671 603357369
512 534 496128 603357369
512 535 498184 603357369
512 536 503120 603357369
512 537 492604 603357369
512 538 495248 603357369
512 539 499324 603357369
512 540 491495 603357369
512 541 498079 603357369
512 542 499791 603357369
512 543 501455 603357369
512 544 492355 603357369
512 545 499207 603357369
512 546 497695 603357369
512 547 494931 603357369
512 548 498903 603357369
512 549 496355 603357369
512 550 495043 603357369
512 551 502519 603357369
512 552 496523 603357369
512 553 491747 603357369
512 554 501243 603357369
512 555 491199 603357369
512 556 493435 603357369
512 557 500703 603357369
512 558 494988 603357369
512 559 496244 603357369
512 560 504320 603357369
512 561 499988 603357369
512 562 490764 603357369
512 563 500636 603357369
512 564 501555 603357369
512 565 493603 603357369
512 566 500259 603357369
512 567 490335 603357369
512 568 498447 603357369
512 569 498807 603357369
512 570 492280 603357369
512 571 491395 603357369
512 572 500643 603357369
512 573 495143 603357369
512 574 505063 603357369
512 575 502283 603357369
512 576 491197 603357369
512 577 504715 603357369
512 578 499639 603357369
512 579 507543 603357369
512 580 496587 603357369
512 581 501603 603357369
512 582 492424 603357369
512 583 495940 603357369
512 584 504652 603357369
512 585 491060 603357369
512 586 498640 603357369
512 587 494284 603357369
512 588 499391 603357369
512 589 499623 603357369
512 590 495968 603357369
512 591 492027 603357369
512 592 501563 603357369
512 593 494235 603357369
512 594 502771 603357369
512 595 505963 603357369
512 596 495327 603357369
512 597 503971 603357369
512 598 496715 603357369
512 599 503823 603357369
512 600 498259 603357369
512 601 504103 603357369
512 602 491115 603357369
512 603 495747 603357369
512 604 501087 603357369
512 605 491127 603357369
512 606 501895 603357369
512 607 495760 603357369
512 608 499292 603357369
512 609 496640 603357369
512 610 497676 603357369
512 611 492312 603357369
512 612 498496 603357369
512 613 491987 603357369
512 614 492040 603357369
512 615 499267 603357369
512 616 494967 603357369
512 617 491163 603357369
512 618 501079 603357369
512 619 492855 603357369
512 620 490911 603357369
512 621 507355 603357369
512 622 500467 603357369
512 623 488744 603357369
512 624 505432 603357369
512 625 495727 603357369
512 626 502531 603357369
512 627 499943 603357369
512 628 502427 603357369
512 629 493335 603357369
512 630 498096 603357369
512 631 490820 603357369
512 632 493380 603357369
512 633 499632 603357369
512 634 493236 603357369
512 635 500491 603357369
512 636 501775 603357369
512 637 496565 603357369
512 638 498088 603357369
512 639 499419 603357369
512 640 497771 603357369
512 641 495999 603357369
512 642 502167 603357369
512 643 492051 603357369
512 644 502019 603357369
512 645 500155 603357369
512 646 502883 603357369
512 647 500811 603357369
512 648 502163 603357369
512 649 493707 603357369
512 650 500403 603357369
512 651 494419 603357369
512 652 492959 603357369
512 653 506747 603357369
512 654 498466 603357369
512 655 498436 603357369
512 656 506404 603357369
512 657 501996 603357369
512 658 493064 603357369
512 659 501875 603357369
512 660 497960 603357369
512 661 493799 603357369
512 662 495555 603357369
512 663 491499 603357369
512 664 499407 603357369
512 665 501851 603357369
512 666 503587 603357369
512 667 491071 603357369
512 668 497035 603357369
512 669 491663 603357369
512 670 493579 603357369
512 671 498071 603357369
512 672 491951 603357369
512 673 499971 603357369
512 674 499099 603357369
512 675 503927 603357369
512 676 492387 603357369
512 677 501287 603357369
512 678 500871 603357369
512 679 493736 603357369
512 680 497328 603357369
512 681 490444 603357369
512 682 492832 603357369
512 683 498948 603357369
512 684 497963 603357369
512 685 491359 603357369
512 686 495843 603357369
512 687 492219 603357369
512 688 504983 603357369
512 689 497171 603357369
512 690 495519 603357369
512 691 503091 603357369
512 692 501475 603357369
512 693 507559 603357369
512 694 498663 603357369
512 695 500719 603357369
512 696 491715 603357369
512 697 501291 603357369
512 698 498883 603357369
512 699 493191 603357369
512 700 503867 603357369
512 701 495895 603357369
512 702 498011 603357369
512 703 500104 603357369
512 704 501732 603357369
512 705 494488 603357369
512 706 495880 603357369
512 707 497528 603357369
512 708 497960 603357369
512 709 499040 603357369
512 710 492563 603357369
512 711 500215 603357369
512 712 503003 603357369
512 713 499527 603357369
512 714 499695 603357369
512 715 502283 603357369
512 716 494975 603357369
512 717 488634 603357369
512 718 495503 603357369
512 719 501563 603357369
512 720 498747 603357369
512 721 501983 603357369
512 722 501882 603357369
512 723 494662 603357369
512 724 501627 603357369
512 725 502271 603357369
512 726 494987 603357369
512 727 501403 603357369
512 728 494852 603357369
512 729 503564 603357369
512 730 502073 603357369
512 731 499432 603357369
512 732 491936 603357369
512 733 502792 603357369
512 734 497335 603357369
512 735 492023 603357369
512 736 500407 603357369
512 737 489855 603357369
512 738 496803 603357369
512 739 505647 603357369
512 740 502171 603357369
512 741 494143 603357369
512 742 501603 603357369
512 743 497575 603357369
512 744 495335 603357369
512 745 500187 603357369
512 746 490863 603357369
512 747 497919 603357369
512 748 497971 603357369
512 749 493479 603357369
512 750 496179 603357369
512 751 499563 603357369
512 752 495388 603357369
512 753 498060 603357369
512 754 499916 603357369
512 755 489620 603357369
512 756 494664 603357369
512 757 498151 603357369
512 758 496415 603357369
512 759 494427 603357369
512 760 501411 603357369
512 761 495608 603357369
512 762 490331 603357369
512 763 504123 603357369
512 764 496854 603357369
512 765 502767 603357369
512 766 502747 603357369
512 767 504059 603357369
512 768 490019 603357369
512 769 502139 603357369
512 770 503915 603357369
512 771 493087 603357369
512 772 501579 603357369
512 773 494403 603357369
512 774 499467 603357369
512 775 499515 603357369
512 776 491172 603357369
512 777 494400 603357369
512 778 501480 603357369
512 779 502464 603357369
512 780 495944 603357369
512 781 500232 603357369
512 782 499355 603357369
512 783 507700 603357369
512 784 501463 603357369
512 785 502387 603357369
512 786 500959 603357369
512 787 498031 603357369
512 788 507203 603357369
512 789 488795 603357369
512 790 499163 603357369
512 791 496339 603357369
512 792 505147 603357369
512 793 498307 603357369
512 794 501915 603357369
512 795 487939 603357369
512 796 497472 603357369
512 797 501623 603357369
512 798 491623 603357369
512 799 500039 603357369
512 800 499400 603357369
512 801 503760 603357369
512 802 501648 603357369
512 803 501218 603357369
512 804 496460 603357369
512 805 502484 603357369
512 806 499832 603357369
512 807 495144 603357369
512 808 505351 603357369
512 809 503664 603357369
512 810 501403 603357369
512 811 502525 603357369
512 812 505276 603357369
512 813 492667 603357369
512 814 500532 603357369
512 815 499111 603357369
512 816 494175 603357369
512 817 502931 603357369
512 818 495003 603357369
512 819 497407 603357369
512 820 500695 603357369
512 821 495479 603357369
512 822 494751 603357369
512 823 499415 603357369
512 824 490679 603357369
512 825 492875 603357369
512 826 502296 603357369
512 827 494936 603357369
512 828 503836 603357369
512 829 498300 603357369
512 830 503165 603357369
512 831 491919 603357369
512 832 501131 603357369
512 833 502687 603357369
512 834 490011 603357369
512 835 499351 603357369
512 836 495407 603357369
512 837 496994 603357369
512 838 497827 603357369
512 839 494963 603357369
512 840 501452 603357369
512 841 498815 603357369
512 842 497359 603357369
512 843 494259 603357369
512 844 503919 603357369
512 845 499799 603357369
512 846 497883 603357369
512 847 500271 603357369
512 848 502395 603357369
512 849 494161 603357369
512 850 499740 603357369
512 851 500084 603357369
512 852 491104 603357369
512 853 503300 603357369
512 854 493056 603357369
512 855 498348 603357369
512 856 499787 603357369
512 857 497011 603357369
512 858 496103 603357369
512 859 499155 603357369
512 860 492079 603357369
512 861 496623 603357369
512 862 508527 603357369
512 863 492259 603357369
512 864 493347 603357369
512 865 502923 603357369
512 866 490684 603357369
512 867 494403 603357369
512 868 500447 603357369
512 869 494033 603357369
512 870 495031 603357369
512 871 501639 603357369
512 872 492779 603357369
512 873 498031 603357369
512 874 501264 603357369
512 875 498652 603357369
512 876 490072 603357369
512 877 495884 603357369
512 878 492872 603357369
512 879 495323 603357369
512 880 500683 603357369
512 881 496003 603357369
512 882 500355 603357369
512 883 498315 603357369
512 884 505527 603357369
512 885 493379 603357369
512 886 503527 603357369
512 887 491007 603357369
512 888 498185 603357369
512 889 496787 603357369
512 890 492587 603357369
512 891 498408 603357369
512 892 496019 603357369
512 893 495999 603357369
512 894 496455 603357369
512 895 503435 603357369
512 896 490975 603357369
512 897 503791 603357369
512 898 491524 603357369
512 899 487836 603357369
512 900 501736 603357369
512 901 500812 603357369
512 902 494400 603357369
512 903 501099 603357369
512 904 496139 603357369
512 905 489995 603357369
512 906 496331 603357369
512 907 489991 603357369
512 908 498411 603357369
512 909 500295 603357369
512 910 493443 603357369
512 911 496471 603357369
512 912 495295 603357369
512 913 499207 603357369
512 914 503383 603357369
512 915 497503 603357369
512 916 498295 603357369
512 917 505179 603357369
512 918 497105 603357369
512 919 494991 603357369
512 920 503519 603357369
512 921 498107 603357369
512 922 503244 603357369
512 923 496772 603357369
512 924 499464 603357369
512 925 493780 603357369
512 926 505140 603357369
512 927 491440 603357369
512 928 492419 603357369
512 929 503727 603357369
512 930 495423 603357369
512 931 497223 603357369
512 932 500595 603357369
512 933 497051 603357369
512 934 496039 603357369
512 935 500971 603357369
512 936 492667 603357369
512 937 493880 603357369
512 938 501507 603357369
512 939 493943 603357369
512 940 501199 603357369
512 941 500103 603357369
512 942 503135 603357369
512 943 492491 603357369
512 944 503111 603357369
512 945 494454 603357369
512 946 495217 603357369
512 947 500768 603357369
512 948 494460 603357369
512 949 499264 603357369
512 950 502900 603357369
512 951 499448 603357369
512 952 488691 603357369
512 953 497587 603357369
512 954 500363 603357369
512 955 495275 603357369
512 956 500667 603357369
512 957 494735 603357369
512 958 495731 603357369
512 959 499527 603357369
512 960 504343 603357369
512 961 495619 603357369
512 962 499307 603357369
512 963 495995 603357369
512 964 494279 603357369
512 965 498071 603357369
512 966 496043 603357369
512 967 499411 603357369
512 968 502787 603357369
512 969 504099 603357369
512 970 495304 603357369
512 971 499980 603357369
512 972 491676 603357369
512 973 496152 603357369
512 974 500904 603357369
512 975 492628 603357369
512 976 502331 603357369
512 977 503051 603357369
512 978 496051 603357369
512 979 500455 603357369
512 980 496607 603357369
512 981 496947 603357369
512 982 490035 603357369
512 983 500259 603357369
512 984 495975 603357369
512 985 495603 603357369
512 986 502559 603357369
512 987 498843 603357369
512 988 495855 603357369
512 989 501815 603357369
512 990 502991 603357369
512 991 492311 603357369
512 992 505695 603357369
512 993 498128 603357369
512 994 500960 603357369
512 995 499472 603357369
512 996 504884 603357369
512 997 494998 603357369
512 998 498409 603357369
512 999 504936 603357369
