512 0 472679 603357369
512 1 373719 603357369
512 2 373712 603357369
512 3 372284 603357369
512 4 373051 603357369
512 5 376055 603357369
512 6 373235 603357369
512 7 371983 603357369
512 8 375696 603357369
512 9 371936 603357369
512 10 374351 603357369
512 11 373943 603357369
512 12 374823 603357369
512 13 372532 603357369
512 14 374432 603357369
512 15 371343 603357369
512 16 371855 603357369
512 17 375391 603357369
512 18 374824 603357369
512 19 374228 603357369
512 20 373499 603357369
512 21 372059 603357369
512 22 376735 603357369
512 23 375692 603357369
512 24 372248 603357369
512 25 371927 603357369
512 26 373999 603357369
512 27 372859 603357369
512 28 372951 603357369
512 29 375644 603357369
512 30 376652 603357369
512 31 371979 603357369
512 32 372871 603357369
512 33 373723 603357369
512 34 373536 603357369
512 35 373652 603357369
512 36 373875 603357369
512 37 372115 603357369
512 38 374039 603357369
512 39 373484 603357369
512 40 373392 603357369
512 41 372987 603357369
512 42 375531 603357369
512 43 377527 603357369
512 44 377484 603357369
512 45 375220 603357369
512 46 374223 603357369
512 47 373063 603357369
512 48 373631 603357369
512 49 371380 603357369
512 50 374889 603357369
512 51 375487 603357369
512 52 374363 603357369
512 53 374983 603357369
512 54 370447 603357369
512 55 373012 603357369
512 56 372248 603357369
512 57 375119 603357369
512 58 373735 603357369
512 59 376743 603357369
512 60 375088 603357369
512 61 373480 603357369
512 62 369483 603357369
512 63 369563 603357369
512 64 374523 603357369
512 65 372124 603357369
512 66 376032 603357369
512 67 374607 603357369
512 68 371150 603357369
512 69 374535 603357369
512 70 373904 603357369
512 71 371444 603357369
512 72 373487 603357369
512 73 372851 603357369
512 74 374279 603357369
512 75 373668 603357369
512 76 374016 603357369
512 77 374267 603357369
512 78 371607 603357369
512 79 374063 603357369
512 80 373363 603357369
512 81 374224 603357369
512 82 370065 603357369
512 83 374131 603357369
512 84 371515 603357369
512 85 375011 603357369
512 86 371288 603357369
512 87 374192 603357369
512 88 375591 603357369
512 89 374655 603357369
512 90 370731 603357369
512 91 376488 603357369
512 92 375852 603357369
512 93 372615 603357369
512 94 372732 603357369
512 95 371471 603357369
512 96 375068 603357369
512 97 373956 603357369
512 98 375411 603357369
512 99 374659 603357369
512 100 378887 603357369
512 101 372288 603357369
512 102 375128 603357369
512 103 377287 603357369
512 104 373795 603357369
512 105 372803 603357369
512 106 372095 603357369
512 107 371436 603357369
512 108 375724 603357369
512 109 373983 603357369
512 110 373763 603357369
512 111 375995 603357369
512 112 372056 603357369
512 113 371508 603357369
512 114 373559 603357369
512 115 375851 603357369
512 116 374655 603357369
512 117 376516 603357369
512 118 375180 603357369
512 119 374763 603357369
512 120 380519 603357369
512 121 375247 603357369
512 122 373716 603357369
512 123 373900 603357369
512 124 371895 603357369
512 125 370747 603357369
512 126 374911 603357369
512 127 375511 603357369
512 128 371916 603357369
512 129 373336 603357369
512 130 372271 603357369
512 131 376355 603357369
512 132 378899 603357369
512 133 371140 603357369
512 134 373084 603357369
512 135 375891 603357369
512 136 372719 603357369
512 137 375123 603357369
512 138 374912 603357369
512 139 373288 603357369
512 140 376319 603357369
512 141 372355 603357369
512 142 373023 603357369
512 143 373712 603357369
512 144 375676 603357369
512 145 372579 603357369
512 146 375937 603357369
512 147 373503 603357369
512 148 371343 603357369
512 149 373160 603357369
512 150 370740 603357369
512 151 372975 603357369
512 152 373875 603357369
512 153 372791 603357369
512 154 373720 603357369
512 155 371996 603357369
512 156 371567 603357369
512 157 375235 603357369
512 158 372047 603357369
512 159 370708 603357369
512 160 372964 603357369
512 161 374131 603357369
512 162 374603 603357369
512 163 375567 603357369
512 164 374096 603357369
512 165 371300 603357369
512 166 374311 603357369
512 167 373803 603357369
512 168 368147 603357369
512 169 374840 603357369
512 170 374628 603357369
512 171 375351 603357369
512 172 372627 603357369
512 173 372547 603357369
512 174 373655 603357369
512 175 373408 603357369
512 176 373820 603357369
512 177 374663 603357369
512 178 374307 603357369
512 179 374579 603357369
512 180 374052 603357369
512 181 371384 603357369
512 182 371150 603357369
512 183 376295 603357369
512 184 371655 603357369
512 185 372020 603357369
512 186 372620 603357369
512 187 376095 603357369
512 188 373027 603357369
512 189 374211 603357369
512 190 373496 603357369
512 191 371284 603357369
512 192 374540 603357369
512 193 372535 603357369
512 194 373195 603357369
512 195 374447 603357369
512 196 373328 603357369
512 197 373604 603357369
512 198 375503 603357369
512 199 371979 603357369
512 200 374607 603357369
512 201 372304 603357369
512 202 371996 603357369
512 203 374855 603357369
512 204 375359 603357369
512 205 376279 603357369
512 206 370368 603357369
512 207 373340 603357369
512 208 375339 603357369
512 209 372427 603357369
512 210 374675 603357369
512 211 374412 603357369
512 212 370836 603357369
512 213 371563 603357369
512 214 371059 603357369
512 215 374119 603357369
512 216 372108 603357369
512 217 373048 603357369
512 218 373107 603357369
512 219 371987 603357369
512 220 373519 603357369
512 221 373003 603357369
512 222 371352 603357369
512 223 374792 603357369
512 224 373371 603357369
512 225 373323 603357369
512 226 373819 603357369
512 227 374012 603357369
512 228 375369 603357369
512 229 369327 603357369
512 230 373375 603357369
512 231 375555 603357369
512 232 372988 603357369
512 233 373512 603357369
512 234 376687 603357369
512 235 373151 603357369
512 236 373995 603357369
512 237 371564 603357369
512 238 373464 603357369
512 239 374007 603357369
512 240 374067 603357369
512 241 374399 603357369
512 242 376251 603357369
512 243 374316 603357369
512 244 376375 603357369
512 245 376011 603357369
512 246 377751 603357369
512 247 374939 603357369
512 248 372380 603357369
512 249 372604 603357369
512 250 368487 603357369
512 251 375103 603357369
512 252 370779 603357369
512 253 374556 603357369
512 254 373568 603357369
512 255 372583 603357369
512 256 372399 603357369
512 257 371511 603357369
512 258 369272 603357369
512 259 373004 603357369
512 260 371215 603357369
512 261 375851 603357369
512 262 372419 603357369
512 263 376288 603357369
512 264 376244 603357369
512 265 374963 603357369
512 266 372539 603357369
512 267 377403 603357369
512 268 375067 603357369
512 269 371616 603357369
512 270 374116 603357369
512 271 372291 603357369
512 272 371303 603357369
512 273 374815 603357369
512 274 372844 603357369
512 275 371474 603357369
512 276 374411 603357369
512 277 377371 603357369
512 278 373735 603357369
512 279 372908 603357369
512 280 372704 603357369
512 281 373015 603357369
512 282 374979 603357369
512 283 373143 603357369
512 284 372004 603357369
512 285 372400 603357369
512 286 374707 603357369
512 287 371671 603357369
512 288 371531 603357369
512 289 373972 603357369
512 290 372977 603357369
512 291 374343 603357369
512 292 379891 603357369
512 293 372595 603357369
512 294 374155 603357369
512 295 372144 603357369
512 296 376168 603357369
512 297 373603 603357369
512 298 375623 603357369
512 299 378587 603357369
512 300 370907 603357369
512 301 371612 603357369
512 302 375835 603357369
512 303 371199 603357369
512 304 371743 603357369
512 305 375820 603357369
512 306 373004 603357369
512 307 373927 603357369
512 308 369563 603357369
512 309 373397 603357369
512 310 373264 603357369
512 311 373724 603357369
512 312 372723 603357369
512 313 373239 603357369
512 314 370027 603357369
512 315 373592 603357369
512 316 372120 603357369
512 317 372118 603357369
512 318 374951 603357369
512 319 374355 603357369
512 320 373111 603357369
512 321 375392 603357369
512 322 370468 603357369
512 323 376087 603357369
512 324 373851 603357369
512 325 374955 603357369
512 326 375296 603357369
512 327 373632 603357369
512 328 372311 603357369
512 329 373847 603357369
512 330 376264 603357369
512 331 372848 603357369
512 332 374576 603357369
512 333 373895 603357369
512 334 370955 603357369
512 335 373111 603357369
512 336 371128 603357369
512 337 376004 603357369
512 338 376403 603357369
512 339 377211 603357369
512 340 372639 603357369
512 341 376011 603357369
512 342 372992 603357369
512 343 369368 603357369
512 344 374344 603357369
512 345 375815 603357369
512 346 376255 603357369
512 347 374388 603357369
512 348 373132 603357369
512 349 371515 603357369
512 350 374551 603357369
512 351 372631 603357369
512 352 374756 603357369
512 353 375804 603357369
512 354 375335 603357369
512 355 375919 603357369
512 356 374359 603357369
512 357 376460 603357369
512 358 372912 603357369
512 359 372795 603357369
512 360 374727 603357369
512 361 374139 603357369
512 362 373736 603357369
512 363 374476 603357369
512 364 374423 603357369
512 365 372939 603357369
512 366 372007 603357369
512 367 372056 603357369
512 368 372536 603357369
512 369 374696 603357369
512 370 375655 603357369
512 371 377163 603357369
512 372 372643 603357369
512 373 373544 603357369
512 374 375364 603357369
512 375 375743 603357369
512 376 370431 603357369
512 377 372295 603357369
512 378 372600 603357369
512 379 373292 603357369
512 380 373691 603357369
512 381 372471 603357369
512 382 373463 603357369
512 383 372284 603357369
512 384 372488 603357369
512 385 376039 603357369
512 386 370731 603357369
512 387 371478 603357369
512 388 373132 603357369
512 389 374616 603357369
512 390 376223 603357369
512 391 369981 603357369
512 392 374135 603357369
512 393 374647 603357369
512 394 369769 603357369
512 395 369724 603357369
512 396 369995 603357369
512 397 375175 603357369
512 398 372975 603357369
512 399 375168 603357369
512 400 371960 603357369
512 401 374859 603357369
512 402 375399 603357369
512 403 371439 603357369
512 404 375880 603357369
512 405 373552 603357369
512 406 373475 603357369
512 407 373539 603357369
512 408 372659 603357369
512 409 369468 603357369
512 410 375952 603357369
512 411 373723 603357369
512 412 373003 603357369
512 413 372235 603357369
512 414 376620 603357369
512 415 371360 603357369
512 416 370783 603357369
512 417 373207 603357369
512 418 374347 603357369
512 419 374567 603357369
512 420 373932 603357369
512 421 374964 603357369
512 422 372203 603357369
512 423 374943 603357369
512 424 374911 603357369
512 425 373256 603357369
512 426 375216 603357369
512 427 375411 603357369
512 428 374735 603357369
512 429 371631 603357369
512 430 372144 603357369
512 431 375572 603357369
512 432 375783 603357369
512 433 373879 603357369
512 434 373111 603357369
512 435 376240 603357369
512 436 373540 603357369
512 437 375031 603357369
512 438 373399 603357369
512 439 375471 603357369
512 440 370987 603357369
512 441 372023 603357369
512 442 372656 603357369
512 443 373751 603357369
512 444 372079 603357369
512 445 376375 603357369
512 446 375700 603357369
512 447 374028 603357369
512 448 377619 603357369
512 449 375651 603357369
512 450 374279 603357369
512 451 373576 603357369
512 452 375840 603357369
512 453 373731 603357369
512 454 376023 603357369
512 455 376099 603357369
512 456 377584 603357369
512 457 371388 603357369
512 458 375151 603357369
512 459 370435 603357369
512 460 373231 603357369
512 461 376972 603357369
512 462 373200 603357369
512 463 374931 603357369
512 464 373179 603357369
512 465 372967 603357369
512 466 379111 603357369
512 467 375716 603357369
512 468 372784 603357369
512 469 376651 603357369
512 470 376911 603357369
512 471 373659 603357369
512 472 374876 603357369
512 473 374148 603357369
512 474 370093 603357369
512 475 371899 603357369
512 476 374899 603357369
512 477 371080 603357369
512 478 375540 603357369
512 479 377487 603357369
512 480 372855 603357369
512 481 372543 603357369
512 482 373588 603357369
512 483 373404 603357369
512 484 374987 603357369
512 485 375135 603357369
512 486 375999 603357369
512 487 374819 603357369
512 488 375292 603357369
512 489 370700 603357369
512 490 375975 603357369
512 491 375155 603357369
512 492 369027 603357369
512 493 374468 603357369
512 494 373474 603357369
512 495 372803 603357369
512 496 374431 603357369
512 497 373655 603357369
512 498 372756 603357369
512 499 368556 603357369
512 500 375023 603357369
512 501 375903 603357369
512 502 372727 603357369
512 503 375088 603357369
512 504 375804 603357369
512 505 372531 603357369
512 506 372785 603357369
512 507 374201 603357369
512 508 370664 603357369
512 509 373488 603357369
512 510 376727 603357369
512 511 373099 603357369
512 512 373947 603357369
512 513 373251 603357369
512 514 374164 603357369
512 515 372572 603357369
512 516 370931 603357369
512 517 376891 603357369
512 518 376435 603357369
512 519 374156 603357369
512 520 372172 603357369
512 521 372967 603357369
512 522 373555 603357369
512 523 371591 603357369
512 524 374008 603357369
512 525 376448 603357369
512 526 372399 603357369
512 527 373299 603357369
512 528 374051 603357369
512 529 376040 603357369
512 530 371611 603357369
512 531 373447 603357369
512 532 373787 603357369
512 533 375031 603357369
512 534 373295 603357369
512 535 376164 603357369
512 536 372411 603357369
512 537 373375 603357369
512 538 374295 603357369
512 539 372767 603357369
512 540 375157 603357369
512 541 371131 603357369
512 542 374839 603357369
512 543 375507 603357369
512 544 373467 603357369
512 545 373840 603357369
512 546 370132 603357369
512 547 372979 603357369
512 548 373523 603357369
512 549 371919 603357369
512 550 374332 603357369
512 551 372272 603357369
512 552 377023 603357369
512 553 374603 603357369
512 554 371091 603357369
512 555 375432 603357369
512 556 369796 603357369
512 557 374391 603357369
512 558 369531 603357369
512 559 377099 603357369
512 560 376439 603357369
512 561 370804 603357369
512 562 373424 603357369
512 563 371291 603357369
512 564 373011 603357369
512 565 377919 603357369
512 566 375080 603357369
512 567 375156 603357369
512 568 377659 603357369
512 569 374828 603357369
512 570 375643 603357369
512 571 371972 603357369
512 572 373532 603357369
512 573 375435 603357369
512 574 371883 603357369
512 575 374063 603357369
512 576 372068 603357369
512 577 373352 603357369
512 578 372399 603357369
512 579 376107 603357369
512 580 376571 603357369
512 581 371107 603357369
512 582 372588 603357369
512 583 374652 603357369
512 584 373183 603357369
512 585 376179 603357369
512 586 373439 603357369
512 587 373096 603357369
512 588 375032 603357369
512 589 374063 603357369
512 590 374902 603357369
512 591 373771 603357369
512 592 374440 603357369
512 593 374328 603357369
512 594 372211 603357369
512 595 370255 603357369
512 596 371247 603357369
512 597 373368 603357369
512 598 372868 603357369
512 599 372847 603357369
512 600 367291 603357369
512 601 372879 603357369
512 602 368948 603357369
512 603 372776 603357369
512 604 372331 603357369
512 605 374387 603357369
512 606 372819 603357369
512 607 376019 603357369
512 608 370752 603357369
512 609 375040 603357369
512 610 375011 603357369
512 611 374411 603357369
512 612 371555 603357369
512 613 369756 603357369
512 614 373316 603357369
512 615 379043 603357369
512 616 373687 603357369
512 617 372719 603357369
512 618 373724 603357369
512 619 373200 603357369
512 620 371719 603357369
512 621 376655 603357369
512 622 373171 603357369
512 623 370688 603357369
512 624 372912 603357369
512 625 372439 603357369
512 626 373883 603357369
512 627 374903 603357369
512 628 375352 603357369
512 629 374408 603357369
512 630 374139 603357369
512 631 374171 603357369
512 632 371139 603357369
512 633 373327 603357369
512 634 375744 603357369
512 635 373520 603357369
512 636 370539 603357369
512 637 374351 603357369
512 638 375923 603357369
512 639 374364 603357369
512 640 369824 603357369
512 641 371871 603357369
512 642 371415 603357369
512 643 370511 603357369
512 644 373664 603357369
512 645 375628 603357369
512 646 373663 603357369
512 647 375167 603357369
512 648 374955 603357369
512 649 371376 603357369
512 650 376948 603357369
512 651 375439 603357369
512 652 376011 603357369
512 653 377783 603357369
512 654 375880 603357369
512 655 372194 603357369
512 656 370023 603357369
512 657 375775 603357369
512 658 374079 603357369
512 659 371223 603357369
512 660 373920 603357369
512 661 374462 603357369
512 662 372515 603357369
512 663 373679 603357369
512 664 372783 603357369
512 665 376376 603357369
512 666 375092 603357369
512 667 376919 603357369
512 668 373471 603357369
512 669 377247 603357369
512 670 373984 603357369
512 671 371268 603357369
512 672 373023 603357369
512 673 369939 603357369
512 674 373355 603357369
512 675 374548 603357369
512 676 372088 603357369
512 677 372431 603357369
512 678 370759 603357369
512 679 372859 603357369
512 680 376019 603357369
512 681 373980 603357369
512 682 372335 603357369
512 683 376983 603357369
512 684 373539 603357369
512 685 372871 603357369
512 686 369796 603357369
512 687 372052 603357369
512 688 369411 603357369
512 689 369203 603357369
512 690 379219 603357369
512 691 376060 603357369
512 692 376708 603357369
512 693 374543 603357369
512 694 372589 603357369
512 695 375419 603357369
512 696 374584 603357369
512 697 372072 603357369
512 698 371967 603357369
512 699 371323 603357369
512 700 372619 603357369
512 701 373912 603357369
512 702 373204 603357369
512 703 372643 603357369
512 704 376607 603357369
512 705 376507 603357369
512 706 377487 603357369
512 707 371912 603357369
512 708 373668 603357369
512 709 371586 603357369
512 710 372855 603357369
512 711 373011 603357369
512 712 372184 603357369
512 713 377212 603357369
512 714 373403 603357369
512 715 371579 603357369
512 716 375316 603357369
512 717 375812 603357369
512 718 378828 603357369
512 719 372135 603357369
512 720 371875 603357369
512 721 376783 603357369
512 722 376284 603357369
512 723 372696 603357369
512 724 375727 603357369
512 725 375615 603357369
512 726 372331 603357369
512 727 371084 603357369
512 728 371316 603357369
512 729 375423 603357369
512 730 372579 603357369
512 731 372251 603357369
512 732 375591 603357369
512 733 373980 603357369
512 734 372064 603357369
512 735 376059 603357369
512 736 372863 603357369
512 737 373643 603357369
512 738 372624 603357369
512 739 376224 603357369
512 740 373479 603357369
512 741 372039 603357369
512 742 374227 603357369
512 743 374332 603357369
512 744 372812 603357369
512 745 373003 603357369
512 746 371787 603357369
512 747 374595 603357369
512 748 372500 603357369
512 749 377300 603357369
512 750 374803 603357369
512 751 372959 603357369
512 752 372059 603357369
512 753 372287 603357369
512 754 371640 603357369
512 755 373133 603357369
512 756 373891 603357369
512 757 373543 603357369
512 758 371363 603357369
512 759 371056 603357369
512 760 372412 603357369
512 761 373111 603357369
512 762 371183 603357369
512 763 373203 603357369
512 764 373240 603357369
512 765 374124 603357369
512 766 371067 603357369
512 767 373147 603357369
512 768 375647 603357369
512 769 373220 603357369
512 770 371280 603357369
512 771 375707 603357369
512 772 378187 603357369
512 773 372423 603357369
512 774 376696 603357369
512 775 374608 603357369
512 776 369143 603357369
512 777 375163 603357369
512 778 373067 603357369
512 779 371683 603357369
512 780 372161 603357369
512 781 372550 603357369
512 782 373051 603357369
512 783 374975 603357369
512 784 371831 603357369
512 785 370408 603357369
512 786 375560 603357369
512 787 372003 603357369
512 788 372819 603357369
512 789 376143 603357369
512 790 373468 603357369
512 791 374592 603357369
512 792 373311 603357369
512 793 373795 603357369
512 794 371475 603357369
512 795 375836 603357369
512 796 372900 603357369
512 797 373611 603357369
512 798 369007 603357369
512 799 371751 603357369
512 800 370708 603357369
512 801 372264 603357369
512 802 372667 603357369
512 803 375087 603357369
512 804 374059 603357369
512 805 372304 603357369
512 806 372200 603357369
512 807 374531 603357369
512 808 375487 603357369
512 809 374915 603357369
512 810 375515 603357369
512 811 371968 603357369
512 812 372816 603357369
512 813 372331 603357369
512 814 372959 603357369
512 815 374559 603357369
512 816 374824 603357369
512 817 375260 603357369
512 818 374687 603357369
512 819 371775 603357369
512 820 370875 603357369
512 821 372176 603357369
512 822 373440 603357369
512 823 372771 603357369
512 824 370407 603357369
512 825 374463 603357369
512 826 376628 603357369
512 827 373220 603357369
512 828 373775 603357369
512 829 373619 603357369
512 830 373675 603357369
512 831 374692 603357369
512 832 370224 603357369
512 833 378507 603357369
512 834 371875 603357369
512 835 374811 603357369
512 836 376320 603357369
512 837 374380 603357369
512 838 372804 603357369
512 839 376151 603357369
512 840 375931 603357369
512 841 374267 603357369
512 842 375564 603357369
512 843 371000 603357369
512 844 373531 603357369
512 845 373727 603357369
512 846 371559 603357369
512 847 371992 603357369
512 848 370824 603357369
512 849 374495 603357369
512 850 370027 603357369
512 851 372959 603357369
512 852 373820 603357369
512 853 375004 603357369
512 854 373579 603357369
512 855 376771 603357369
512 856 374455 603357369
512 857 373992 603357369
512 858 371468 603357369
512 859 376023 603357369
512 860 369511 603357369
512 861 372335 603357369
512 862 376311 603357369
512 863 371356 603357369
512 864 374260 603357369
512 865 374131 603357369
512 866 375567 603357369
512 867 375947 603357369
512 868 372756 603357369
512 869 375840 603357369
512 870 374335 603357369
512 871 373860 603357369
512 872 374391 603357369
512 873 375430 603357369
512 874 375052 603357369
512 875 376383 603357369
512 876 372487 603357369
512 877 377943 603357369
512 878 374256 603357369
512 879 376788 603357369
512 880 374955 603357369
512 881 374191 603357369
512 882 374607 603357369
512 883 372635 603357369
512 884 373076 603357369
512 885 373200 603357369
512 886 373203 603357369
512 887 372219 603357369
512 888 375887 603357369
512 889 376728 603357369
512 890 372828 603357369
512 891 373427 603357369
512 892 379231 603357369
512 893 371727 603357369
512 894 372464 603357369
512 895 372048 603357369
512 896 370615 603357369
512 897 370007 603357369
512 898 375731 603357369
512 899 376520 603357369
512 900 374476 603357369
512 901 374071 603357369
512 902 373763 603357369
512 903 375831 603357369
512 904 369528 603357369
512 905 373332 603357369
512 906 371735 603357369
512 907 371416 603357369
512 908 371459 603357369
512 909 376627 603357369
512 910 374812 603357369
512 911 375012 603357369
512 912 371015 603357369
512 913 373395 603357369
512 914 373755 603357369
512 915 372948 603357369
512 916 374032 603357369
512 917 371647 603357369
512 918 371079 603357369
512 919 374195 603357369
512 920 373932 603357369
512 921 375108 603357369
512 922 374903 603357369
512 923 371827 603357369
512 924 372339 603357369
512 925 373692 603357369
512 926 373236 603357369
512 927 372091 603357369
512 928 372915 603357369
512 929 375855 603357369
512 930 375272 603357369
512 931 372168 603357369
512 932 374515 603357369
512 933 371607 603357369
512 934 375715 603357369
512 935 373799 603357369
512 936 373728 603357369
512 937 375292 603357369
512 938 374583 603357369
512 939 371603 603357369
512 940 373687 603357369
512 941 372660 603357369
512 942 375224 603357369
512 943 373699 603357369
512 944 374039 603357369
512 945 370955 603357369
512 946 371248 603357369
512 947 374420 603357369
512 948 370051 603357369
512 949 374975 603357369
512 950 367995 603357369
512 951 373456 603357369
512 952 371908 603357369
512 953 377015 603357369
512 954 375179 603357369
512 955 373343 603357369
512 956 372716 603357369
512 957 371768 603357369
512 958 371611 603357369
512 959 374895 603357369
512 960 373671 603357369
512 961 374955 603357369
512 962 369952 603357369
512 963 374472 603357369
512 964 373019 603357369
512 965 376686 603357369
512 966 371830 603357369
512 967 371832 603357369
512 968 374315 603357369
512 969 375463 603357369
512 970 372475 603357369
512 971 373623 603357369
512 972 374332 603357369
512 973 373856 603357369
512 974 375207 603357369
512 975 371043 603357369
512 976 375843 603357369
512 977 374396 603357369
512 978 372204 603357369
512 979 373175 603357369
512 980 376895 603357369
512 981 371651 603357369
512 982 374144 603357369
512 983 369536 603357369
512 984 373339 603357369
512 985 373511 603357369
512 986 374846 603357369
512 987 376179 603357369
512 988 378548 603357369
512 989 372440 603357369
512 990 373131 603357369
512 991 377655 603357369
512 992 376091 603357369
512 993 370920 603357369
512 994 372628 603357369
512 995 375427 603357369
512 996 373354 603357369
512 997 372199 603357369
512 998 370824 603357369
512 999 371692 603357369
