2 0 0 91
2 1 0 51
2 2 0 51
2 3 0 51
2 4 0 51
2 5 0 51
2 6 0 51
2 7 0 51
2 8 0 51
2 9 0 51
2 10 0 51
2 11 0 51
2 12 0 51
2 13 0 51
2 14 0 51
2 15 0 51
2 16 0 51
2 17 0 51
2 18 0 51
2 19 0 51
2 20 0 51
2 21 0 51
2 22 0 51
2 23 0 51
2 24 0 51
2 25 0 51
2 26 0 51
2 27 0 51
2 28 0 51
2 29 0 51
2 30 0 51
2 31 0 51
2 32 0 51
2 33 0 51
2 34 0 51
2 35 0 51
2 36 0 51
2 37 0 51
2 38 0 51
2 39 0 51
2 40 0 51
2 41 0 51
2 42 0 51
2 43 0 51
2 44 0 51
2 45 0 51
2 46 0 51
2 47 0 51
2 48 0 51
2 49 0 51
2 50 0 51
2 51 0 51
2 52 0 51
2 53 0 51
2 54 0 51
2 55 0 51
2 56 0 51
2 57 0 51
2 58 0 51
2 59 0 51
2 60 0 51
2 61 0 51
2 62 0 51
2 63 0 51
2 64 0 51
2 65 0 51
2 66 0 51
2 67 0 51
2 68 0 51
2 69 0 51
2 70 0 51
2 71 0 51
2 72 0 51
2 73 0 51
2 74 0 51
2 75 0 51
2 76 0 51
2 77 0 51
2 78 0 51
2 79 0 51
2 80 0 51
2 81 0 51
2 82 0 51
2 83 0 51
2 84 0 51
2 85 0 51
2 86 0 51
2 87 0 51
2 88 0 51
2 89 0 51
2 90 0 51
2 91 0 51
2 92 0 51
2 93 0 51
2 94 0 51
2 95 0 51
2 96 0 51
2 97 0 51
2 98 0 51
2 99 0 51
2 100 0 51
2 101 0 51
2 102 0 51
2 103 0 51
2 104 0 51
2 105 0 51
2 106 0 51
2 107 0 51
2 108 0 51
2 109 0 51
2 110 0 51
2 111 0 51
2 112 0 51
2 113 0 51
2 114 0 51
2 115 0 51
2 116 0 51
2 117 0 51
2 118 0 51
2 119 0 51
2 120 0 51
2 121 0 51
2 122 0 51
2 123 0 51
2 124 0 51
2 125 0 51
2 126 0 51
2 127 0 51
2 128 0 51
2 129 0 51
2 130 0 51
2 131 0 51
2 132 0 51
2 133 0 51
2 134 0 51
2 135 0 51
2 136 0 51
2 137 0 51
2 138 0 51
2 139 0 51
2 140 0 51
2 141 0 51
2 142 0 51
2 143 0 51
2 144 0 51
2 145 0 51
2 146 0 51
2 147 0 51
2 148 0 51
2 149 0 51
2 150 0 51
2 151 0 51
2 152 0 51
2 153 0 51
2 154 0 51
2 155 0 51
2 156 0 51
2 157 0 51
2 158 0 51
2 159 0 51
2 160 0 51
2 161 0 51
2 162 0 51
2 163 0 51
2 164 0 51
2 165 0 51
2 166 0 51
2 167 0 51
2 168 0 51
2 169 0 51
2 170 0 51
2 171 0 51
2 172 0 51
2 173 0 51
2 174 0 51
2 175 0 51
2 176 0 51
2 177 0 51
2 178 0 51
2 179 0 51
2 180 0 51
2 181 0 51
2 182 0 51
2 183 0 51
2 184 0 51
2 185 0 51
2 186 0 51
2 187 0 51
2 188 0 51
2 189 0 51
2 190 0 51
2 191 0 51
2 192 0 51
2 193 0 51
2 194 0 51
2 195 0 51
2 196 0 51
2 197 0 51
2 198 0 51
2 199 0 51
2 200 0 51
2 201 0 51
2 202 0 51
2 203 0 51
2 204 0 51
2 205 0 51
2 206 0 51
2 207 0 51
2 208 0 51
2 209 0 51
2 210 0 51
2 211 0 51
2 212 0 51
2 213 0 51
2 214 0 51
2 215 0 51
2 216 0 51
2 217 0 51
2 218 0 51
2 219 0 51
2 220 0 51
2 221 0 51
2 222 0 51
2 223 0 51
2 224 0 51
2 225 0 51
2 226 0 51
2 227 0 51
2 228 0 51
2 229 0 51
2 230 0 51
2 231 0 51
2 232 0 51
2 233 0 51
2 234 0 51
2 235 0 51
2 236 0 51
2 237 0 51
2 238 0 51
2 239 0 51
2 240 0 51
2 241 0 51
2 242 0 51
2 243 0 51
2 244 0 51
2 245 0 51
2 246 0 51
2 247 0 51
2 248 0 51
2 249 0 51
2 250 0 51
2 251 0 51
2 252 0 51
2 253 0 51
2 254 0 51
2 255 0 51
2 256 0 51
2 257 0 51
2 258 0 51
2 259 0 51
2 260 0 51
2 261 0 51
2 262 0 51
2 263 0 51
2 264 0 51
2 265 0 51
2 266 0 51
2 267 0 51
2 268 0 51
2 269 0 51
2 270 0 51
2 271 0 51
2 272 0 51
2 273 0 51
2 274 0 51
2 275 0 51
2 276 0 51
2 277 0 51
2 278 0 51
2 279 0 51
2 280 0 51
2 281 0 51
2 282 0 51
2 283 0 51
2 284 0 51
2 285 0 51
2 286 0 51
2 287 0 51
2 288 0 51
2 289 0 51
2 290 0 51
2 291 0 51
2 292 0 51
2 293 0 51
2 294 0 51
2 295 0 51
2 296 0 51
2 297 0 51
2 298 0 51
2 299 0 51
2 300 0 51
2 301 0 51
2 302 0 51
2 303 0 51
2 304 0 51
2 305 0 51
2 306 0 51
2 307 0 51
2 308 0 51
2 309 0 51
2 310 0 51
2 311 0 51
2 312 0 51
2 313 0 51
2 314 0 51
2 315 0 51
2 316 0 51
2 317 0 51
2 318 0 51
2 319 0 51
2 320 0 51
2 321 0 51
2 322 0 51
2 323 0 51
2 324 0 51
2 325 0 51
2 326 0 51
2 327 0 51
2 328 0 51
2 329 0 51
2 330 0 51
2 331 0 51
2 332 0 51
2 333 0 51
2 334 0 51
2 335 0 51
2 336 0 51
2 337 0 51
2 338 0 51
2 339 0 51
2 340 0 51
2 341 0 51
2 342 0 51
2 343 0 51
2 344 0 51
2 345 0 51
2 346 0 51
2 347 0 51
2 348 0 51
2 349 0 51
2 350 0 51
2 351 0 51
2 352 0 51
2 353 0 51
2 354 0 51
2 355 0 51
2 356 0 51
2 357 0 51
2 358 0 51
2 359 0 51
2 360 0 51
2 361 0 51
2 362 0 51
2 363 0 51
2 364 0 51
2 365 0 51
2 366 0 51
2 367 0 51
2 368 0 51
2 369 0 51
2 370 0 51
2 371 0 51
2 372 0 51
2 373 0 51
2 374 0 51
2 375 0 51
2 376 0 51
2 377 0 51
2 378 0 51
2 379 0 51
2 380 0 51
2 381 0 51
2 382 0 51
2 383 0 51
2 384 0 51
2 385 0 51
2 386 0 51
2 387 0 51
2 388 0 51
2 389 0 51
2 390 0 51
2 391 0 51
2 392 0 51
2 393 0 51
2 394 0 51
2 395 0 51
2 396 0 51
2 397 0 51
2 398 0 51
2 399 0 51
2 400 0 51
2 401 0 51
2 402 0 51
2 403 0 51
2 404 0 51
2 405 0 51
2 406 0 51
2 407 0 51
2 408 0 51
2 409 0 51
2 410 0 51
2 411 0 51
2 412 0 51
2 413 0 51
2 414 0 51
2 415 0 51
2 416 0 51
2 417 0 51
2 418 0 51
2 419 0 51
2 420 0 51
2 421 0 51
2 422 0 51
2 423 0 51
2 424 0 51
2 425 0 51
2 426 0 51
2 427 0 51
2 428 0 51
2 429 0 51
2 430 0 51
2 431 0 51
2 432 0 51
2 433 0 51
2 434 0 51
2 435 0 51
2 436 0 51
2 437 0 51
2 438 0 51
2 439 0 51
2 440 0 51
2 441 0 51
2 442 0 51
2 443 0 51
2 444 0 51
2 445 0 51
2 446 0 51
2 447 0 51
2 448 0 51
2 449 0 51
2 450 0 51
2 451 0 51
2 452 0 51
2 453 0 51
2 454 0 51
2 455 0 51
2 456 0 51
2 457 0 51
2 458 0 51
2 459 0 51
2 460 0 51
2 461 0 51
2 462 0 51
2 463 0 51
2 464 0 51
2 465 0 51
2 466 0 51
2 467 0 51
2 468 0 51
2 469 0 51
2 470 0 51
2 471 0 51
2 472 0 51
2 473 0 51
2 474 0 51
2 475 0 51
2 476 0 51
2 477 0 51
2 478 0 51
2 479 0 51
2 480 0 51
2 481 0 51
2 482 0 51
2 483 0 51
2 484 0 51
2 485 0 51
2 486 0 51
2 487 0 51
2 488 0 51
2 489 0 51
2 490 0 51
2 491 0 51
2 492 0 51
2 493 0 51
2 494 0 51
2 495 0 51
2 496 0 51
2 497 0 51
2 498 0 51
2 499 0 51
2 500 0 51
2 501 0 51
2 502 0 51
2 503 0 51
2 504 0 51
2 505 0 51
2 506 0 51
2 507 0 51
2 508 0 51
2 509 0 51
2 510 0 51
2 511 0 51
2 512 0 51
2 513 0 51
2 514 0 51
2 515 0 51
2 516 0 51
2 517 0 51
2 518 0 51
2 519 0 51
2 520 0 51
2 521 0 51
2 522 0 51
2 523 0 51
2 524 0 51
2 525 0 51
2 526 0 51
2 527 0 51
2 528 0 51
2 529 0 51
2 530 0 51
2 531 0 51
2 532 0 51
2 533 0 51
2 534 0 51
2 535 0 51
2 536 0 51
2 537 0 51
2 538 0 51
2 539 0 51
2 540 0 51
2 541 0 51
2 542 0 51
2 543 0 51
2 544 0 51
2 545 0 51
2 546 0 51
2 547 0 51
2 548 0 51
2 549 0 51
2 550 0 51
2 551 0 51
2 552 0 51
2 553 0 51
2 554 0 51
2 555 0 51
2 556 0 51
2 557 0 51
2 558 0 51
2 559 0 51
2 560 0 51
2 561 0 51
2 562 0 51
2 563 0 51
2 564 0 51
2 565 0 51
2 566 0 51
2 567 0 51
2 568 0 51
2 569 0 51
2 570 0 51
2 571 0 51
2 572 0 51
2 573 0 51
2 574 0 51
2 575 0 51
2 576 0 51
2 577 0 51
2 578 0 51
2 579 0 51
2 580 0 51
2 581 0 51
2 582 0 51
2 583 0 51
2 584 0 51
2 585 0 51
2 586 0 51
2 587 0 51
2 588 0 51
2 589 0 51
2 590 0 51
2 591 0 51
2 592 0 51
2 593 0 51
2 594 0 51
2 595 0 51
2 596 0 51
2 597 0 51
2 598 0 51
2 599 0 51
2 600 0 51
2 601 0 51
2 602 0 51
2 603 0 51
2 604 0 51
2 605 0 51
2 606 0 51
2 607 0 51
2 608 0 51
2 609 0 51
2 610 0 51
2 611 0 51
2 612 0 51
2 613 0 51
2 614 0 51
2 615 0 51
2 616 0 51
2 617 0 51
2 618 0 51
2 619 0 51
2 620 0 51
2 621 0 51
2 622 0 51
2 623 0 51
2 624 0 51
2 625 0 51
2 626 0 51
2 627 0 51
2 628 0 51
2 629 0 51
2 630 0 51
2 631 0 51
2 632 0 51
2 633 0 51
2 634 0 51
2 635 0 51
2 636 0 51
2 637 0 51
2 638 0 51
2 639 0 51
2 640 0 51
2 641 0 51
2 642 0 51
2 643 0 51
2 644 0 51
2 645 0 51
2 646 0 51
2 647 0 51
2 648 0 51
2 649 0 51
2 650 0 51
2 651 0 51
2 652 0 51
2 653 0 51
2 654 0 51
2 655 0 51
2 656 0 51
2 657 0 51
2 658 0 51
2 659 0 51
2 660 0 51
2 661 0 51
2 662 0 51
2 663 0 51
2 664 0 51
2 665 0 51
2 666 0 51
2 667 0 51
2 668 0 51
2 669 0 51
2 670 0 51
2 671 0 51
2 672 0 51
2 673 0 51
2 674 0 51
2 675 0 51
2 676 0 51
2 677 0 51
2 678 0 51
2 679 0 51
2 680 0 51
2 681 0 51
2 682 0 51
2 683 0 51
2 684 0 51
2 685 0 51
2 686 0 51
2 687 0 51
2 688 0 51
2 689 0 51
2 690 0 51
2 691 0 51
2 692 0 51
2 693 0 51
2 694 0 51
2 695 0 51
2 696 0 51
2 697 0 51
2 698 0 51
2 699 0 51
2 700 0 51
2 701 0 51
2 702 0 51
2 703 0 51
2 704 0 51
2 705 0 51
2 706 0 51
2 707 0 51
2 708 0 51
2 709 0 51
2 710 0 51
2 711 0 51
2 712 0 51
2 713 0 51
2 714 0 51
2 715 0 51
2 716 0 51
2 717 0 51
2 718 0 51
2 719 0 51
2 720 0 51
2 721 0 51
2 722 0 51
2 723 0 51
2 724 0 51
2 725 0 51
2 726 0 51
2 727 0 51
2 728 0 51
2 729 0 51
2 730 0 51
2 731 0 51
2 732 0 51
2 733 0 51
2 734 0 51
2 735 0 51
2 736 0 51
2 737 0 51
2 738 0 51
2 739 0 51
2 740 0 51
2 741 0 51
2 742 0 51
2 743 0 51
2 744 0 51
2 745 0 51
2 746 0 51
2 747 0 51
2 748 0 51
2 749 0 51
2 750 0 51
2 751 0 51
2 752 0 51
2 753 0 51
2 754 0 51
2 755 0 51
2 756 0 51
2 757 0 51
2 758 0 51
2 759 0 51
2 760 0 51
2 761 0 51
2 762 0 51
2 763 0 51
2 764 0 51
2 765 0 51
2 766 0 51
2 767 0 51
2 768 0 51
2 769 0 51
2 770 0 51
2 771 0 51
2 772 0 51
2 773 0 51
2 774 0 51
2 775 0 51
2 776 0 51
2 777 0 51
2 778 0 51
2 779 0 51
2 780 0 51
2 781 0 51
2 782 0 51
2 783 0 51
2 784 0 51
2 785 0 51
2 786 0 51
2 787 0 51
2 788 0 51
2 789 0 51
2 790 0 51
2 791 0 51
2 792 0 51
2 793 0 51
2 794 0 51
2 795 0 51
2 796 0 51
2 797 0 51
2 798 0 51
2 799 0 51
2 800 0 51
2 801 0 51
2 802 0 51
2 803 0 51
2 804 0 51
2 805 0 51
2 806 0 51
2 807 0 51
2 808 0 51
2 809 0 51
2 810 0 51
2 811 0 51
2 812 0 51
2 813 0 51
2 814 0 51
2 815 0 51
2 816 0 51
2 817 0 51
2 818 0 51
2 819 0 51
2 820 0 51
2 821 0 51
2 822 0 51
2 823 0 51
2 824 0 51
2 825 0 51
2 826 0 51
2 827 0 51
2 828 0 51
2 829 0 51
2 830 0 51
2 831 0 51
2 832 0 51
2 833 0 51
2 834 0 51
2 835 0 51
2 836 0 51
2 837 0 51
2 838 0 51
2 839 0 51
2 840 0 51
2 841 0 51
2 842 0 51
2 843 0 51
2 844 0 51
2 845 0 51
2 846 0 51
2 847 0 51
2 848 0 51
2 849 0 51
2 850 0 51
2 851 0 51
2 852 0 51
2 853 0 51
2 854 0 51
2 855 0 51
2 856 0 51
2 857 0 51
2 858 0 51
2 859 0 51
2 860 0 51
2 861 0 51
2 862 0 51
2 863 0 51
2 864 0 51
2 865 0 51
2 866 0 51
2 867 0 51
2 868 0 51
2 869 0 51
2 870 0 51
2 871 0 51
2 872 0 51
2 873 0 51
2 874 0 51
2 875 0 51
2 876 0 51
2 877 0 51
2 878 0 51
2 879 0 51
2 880 0 51
2 881 0 51
2 882 0 51
2 883 0 51
2 884 0 51
2 885 0 51
2 886 0 51
2 887 0 51
2 888 0 51
2 889 0 51
2 890 0 51
2 891 0 51
2 892 0 51
2 893 0 51
2 894 0 51
2 895 0 51
2 896 0 51
2 897 0 51
2 898 0 51
2 899 0 51
2 900 0 51
2 901 0 51
2 902 0 51
2 903 0 51
2 904 0 51
2 905 0 51
2 906 0 51
2 907 0 51
2 908 0 51
2 909 0 51
2 910 0 51
2 911 0 51
2 912 0 51
2 913 0 51
2 914 0 51
2 915 0 51
2 916 0 51
2 917 0 51
2 918 0 51
2 919 0 51
2 920 0 51
2 921 0 51
2 922 0 51
2 923 0 51
2 924 0 51
2 925 0 51
2 926 0 51
2 927 0 51
2 928 0 51
2 929 0 51
2 930 0 51
2 931 0 51
2 932 0 51
2 933 0 51
2 934 0 51
2 935 0 51
2 936 0 51
2 937 0 51
2 938 0 51
2 939 0 51
2 940 0 51
2 941 0 51
2 942 0 51
2 943 0 51
2 944 0 51
2 945 0 51
2 946 0 51
2 947 0 51
2 948 0 51
2 949 0 51
2 950 0 51
2 951 0 51
2 952 0 51
2 953 0 51
2 954 0 51
2 955 0 51
2 956 0 51
2 957 0 51
2 958 0 51
2 959 0 51
2 960 0 51
2 961 0 51
2 962 0 51
2 963 0 51
2 964 0 51
2 965 0 51
2 966 0 51
2 967 0 51
2 968 0 51
2 969 0 51
2 970 0 51
2 971 0 51
2 972 0 51
2 973 0 51
2 974 0 51
2 975 0 51
2 976 0 51
2 977 0 51
2 978 0 51
2 979 0 51
2 980 0 51
2 981 0 51
2 982 0 51
2 983 0 51
2 984 0 51
2 985 0 51
2 986 0 51
2 987 0 51
2 988 0 51
2 989 0 51
2 990 0 51
2 991 0 51
2 992 0 51
2 993 0 51
2 994 0 51
2 995 0 51
2 996 0 51
2 997 0 51
2 998 0 51
2 999 0 51
