256 0 67844 15860537
256 1 29392 15860537
256 2 19035 15860537
256 3 13576 15860537
256 4 10748 15860537
256 5 7708 15860537
256 6 7312 15860537
256 7 5496 15860537
256 8 4632 15860537
256 9 4055 15860537
256 10 3696 15860537
256 11 2996 15860537
256 12 2660 15860537
256 13 2432 15860537
256 14 2520 15860537
256 15 2132 15860537
256 16 2032 15860537
256 17 2072 15860537
256 18 1936 15860537
256 19 1764 15860537
256 20 1564 15860537
256 21 1588 15860537
256 22 1464 15860537
256 23 1508 15860537
256 24 1559 15860537
256 25 1620 15860537
256 26 1544 15860537
256 27 1556 15860537
256 28 1599 15860537
256 29 1688 15860537
256 30 1384 15860537
256 31 1368 15860537
256 32 1428 15860537
256 33 1656 15860537
256 34 1440 15860537
256 35 1308 15860537
256 36 1432 15860537
256 37 1528 15860537
256 38 1564 15860537
256 39 1256 15860537
256 40 1448 15860537
256 41 1312 15860537
256 42 1444 15860537
256 43 1503 15860537
256 44 1592 15860537
256 45 1564 15860537
256 46 1332 15860537
256 47 1511 15860537
256 48 1716 15860537
256 49 1516 15860537
256 50 1388 15860537
256 51 1603 15860537
256 52 1648 15860537
256 53 1420 15860537
256 54 1300 15860537
256 55 1472 15860537
256 56 1488 15860537
256 57 1316 15860537
256 58 1380 15860537
256 59 1604 15860537
256 60 1616 15860537
256 61 1380 15860537
256 62 1228 15860537
256 63 1684 15860537
256 64 1380 15860537
256 65 1324 15860537
256 66 1603 15860537
256 67 1724 15860537
256 68 1420 15860537
256 69 1316 15860537
256 70 1547 15860537
256 71 1424 15860537
256 72 1540 15860537
256 73 1396 15860537
256 74 1564 15860537
256 75 1672 15860537
256 76 1416 15860537
256 77 1304 15860537
256 78 1388 15860537
256 79 1644 15860537
256 80 1364 15860537
256 81 1432 15860537
256 82 1508 15860537
256 83 1420 15860537
256 84 1372 15860537
256 85 1459 15860537
256 86 1572 15860537
256 87 1336 15860537
256 88 1056 15860537
256 89 1459 15860537
256 90 1600 15860537
256 91 1412 15860537
256 92 1224 15860537
256 93 1544 15860537
256 94 1540 15860537
256 95 1288 15860537
256 96 1192 15860537
256 97 1292 15860537
256 98 1440 15860537
256 99 1412 15860537
256 100 1300 15860537
256 101 1572 15860537
256 102 1472 15860537
256 103 1460 15860537
256 104 1403 15860537
256 105 1564 15860537
256 106 1472 15860537
256 107 1344 15860537
256 108 1515 15860537
256 109 1472 15860537
256 110 1524 15860537
256 111 1292 15860537
256 112 1496 15860537
256 113 1572 15860537
256 114 1420 15860537
256 115 1260 15860537
256 116 1480 15860537
256 117 1624 15860537
256 118 1508 15860537
256 119 1360 15860537
256 120 1540 15860537
256 121 1408 15860537
256 122 1472 15860537
256 123 1659 15860537
256 124 1756 15860537
256 125 1436 15860537
256 126 1148 15860537
256 127 1587 15860537
256 128 1600 15860537
256 129 1504 15860537
256 130 1380 15860537
256 131 1655 15860537
256 132 1480 15860537
256 133 1176 15860537
256 134 1160 15860537
256 135 1628 15860537
256 136 1560 15860537
256 137 1472 15860537
256 138 1428 15860537
256 139 1444 15860537
256 140 1392 15860537
256 141 1312 15860537
256 142 1260 15860537
256 143 1552 15860537
256 144 1424 15860537
256 145 1264 15860537
256 146 1395 15860537
256 147 1460 15860537
256 148 1404 15860537
256 149 1472 15860537
256 150 1571 15860537
256 151 1800 15860537
256 152 1536 15860537
256 153 1360 15860537
256 154 1444 15860537
256 155 1660 15860537
256 156 1376 15860537
256 157 1356 15860537
256 158 1616 15860537
256 159 1416 15860537
256 160 1244 15860537
256 161 1288 15860537
256 162 1612 15860537
256 163 1484 15860537
256 164 1516 15860537
256 165 1495 15860537
256 166 1716 15860537
256 167 1456 15860537
256 168 1432 15860537
256 169 1551 15860537
256 170 1604 15860537
256 171 1448 15860537
256 172 1252 15860537
256 173 1596 15860537
256 174 1536 15860537
256 175 1348 15860537
256 176 1312 15860537
256 177 1452 15860537
256 178 1720 15860537
256 179 1496 15860537
256 180 1180 15860537
256 181 1568 15860537
256 182 1396 15860537
256 183 1488 15860537
256 184 1459 15860537
256 185 1560 15860537
256 186 1564 15860537
256 187 1232 15860537
256 188 1331 15860537
256 189 1516 15860537
256 190 1516 15860537
256 191 1368 15860537
256 192 1472 15860537
256 193 1556 15860537
256 194 1604 15860537
256 195 1332 15860537
256 196 1528 15860537
256 197 1388 15860537
256 198 1464 15860537
256 199 1300 15860537
256 200 1520 15860537
256 201 1512 15860537
256 202 1460 15860537
256 203 1663 15860537
256 204 1600 15860537
256 205 1484 15860537
256 206 1296 15860537
256 207 1491 15860537
256 208 1596 15860537
256 209 1576 15860537
256 210 1360 15860537
256 211 1747 15860537
256 212 1424 15860537
256 213 1352 15860537
256 214 1328 15860537
256 215 1448 15860537
256 216 1508 15860537
256 217 1372 15860537
256 218 1296 15860537
256 219 1536 15860537
256 220 1464 15860537
256 221 1560 15860537
256 222 1296 15860537
256 223 1640 15860537
256 224 1560 15860537
256 225 1352 15860537
256 226 1555 15860537
256 227 1632 15860537
256 228 1520 15860537
256 229 1288 15860537
256 230 1647 15860537
256 231 1604 15860537
256 232 1512 15860537
256 233 1296 15860537
256 234 1532 15860537
256 235 1488 15860537
256 236 1372 15860537
256 237 1256 15860537
256 238 1428 15860537
256 239 1508 15860537
256 240 1516 15860537
256 241 1316 15860537
256 242 1336 15860537
256 243 1416 15860537
256 244 1288 15860537
256 245 1339 15860537
256 246 1532 15860537
256 247 1472 15860537
256 248 1332 15860537
256 249 1563 15860537
256 250 1524 15860537
256 251 1420 15860537
256 252 1304 15860537
256 253 1352 15860537
256 254 1552 15860537
256 255 1612 15860537
256 256 1452 15860537
256 257 1524 15860537
256 258 1544 15860537
256 259 1280 15860537
256 260 1244 15860537
256 261 1524 15860537
256 262 1692 15860537
256 263 1472 15860537
256 264 1575 15860537
256 265 1728 15860537
256 266 1536 15860537
256 267 1448 15860537
256 268 1511 15860537
256 269 1444 15860537
256 270 1312 15860537
256 271 1368 15860537
256 272 1787 15860537
256 273 1560 15860537
256 274 1512 15860537
256 275 1368 15860537
256 276 1424 15860537
256 277 1540 15860537
256 278 1164 15860537
256 279 1216 15860537
256 280 1452 15860537
256 281 1536 15860537
256 282 1220 15860537
256 283 1459 15860537
256 284 1460 15860537
256 285 1456 15860537
256 286 1500 15860537
256 287 1479 15860537
256 288 1592 15860537
256 289 1472 15860537
256 290 1212 15860537
256 291 1519 15860537
256 292 1424 15860537
256 293 1328 15860537
256 294 1200 15860537
256 295 1464 15860537
256 296 1436 15860537
256 297 1292 15860537
256 298 1380 15860537
256 299 1460 15860537
256 300 1640 15860537
256 301 1484 15860537
256 302 1364 15860537
256 303 1532 15860537
256 304 1432 15860537
256 305 1492 15860537
256 306 1455 15860537
256 307 1616 15860537
256 308 1556 15860537
256 309 1384 15860537
256 310 1539 15860537
256 311 1504 15860537
256 312 1376 15860537
256 313 1248 15860537
256 314 1400 15860537
256 315 1480 15860537
256 316 1228 15860537
256 317 1120 15860537
256 318 1572 15860537
256 319 1564 15860537
256 320 1432 15860537
256 321 1160 15860537
256 322 1612 15860537
256 323 1352 15860537
256 324 1448 15860537
256 325 1387 15860537
256 326 1564 15860537
256 327 1420 15860537
256 328 1432 15860537
256 329 1463 15860537
256 330 1472 15860537
256 331 1340 15860537
256 332 1344 15860537
256 333 1528 15860537
256 334 1600 15860537
256 335 1596 15860537
256 336 1280 15860537
256 337 1680 15860537
256 338 1376 15860537
256 339 1240 15860537
256 340 1184 15860537
256 341 1364 15860537
256 342 1580 15860537
256 343 1436 15860537
256 344 1567 15860537
256 345 1664 15860537
256 346 1504 15860537
256 347 1436 15860537
256 348 1515 15860537
256 349 1596 15860537
256 350 1612 15860537
256 351 1424 15860537
256 352 1511 15860537
256 353 1552 15860537
256 354 1484 15860537
256 355 1152 15860537
256 356 1424 15860537
256 357 1540 15860537
256 358 1380 15860537
256 359 1348 15860537
256 360 1488 15860537
256 361 1584 15860537
256 362 1440 15860537
256 363 1228 15860537
256 364 1632 15860537
256 365 1632 15860537
256 366 1296 15860537
256 367 1707 15860537
256 368 1640 15860537
256 369 1524 15860537
256 370 1472 15860537
256 371 1619 15860537
256 372 1556 15860537
256 373 1616 15860537
256 374 1396 15860537
256 375 1548 15860537
256 376 1548 15860537
256 377 1360 15860537
256 378 1296 15860537
256 379 1368 15860537
256 380 1460 15860537
256 381 1500 15860537
256 382 1352 15860537
256 383 1612 15860537
256 384 1532 15860537
256 385 1536 15860537
256 386 1527 15860537
256 387 1556 15860537
256 388 1452 15860537
256 389 1292 15860537
256 390 1751 15860537
256 391 1768 15860537
256 392 1516 15860537
256 393 1228 15860537
256 394 1544 15860537
256 395 1472 15860537
256 396 1420 15860537
256 397 1356 15860537
256 398 1596 15860537
256 399 1512 15860537
256 400 1404 15860537
256 401 1368 15860537
256 402 1560 15860537
256 403 1376 15860537
256 404 1484 15860537
256 405 1511 15860537
256 406 1692 15860537
256 407 1372 15860537
256 408 1476 15860537
256 409 1327 15860537
256 410 1548 15860537
256 411 1468 15860537
256 412 1240 15860537
256 413 1520 15860537
256 414 1516 15860537
256 415 1304 15860537
256 416 1308 15860537
256 417 1616 15860537
256 418 1364 15860537
256 419 1600 15860537
256 420 1196 15860537
256 421 1332 15860537
256 422 1468 15860537
256 423 1244 15860537
256 424 1475 15860537
256 425 1600 15860537
256 426 1484 15860537
256 427 1212 15860537
256 428 1667 15860537
256 429 1640 15860537
256 430 1504 15860537
256 431 1332 15860537
256 432 1547 15860537
256 433 1556 15860537
256 434 1436 15860537
256 435 1396 15860537
256 436 1532 15860537
256 437 1668 15860537
256 438 1632 15860537
256 439 1456 15860537
256 440 1572 15860537
256 441 1640 15860537
256 442 1472 15860537
256 443 1248 15860537
256 444 1508 15860537
256 445 1412 15860537
256 446 1220 15860537
256 447 1403 15860537
256 448 1676 15860537
256 449 1484 15860537
256 450 1304 15860537
256 451 1535 15860537
256 452 1520 15860537
256 453 1500 15860537
256 454 1324 15860537
256 455 1452 15860537
256 456 1548 15860537
256 457 1264 15860537
256 458 1236 15860537
256 459 1404 15860537
256 460 1492 15860537
256 461 1528 15860537
256 462 1280 15860537
256 463 1604 15860537
256 464 1616 15860537
256 465 1376 15860537
256 466 1467 15860537
256 467 1784 15860537
256 468 1476 15860537
256 469 1308 15860537
256 470 1643 15860537
256 471 1724 15860537
256 472 1328 15860537
256 473 1276 15860537
256 474 1704 15860537
256 475 1520 15860537
256 476 1632 15860537
256 477 1336 15860537
256 478 1504 15860537
256 479 1568 15860537
256 480 1384 15860537
256 481 1288 15860537
256 482 1552 15860537
256 483 1400 15860537
256 484 1456 15860537
256 485 1415 15860537
256 486 1516 15860537
256 487 1424 15860537
256 488 1092 15860537
256 489 1571 15860537
256 490 1512 15860537
256 491 1468 15860537
256 492 1328 15860537
256 493 1511 15860537
256 494 1372 15860537
256 495 1496 15860537
256 496 1368 15860537
256 497 1524 15860537
256 498 1552 15860537
256 499 1576 15860537
256 500 1204 15860537
256 501 1488 15860537
256 502 1484 15860537
256 503 1308 15860537
256 504 1244 15860537
256 505 1592 15860537
256 506 1620 15860537
256 507 1444 15860537
256 508 1611 15860537
256 509 1648 15860537
256 510 1592 15860537
256 511 1324 15860537
256 512 1627 15860537
256 513 1432 15860537
256 514 1504 15860537
256 515 1332 15860537
256 516 1448 15860537
256 517 1612 15860537
256 518 1448 15860537
256 519 1260 15860537
256 520 1624 15860537
256 521 1624 15860537
256 522 1464 15860537
256 523 1260 15860537
256 524 1636 15860537
256 525 1536 15860537
256 526 1352 15860537
256 527 1607 15860537
256 528 1684 15860537
256 529 1496 15860537
256 530 1460 15860537
256 531 1507 15860537
256 532 1448 15860537
256 533 1456 15860537
256 534 1216 15860537
256 535 1568 15860537
256 536 1580 15860537
256 537 1328 15860537
256 538 1256 15860537
256 539 1612 15860537
256 540 1460 15860537
256 541 1376 15860537
256 542 1276 15860537
256 543 1624 15860537
256 544 1464 15860537
256 545 1152 15860537
256 546 1447 15860537
256 547 1720 15860537
256 548 1612 15860537
256 549 1496 15860537
256 550 1731 15860537
256 551 1644 15860537
256 552 1536 15860537
256 553 1464 15860537
256 554 1496 15860537
256 555 1624 15860537
256 556 1268 15860537
256 557 1232 15860537
256 558 1352 15860537
256 559 1420 15860537
256 560 1476 15860537
256 561 1332 15860537
256 562 1652 15860537
256 563 1548 15860537
256 564 1392 15860537
256 565 1459 15860537
256 566 1552 15860537
256 567 1424 15860537
256 568 1480 15860537
256 569 1343 15860537
256 570 1640 15860537
256 571 1432 15860537
256 572 1260 15860537
256 573 1595 15860537
256 574 1520 15860537
256 575 1492 15860537
256 576 1380 15860537
256 577 1480 15860537
256 578 1564 15860537
256 579 1332 15860537
256 580 1272 15860537
256 581 1584 15860537
256 582 1552 15860537
256 583 1412 15860537
256 584 1352 15860537
256 585 1584 15860537
256 586 1564 15860537
256 587 1276 15860537
256 588 1411 15860537
256 589 1656 15860537
256 590 1540 15860537
256 591 1308 15860537
256 592 1415 15860537
256 593 1664 15860537
256 594 1360 15860537
256 595 1364 15860537
256 596 1476 15860537
256 597 1680 15860537
256 598 1360 15860537
256 599 1360 15860537
256 600 1460 15860537
256 601 1528 15860537
256 602 1364 15860537
256 603 1276 15860537
256 604 1360 15860537
256 605 1416 15860537
256 606 1444 15860537
256 607 1491 15860537
256 608 1616 15860537
256 609 1260 15860537
256 610 1268 15860537
256 611 1475 15860537
256 612 1600 15860537
256 613 1416 15860537
256 614 1388 15860537
256 615 1420 15860537
256 616 1752 15860537
256 617 1400 15860537
256 618 1312 15860537
256 619 1580 15860537
256 620 1504 15860537
256 621 1404 15860537
256 622 1188 15860537
256 623 1584 15860537
256 624 1336 15860537
256 625 1224 15860537
256 626 1507 15860537
256 627 1656 15860537
256 628 1492 15860537
256 629 1200 15860537
256 630 1579 15860537
256 631 1592 15860537
256 632 1448 15860537
256 633 1340 15860537
256 634 1528 15860537
256 635 1672 15860537
256 636 1480 15860537
256 637 1232 15860537
256 638 1420 15860537
256 639 1560 15860537
256 640 1408 15860537
256 641 1240 15860537
256 642 1532 15860537
256 643 1436 15860537
256 644 1528 15860537
256 645 1411 15860537
256 646 1556 15860537
256 647 1464 15860537
256 648 1344 15860537
256 649 1575 15860537
256 650 1596 15860537
256 651 1536 15860537
256 652 1512 15860537
256 653 1539 15860537
256 654 1536 15860537
256 655 1584 15860537
256 656 1320 15860537
256 657 1508 15860537
256 658 1508 15860537
256 659 1388 15860537
256 660 1168 15860537
256 661 1244 15860537
256 662 1552 15860537
256 663 1460 15860537
256 664 1196 15860537
256 665 1668 15860537
256 666 1524 15860537
256 667 1432 15860537
256 668 1639 15860537
256 669 1592 15860537
256 670 1480 15860537
256 671 1312 15860537
256 672 1507 15860537
256 673 1540 15860537
256 674 1376 15860537
256 675 1232 15860537
256 676 1480 15860537
256 677 1368 15860537
256 678 1388 15860537
256 679 1428 15860537
256 680 1540 15860537
256 681 1592 15860537
256 682 1404 15860537
256 683 1368 15860537
256 684 1616 15860537
256 685 1652 15860537
256 686 1584 15860537
256 687 1307 15860537
256 688 1708 15860537
256 689 1304 15860537
256 690 1280 15860537
256 691 1487 15860537
256 692 1568 15860537
256 693 1336 15860537
256 694 1396 15860537
256 695 1512 15860537
256 696 1396 15860537
256 697 1344 15860537
256 698 1368 15860537
256 699 1592 15860537
256 700 1548 15860537
256 701 1436 15860537
256 702 1284 15860537
256 703 1576 15860537
256 704 1424 15860537
256 705 1344 15860537
256 706 1259 15860537
256 707 1528 15860537
256 708 1332 15860537
256 709 1324 15860537
256 710 1503 15860537
256 711 1432 15860537
256 712 1332 15860537
256 713 1168 15860537
256 714 1755 15860537
256 715 1488 15860537
256 716 1540 15860537
256 717 1624 15860537
256 718 1656 15860537
256 719 1540 15860537
256 720 1432 15860537
256 721 1244 15860537
256 722 1616 15860537
256 723 1736 15860537
256 724 1532 15860537
256 725 1407 15860537
256 726 1472 15860537
256 727 1552 15860537
256 728 1308 15860537
256 729 1531 15860537
256 730 1592 15860537
256 731 1340 15860537
256 732 1260 15860537
256 733 1551 15860537
256 734 1624 15860537
256 735 1524 15860537
256 736 1392 15860537
256 737 1384 15860537
256 738 1568 15860537
256 739 1360 15860537
256 740 1316 15860537
256 741 1596 15860537
256 742 1584 15860537
256 743 1324 15860537
256 744 1312 15860537
256 745 1680 15860537
256 746 1592 15860537
256 747 1496 15860537
256 748 1491 15860537
256 749 1624 15860537
256 750 1300 15860537
256 751 1300 15860537
256 752 1515 15860537
256 753 1712 15860537
256 754 1392 15860537
256 755 1208 15860537
256 756 1552 15860537
256 757 1668 15860537
256 758 1480 15860537
256 759 1288 15860537
256 760 1608 15860537
256 761 1524 15860537
256 762 1432 15860537
256 763 1328 15860537
256 764 1608 15860537
256 765 1404 15860537
256 766 1424 15860537
256 767 1483 15860537
256 768 1536 15860537
256 769 1548 15860537
256 770 1420 15860537
256 771 1655 15860537
256 772 1612 15860537
256 773 1300 15860537
256 774 1340 15860537
256 775 1540 15860537
256 776 1508 15860537
256 777 1320 15860537
256 778 1332 15860537
256 779 1552 15860537
256 780 1400 15860537
256 781 1228 15860537
256 782 1188 15860537
256 783 1600 15860537
256 784 1348 15860537
256 785 1240 15860537
256 786 1319 15860537
256 787 1380 15860537
256 788 1432 15860537
256 789 1408 15860537
256 790 1667 15860537
256 791 1480 15860537
256 792 1244 15860537
256 793 1280 15860537
256 794 1723 15860537
256 795 1784 15860537
256 796 1476 15860537
256 797 1352 15860537
256 798 1568 15860537
256 799 1672 15860537
256 800 1408 15860537
256 801 1480 15860537
256 802 1456 15860537
256 803 1564 15860537
256 804 1544 15860537
256 805 1296 15860537
256 806 1716 15860537
256 807 1480 15860537
256 808 1436 15860537
256 809 1571 15860537
256 810 1548 15860537
256 811 1432 15860537
256 812 1236 15860537
256 813 1375 15860537
256 814 1412 15860537
256 815 1296 15860537
256 816 1348 15860537
256 817 1588 15860537
256 818 1708 15860537
256 819 1272 15860537
256 820 1224 15860537
256 821 1468 15860537
256 822 1496 15860537
256 823 1388 15860537
256 824 1324 15860537
256 825 1548 15860537
256 826 1592 15860537
256 827 1588 15860537
256 828 1555 15860537
256 829 1580 15860537
256 830 1500 15860537
256 831 1260 15860537
256 832 1683 15860537
256 833 1612 15860537
256 834 1308 15860537
256 835 1220 15860537
256 836 1484 15860537
256 837 1660 15860537
256 838 1576 15860537
256 839 1116 15860537
256 840 1432 15860537
256 841 1468 15860537
256 842 1320 15860537
256 843 1268 15860537
256 844 1684 15860537
256 845 1596 15860537
256 846 1520 15860537
256 847 1631 15860537
256 848 1512 15860537
256 849 1492 15860537
256 850 1232 15860537
256 851 1563 15860537
256 852 1416 15860537
256 853 1408 15860537
256 854 1368 15860537
256 855 1480 15860537
256 856 1432 15860537
256 857 1428 15860537
256 858 1372 15860537
256 859 1564 15860537
256 860 1456 15860537
256 861 1404 15860537
256 862 1260 15860537
256 863 1372 15860537
256 864 1672 15860537
256 865 1452 15860537
256 866 1531 15860537
256 867 1560 15860537
256 868 1424 15860537
256 869 1380 15860537
256 870 1623 15860537
256 871 1512 15860537
256 872 1428 15860537
256 873 1360 15860537
256 874 1611 15860537
256 875 1604 15860537
256 876 1376 15860537
256 877 1304 15860537
256 878 1444 15860537
256 879 1528 15860537
256 880 1368 15860537
256 881 1224 15860537
256 882 1472 15860537
256 883 1632 15860537
256 884 1356 15860537
256 885 1328 15860537
256 886 1576 15860537
256 887 1444 15860537
256 888 1424 15860537
256 889 1391 15860537
256 890 1624 15860537
256 891 1340 15860537
256 892 1268 15860537
256 893 1643 15860537
256 894 1548 15860537
256 895 1516 15860537
256 896 1400 15860537
256 897 1472 15860537
256 898 1560 15860537
256 899 1564 15860537
256 900 1456 15860537
256 901 1712 15860537
256 902 1472 15860537
256 903 1504 15860537
256 904 1248 15860537
256 905 1616 15860537
256 906 1520 15860537
256 907 1332 15860537
256 908 1491 15860537
256 909 1604 15860537
256 910 1372 15860537
256 911 1276 15860537
256 912 1519 15860537
256 913 1608 15860537
256 914 1300 15860537
256 915 1292 15860537
256 916 1584 15860537
256 917 1588 15860537
256 918 1476 15860537
256 919 1244 15860537
256 920 1476 15860537
256 921 1432 15860537
256 922 1440 15860537
256 923 1340 15860537
256 924 1520 15860537
256 925 1472 15860537
256 926 1340 15860537
256 927 1539 15860537
256 928 1492 15860537
256 929 1468 15860537
256 930 1332 15860537
256 931 1563 15860537
256 932 1448 15860537
256 933 1364 15860537
256 934 1088 15860537
256 935 1456 15860537
256 936 1624 15860537
256 937 1368 15860537
256 938 1352 15860537
256 939 1552 15860537
256 940 1372 15860537
256 941 1324 15860537
256 942 1372 15860537
256 943 1556 15860537
256 944 1584 15860537
256 945 1484 15860537
256 946 1391 15860537
256 947 1512 15860537
256 948 1396 15860537
256 949 1216 15860537
256 950 1515 15860537
256 951 1460 15860537
256 952 1380 15860537
256 953 1392 15860537
256 954 1635 15860537
256 955 1636 15860537
256 956 1488 15860537
256 957 1332 15860537
256 958 1512 15860537
256 959 1592 15860537
256 960 1492 15860537
256 961 1276 15860537
256 962 1476 15860537
256 963 1476 15860537
256 964 1456 15860537
256 965 1476 15860537
256 966 1644 15860537
256 967 1356 15860537
256 968 1364 15860537
256 969 1483 15860537
256 970 1664 15860537
256 971 1368 15860537
256 972 1232 15860537
256 973 1591 15860537
256 974 1744 15860537
256 975 1448 15860537
256 976 1192 15860537
256 977 1652 15860537
256 978 1728 15860537
256 979 1336 15860537
256 980 1252 15860537
256 981 1532 15860537
256 982 1612 15860537
256 983 1520 15860537
256 984 1296 15860537
256 985 1440 15860537
256 986 1572 15860537
256 987 1472 15860537
256 988 1439 15860537
256 989 1588 15860537
256 990 1440 15860537
256 991 1344 15860537
256 992 1659 15860537
256 993 1568 15860537
256 994 1448 15860537
256 995 1344 15860537
256 996 1536 15860537
256 997 1596 15860537
256 998 1504 15860537
256 999 1132 15860537
