256 0 74311 15860541
256 1 74302 15860541
256 2 74280 15860541
256 3 74241 15860541
256 4 74253 15860541
256 5 74241 15860541
256 6 74265 15860541
256 7 74241 15860541
256 8 74240 15860541
256 9 74241 15860541
256 10 74263 15860541
256 11 74241 15860541
256 12 74239 15860541
256 13 74241 15860541
256 14 74263 15860541
256 15 74241 15860541
256 16 74240 15860541
256 17 74241 15860541
256 18 74259 15860541
256 19 74241 15860541
256 20 74241 15860541
256 21 74240 15860541
256 22 74240 15860541
256 23 74241 15860541
256 24 74241 15860541
256 25 74241 15860541
256 26 74241 15860541
256 27 74240 15860541
256 28 74240 15860541
256 29 74241 15860541
256 30 74241 15860541
256 31 74240 15860541
256 32 74241 15860541
256 33 74240 15860541
256 34 74240 15860541
256 35 74240 15860541
256 36 74240 15860541
256 37 74241 15860541
256 38 74240 15860541
256 39 74241 15860541
256 40 74241 15860541
256 41 74241 15860541
256 42 74240 15860541
256 43 74240 15860541
256 44 74241 15860541
256 45 74269 15860541
256 46 74241 15860541
256 47 74241 15860541
256 48 74240 15860541
256 49 74268 15860541
256 50 74241 15860541
256 51 74239 15860541
256 52 74241 15860541
256 53 74266 15860541
256 54 74238 15860541
256 55 74241 15860541
256 56 74240 15860541
256 57 74263 15860541
256 58 74241 15860541
256 59 74240 15860541
256 60 74241 15860541
256 61 74262 15860541
256 62 74241 15860541
256 63 74241 15860541
256 64 74240 15860541
256 65 74239 15860541
256 66 74240 15860541
256 67 74240 15860541
256 68 74240 15860541
256 69 74241 15860541
256 70 74241 15860541
256 71 74240 15860541
256 72 74240 15860541
256 73 74239 15860541
256 74 74240 15860541
256 75 74241 15860541
256 76 74241 15860541
256 77 74241 15860541
256 78 74241 15860541
256 79 74239 15860541
256 80 74240 15860541
256 81 74240 15860541
256 82 74238 15860541
256 83 74241 15860541
256 84 74240 15860541
256 85 74240 15860541
256 86 74240 15860541
256 87 74241 15860541
256 88 74241 15860541
256 89 74241 15860541
256 90 74240 15860541
256 91 74241 15860541
256 92 74269 15860541
256 93 74240 15860541
256 94 74239 15860541
256 95 74240 15860541
256 96 74268 15860541
256 97 74241 15860541
256 98 74241 15860541
256 99 74241 15860541
256 100 74265 15860541
256 101 74241 15860541
256 102 74241 15860541
256 103 74240 15860541
256 104 74264 15860541
256 105 74239 15860541
256 106 74239 15860541
256 107 74241 15860541
256 108 74263 15860541
256 109 74240 15860541
256 110 74240 15860541
256 111 74241 15860541
256 112 74241 15860541
256 113 74241 15860541
256 114 74241 15860541
256 115 74241 15860541
256 116 74241 15860541
256 117 74241 15860541
256 118 74241 15860541
256 119 74241 15860541
256 120 74240 15860541
256 121 74241 15860541
256 122 74240 15860541
256 123 74240 15860541
256 124 74241 15860541
256 125 74239 15860541
256 126 74241 15860541
256 127 74240 15860541
256 128 74241 15860541
256 129 74241 15860541
256 130 74240 15860541
256 131 74240 15860541
256 132 74240 15860541
256 133 74241 15860541
256 134 74241 15860541
256 135 74240 15860541
256 136 74239 15860541
256 137 74240 15860541
256 138 74240 15860541
256 139 74270 15860541
256 140 74241 15860541
256 141 74239 15860541
256 142 74241 15860541
256 143 74270 15860541
256 144 74241 15860541
256 145 74241 15860541
256 146 74241 15860541
256 147 74265 15860541
256 148 74240 15860541
256 149 74241 15860541
256 150 74240 15860541
256 151 74263 15860541
256 152 74240 15860541
256 153 74241 15860541
256 154 74241 15860541
256 155 74262 15860541
256 156 74240 15860541
256 157 74241 15860541
256 158 74240 15860541
256 159 74241 15860541
256 160 74241 15860541
256 161 74240 15860541
256 162 74241 15860541
256 163 74240 15860541
256 164 74240 15860541
256 165 74241 15860541
256 166 74240 15860541
256 167 74240 15860541
256 168 74241 15860541
256 169 74240 15860541
256 170 74240 15860541
256 171 74239 15860541
256 172 74241 15860541
256 173 74240 15860541
256 174 74241 15860541
256 175 74241 15860541
256 176 74241 15860541
256 177 74240 15860541
256 178 74241 15860541
256 179 74241 15860541
256 180 74240 15860541
256 181 74241 15860541
256 182 74241 15860541
256 183 74241 15860541
256 184 74240 15860541
256 185 74241 15860541
256 186 74269 15860541
256 187 74240 15860541
256 188 74241 15860541
256 189 74240 15860541
256 190 74267 15860541
256 191 74241 15860541
256 192 74239 15860541
256 193 74241 15860541
256 194 74264 15860541
256 195 74240 15860541
256 196 74240 15860541
256 197 74241 15860541
256 198 74263 15860541
256 199 74241 15860541
256 200 74241 15860541
256 201 74241 15860541
256 202 74263 15860541
256 203 74240 15860541
256 204 74239 15860541
256 205 74240 15860541
256 206 74240 15860541
256 207 74241 15860541
256 208 74241 15860541
256 209 74240 15860541
256 210 74241 15860541
256 211 74241 15860541
256 212 74241 15860541
256 213 74241 15860541
256 214 74241 15860541
256 215 74241 15860541
256 216 74240 15860541
256 217 74241 15860541
256 218 74239 15860541
256 219 74240 15860541
256 220 74240 15860541
256 221 74240 15860541
256 222 74241 15860541
256 223 74241 15860541
256 224 74240 15860541
256 225 74241 15860541
256 226 74241 15860541
256 227 74240 15860541
256 228 74241 15860541
256 229 74270 15860541
256 230 74241 15860541
256 231 74241 15860541
256 232 74241 15860541
256 233 74269 15860541
256 234 74240 15860541
256 235 74241 15860541
256 236 74241 15860541
256 237 74268 15860541
256 238 74241 15860541
256 239 74240 15860541
256 240 74241 15860541
256 241 74263 15860541
256 242 74241 15860541
256 243 74241 15860541
256 244 74241 15860541
256 245 74264 15860541
256 246 74239 15860541
256 247 74241 15860541
256 248 74241 15860541
256 249 74265 15860541
256 250 74240 15860541
256 251 74241 15860541
256 252 74241 15860541
256 253 74241 15860541
256 254 74241 15860541
256 255 74241 15860541
256 256 74241 15860541
256 257 74240 15860541
256 258 74241 15860541
256 259 74240 15860541
256 260 74240 15860541
256 261 74239 15860541
256 262 74240 15860541
256 263 74240 15860541
256 264 74239 15860541
256 265 74241 15860541
256 266 74241 15860541
256 267 74241 15860541
256 268 74241 15860541
256 269 74240 15860541
256 270 74240 15860541
256 271 74241 15860541
256 272 74241 15860541
256 273 74240 15860541
256 274 74241 15860541
256 275 74241 15860541
256 276 74274 15860541
256 277 74241 15860541
256 278 74240 15860541
256 279 74241 15860541
256 280 74268 15860541
256 281 74241 15860541
256 282 74239 15860541
256 283 74240 15860541
256 284 74266 15860541
256 285 74240 15860541
256 286 74241 15860541
256 287 74240 15860541
256 288 74264 15860541
256 289 74241 15860541
256 290 74240 15860541
256 291 74241 15860541
256 292 74264 15860541
256 293 74241 15860541
256 294 74241 15860541
256 295 74239 15860541
256 296 74241 15860541
256 297 74241 15860541
256 298 74239 15860541
256 299 74241 15860541
256 300 74240 15860541
256 301 74241 15860541
256 302 74241 15860541
256 303 74241 15860541
256 304 74241 15860541
256 305 74240 15860541
256 306 74241 15860541
256 307 74241 15860541
256 308 74240 15860541
256 309 74240 15860541
256 310 74241 15860541
256 311 74241 15860541
256 312 74240 15860541
256 313 74241 15860541
256 314 74241 15860541
256 315 74240 15860541
256 316 74241 15860541
256 317 74241 15860541
256 318 74241 15860541
256 319 74241 15860541
256 320 74241 15860541
256 321 74240 15860541
256 322 74241 15860541
256 323 74270 15860541
256 324 74241 15860541
256 325 74241 15860541
256 326 74241 15860541
256 327 74269 15860541
256 328 74241 15860541
256 329 74241 15860541
256 330 74241 15860541
256 331 74264 15860541
256 332 74241 15860541
256 333 74241 15860541
256 334 74241 15860541
256 335 74264 15860541
256 336 74241 15860541
256 337 74240 15860541
256 338 74241 15860541
256 339 74264 15860541
256 340 74240 15860541
256 341 74240 15860541
256 342 74240 15860541
256 343 74241 15860541
256 344 74240 15860541
256 345 74240 15860541
256 346 74241 15860541
256 347 74238 15860541
256 348 74240 15860541
256 349 74240 15860541
256 350 74240 15860541
256 351 74240 15860541
256 352 74241 15860541
256 353 74241 15860541
256 354 74240 15860541
256 355 74241 15860541
256 356 74241 15860541
256 357 74240 15860541
256 358 74240 15860541
256 359 74240 15860541
256 360 74241 15860541
256 361 74241 15860541
256 362 74238 15860541
256 363 74240 15860541
256 364 74241 15860541
256 365 74240 15860541
256 366 74241 15860541
256 367 74240 15860541
256 368 74241 15860541
256 369 74241 15860541
256 370 74269 15860541
256 371 74240 15860541
256 372 74240 15860541
256 373 74241 15860541
256 374 74270 15860541
256 375 74240 15860541
256 376 74240 15860541
256 377 74241 15860541
256 378 74263 15860541
256 379 74239 15860541
256 380 74241 15860541
256 381 74241 15860541
256 382 74263 15860541
256 383 74240 15860541
256 384 74241 15860541
256 385 74239 15860541
256 386 74263 15860541
256 387 74240 15860541
256 388 74241 15860541
256 389 74240 15860541
256 390 74240 15860541
256 391 74240 15860541
256 392 74241 15860541
256 393 74239 15860541
256 394 74240 15860541
256 395 74241 15860541
256 396 74241 15860541
256 397 74239 15860541
256 398 74241 15860541
256 399 74241 15860541
256 400 74241 15860541
256 401 74241 15860541
256 402 74240 15860541
256 403 74240 15860541
256 404 74240 15860541
256 405 74241 15860541
256 406 74241 15860541
256 407 74241 15860541
256 408 74241 15860541
256 409 74241 15860541
256 410 74241 15860541
256 411 74239 15860541
256 412 74241 15860541
256 413 74241 15860541
256 414 74239 15860541
256 415 74241 15860541
256 416 74241 15860541
256 417 74268 15860541
256 418 74240 15860541
256 419 74241 15860541
256 420 74241 15860541
256 421 74268 15860541
256 422 74240 15860541
256 423 74240 15860541
256 424 74241 15860541
256 425 74264 15860541
256 426 74240 15860541
256 427 74240 15860541
256 428 74240 15860541
256 429 74264 15860541
256 430 74241 15860541
256 431 74240 15860541
256 432 74241 15860541
256 433 74263 15860541
256 434 74241 15860541
256 435 74241 15860541
256 436 74241 15860541
256 437 74240 15860541
256 438 74241 15860541
256 439 74241 15860541
256 440 74241 15860541
256 441 74240 15860541
256 442 74240 15860541
256 443 74240 15860541
256 444 74240 15860541
256 445 74240 15860541
256 446 74240 15860541
256 447 74240 15860541
256 448 74238 15860541
256 449 74241 15860541
256 450 74241 15860541
256 451 74240 15860541
256 452 74241 15860541
256 453 74240 15860541
256 454 74240 15860541
256 455 74241 15860541
256 456 74241 15860541
256 457 74241 15860541
256 458 74241 15860541
256 459 74241 15860541
256 460 74270 15860541
256 461 74241 15860541
256 462 74241 15860541
256 463 74241 15860541
256 464 74269 15860541
256 465 74240 15860541
256 466 74241 15860541
256 467 74241 15860541
256 468 74265 15860541
256 469 74240 15860541
256 470 74241 15860541
256 471 74238 15860541
256 472 74264 15860541
256 473 74241 15860541
256 474 74239 15860541
256 475 74241 15860541
256 476 74260 15860541
256 477 74241 15860541
256 478 74240 15860541
256 479 74241 15860541
256 480 74240 15860541
256 481 74239 15860541
256 482 74241 15860541
256 483 74241 15860541
256 484 74241 15860541
256 485 74240 15860541
256 486 74241 15860541
256 487 74241 15860541
256 488 74240 15860541
256 489 74240 15860541
256 490 74241 15860541
256 491 74241 15860541
256 492 74240 15860541
256 493 74241 15860541
256 494 74241 15860541
256 495 74241 15860541
256 496 74241 15860541
256 497 74240 15860541
256 498 74241 15860541
256 499 74241 15860541
256 500 74240 15860541
256 501 74240 15860541
256 502 74240 15860541
256 503 74238 15860541
256 504 74240 15860541
256 505 74241 15860541
256 506 74241 15860541
256 507 74270 15860541
256 508 74241 15860541
256 509 74241 15860541
256 510 74241 15860541
256 511 74269 15860541
256 512 74240 15860541
256 513 74240 15860541
256 514 74241 15860541
256 515 74265 15860541
256 516 74241 15860541
256 517 74240 15860541
256 518 74240 15860541
256 519 74263 15860541
256 520 74241 15860541
256 521 74239 15860541
256 522 74241 15860541
256 523 74262 15860541
256 524 74241 15860541
256 525 74241 15860541
256 526 74239 15860541
256 527 74240 15860541
256 528 74241 15860541
256 529 74240 15860541
256 530 74241 15860541
256 531 74239 15860541
256 532 74241 15860541
256 533 74241 15860541
256 534 74240 15860541
256 535 74241 15860541
256 536 74240 15860541
256 537 74241 15860541
256 538 74240 15860541
256 539 74241 15860541
256 540 74240 15860541
256 541 74241 15860541
256 542 74241 15860541
256 543 74241 15860541
256 544 74241 15860541
256 545 74241 15860541
256 546 74240 15860541
256 547 74241 15860541
256 548 74241 15860541
256 549 74241 15860541
256 550 74240 15860541
256 551 74241 15860541
256 552 74241 15860541
256 553 74240 15860541
256 554 74268 15860541
256 555 74241 15860541
256 556 74241 15860541
256 557 74241 15860541
256 558 74268 15860541
256 559 74241 15860541
256 560 74239 15860541
256 561 74241 15860541
256 562 74264 15860541
256 563 74241 15860541
256 564 74241 15860541
256 565 74240 15860541
256 566 74264 15860541
256 567 74241 15860541
256 568 74241 15860541
256 569 74240 15860541
256 570 74261 15860541
256 571 74241 15860541
256 572 74241 15860541
256 573 74241 15860541
256 574 74241 15860541
256 575 74241 15860541
256 576 74241 15860541
256 577 74241 15860541
256 578 74241 15860541
256 579 74239 15860541
256 580 74238 15860541
256 581 74241 15860541
256 582 74241 15860541
256 583 74240 15860541
256 584 74241 15860541
256 585 74240 15860541
256 586 74241 15860541
256 587 74241 15860541
256 588 74239 15860541
256 589 74240 15860541
256 590 74241 15860541
256 591 74241 15860541
256 592 74241 15860541
256 593 74241 15860541
256 594 74241 15860541
256 595 74241 15860541
256 596 74240 15860541
256 597 74240 15860541
256 598 74241 15860541
256 599 74240 15860541
256 600 74241 15860541
256 601 74269 15860541
256 602 74240 15860541
256 603 74240 15860541
256 604 74241 15860541
256 605 74268 15860541
256 606 74241 15860541
256 607 74241 15860541
256 608 74240 15860541
256 609 74263 15860541
256 610 74241 15860541
256 611 74241 15860541
256 612 74241 15860541
256 613 74263 15860541
256 614 74240 15860541
256 615 74241 15860541
256 616 74239 15860541
256 617 74264 15860541
256 618 74241 15860541
256 619 74239 15860541
256 620 74240 15860541
256 621 74239 15860541
256 622 74241 15860541
256 623 74239 15860541
256 624 74240 15860541
256 625 74239 15860541
256 626 74241 15860541
256 627 74241 15860541
256 628 74240 15860541
256 629 74239 15860541
256 630 74241 15860541
256 631 74241 15860541
256 632 74241 15860541
256 633 74240 15860541
256 634 74240 15860541
256 635 74241 15860541
256 636 74241 15860541
256 637 74241 15860541
256 638 74240 15860541
256 639 74241 15860541
256 640 74241 15860541
256 641 74240 15860541
256 642 74240 15860541
256 643 74240 15860541
256 644 74269 15860541
256 645 74239 15860541
256 646 74240 15860541
256 647 74240 15860541
256 648 74268 15860541
256 649 74241 15860541
256 650 74241 15860541
256 651 74241 15860541
256 652 74267 15860541
256 653 74240 15860541
256 654 74241 15860541
256 655 74240 15860541
256 656 74264 15860541
256 657 74241 15860541
256 658 74241 15860541
256 659 74240 15860541
256 660 74263 15860541
256 661 74240 15860541
256 662 74239 15860541
256 663 74240 15860541
256 664 74241 15860541
256 665 74241 15860541
256 666 74241 15860541
256 667 74240 15860541
256 668 74241 15860541
256 669 74241 15860541
256 670 74240 15860541
256 671 74241 15860541
256 672 74240 15860541
256 673 74240 15860541
256 674 74241 15860541
256 675 74241 15860541
256 676 74241 15860541
256 677 74240 15860541
256 678 74241 15860541
256 679 74240 15860541
256 680 74241 15860541
256 681 74241 15860541
256 682 74241 15860541
256 683 74241 15860541
256 684 74241 15860541
256 685 74241 15860541
256 686 74239 15860541
256 687 74241 15860541
256 688 74241 15860541
256 689 74240 15860541
256 690 74240 15860541
256 691 74269 15860541
256 692 74241 15860541
256 693 74241 15860541
256 694 74240 15860541
256 695 74269 15860541
256 696 74241 15860541
256 697 74241 15860541
256 698 74241 15860541
256 699 74265 15860541
256 700 74240 15860541
256 701 74241 15860541
256 702 74240 15860541
256 703 74263 15860541
256 704 74240 15860541
256 705 74241 15860541
256 706 74239 15860541
256 707 74264 15860541
256 708 74241 15860541
256 709 74240 15860541
256 710 74240 15860541
256 711 74241 15860541
256 712 74241 15860541
256 713 74240 15860541
256 714 74241 15860541
256 715 74240 15860541
256 716 74240 15860541
256 717 74241 15860541
256 718 74240 15860541
256 719 74241 15860541
256 720 74240 15860541
256 721 74241 15860541
256 722 74240 15860541
256 723 74239 15860541
256 724 74240 15860541
256 725 74240 15860541
256 726 74239 15860541
256 727 74240 15860541
256 728 74241 15860541
256 729 74240 15860541
256 730 74241 15860541
256 731 74241 15860541
256 732 74241 15860541
256 733 74241 15860541
256 734 74241 15860541
256 735 74240 15860541
256 736 74240 15860541
256 737 74241 15860541
256 738 74268 15860541
256 739 74241 15860541
256 740 74241 15860541
256 741 74240 15860541
256 742 74268 15860541
256 743 74240 15860541
256 744 74241 15860541
256 745 74241 15860541
256 746 74264 15860541
256 747 74241 15860541
256 748 74241 15860541
256 749 74241 15860541
256 750 74264 15860541
256 751 74241 15860541
256 752 74241 15860541
256 753 74241 15860541
256 754 74263 15860541
256 755 74241 15860541
256 756 74241 15860541
256 757 74240 15860541
256 758 74240 15860541
256 759 74241 15860541
256 760 74241 15860541
256 761 74241 15860541
256 762 74241 15860541
256 763 74241 15860541
256 764 74240 15860541
256 765 74240 15860541
256 766 74241 15860541
256 767 74241 15860541
256 768 74241 15860541
256 769 74240 15860541
256 770 74241 15860541
256 771 74241 15860541
256 772 74241 15860541
256 773 74239 15860541
256 774 74241 15860541
256 775 74240 15860541
256 776 74241 15860541
256 777 74240 15860541
256 778 74241 15860541
256 779 74240 15860541
256 780 74241 15860541
256 781 74241 15860541
256 782 74241 15860541
256 783 74241 15860541
256 784 74240 15860541
256 785 74269 15860541
256 786 74241 15860541
256 787 74241 15860541
256 788 74241 15860541
256 789 74268 15860541
256 790 74241 15860541
256 791 74241 15860541
256 792 74240 15860541
256 793 74264 15860541
256 794 74240 15860541
256 795 74241 15860541
256 796 74241 15860541
256 797 74263 15860541
256 798 74241 15860541
256 799 74240 15860541
256 800 74241 15860541
256 801 74264 15860541
256 802 74241 15860541
256 803 74241 15860541
256 804 74241 15860541
256 805 74241 15860541
256 806 74240 15860541
256 807 74241 15860541
256 808 74240 15860541
256 809 74240 15860541
256 810 74241 15860541
256 811 74240 15860541
256 812 74241 15860541
256 813 74241 15860541
256 814 74241 15860541
256 815 74241 15860541
256 816 74240 15860541
256 817 74241 15860541
256 818 74241 15860541
256 819 74240 15860541
256 820 74241 15860541
256 821 74241 15860541
256 822 74240 15860541
256 823 74241 15860541
256 824 74240 15860541
256 825 74240 15860541
256 826 74241 15860541
256 827 74241 15860541
256 828 74270 15860541
256 829 74241 15860541
256 830 74240 15860541
256 831 74241 15860541
256 832 74269 15860541
256 833 74241 15860541
256 834 74241 15860541
256 835 74241 15860541
256 836 74264 15860541
256 837 74241 15860541
256 838 74240 15860541
256 839 74240 15860541
256 840 74264 15860541
256 841 74240 15860541
256 842 74239 15860541
256 843 74239 15860541
256 844 74264 15860541
256 845 74241 15860541
256 846 74241 15860541
256 847 74240 15860541
256 848 74240 15860541
256 849 74241 15860541
256 850 74240 15860541
256 851 74240 15860541
256 852 74240 15860541
256 853 74241 15860541
256 854 74241 15860541
256 855 74241 15860541
256 856 74240 15860541
256 857 74241 15860541
256 858 74241 15860541
256 859 74241 15860541
256 860 74241 15860541
256 861 74241 15860541
256 862 74241 15860541
256 863 74237 15860541
256 864 74241 15860541
256 865 74241 15860541
256 866 74240 15860541
256 867 74241 15860541
256 868 74241 15860541
256 869 74241 15860541
256 870 74237 15860541
256 871 74241 15860541
256 872 74239 15860541
256 873 74241 15860541
256 874 74241 15860541
256 875 74269 15860541
256 876 74241 15860541
256 877 74239 15860541
256 878 74241 15860541
256 879 74269 15860541
256 880 74239 15860541
256 881 74241 15860541
256 882 74239 15860541
256 883 74264 15860541
256 884 74241 15860541
256 885 74241 15860541
256 886 74241 15860541
256 887 74264 15860541
256 888 74241 15860541
256 889 74241 15860541
256 890 74239 15860541
256 891 74264 15860541
256 892 74241 15860541
256 893 74241 15860541
256 894 74241 15860541
256 895 74241 15860541
256 896 74241 15860541
256 897 74241 15860541
256 898 74239 15860541
256 899 74240 15860541
256 900 74241 15860541
256 901 74241 15860541
256 902 74241 15860541
256 903 74241 15860541
256 904 74241 15860541
256 905 74241 15860541
256 906 74240 15860541
256 907 74239 15860541
256 908 74241 15860541
256 909 74240 15860541
256 910 74241 15860541
256 911 74241 15860541
256 912 74241 15860541
256 913 74241 15860541
256 914 74240 15860541
256 915 74241 15860541
256 916 74241 15860541
256 917 74241 15860541
256 918 74241 15860541
256 919 74240 15860541
256 920 74241 15860541
256 921 74239 15860541
256 922 74269 15860541
256 923 74241 15860541
256 924 74241 15860541
256 925 74240 15860541
256 926 74269 15860541
256 927 74241 15860541
256 928 74240 15860541
256 929 74240 15860541
256 930 74264 15860541
256 931 74241 15860541
256 932 74238 15860541
256 933 74241 15860541
256 934 74264 15860541
256 935 74241 15860541
256 936 74241 15860541
256 937 74239 15860541
256 938 74264 15860541
256 939 74240 15860541
256 940 74241 15860541
256 941 74240 15860541
256 942 74239 15860541
256 943 74240 15860541
256 944 74241 15860541
256 945 74239 15860541
256 946 74241 15860541
256 947 74239 15860541
256 948 74241 15860541
256 949 74241 15860541
256 950 74241 15860541
256 951 74241 15860541
256 952 74240 15860541
256 953 74240 15860541
256 954 74241 15860541
256 955 74239 15860541
256 956 74240 15860541
256 957 74241 15860541
256 958 74241 15860541
256 959 74241 15860541
256 960 74241 15860541
256 961 74240 15860541
256 962 74241 15860541
256 963 74240 15860541
256 964 74241 15860541
256 965 74269 15860541
256 966 74241 15860541
256 967 74240 15860541
256 968 74240 15860541
256 969 74269 15860541
256 970 74240 15860541
256 971 74241 15860541
256 972 74241 15860541
256 973 74265 15860541
256 974 74241 15860541
256 975 74241 15860541
256 976 74240 15860541
256 977 74264 15860541
256 978 74240 15860541
256 979 74241 15860541
256 980 74241 15860541
256 981 74265 15860541
256 982 74239 15860541
256 983 74241 15860541
256 984 74239 15860541
256 985 74264 15860541
256 986 74241 15860541
256 987 74241 15860541
256 988 74241 15860541
256 989 74241 15860541
256 990 74241 15860541
256 991 74239 15860541
256 992 74240 15860541
256 993 74241 15860541
256 994 74241 15860541
256 995 74241 15860541
256 996 74241 15860541
256 997 74240 15860541
256 998 74240 15860541
256 999 74241 15860541
