512 0 1629379 603357382
512 1 1630725 603357382
512 2 1628991 603357382
512 3 1629335 603357382
512 4 1629590 603357382
512 5 1629581 603357382
512 6 1629567 603357382
512 7 1630626 603357382
512 8 1629527 603357382
512 9 1629951 603357382
512 10 1630370 603357382
512 11 1629927 603357382
512 12 1631473 603357382
512 13 1630006 603357382
512 14 1630527 603357382
512 15 1632132 603357382
512 16 1630495 603357382
512 17 1631054 603357382
512 18 1631684 603357382
512 19 1628344 603357382
512 20 1630494 603357382
512 21 1630168 603357382
512 22 1630717 603357382
512 23 1629264 603357382
512 24 1629458 603357382
512 25 1630723 603357382
512 26 1631475 603357382
512 27 1630232 603357382
512 28 1630130 603357382
512 29 1631426 603357382
512 30 1631275 603357382
512 31 1630288 603357382
512 32 1630738 603357382
512 33 1631435 603357382
512 34 1630601 603357382
512 35 1630756 603357382
512 36 1629815 603357382
512 37 1630671 603357382
512 38 1631473 603357382
512 39 1628421 603357382
512 40 1628984 603357382
512 41 1630928 603357382
512 42 1631480 603357382
512 43 1629771 603357382
512 44 1629405 603357382
512 45 1630855 603357382
512 46 1632072 603357382
512 47 1630565 603357382
512 48 1631351 603357382
512 49 1628552 603357382
512 50 1629478 603357382
512 51 1630689 603357382
512 52 1631274 603357382
512 53 1631084 603357382
512 54 1630366 603357382
512 55 1630675 603357382
512 56 1629368 603357382
512 57 1629074 603357382
512 58 1629577 603357382
512 59 1630631 603357382
512 60 1631090 603357382
512 61 1630112 603357382
512 62 1630165 603357382
512 63 1630473 603357382
512 64 1630298 603357382
512 65 1630588 603357382
512 66 1629519 603357382
512 67 1630880 603357382
512 68 1630206 603357382
512 69 1629577 603357382
512 70 1629373 603357382
512 71 1629604 603357382
512 72 1630392 603357382
512 73 1631740 603357382
512 74 1628991 603357382
512 75 1631287 603357382
512 76 1630616 603357382
512 77 1630885 603357382
512 78 1630341 603357382
512 79 1631561 603357382
512 80 1630233 603357382
512 81 1630847 603357382
512 82 1630452 603357382
512 83 1630316 603357382
512 84 1631147 603357382
512 85 1630093 603357382
512 86 1628713 603357382
512 87 1632325 603357382
512 88 1631287 603357382
512 89 1630867 603357382
512 90 1631141 603357382
512 91 1631037 603357382
512 92 1631107 603357382
512 93 1630194 603357382
512 94 1630119 603357382
512 95 1629525 603357382
512 96 1630121 603357382
512 97 1629851 603357382
512 98 1630461 603357382
512 99 1632666 603357382
512 100 1630145 603357382
512 101 1629939 603357382
512 102 1631045 603357382
512 103 1630581 603357382
512 104 1630656 603357382
512 105 1630166 603357382
512 106 1630483 603357382
512 107 1629786 603357382
512 108 1630785 603357382
512 109 1630025 603357382
512 110 1631515 603357382
512 111 1631797 603357382
512 112 1631097 603357382
512 113 1630288 603357382
512 114 1629574 603357382
512 115 1631242 603357382
512 116 1631006 603357382
512 117 1630146 603357382
512 118 1629187 603357382
512 119 1631109 603357382
512 120 1630066 603357382
512 121 1630082 603357382
512 122 1630702 603357382
512 123 1629728 603357382
512 124 1629916 603357382
512 125 1629408 603357382
512 126 1630247 603357382
512 127 1631682 603357382
512 128 1630106 603357382
512 129 1629946 603357382
512 130 1630368 603357382
512 131 1630348 603357382
512 132 1630711 603357382
512 133 1631654 603357382
512 134 1630597 603357382
512 135 1631190 603357382
512 136 1631259 603357382
512 137 1630368 603357382
512 138 1630051 603357382
512 139 1629802 603357382
512 140 1629304 603357382
512 141 1631985 603357382
512 142 1630478 603357382
512 143 1629560 603357382
512 144 1629395 603357382
512 145 1631641 603357382
512 146 1631149 603357382
512 147 1631298 603357382
512 148 1631395 603357382
512 149 1630019 603357382
512 150 1631172 603357382
512 151 1630641 603357382
512 152 1629596 603357382
512 153 1632581 603357382
512 154 1630178 603357382
512 155 1629261 603357382
512 156 1629889 603357382
512 157 1630697 603357382
512 158 1629593 603357382
512 159 1631008 603357382
512 160 1630420 603357382
512 161 1631319 603357382
512 162 1630264 603357382
512 163 1630636 603357382
512 164 1632037 603357382
512 165 1629706 603357382
512 166 1630382 603357382
512 167 1632172 603357382
512 168 1631034 603357382
512 169 1631638 603357382
512 170 1630348 603357382
512 171 1629411 603357382
512 172 1631283 603357382
512 173 1630639 603357382
512 174 1631539 603357382
512 175 1628945 603357382
512 176 1632165 603357382
512 177 1630017 603357382
512 178 1629654 603357382
512 179 1631074 603357382
512 180 1629469 603357382
512 181 1629088 603357382
512 182 1629227 603357382
512 183 1629473 603357382
512 184 1630279 603357382
512 185 1630131 603357382
512 186 1629929 603357382
512 187 1628803 603357382
512 188 1631772 603357382
512 189 1631674 603357382
512 190 1631353 603357382
512 191 1629947 603357382
512 192 1629740 603357382
512 193 1631618 603357382
512 194 1631209 603357382
512 195 1631024 603357382
512 196 1630174 603357382
512 197 1628814 603357382
512 198 1630819 603357382
512 199 1630569 603357382
512 200 1630036 603357382
512 201 1629912 603357382
512 202 1630309 603357382
512 203 1629885 603357382
512 204 1631258 603357382
512 205 1631471 603357382
512 206 1628662 603357382
512 207 1629651 603357382
512 208 1630924 603357382
512 209 1631694 603357382
512 210 1628453 603357382
512 211 1630068 603357382
512 212 1630120 603357382
512 213 1628906 603357382
512 214 1630102 603357382
512 215 1630816 603357382
512 216 1631896 603357382
512 217 1630299 603357382
512 218 1629773 603357382
512 219 1630883 603357382
512 220 1630805 603357382
512 221 1631751 603357382
512 222 1629552 603357382
512 223 1631170 603357382
512 224 1629187 603357382
512 225 1631164 603357382
512 226 1630691 603357382
512 227 1630955 603357382
512 228 1630341 603357382
512 229 1630779 603357382
512 230 1631411 603357382
512 231 1630925 603357382
512 232 1629178 603357382
512 233 1629888 603357382
512 234 1630201 603357382
512 235 1628993 603357382
512 236 1630695 603357382
512 237 1629911 603357382
512 238 1629802 603357382
512 239 1630339 603357382
512 240 1631414 603357382
512 241 1631418 603357382
512 242 1631655 603357382
512 243 1630835 603357382
512 244 1629425 603357382
512 245 1630226 603357382
512 246 1629841 603357382
512 247 1629594 603357382
512 248 1630424 603357382
512 249 1629879 603357382
512 250 1630217 603357382
512 251 1630678 603357382
512 252 1629176 603357382
512 253 1630464 603357382
512 254 1630306 603357382
512 255 1631251 603357382
512 256 1630098 603357382
512 257 1630071 603357382
512 258 1629685 603357382
512 259 1631205 603357382
512 260 1630952 603357382
512 261 1630961 603357382
512 262 1630707 603357382
512 263 1628623 603357382
512 264 1630742 603357382
512 265 1629198 603357382
512 266 1631271 603357382
512 267 1631204 603357382
512 268 1631477 603357382
512 269 1630323 603357382
512 270 1628997 603357382
512 271 1628361 603357382
512 272 1629785 603357382
512 273 1630040 603357382
512 274 1629783 603357382
512 275 1631336 603357382
512 276 1628691 603357382
512 277 1632560 603357382
512 278 1630367 603357382
512 279 1631288 603357382
512 280 1630315 603357382
512 281 1628807 603357382
512 282 1630859 603357382
512 283 1630113 603357382
512 284 1630262 603357382
512 285 1630293 603357382
512 286 1631433 603357382
512 287 1629932 603357382
512 288 1630627 603357382
512 289 1629614 603357382
512 290 1630027 603357382
512 291 1630325 603357382
512 292 1630233 603357382
512 293 1631344 603357382
512 294 1630737 603357382
512 295 1631095 603357382
512 296 1631122 603357382
512 297 1628692 603357382
512 298 1629915 603357382
512 299 1629824 603357382
512 300 1630180 603357382
512 301 1630062 603357382
512 302 1630494 603357382
512 303 1630180 603357382
512 304 1629343 603357382
512 305 1631116 603357382
512 306 1629556 603357382
512 307 1631654 603357382
512 308 1629568 603357382
512 309 1629801 603357382
512 310 1630522 603357382
512 311 1629133 603357382
512 312 1629316 603357382
512 313 1629604 603357382
512 314 1630347 603357382
512 315 1631388 603357382
512 316 1629271 603357382
512 317 1629998 603357382
512 318 1630721 603357382
512 319 1630555 603357382
512 320 1630553 603357382
512 321 1630902 603357382
512 322 1630502 603357382
512 323 1631800 603357382
512 324 1630141 603357382
512 325 1629759 603357382
512 326 1629628 603357382
512 327 1630650 603357382
512 328 1630467 603357382
512 329 1631034 603357382
512 330 1631215 603357382
512 331 1631650 603357382
512 332 1632057 603357382
512 333 1631049 603357382
512 334 1629089 603357382
512 335 1632734 603357382
512 336 1630953 603357382
512 337 1630262 603357382
512 338 1630518 603357382
512 339 1631532 603357382
512 340 1629472 603357382
512 341 1631541 603357382
512 342 1630399 603357382
512 343 1631213 603357382
512 344 1629997 603357382
512 345 1629906 603357382
512 346 1631620 603357382
512 347 1629993 603357382
512 348 1630961 603357382
512 349 1629748 603357382
512 350 1630263 603357382
512 351 1631582 603357382
512 352 1630278 603357382
512 353 1630972 603357382
512 354 1629937 603357382
512 355 1630468 603357382
512 356 1630431 603357382
512 357 1630990 603357382
512 358 1631099 603357382
512 359 1630885 603357382
512 360 1629230 603357382
512 361 1632829 603357382
512 362 1630974 603357382
512 363 1629650 603357382
512 364 1629763 603357382
512 365 1631152 603357382
512 366 1632024 603357382
512 367 1631902 603357382
512 368 1630449 603357382
512 369 1631853 603357382
512 370 1629231 603357382
512 371 1629978 603357382
512 372 1630765 603357382
512 373 1630714 603357382
512 374 1628407 603357382
512 375 1630131 603357382
512 376 1631511 603357382
512 377 1632824 603357382
512 378 1630335 603357382
512 379 1631436 603357382
512 380 1630363 603357382
512 381 1631794 603357382
512 382 1630984 603357382
512 383 1631170 603357382
512 384 1629060 603357382
512 385 1630305 603357382
512 386 1630903 603357382
512 387 1630809 603357382
512 388 1629605 603357382
512 389 1628947 603357382
512 390 1631300 603357382
512 391 1630718 603357382
512 392 1629685 603357382
512 393 1629287 603357382
512 394 1629952 603357382
512 395 1629332 603357382
512 396 1630484 603357382
512 397 1629548 603357382
512 398 1630277 603357382
512 399 1630732 603357382
512 400 1631131 603357382
512 401 1630882 603357382
512 402 1631589 603357382
512 403 1631935 603357382
512 404 1630876 603357382
512 405 1631153 603357382
512 406 1631138 603357382
512 407 1629708 603357382
512 408 1630969 603357382
512 409 1630026 603357382
512 410 1629722 603357382
512 411 1629845 603357382
512 412 1629810 603357382
512 413 1631004 603357382
512 414 1630180 603357382
512 415 1629620 603357382
512 416 1630112 603357382
512 417 1629266 603357382
512 418 1629319 603357382
512 419 1630592 603357382
512 420 1630851 603357382
512 421 1631015 603357382
512 422 1630907 603357382
512 423 1631572 603357382
512 424 1630103 603357382
512 425 1631776 603357382
512 426 1630617 603357382
512 427 1630853 603357382
512 428 1631319 603357382
512 429 1630649 603357382
512 430 1631231 603357382
512 431 1630061 603357382
512 432 1629755 603357382
512 433 1630220 603357382
512 434 1630800 603357382
512 435 1630201 603357382
512 436 1630536 603357382
512 437 1630882 603357382
512 438 1630791 603357382
512 439 1629877 603357382
512 440 1630250 603357382
512 441 1630878 603357382
512 442 1629309 603357382
512 443 1630447 603357382
512 444 1631237 603357382
512 445 1631095 603357382
512 446 1630255 603357382
512 447 1630491 603357382
512 448 1631221 603357382
512 449 1632345 603357382
512 450 1631502 603357382
512 451 1631591 603357382
512 452 1630598 603357382
512 453 1629927 603357382
512 454 1630286 603357382
512 455 1631406 603357382
512 456 1630576 603357382
512 457 1629536 603357382
512 458 1631015 603357382
512 459 1631808 603357382
512 460 1632108 603357382
512 461 1632151 603357382
512 462 1630508 603357382
512 463 1631619 603357382
512 464 1630417 603357382
512 465 1629784 603357382
512 466 1629715 603357382
512 467 1630946 603357382
512 468 1631793 603357382
512 469 1628223 603357382
512 470 1629419 603357382
512 471 1631737 603357382
512 472 1629445 603357382
512 473 1631058 603357382
512 474 1628573 603357382
512 475 1628264 603357382
512 476 1630384 603357382
512 477 1630531 603357382
512 478 1629150 603357382
512 479 1631314 603357382
512 480 1630680 603357382
512 481 1631307 603357382
512 482 1631228 603357382
512 483 1630092 603357382
512 484 1630838 603357382
512 485 1630137 603357382
512 486 1630744 603357382
512 487 1630462 603357382
512 488 1630015 603357382
512 489 1630481 603357382
512 490 1630434 603357382
512 491 1630374 603357382
512 492 1632200 603357382
512 493 1629895 603357382
512 494 1629327 603357382
512 495 1630589 603357382
512 496 1630238 603357382
512 497 1630974 603357382
512 498 1630250 603357382
512 499 1630827 603357382
512 500 1630637 603357382
512 501 1631878 603357382
512 502 1630030 603357382
512 503 1629956 603357382
512 504 1631042 603357382
512 505 1629452 603357382
512 506 1630530 603357382
512 507 1629795 603357382
512 508 1629337 603357382
512 509 1630593 603357382
512 510 1630079 603357382
512 511 1630254 603357382
512 512 1631032 603357382
512 513 1630403 603357382
512 514 1629150 603357382
512 515 1631501 603357382
512 516 1631729 603357382
512 517 1629625 603357382
512 518 1631677 603357382
512 519 1630067 603357382
512 520 1629620 603357382
512 521 1630810 603357382
512 522 1630847 603357382
512 523 1631614 603357382
512 524 1630077 603357382
512 525 1630186 603357382
512 526 1630307 603357382
512 527 1630179 603357382
512 528 1630823 603357382
512 529 1629995 603357382
512 530 1630513 603357382
512 531 1631366 603357382
512 532 1631142 603357382
512 533 1628639 603357382
512 534 1631489 603357382
512 535 1630954 603357382
512 536 1629801 603357382
512 537 1629376 603357382
512 538 1630363 603357382
512 539 1629672 603357382
512 540 1629620 603357382
512 541 1629675 603357382
512 542 1630968 603357382
512 543 1631684 603357382
512 544 1629679 603357382
512 545 1628277 603357382
512 546 1629310 603357382
512 547 1631068 603357382
512 548 1629104 603357382
512 549 1629587 603357382
512 550 1631159 603357382
512 551 1629819 603357382
512 552 1630387 603357382
512 553 1629390 603357382
512 554 1631682 603357382
512 555 1629608 603357382
512 556 1631826 603357382
512 557 1630471 603357382
512 558 1629906 603357382
512 559 1630297 603357382
512 560 1632029 603357382
512 561 1629624 603357382
512 562 1631437 603357382
512 563 1630587 603357382
512 564 1629619 603357382
512 565 1630737 603357382
512 566 1630335 603357382
512 567 1630710 603357382
512 568 1630535 603357382
512 569 1631445 603357382
512 570 1631209 603357382
512 571 1631253 603357382
512 572 1630551 603357382
512 573 1629966 603357382
512 574 1631561 603357382
512 575 1629385 603357382
512 576 1629454 603357382
512 577 1630268 603357382
512 578 1631408 603357382
512 579 1630593 603357382
512 580 1631323 603357382
512 581 1630534 603357382
512 582 1630384 603357382
512 583 1629880 603357382
512 584 1629245 603357382
512 585 1630858 603357382
512 586 1629971 603357382
512 587 1631093 603357382
512 588 1629137 603357382
512 589 1629514 603357382
512 590 1631476 603357382
512 591 1630612 603357382
512 592 1630149 603357382
512 593 1630941 603357382
512 594 1629356 603357382
512 595 1630067 603357382
512 596 1631133 603357382
512 597 1631568 603357382
512 598 1630808 603357382
512 599 1631491 603357382
512 600 1630686 603357382
512 601 1631196 603357382
512 602 1629631 603357382
512 603 1631092 603357382
512 604 1630672 603357382
512 605 1628764 603357382
512 606 1630871 603357382
512 607 1630343 603357382
512 608 1630093 603357382
512 609 1630794 603357382
512 610 1629748 603357382
512 611 1630014 603357382
512 612 1631796 603357382
512 613 1631031 603357382
512 614 1631184 603357382
512 615 1630051 603357382
512 616 1630498 603357382
512 617 1631139 603357382
512 618 1631085 603357382
512 619 1631281 603357382
512 620 1629720 603357382
512 621 1629764 603357382
512 622 1630024 603357382
512 623 1631064 603357382
512 624 1629771 603357382
512 625 1630765 603357382
512 626 1630641 603357382
512 627 1631463 603357382
512 628 1631417 603357382
512 629 1630315 603357382
512 630 1630369 603357382
512 631 1629488 603357382
512 632 1632278 603357382
512 633 1630483 603357382
512 634 1630570 603357382
512 635 1631958 603357382
512 636 1629855 603357382
512 637 1631488 603357382
512 638 1630929 603357382
512 639 1630266 603357382
512 640 1630287 603357382
512 641 1629888 603357382
512 642 1631208 603357382
512 643 1630713 603357382
512 644 1629870 603357382
512 645 1629588 603357382
512 646 1629403 603357382
512 647 1630680 603357382
512 648 1630060 603357382
512 649 1629395 603357382
512 650 1630651 603357382
512 651 1628414 603357382
512 652 1631122 603357382
512 653 1630229 603357382
512 654 1630277 603357382
512 655 1629839 603357382
512 656 1630684 603357382
512 657 1630282 603357382
512 658 1629653 603357382
512 659 1631269 603357382
512 660 1630809 603357382
512 661 1629852 603357382
512 662 1629530 603357382
512 663 1631685 603357382
512 664 1630129 603357382
512 665 1632009 603357382
512 666 1630216 603357382
512 667 1631024 603357382
512 668 1631060 603357382
512 669 1628941 603357382
512 670 1630682 603357382
512 671 1629033 603357382
512 672 1632421 603357382
512 673 1629998 603357382
512 674 1630025 603357382
512 675 1630148 603357382
512 676 1629582 603357382
512 677 1629252 603357382
512 678 1630832 603357382
512 679 1630563 603357382
512 680 1630422 603357382
512 681 1631780 603357382
512 682 1630173 603357382
512 683 1630603 603357382
512 684 1630702 603357382
512 685 1630124 603357382
512 686 1629369 603357382
512 687 1629691 603357382
512 688 1628184 603357382
512 689 1631794 603357382
512 690 1629801 603357382
512 691 1629905 603357382
512 692 1630112 603357382
512 693 1630408 603357382
512 694 1630653 603357382
512 695 1630337 603357382
512 696 1630632 603357382
512 697 1629661 603357382
512 698 1629400 603357382
512 699 1630330 603357382
512 700 1630134 603357382
512 701 1630399 603357382
512 702 1631270 603357382
512 703 1629393 603357382
512 704 1629815 603357382
512 705 1629686 603357382
512 706 1631313 603357382
512 707 1631163 603357382
512 708 1631314 603357382
512 709 1629465 603357382
512 710 1629898 603357382
512 711 1630646 603357382
512 712 1629842 603357382
512 713 1629310 603357382
512 714 1632566 603357382
512 715 1630943 603357382
512 716 1630263 603357382
512 717 1630814 603357382
512 718 1630210 603357382
512 719 1628023 603357382
512 720 1630448 603357382
512 721 1630812 603357382
512 722 1630891 603357382
512 723 1630613 603357382
512 724 1630561 603357382
512 725 1630501 603357382
512 726 1631039 603357382
512 727 1630625 603357382
512 728 1630948 603357382
512 729 1629928 603357382
512 730 1630418 603357382
512 731 1630777 603357382
512 732 1631153 603357382
512 733 1630479 603357382
512 734 1630028 603357382
512 735 1630075 603357382
512 736 1630928 603357382
512 737 1630297 603357382
512 738 1631561 603357382
512 739 1628945 603357382
512 740 1629303 603357382
512 741 1631210 603357382
512 742 1630888 603357382
512 743 1630360 603357382
512 744 1630118 603357382
512 745 1629490 603357382
512 746 1629708 603357382
512 747 1630743 603357382
512 748 1630366 603357382
512 749 1629781 603357382
512 750 1631772 603357382
512 751 1630590 603357382
512 752 1630742 603357382
512 753 1630510 603357382
512 754 1630178 603357382
512 755 1630513 603357382
512 756 1631140 603357382
512 757 1631154 603357382
512 758 1632245 603357382
512 759 1628633 603357382
512 760 1630294 603357382
512 761 1630589 603357382
512 762 1629709 603357382
512 763 1630592 603357382
512 764 1631525 603357382
512 765 1630883 603357382
512 766 1630358 603357382
512 767 1631820 603357382
512 768 1631020 603357382
512 769 1630653 603357382
512 770 1631661 603357382
512 771 1629655 603357382
512 772 1630695 603357382
512 773 1631686 603357382
512 774 1630438 603357382
512 775 1629411 603357382
512 776 1630286 603357382
512 777 1630212 603357382
512 778 1629480 603357382
512 779 1631861 603357382
512 780 1631607 603357382
512 781 1631578 603357382
512 782 1629261 603357382
512 783 1630357 603357382
512 784 1630290 603357382
512 785 1631116 603357382
512 786 1629550 603357382
512 787 1630119 603357382
512 788 1630663 603357382
512 789 1630230 603357382
512 790 1631074 603357382
512 791 1629337 603357382
512 792 1628785 603357382
512 793 1630102 603357382
512 794 1632045 603357382
512 795 1630200 603357382
512 796 1630854 603357382
512 797 1631976 603357382
512 798 1631234 603357382
512 799 1629620 603357382
512 800 1631657 603357382
512 801 1630362 603357382
512 802 1631348 603357382
512 803 1629878 603357382
512 804 1630617 603357382
512 805 1631288 603357382
512 806 1630787 603357382
512 807 1629549 603357382
512 808 1629747 603357382
512 809 1632094 603357382
512 810 1631292 603357382
512 811 1631001 603357382
512 812 1630374 603357382
512 813 1630467 603357382
512 814 1629333 603357382
512 815 1630716 603357382
512 816 1631207 603357382
512 817 1630982 603357382
512 818 1630588 603357382
512 819 1631239 603357382
512 820 1629798 603357382
512 821 1631371 603357382
512 822 1629902 603357382
512 823 1630832 603357382
512 824 1629885 603357382
512 825 1630288 603357382
512 826 1631373 603357382
512 827 1630869 603357382
512 828 1631358 603357382
512 829 1629657 603357382
512 830 1630295 603357382
512 831 1631828 603357382
512 832 1629963 603357382
512 833 1630844 603357382
512 834 1630676 603357382
512 835 1631217 603357382
512 836 1629733 603357382
512 837 1631799 603357382
512 838 1628854 603357382
512 839 1629954 603357382
512 840 1631780 603357382
512 841 1630297 603357382
512 842 1632184 603357382
512 843 1631632 603357382
512 844 1628497 603357382
512 845 1632409 603357382
512 846 1630708 603357382
512 847 1630915 603357382
512 848 1630246 603357382
512 849 1628082 603357382
512 850 1628829 603357382
512 851 1630490 603357382
512 852 1630047 603357382
512 853 1630464 603357382
512 854 1629663 603357382
512 855 1630039 603357382
512 856 1630849 603357382
512 857 1630843 603357382
512 858 1631247 603357382
512 859 1630323 603357382
512 860 1629277 603357382
512 861 1630970 603357382
512 862 1630563 603357382
512 863 1630123 603357382
512 864 1631694 603357382
512 865 1631149 603357382
512 866 1631627 603357382
512 867 1630467 603357382
512 868 1630363 603357382
512 869 1629568 603357382
512 870 1630322 603357382
512 871 1629727 603357382
512 872 1630284 603357382
512 873 1631960 603357382
512 874 1629254 603357382
512 875 1631138 603357382
512 876 1631225 603357382
512 877 1631019 603357382
512 878 1631295 603357382
512 879 1631002 603357382
512 880 1629283 603357382
512 881 1631393 603357382
512 882 1630653 603357382
512 883 1630923 603357382
512 884 1630521 603357382
512 885 1631073 603357382
512 886 1630750 603357382
512 887 1632302 603357382
512 888 1629119 603357382
512 889 1630747 603357382
512 890 1630183 603357382
512 891 1630602 603357382
512 892 1630011 603357382
512 893 1629482 603357382
512 894 1630692 603357382
512 895 1630237 603357382
512 896 1630372 603357382
512 897 1629819 603357382
512 898 1630508 603357382
512 899 1629109 603357382
512 900 1630959 603357382
512 901 1628603 603357382
512 902 1629686 603357382
512 903 1630512 603357382
512 904 1630733 603357382
512 905 1628295 603357382
512 906 1630147 603357382
512 907 1630985 603357382
512 908 1630292 603357382
512 909 1631235 603357382
512 910 1630298 603357382
512 911 1629249 603357382
512 912 1631471 603357382
512 913 1630097 603357382
512 914 1631086 603357382
512 915 1631546 603357382
512 916 1631431 603357382
512 917 1629866 603357382
512 918 1630220 603357382
512 919 1630023 603357382
512 920 1630511 603357382
512 921 1630399 603357382
512 922 1630229 603357382
512 923 1630234 603357382
512 924 1631136 603357382
512 925 1631005 603357382
512 926 1629155 603357382
512 927 1628846 603357382
512 928 1629629 603357382
512 929 1630442 603357382
512 930 1631457 603357382
512 931 1630884 603357382
512 932 1631113 603357382
512 933 1629470 603357382
512 934 1631136 603357382
512 935 1630066 603357382
512 936 1630593 603357382
512 937 1632593 603357382
512 938 1629722 603357382
512 939 1631505 603357382
512 940 1631657 603357382
512 941 1629538 603357382
512 942 1630973 603357382
512 943 1630320 603357382
512 944 1631115 603357382
512 945 1629913 603357382
512 946 1629462 603357382
512 947 1630867 603357382
512 948 1629977 603357382
512 949 1631557 603357382
512 950 1630437 603357382
512 951 1630139 603357382
512 952 1631659 603357382
512 953 1630127 603357382
512 954 1630841 603357382
512 955 1631360 603357382
512 956 1629686 603357382
512 957 1630237 603357382
512 958 1631771 603357382
512 959 1631578 603357382
512 960 1630337 603357382
512 961 1631705 603357382
512 962 1630260 603357382
512 963 1631727 603357382
512 964 1629841 603357382
512 965 1630172 603357382
512 966 1630882 603357382
512 967 1630936 603357382
512 968 1630611 603357382
512 969 1630480 603357382
512 970 1629807 603357382
512 971 1629549 603357382
512 972 1630522 603357382
512 973 1629834 603357382
512 974 1631965 603357382
512 975 1631010 603357382
512 976 1629805 603357382
512 977 1630177 603357382
512 978 1630114 603357382
512 979 1629708 603357382
512 980 1632161 603357382
512 981 1630345 603357382
512 982 1628733 603357382
512 983 1631045 603357382
512 984 1630747 603357382
512 985 1630666 603357382
512 986 1629875 603357382
512 987 1629345 603357382
512 988 1631501 603357382
512 989 1630823 603357382
512 990 1628893 603357382
512 991 1629701 603357382
512 992 1630314 603357382
512 993 1631328 603357382
512 994 1629975 603357382
512 995 1631836 603357382
512 996 1631890 603357382
512 997 1630867 603357382
512 998 1630913 603357382
512 999 1631942 603357382
