4 0 537 559
4 1 314 559
4 2 233 559
4 3 249 559
4 4 219 559
4 5 219 559
4 6 219 559
4 7 219 559
4 8 219 559
4 9 219 559
4 10 219 559
4 11 219 559
4 12 219 559
4 13 219 559
4 14 219 559
4 15 342 559
4 16 218 559
4 17 219 559
4 18 219 559
4 19 219 559
4 20 219 559
4 21 219 559
4 22 219 559
4 23 219 559
4 24 219 559
4 25 219 559
4 26 219 559
4 27 219 559
4 28 219 559
4 29 219 559
4 30 219 559
4 31 219 559
4 32 219 559
4 33 219 559
4 34 219 559
4 35 219 559
4 36 219 559
4 37 219 559
4 38 219 559
4 39 219 559
4 40 219 559
4 41 219 559
4 42 219 559
4 43 219 559
4 44 219 559
4 45 219 559
4 46 219 559
4 47 219 559
4 48 219 559
4 49 219 559
4 50 219 559
4 51 219 559
4 52 219 559
4 53 219 559
4 54 219 559
4 55 219 559
4 56 219 559
4 57 219 559
4 58 219 559
4 59 219 559
4 60 219 559
4 61 219 559
4 62 219 559
4 63 219 559
4 64 219 559
4 65 219 559
4 66 219 559
4 67 219 559
4 68 219 559
4 69 219 559
4 70 219 559
4 71 219 559
4 72 219 559
4 73 219 559
4 74 219 559
4 75 219 559
4 76 219 559
4 77 219 559
4 78 219 559
4 79 219 559
4 80 219 559
4 81 219 559
4 82 219 559
4 83 219 559
4 84 219 559
4 85 219 559
4 86 219 559
4 87 219 559
4 88 219 559
4 89 219 559
4 90 219 559
4 91 219 559
4 92 219 559
4 93 219 559
4 94 219 559
4 95 219 559
4 96 219 559
4 97 219 559
4 98 219 559
4 99 219 559
4 100 219 559
4 101 219 559
4 102 219 559
4 103 219 559
4 104 219 559
4 105 219 559
4 106 219 559
4 107 219 559
4 108 219 559
4 109 219 559
4 110 219 559
4 111 219 559
4 112 219 559
4 113 219 559
4 114 219 559
4 115 219 559
4 116 219 559
4 117 219 559
4 118 219 559
4 119 219 559
4 120 219 559
4 121 219 559
4 122 219 559
4 123 219 559
4 124 219 559
4 125 219 559
4 126 219 559
4 127 219 559
4 128 219 559
4 129 219 559
4 130 219 559
4 131 219 559
4 132 219 559
4 133 219 559
4 134 219 559
4 135 219 559
4 136 219 559
4 137 219 559
4 138 219 559
4 139 219 559
4 140 219 559
4 141 219 559
4 142 219 559
4 143 219 559
4 144 219 559
4 145 219 559
4 146 219 559
4 147 219 559
4 148 219 559
4 149 219 559
4 150 219 559
4 151 219 559
4 152 219 559
4 153 219 559
4 154 219 559
4 155 219 559
4 156 219 559
4 157 219 559
4 158 219 559
4 159 219 559
4 160 219 559
4 161 219 559
4 162 219 559
4 163 219 559
4 164 219 559
4 165 219 559
4 166 219 559
4 167 219 559
4 168 219 559
4 169 219 559
4 170 219 559
4 171 219 559
4 172 219 559
4 173 219 559
4 174 219 559
4 175 219 559
4 176 219 559
4 177 219 559
4 178 219 559
4 179 219 559
4 180 219 559
4 181 219 559
4 182 219 559
4 183 219 559
4 184 219 559
4 185 219 559
4 186 219 559
4 187 219 559
4 188 219 559
4 189 219 559
4 190 219 559
4 191 219 559
4 192 219 559
4 193 219 559
4 194 219 559
4 195 219 559
4 196 219 559
4 197 219 559
4 198 219 559
4 199 219 559
4 200 219 559
4 201 219 559
4 202 219 559
4 203 219 559
4 204 219 559
4 205 219 559
4 206 219 559
4 207 219 559
4 208 219 559
4 209 219 559
4 210 219 559
4 211 219 559
4 212 219 559
4 213 219 559
4 214 219 559
4 215 219 559
4 216 219 559
4 217 219 559
4 218 219 559
4 219 219 559
4 220 219 559
4 221 219 559
4 222 219 559
4 223 219 559
4 224 219 559
4 225 219 559
4 226 219 559
4 227 219 559
4 228 219 559
4 229 219 559
4 230 219 559
4 231 219 559
4 232 219 559
4 233 219 559
4 234 219 559
4 235 219 559
4 236 219 559
4 237 219 559
4 238 219 559
4 239 219 559
4 240 219 559
4 241 219 559
4 242 219 559
4 243 219 559
4 244 219 559
4 245 219 559
4 246 219 559
4 247 219 559
4 248 219 559
4 249 219 559
4 250 219 559
4 251 219 559
4 252 219 559
4 253 219 559
4 254 219 559
4 255 219 559
4 256 219 559
4 257 219 559
4 258 219 559
4 259 219 559
4 260 219 559
4 261 219 559
4 262 219 559
4 263 219 559
4 264 219 559
4 265 219 559
4 266 219 559
4 267 219 559
4 268 219 559
4 269 219 559
4 270 219 559
4 271 219 559
4 272 219 559
4 273 219 559
4 274 219 559
4 275 219 559
4 276 219 559
4 277 219 559
4 278 219 559
4 279 219 559
4 280 219 559
4 281 219 559
4 282 219 559
4 283 219 559
4 284 219 559
4 285 219 559
4 286 219 559
4 287 219 559
4 288 219 559
4 289 219 559
4 290 219 559
4 291 219 559
4 292 219 559
4 293 219 559
4 294 219 559
4 295 219 559
4 296 219 559
4 297 219 559
4 298 219 559
4 299 219 559
4 300 219 559
4 301 219 559
4 302 355 559
4 303 235 559
4 304 219 559
4 305 219 559
4 306 219 559
4 307 219 559
4 308 219 559
4 309 219 559
4 310 219 559
4 311 219 559
4 312 219 559
4 313 219 559
4 314 219 559
4 315 219 559
4 316 219 559
4 317 219 559
4 318 219 559
4 319 219 559
4 320 219 559
4 321 219 559
4 322 219 559
4 323 219 559
4 324 219 559
4 325 219 559
4 326 219 559
4 327 219 559
4 328 219 559
4 329 219 559
4 330 219 559
4 331 219 559
4 332 219 559
4 333 219 559
4 334 219 559
4 335 219 559
4 336 219 559
4 337 219 559
4 338 219 559
4 339 219 559
4 340 219 559
4 341 219 559
4 342 219 559
4 343 219 559
4 344 219 559
4 345 219 559
4 346 219 559
4 347 219 559
4 348 219 559
4 349 219 559
4 350 219 559
4 351 219 559
4 352 219 559
4 353 219 559
4 354 219 559
4 355 219 559
4 356 219 559
4 357 219 559
4 358 219 559
4 359 219 559
4 360 219 559
4 361 219 559
4 362 219 559
4 363 219 559
4 364 219 559
4 365 219 559
4 366 219 559
4 367 219 559
4 368 219 559
4 369 219 559
4 370 219 559
4 371 219 559
4 372 219 559
4 373 219 559
4 374 219 559
4 375 219 559
4 376 219 559
4 377 219 559
4 378 219 559
4 379 219 559
4 380 219 559
4 381 219 559
4 382 219 559
4 383 219 559
4 384 219 559
4 385 219 559
4 386 219 559
4 387 219 559
4 388 219 559
4 389 219 559
4 390 219 559
4 391 219 559
4 392 219 559
4 393 219 559
4 394 219 559
4 395 219 559
4 396 219 559
4 397 219 559
4 398 219 559
4 399 219 559
4 400 219 559
4 401 219 559
4 402 219 559
4 403 219 559
4 404 219 559
4 405 219 559
4 406 219 559
4 407 219 559
4 408 219 559
4 409 219 559
4 410 219 559
4 411 219 559
4 412 219 559
4 413 219 559
4 414 219 559
4 415 219 559
4 416 219 559
4 417 219 559
4 418 219 559
4 419 219 559
4 420 219 559
4 421 219 559
4 422 219 559
4 423 219 559
4 424 219 559
4 425 219 559
4 426 219 559
4 427 219 559
4 428 219 559
4 429 219 559
4 430 219 559
4 431 219 559
4 432 219 559
4 433 219 559
4 434 219 559
4 435 219 559
4 436 219 559
4 437 219 559
4 438 219 559
4 439 219 559
4 440 219 559
4 441 219 559
4 442 219 559
4 443 219 559
4 444 219 559
4 445 219 559
4 446 219 559
4 447 219 559
4 448 219 559
4 449 219 559
4 450 219 559
4 451 219 559
4 452 219 559
4 453 219 559
4 454 219 559
4 455 219 559
4 456 219 559
4 457 219 559
4 458 219 559
4 459 219 559
4 460 219 559
4 461 219 559
4 462 219 559
4 463 219 559
4 464 219 559
4 465 219 559
4 466 219 559
4 467 219 559
4 468 219 559
4 469 219 559
4 470 219 559
4 471 219 559
4 472 219 559
4 473 219 559
4 474 219 559
4 475 219 559
4 476 219 559
4 477 219 559
4 478 219 559
4 479 219 559
4 480 219 559
4 481 219 559
4 482 219 559
4 483 219 559
4 484 219 559
4 485 219 559
4 486 219 559
4 487 219 559
4 488 219 559
4 489 219 559
4 490 219 559
4 491 219 559
4 492 219 559
4 493 219 559
4 494 219 559
4 495 219 559
4 496 219 559
4 497 219 559
4 498 219 559
4 499 219 559
4 500 219 559
4 501 219 559
4 502 219 559
4 503 219 559
4 504 219 559
4 505 219 559
4 506 219 559
4 507 219 559
4 508 219 559
4 509 219 559
4 510 219 559
4 511 219 559
4 512 219 559
4 513 219 559
4 514 219 559
4 515 219 559
4 516 219 559
4 517 219 559
4 518 219 559
4 519 219 559
4 520 219 559
4 521 219 559
4 522 219 559
4 523 219 559
4 524 219 559
4 525 219 559
4 526 219 559
4 527 219 559
4 528 219 559
4 529 219 559
4 530 219 559
4 531 219 559
4 532 219 559
4 533 219 559
4 534 219 559
4 535 219 559
4 536 219 559
4 537 219 559
4 538 219 559
4 539 219 559
4 540 219 559
4 541 219 559
4 542 219 559
4 543 219 559
4 544 219 559
4 545 219 559
4 546 219 559
4 547 219 559
4 548 219 559
4 549 219 559
4 550 219 559
4 551 219 559
4 552 219 559
4 553 219 559
4 554 219 559
4 555 219 559
4 556 219 559
4 557 219 559
4 558 219 559
4 559 219 559
4 560 219 559
4 561 219 559
4 562 219 559
4 563 219 559
4 564 219 559
4 565 219 559
4 566 219 559
4 567 219 559
4 568 219 559
4 569 219 559
4 570 219 559
4 571 219 559
4 572 219 559
4 573 219 559
4 574 219 559
4 575 219 559
4 576 219 559
4 577 219 559
4 578 219 559
4 579 219 559
4 580 219 559
4 581 219 559
4 582 219 559
4 583 219 559
4 584 219 559
4 585 219 559
4 586 219 559
4 587 219 559
4 588 219 559
4 589 219 559
4 590 219 559
4 591 219 559
4 592 219 559
4 593 219 559
4 594 219 559
4 595 219 559
4 596 219 559
4 597 219 559
4 598 219 559
4 599 219 559
4 600 219 559
4 601 219 559
4 602 219 559
4 603 219 559
4 604 219 559
4 605 219 559
4 606 219 559
4 607 219 559
4 608 219 559
4 609 219 559
4 610 219 559
4 611 219 559
4 612 219 559
4 613 219 559
4 614 219 559
4 615 219 559
4 616 219 559
4 617 219 559
4 618 219 559
4 619 219 559
4 620 219 559
4 621 219 559
4 622 219 559
4 623 219 559
4 624 219 559
4 625 219 559
4 626 219 559
4 627 219 559
4 628 219 559
4 629 219 559
4 630 219 559
4 631 219 559
4 632 219 559
4 633 219 559
4 634 219 559
4 635 219 559
4 636 219 559
4 637 219 559
4 638 219 559
4 639 219 559
4 640 219 559
4 641 219 559
4 642 219 559
4 643 219 559
4 644 219 559
4 645 219 559
4 646 219 559
4 647 219 559
4 648 219 559
4 649 219 559
4 650 219 559
4 651 219 559
4 652 219 559
4 653 219 559
4 654 219 559
4 655 219 559
4 656 219 559
4 657 219 559
4 658 219 559
4 659 219 559
4 660 219 559
4 661 219 559
4 662 219 559
4 663 219 559
4 664 219 559
4 665 219 559
4 666 219 559
4 667 219 559
4 668 219 559
4 669 219 559
4 670 219 559
4 671 219 559
4 672 219 559
4 673 219 559
4 674 219 559
4 675 219 559
4 676 219 559
4 677 219 559
4 678 219 559
4 679 219 559
4 680 219 559
4 681 219 559
4 682 219 559
4 683 219 559
4 684 219 559
4 685 219 559
4 686 219 559
4 687 219 559
4 688 219 559
4 689 219 559
4 690 219 559
4 691 219 559
4 692 219 559
4 693 219 559
4 694 219 559
4 695 219 559
4 696 219 559
4 697 219 559
4 698 219 559
4 699 219 559
4 700 219 559
4 701 219 559
4 702 219 559
4 703 219 559
4 704 219 559
4 705 219 559
4 706 219 559
4 707 219 559
4 708 219 559
4 709 219 559
4 710 219 559
4 711 219 559
4 712 219 559
4 713 219 559
4 714 219 559
4 715 219 559
4 716 219 559
4 717 219 559
4 718 219 559
4 719 219 559
4 720 219 559
4 721 219 559
4 722 219 559
4 723 219 559
4 724 219 559
4 725 219 559
4 726 219 559
4 727 219 559
4 728 219 559
4 729 219 559
4 730 219 559
4 731 219 559
4 732 219 559
4 733 219 559
4 734 219 559
4 735 219 559
4 736 219 559
4 737 219 559
4 738 219 559
4 739 219 559
4 740 219 559
4 741 219 559
4 742 219 559
4 743 219 559
4 744 219 559
4 745 219 559
4 746 219 559
4 747 219 559
4 748 219 559
4 749 219 559
4 750 219 559
4 751 219 559
4 752 219 559
4 753 219 559
4 754 219 559
4 755 219 559
4 756 219 559
4 757 219 559
4 758 219 559
4 759 219 559
4 760 219 559
4 761 219 559
4 762 219 559
4 763 219 559
4 764 219 559
4 765 219 559
4 766 219 559
4 767 219 559
4 768 219 559
4 769 219 559
4 770 219 559
4 771 219 559
4 772 219 559
4 773 219 559
4 774 219 559
4 775 219 559
4 776 219 559
4 777 219 559
4 778 219 559
4 779 219 559
4 780 219 559
4 781 219 559
4 782 219 559
4 783 219 559
4 784 219 559
4 785 219 559
4 786 219 559
4 787 219 559
4 788 219 559
4 789 219 559
4 790 219 559
4 791 219 559
4 792 219 559
4 793 219 559
4 794 219 559
4 795 219 559
4 796 219 559
4 797 219 559
4 798 219 559
4 799 219 559
4 800 219 559
4 801 219 559
4 802 219 559
4 803 219 559
4 804 219 559
4 805 219 559
4 806 219 559
4 807 219 559
4 808 219 559
4 809 219 559
4 810 219 559
4 811 219 559
4 812 219 559
4 813 219 559
4 814 219 559
4 815 219 559
4 816 219 559
4 817 219 559
4 818 219 559
4 819 219 559
4 820 219 559
4 821 219 559
4 822 219 559
4 823 219 559
4 824 219 559
4 825 219 559
4 826 219 559
4 827 219 559
4 828 219 559
4 829 219 559
4 830 219 559
4 831 219 559
4 832 219 559
4 833 219 559
4 834 219 559
4 835 219 559
4 836 219 559
4 837 219 559
4 838 219 559
4 839 219 559
4 840 219 559
4 841 219 559
4 842 219 559
4 843 219 559
4 844 219 559
4 845 219 559
4 846 219 559
4 847 219 559
4 848 219 559
4 849 219 559
4 850 219 559
4 851 219 559
4 852 219 559
4 853 219 559
4 854 219 559
4 855 219 559
4 856 219 559
4 857 219 559
4 858 219 559
4 859 219 559
4 860 219 559
4 861 219 559
4 862 219 559
4 863 219 559
4 864 219 559
4 865 219 559
4 866 219 559
4 867 219 559
4 868 219 559
4 869 219 559
4 870 219 559
4 871 219 559
4 872 219 559
4 873 219 559
4 874 219 559
4 875 219 559
4 876 219 559
4 877 219 559
4 878 219 559
4 879 219 559
4 880 219 559
4 881 219 559
4 882 219 559
4 883 219 559
4 884 219 559
4 885 219 559
4 886 219 559
4 887 219 559
4 888 219 559
4 889 219 559
4 890 219 559
4 891 219 559
4 892 219 559
4 893 219 559
4 894 219 559
4 895 219 559
4 896 219 559
4 897 219 559
4 898 219 559
4 899 219 559
4 900 219 559
4 901 219 559
4 902 219 559
4 903 219 559
4 904 219 559
4 905 219 559
4 906 219 559
4 907 219 559
4 908 219 559
4 909 219 559
4 910 219 559
4 911 219 559
4 912 219 559
4 913 219 559
4 914 219 559
4 915 219 559
4 916 219 559
4 917 219 559
4 918 219 559
4 919 219 559
4 920 219 559
4 921 219 559
4 922 219 559
4 923 219 559
4 924 219 559
4 925 219 559
4 926 219 559
4 927 219 559
4 928 219 559
4 929 219 559
4 930 219 559
4 931 219 559
4 932 219 559
4 933 219 559
4 934 219 559
4 935 219 559
4 936 219 559
4 937 219 559
4 938 219 559
4 939 219 559
4 940 219 559
4 941 219 559
4 942 219 559
4 943 219 559
4 944 219 559
4 945 219 559
4 946 219 559
4 947 219 559
4 948 219 559
4 949 219 559
4 950 219 559
4 951 219 559
4 952 219 559
4 953 219 559
4 954 219 559
4 955 219 559
4 956 219 559
4 957 219 559
4 958 219 559
4 959 219 559
4 960 219 559
4 961 219 559
4 962 219 559
4 963 219 559
4 964 219 559
4 965 219 559
4 966 219 559
4 967 219 559
4 968 219 559
4 969 219 559
4 970 219 559
4 971 219 559
4 972 219 559
4 973 219 559
4 974 219 559
4 975 219 559
4 976 219 559
4 977 219 559
4 978 219 559
4 979 219 559
4 980 219 559
4 981 219 559
4 982 219 559
4 983 219 559
4 984 219 559
4 985 219 559
4 986 219 559
4 987 219 559
4 988 219 559
4 989 219 559
4 990 219 559
4 991 219 559
4 992 219 559
4 993 219 559
4 994 219 559
4 995 219 559
4 996 219 559
4 997 219 559
4 998 219 559
4 999 219 559
