64 0 3284 4228160793
64 1 172 4228160793
64 2 108 4228160793
64 3 240 4228160793
64 4 104 4228160793
64 5 172 4228160793
64 6 260 4228160793
64 7 164 4228160793
64 8 152 4228160793
64 9 304 4228160793
64 10 192 4228160793
64 11 164 4228160793
64 12 256 4228160793
64 13 120 4228160793
64 14 152 4228160793
64 15 288 4228160793
64 16 100 4228160793
64 17 192 4228160793
64 18 236 4228160793
64 19 136 4228160793
64 20 288 4228160793
64 21 132 4228160793
64 22 164 4228160793
64 23 212 4228160793
64 24 132 4228160793
64 25 192 4228160793
64 26 228 4228160793
64 27 124 4228160793
64 28 252 4228160793
64 29 124 4228160793
64 30 208 4228160793
64 31 276 4228160793
64 32 116 4228160793
64 33 176 4228160793
64 34 276 4228160793
64 35 124 4228160793
64 36 300 4228160793
64 37 132 4228160793
64 38 136 4228160793
64 39 228 4228160793
64 40 136 4228160793
64 41 176 4228160793
64 42 304 4228160793
64 43 100 4228160793
64 44 236 4228160793
64 45 132 4228160793
64 46 140 4228160793
64 47 336 4228160793
64 48 152 4228160793
64 49 164 4228160793
64 50 236 4228160793
64 51 92 4228160793
64 52 328 4228160793
64 53 84 4228160793
64 54 120 4228160793
64 55 232 4228160793
64 56 120 4228160793
64 57 164 4228160793
64 58 232 4228160793
64 59 100 4228160793
64 60 144 4228160793
64 61 224 4228160793
64 62 148 4228160793
64 63 376 4228160793
64 64 124 4228160793
64 65 100 4228160793
64 66 288 4228160793
64 67 104 4228160793
64 68 240 4228160793
64 69 268 4228160793
64 70 116 4228160793
64 71 268 4228160793
64 72 92 4228160793
64 73 204 4228160793
64 74 272 4228160793
64 75 120 4228160793
64 76 200 4228160793
64 77 236 4228160793
64 78 180 4228160793
64 79 256 4228160793
64 80 136 4228160793
64 81 104 4228160793
64 82 304 4228160793
64 83 188 4228160793
64 84 172 4228160793
64 85 232 4228160793
64 86 92 4228160793
64 87 200 4228160793
64 88 240 4228160793
64 89 128 4228160793
64 90 320 4228160793
64 91 120 4228160793
64 92 128 4228160793
64 93 260 4228160793
64 94 176 4228160793
64 95 128 4228160793
64 96 236 4228160793
64 97 156 4228160793
64 98 252 4228160793
64 99 196 4228160793
64 100 136 4228160793
64 101 232 4228160793
64 102 136 4228160793
64 103 232 4228160793
64 104 156 4228160793
64 105 264 4228160793
64 106 168 4228160793
64 107 172 4228160793
64 108 232 4228160793
64 109 212 4228160793
64 110 172 4228160793
64 111 152 4228160793
64 112 220 4228160793
64 113 148 4228160793
64 114 200 4228160793
64 115 208 4228160793
64 116 128 4228160793
64 117 232 4228160793
64 118 144 4228160793
64 119 340 4228160793
64 120 92 4228160793
64 121 196 4228160793
64 122 308 4228160793
64 123 120 4228160793
64 124 320 4228160793
64 125 124 4228160793
64 126 244 4228160793
64 127 184 4228160793
64 128 196 4228160793
64 129 208 4228160793
64 130 140 4228160793
64 131 236 4228160793
64 132 192 4228160793
64 133 224 4228160793
64 134 256 4228160793
64 135 236 4228160793
64 136 164 4228160793
64 137 180 4228160793
64 138 224 4228160793
64 139 140 4228160793
64 140 244 4228160793
64 141 112 4228160793
64 142 248 4228160793
64 143 136 4228160793
64 144 324 4228160793
64 145 196 4228160793
64 146 132 4228160793
64 147 240 4228160793
64 148 144 4228160793
64 149 260 4228160793
64 150 168 4228160793
64 151 236 4228160793
64 152 204 4228160793
64 153 128 4228160793
64 154 188 4228160793
64 155 160 4228160793
64 156 228 4228160793
64 157 108 4228160793
64 158 240 4228160793
64 159 136 4228160793
64 160 236 4228160793
64 161 76 4228160793
64 162 124 4228160793
64 163 260 4228160793
64 164 216 4228160793
64 165 180 4228160793
64 166 164 4228160793
64 167 200 4228160793
64 168 192 4228160793
64 169 148 4228160793
64 170 228 4228160793
64 171 224 4228160793
64 172 216 4228160793
64 173 208 4228160793
64 174 348 4228160793
64 175 136 4228160793
64 176 148 4228160793
64 177 260 4228160793
64 178 152 4228160793
64 179 292 4228160793
64 180 108 4228160793
64 181 224 4228160793
64 182 132 4228160793
64 183 196 4228160793
64 184 196 4228160793
64 185 156 4228160793
64 186 220 4228160793
64 187 168 4228160793
64 188 260 4228160793
64 189 244 4228160793
64 190 200 4228160793
64 191 160 4228160793
64 192 156 4228160793
64 193 220 4228160793
64 194 264 4228160793
64 195 224 4228160793
64 196 120 4228160793
64 197 208 4228160793
64 198 112 4228160793
64 199 296 4228160793
64 200 108 4228160793
64 201 116 4228160793
64 202 260 4228160793
64 203 100 4228160793
64 204 320 4228160793
64 205 168 4228160793
64 206 184 4228160793
64 207 184 4228160793
64 208 120 4228160793
64 209 292 4228160793
64 210 196 4228160793
64 211 164 4228160793
64 212 148 4228160793
64 213 216 4228160793
64 214 232 4228160793
64 215 312 4228160793
64 216 168 4228160793
64 217 148 4228160793
64 218 220 4228160793
64 219 192 4228160793
64 220 260 4228160793
64 221 80 4228160793
64 222 212 4228160793
64 223 196 4228160793
64 224 160 4228160793
64 225 248 4228160793
64 226 144 4228160793
64 227 172 4228160793
64 228 196 4228160793
64 229 224 4228160793
64 230 128 4228160793
64 231 180 4228160793
64 232 216 4228160793
64 233 172 4228160793
64 234 264 4228160793
64 235 140 4228160793
64 236 252 4228160793
64 237 120 4228160793
64 238 487 4228160793
64 239 76 4228160793
64 240 104 4228160793
64 241 256 4228160793
64 242 116 4228160793
64 243 204 4228160793
64 244 184 4228160793
64 245 228 4228160793
64 246 152 4228160793
64 247 116 4228160793
64 248 224 4228160793
64 249 236 4228160793
64 250 204 4228160793
64 251 172 4228160793
64 252 228 4228160793
64 253 140 4228160793
64 254 248 4228160793
64 255 208 4228160793
64 256 152 4228160793
64 257 208 4228160793
64 258 112 4228160793
64 259 324 4228160793
64 260 144 4228160793
64 261 208 4228160793
64 262 164 4228160793
64 263 120 4228160793
64 264 348 4228160793
64 265 120 4228160793
64 266 196 4228160793
64 267 184 4228160793
64 268 515 4228160793
64 269 192 4228160793
64 270 148 4228160793
64 271 196 4228160793
64 272 204 4228160793
64 273 232 4228160793
64 274 180 4228160793
64 275 240 4228160793
64 276 104 4228160793
64 277 264 4228160793
64 278 116 4228160793
64 279 176 4228160793
64 280 252 4228160793
64 281 84 4228160793
64 282 236 4228160793
64 283 148 4228160793
64 284 276 4228160793
64 285 176 4228160793
64 286 152 4228160793
64 287 204 4228160793
64 288 192 4228160793
64 289 284 4228160793
64 290 144 4228160793
64 291 192 4228160793
64 292 132 4228160793
64 293 148 4228160793
64 294 204 4228160793
64 295 188 4228160793
64 296 268 4228160793
64 297 140 4228160793
64 298 491 4228160793
64 299 132 4228160793
64 300 228 4228160793
64 301 132 4228160793
64 302 80 4228160793
64 303 256 4228160793
64 304 232 4228160793
64 305 216 4228160793
64 306 172 4228160793
64 307 196 4228160793
64 308 156 4228160793
64 309 212 4228160793
64 310 176 4228160793
64 311 156 4228160793
64 312 196 4228160793
64 313 136 4228160793
64 314 320 4228160793
64 315 96 4228160793
64 316 132 4228160793
64 317 212 4228160793
64 318 168 4228160793
64 319 292 4228160793
64 320 76 4228160793
64 321 228 4228160793
64 322 164 4228160793
64 323 92 4228160793
64 324 332 4228160793
64 325 108 4228160793
64 326 240 4228160793
64 327 184 4228160793
64 328 423 4228160793
64 329 180 4228160793
64 330 168 4228160793
64 331 172 4228160793
64 332 148 4228160793
64 333 220 4228160793
64 334 244 4228160793
64 335 260 4228160793
64 336 120 4228160793
64 337 212 4228160793
64 338 260 4228160793
64 339 228 4228160793
64 340 272 4228160793
64 341 148 4228160793
64 342 236 4228160793
64 343 136 4228160793
64 344 324 4228160793
64 345 180 4228160793
64 346 112 4228160793
64 347 240 4228160793
64 348 172 4228160793
64 349 316 4228160793
64 350 184 4228160793
64 351 204 4228160793
64 352 152 4228160793
64 353 172 4228160793
64 354 272 4228160793
64 355 180 4228160793
64 356 220 4228160793
64 357 120 4228160793
64 358 220 4228160793
64 359 164 4228160793
64 360 244 4228160793
64 361 132 4228160793
64 362 112 4228160793
64 363 276 4228160793
64 364 204 4228160793
64 365 216 4228160793
64 366 168 4228160793
64 367 228 4228160793
64 368 204 4228160793
64 369 236 4228160793
64 370 232 4228160793
64 371 152 4228160793
64 372 176 4228160793
64 373 156 4228160793
64 374 328 4228160793
64 375 140 4228160793
64 376 276 4228160793
64 377 60 4228160793
64 378 184 4228160793
64 379 324 4228160793
64 380 124 4228160793
64 381 252 4228160793
64 382 120 4228160793
64 383 236 4228160793
64 384 156 4228160793
64 385 60 4228160793
64 386 256 4228160793
64 387 56 4228160793
64 388 252 4228160793
64 389 240 4228160793
64 390 128 4228160793
64 391 204 4228160793
64 392 176 4228160793
64 393 216 4228160793
64 394 236 4228160793
64 395 184 4228160793
64 396 104 4228160793
64 397 248 4228160793
64 398 164 4228160793
64 399 236 4228160793
64 400 236 4228160793
64 401 148 4228160793
64 402 284 4228160793
64 403 196 4228160793
64 404 360 4228160793
64 405 120 4228160793
64 406 124 4228160793
64 407 292 4228160793
64 408 124 4228160793
64 409 312 4228160793
64 410 112 4228160793
64 411 216 4228160793
64 412 188 4228160793
64 413 212 4228160793
64 414 200 4228160793
64 415 208 4228160793
64 416 200 4228160793
64 417 184 4228160793
64 418 208 4228160793
64 419 184 4228160793
64 420 240 4228160793
64 421 104 4228160793
64 422 148 4228160793
64 423 220 4228160793
64 424 200 4228160793
64 425 236 4228160793
64 426 116 4228160793
64 427 248 4228160793
64 428 232 4228160793
64 429 288 4228160793
64 430 180 4228160793
64 431 152 4228160793
64 432 168 4228160793
64 433 180 4228160793
64 434 268 4228160793
64 435 184 4228160793
64 436 252 4228160793
64 437 172 4228160793
64 438 124 4228160793
64 439 320 4228160793
64 440 128 4228160793
64 441 312 4228160793
64 442 100 4228160793
64 443 240 4228160793
64 444 160 4228160793
64 445 204 4228160793
64 446 172 4228160793
64 447 104 4228160793
64 448 208 4228160793
64 449 184 4228160793
64 450 208 4228160793
64 451 196 4228160793
64 452 200 4228160793
64 453 132 4228160793
64 454 244 4228160793
64 455 232 4228160793
64 456 160 4228160793
64 457 208 4228160793
64 458 136 4228160793
64 459 332 4228160793
64 460 132 4228160793
64 461 236 4228160793
64 462 92 4228160793
64 463 148 4228160793
64 464 344 4228160793
64 465 116 4228160793
64 466 224 4228160793
64 467 180 4228160793
64 468 212 4228160793
64 469 164 4228160793
64 470 124 4228160793
64 471 224 4228160793
64 472 144 4228160793
64 473 192 4228160793
64 474 108 4228160793
64 475 228 4228160793
64 476 116 4228160793
64 477 140 4228160793
64 478 228 4228160793
64 479 236 4228160793
64 480 272 4228160793
64 481 112 4228160793
64 482 232 4228160793
64 483 144 4228160793
64 484 288 4228160793
64 485 132 4228160793
64 486 92 4228160793
64 487 212 4228160793
64 488 96 4228160793
64 489 312 4228160793
64 490 196 4228160793
64 491 132 4228160793
64 492 220 4228160793
64 493 156 4228160793
64 494 308 4228160793
64 495 160 4228160793
64 496 276 4228160793
64 497 116 4228160793
64 498 292 4228160793
64 499 116 4228160793
64 500 132 4228160793
64 501 232 4228160793
64 502 104 4228160793
64 503 312 4228160793
64 504 128 4228160793
64 505 200 4228160793
64 506 168 4228160793
64 507 116 4228160793
64 508 248 4228160793
64 509 160 4228160793
64 510 264 4228160793
64 511 176 4228160793
64 512 228 4228160793
64 513 140 4228160793
64 514 332 4228160793
64 515 124 4228160793
64 516 200 4228160793
64 517 232 4228160793
64 518 176 4228160793
64 519 348 4228160793
64 520 120 4228160793
64 521 256 4228160793
64 522 84 4228160793
64 523 128 4228160793
64 524 300 4228160793
64 525 96 4228160793
64 526 220 4228160793
64 527 80 4228160793
64 528 112 4228160793
64 529 344 4228160793
64 530 168 4228160793
64 531 256 4228160793
64 532 148 4228160793
64 533 268 4228160793
64 534 172 4228160793
64 535 168 4228160793
64 536 184 4228160793
64 537 184 4228160793
64 538 224 4228160793
64 539 256 4228160793
64 540 232 4228160793
64 541 132 4228160793
64 542 280 4228160793
64 543 136 4228160793
64 544 180 4228160793
64 545 268 4228160793
64 546 144 4228160793
64 547 260 4228160793
64 548 140 4228160793
64 549 332 4228160793
64 550 192 4228160793
64 551 172 4228160793
64 552 184 4228160793
64 553 204 4228160793
64 554 240 4228160793
64 555 172 4228160793
64 556 204 4228160793
64 557 196 4228160793
64 558 224 4228160793
64 559 164 4228160793
64 560 172 4228160793
64 561 188 4228160793
64 562 140 4228160793
64 563 256 4228160793
64 564 136 4228160793
64 565 212 4228160793
64 566 104 4228160793
64 567 268 4228160793
64 568 164 4228160793
64 569 172 4228160793
64 570 260 4228160793
64 571 140 4228160793
64 572 196 4228160793
64 573 224 4228160793
64 574 308 4228160793
64 575 176 4228160793
64 576 184 4228160793
64 577 224 4228160793
64 578 208 4228160793
64 579 304 4228160793
64 580 140 4228160793
64 581 284 4228160793
64 582 136 4228160793
64 583 296 4228160793
64 584 176 4228160793
64 585 148 4228160793
64 586 232 4228160793
64 587 108 4228160793
64 588 264 4228160793
64 589 116 4228160793
64 590 192 4228160793
64 591 196 4228160793
64 592 164 4228160793
64 593 184 4228160793
64 594 200 4228160793
64 595 192 4228160793
64 596 172 4228160793
64 597 212 4228160793
64 598 128 4228160793
64 599 348 4228160793
64 600 112 4228160793
64 601 132 4228160793
64 602 220 4228160793
64 603 172 4228160793
64 604 392 4228160793
64 605 136 4228160793
64 606 236 4228160793
64 607 160 4228160793
64 608 136 4228160793
64 609 340 4228160793
64 610 152 4228160793
64 611 196 4228160793
64 612 140 4228160793
64 613 232 4228160793
64 614 140 4228160793
64 615 240 4228160793
64 616 176 4228160793
64 617 152 4228160793
64 618 212 4228160793
64 619 132 4228160793
64 620 276 4228160793
64 621 128 4228160793
64 622 220 4228160793
64 623 144 4228160793
64 624 144 4228160793
64 625 220 4228160793
64 626 104 4228160793
64 627 244 4228160793
64 628 140 4228160793
64 629 264 4228160793
64 630 144 4228160793
64 631 264 4228160793
64 632 172 4228160793
64 633 156 4228160793
64 634 300 4228160793
64 635 140 4228160793
64 636 256 4228160793
64 637 136 4228160793
64 638 268 4228160793
64 639 132 4228160793
64 640 136 4228160793
64 641 216 4228160793
64 642 152 4228160793
64 643 328 4228160793
64 644 132 4228160793
64 645 220 4228160793
64 646 164 4228160793
64 647 208 4228160793
64 648 208 4228160793
64 649 152 4228160793
64 650 212 4228160793
64 651 200 4228160793
64 652 240 4228160793
64 653 176 4228160793
64 654 204 4228160793
64 655 156 4228160793
64 656 156 4228160793
64 657 228 4228160793
64 658 176 4228160793
64 659 364 4228160793
64 660 116 4228160793
64 661 252 4228160793
64 662 84 4228160793
64 663 120 4228160793
64 664 344 4228160793
64 665 72 4228160793
64 666 232 4228160793
64 667 60 4228160793
64 668 280 4228160793
64 669 204 4228160793
64 670 200 4228160793
64 671 204 4228160793
64 672 160 4228160793
64 673 300 4228160793
64 674 184 4228160793
64 675 228 4228160793
64 676 160 4228160793
64 677 200 4228160793
64 678 236 4228160793
64 679 152 4228160793
64 680 204 4228160793
64 681 120 4228160793
64 682 264 4228160793
64 683 84 4228160793
64 684 84 4228160793
64 685 276 4228160793
64 686 96 4228160793
64 687 248 4228160793
64 688 140 4228160793
64 689 324 4228160793
64 690 160 4228160793
64 691 132 4228160793
64 692 224 4228160793
64 693 164 4228160793
64 694 308 4228160793
64 695 236 4228160793
64 696 228 4228160793
64 697 144 4228160793
64 698 124 4228160793
64 699 240 4228160793
64 700 192 4228160793
64 701 224 4228160793
64 702 152 4228160793
64 703 276 4228160793
64 704 92 4228160793
64 705 200 4228160793
64 706 228 4228160793
64 707 124 4228160793
64 708 264 4228160793
64 709 92 4228160793
64 710 228 4228160793
64 711 188 4228160793
64 712 140 4228160793
64 713 236 4228160793
64 714 112 4228160793
64 715 240 4228160793
64 716 196 4228160793
64 717 184 4228160793
64 718 204 4228160793
64 719 296 4228160793
64 720 156 4228160793
64 721 192 4228160793
64 722 236 4228160793
64 723 184 4228160793
64 724 288 4228160793
64 725 64 4228160793
64 726 260 4228160793
64 727 116 4228160793
64 728 116 4228160793
64 729 400 4228160793
64 730 96 4228160793
64 731 244 4228160793
64 732 160 4228160793
64 733 196 4228160793
64 734 172 4228160793
64 735 100 4228160793
64 736 240 4228160793
64 737 148 4228160793
64 738 256 4228160793
64 739 180 4228160793
64 740 236 4228160793
64 741 124 4228160793
64 742 168 4228160793
64 743 264 4228160793
64 744 164 4228160793
64 745 216 4228160793
64 746 104 4228160793
64 747 228 4228160793
64 748 100 4228160793
64 749 356 4228160793
64 750 100 4228160793
64 751 156 4228160793
64 752 260 4228160793
64 753 128 4228160793
64 754 336 4228160793
64 755 180 4228160793
64 756 168 4228160793
64 757 192 4228160793
64 758 188 4228160793
64 759 288 4228160793
64 760 180 4228160793
64 761 204 4228160793
64 762 200 4228160793
64 763 248 4228160793
64 764 124 4228160793
64 765 252 4228160793
64 766 148 4228160793
64 767 132 4228160793
64 768 288 4228160793
64 769 168 4228160793
64 770 248 4228160793
64 771 164 4228160793
64 772 216 4228160793
64 773 192 4228160793
64 774 116 4228160793
64 775 228 4228160793
64 776 164 4228160793
64 777 176 4228160793
64 778 176 4228160793
64 779 312 4228160793
64 780 148 4228160793
64 781 232 4228160793
64 782 136 4228160793
64 783 216 4228160793
64 784 252 4228160793
64 785 140 4228160793
64 786 232 4228160793
64 787 92 4228160793
64 788 300 4228160793
64 789 92 4228160793
64 790 152 4228160793
64 791 240 4228160793
64 792 164 4228160793
64 793 280 4228160793
64 794 204 4228160793
64 795 196 4228160793
64 796 184 4228160793
64 797 156 4228160793
64 798 216 4228160793
64 799 136 4228160793
64 800 208 4228160793
64 801 176 4228160793
64 802 220 4228160793
64 803 120 4228160793
64 804 188 4228160793
64 805 244 4228160793
64 806 176 4228160793
64 807 264 4228160793
64 808 84 4228160793
64 809 364 4228160793
64 810 152 4228160793
64 811 176 4228160793
64 812 248 4228160793
64 813 108 4228160793
64 814 388 4228160793
64 815 92 4228160793
64 816 188 4228160793
64 817 176 4228160793
64 818 136 4228160793
64 819 312 4228160793
64 820 172 4228160793
64 821 212 4228160793
64 822 168 4228160793
64 823 244 4228160793
64 824 152 4228160793
64 825 268 4228160793
64 826 164 4228160793
64 827 160 4228160793
64 828 256 4228160793
64 829 136 4228160793
64 830 276 4228160793
64 831 116 4228160793
64 832 252 4228160793
64 833 212 4228160793
64 834 100 4228160793
64 835 212 4228160793
64 836 128 4228160793
64 837 220 4228160793
64 838 136 4228160793
64 839 284 4228160793
64 840 176 4228160793
64 841 216 4228160793
64 842 116 4228160793
64 843 196 4228160793
64 844 252 4228160793
64 845 176 4228160793
64 846 240 4228160793
64 847 128 4228160793
64 848 308 4228160793
64 849 140 4228160793
64 850 216 4228160793
64 851 244 4228160793
64 852 96 4228160793
64 853 308 4228160793
64 854 144 4228160793
64 855 220 4228160793
64 856 156 4228160793
64 857 152 4228160793
64 858 216 4228160793
64 859 180 4228160793
64 860 204 4228160793
64 861 168 4228160793
64 862 208 4228160793
64 863 188 4228160793
64 864 236 4228160793
64 865 128 4228160793
64 866 196 4228160793
64 867 204 4228160793
64 868 140 4228160793
64 869 348 4228160793
64 870 124 4228160793
64 871 244 4228160793
64 872 152 4228160793
64 873 100 4228160793
64 874 364 4228160793
64 875 112 4228160793
64 876 204 4228160793
64 877 152 4228160793
64 878 228 4228160793
64 879 120 4228160793
64 880 212 4228160793
64 881 128 4228160793
64 882 192 4228160793
64 883 244 4228160793
64 884 164 4228160793
64 885 284 4228160793
64 886 104 4228160793
64 887 240 4228160793
64 888 152 4228160793
64 889 136 4228160793
64 890 240 4228160793
64 891 128 4228160793
64 892 288 4228160793
64 893 144 4228160793
64 894 216 4228160793
64 895 188 4228160793
64 896 160 4228160793
64 897 192 4228160793
64 898 140 4228160793
64 899 368 4228160793
64 900 152 4228160793
64 901 216 4228160793
64 902 144 4228160793
64 903 276 4228160793
64 904 132 4228160793
64 905 164 4228160793
64 906 224 4228160793
64 907 152 4228160793
64 908 368 4228160793
64 909 88 4228160793
64 910 256 4228160793
64 911 144 4228160793
64 912 132 4228160793
64 913 256 4228160793
64 914 132 4228160793
64 915 212 4228160793
64 916 156 4228160793
64 917 244 4228160793
64 918 220 4228160793
64 919 220 4228160793
64 920 164 4228160793
64 921 196 4228160793
64 922 180 4228160793
64 923 164 4228160793
64 924 204 4228160793
64 925 124 4228160793
64 926 236 4228160793
64 927 108 4228160793
64 928 152 4228160793
64 929 344 4228160793
64 930 152 4228160793
64 931 304 4228160793
64 932 144 4228160793
64 933 340 4228160793
64 934 180 4228160793
64 935 224 4228160793
64 936 184 4228160793
64 937 148 4228160793
64 938 284 4228160793
64 939 116 4228160793
64 940 228 4228160793
64 941 180 4228160793
64 942 192 4228160793
64 943 216 4228160793
64 944 140 4228160793
64 945 184 4228160793
64 946 176 4228160793
64 947 236 4228160793
64 948 144 4228160793
64 949 256 4228160793
64 950 124 4228160793
64 951 252 4228160793
64 952 128 4228160793
64 953 128 4228160793
64 954 248 4228160793
64 955 92 4228160793
64 956 252 4228160793
64 957 172 4228160793
64 958 264 4228160793
64 959 168 4228160793
64 960 148 4228160793
64 961 184 4228160793
64 962 168 4228160793
64 963 208 4228160793
64 964 88 4228160793
64 965 228 4228160793
64 966 104 4228160793
64 967 148 4228160793
64 968 264 4228160793
64 969 176 4228160793
64 970 292 4228160793
64 971 156 4228160793
64 972 252 4228160793
64 973 160 4228160793
64 974 140 4228160793
64 975 248 4228160793
64 976 76 4228160793
64 977 228 4228160793
64 978 172 4228160793
64 979 224 4228160793
64 980 132 4228160793
64 981 176 4228160793
64 982 176 4228160793
64 983 208 4228160793
64 984 216 4228160793
64 985 184 4228160793
64 986 236 4228160793
64 987 104 4228160793
64 988 332 4228160793
64 989 132 4228160793
64 990 140 4228160793
64 991 264 4228160793
64 992 128 4228160793
64 993 312 4228160793
64 994 184 4228160793
64 995 200 4228160793
64 996 176 4228160793
64 997 100 4228160793
64 998 316 4228160793
64 999 144 4228160793
