512 0 8941077 603357584
512 1 8716757 603357584
512 2 8733958 603357584
512 3 8721472 603357584
512 4 8734525 603357584
512 5 8764699 603357584
512 6 8688429 603357584
512 7 8739786 603357584
512 8 8747499 603357584
512 9 8712106 603357584
512 10 8703582 603357584
512 11 8759126 603357584
512 12 8730737 603357584
512 13 8746326 603357584
512 14 8731331 603357584
512 15 8760135 603357584
512 16 8728351 603357584
512 17 8737677 603357584
512 18 8763334 603357584
512 19 8698252 603357584
512 20 8703285 603357584
512 21 8740027 603357584
512 22 8728906 603357584
512 23 8723405 603357584
512 24 8758646 603357584
512 25 8722072 603357584
512 26 8738902 603357584
512 27 8756155 603357584
512 28 8729937 603357584
512 29 8739779 603357584
512 30 8735581 603357584
512 31 8751560 603357584
512 32 8737839 603357584
512 33 8725671 603357584
512 34 8730184 603357584
512 35 8731521 603357584
512 36 8758769 603357584
512 37 8703562 603357584
512 38 8736519 603357584
512 39 8790135 603357584
512 40 8761895 603357584
512 41 8721276 603357584
512 42 8735389 603357584
512 43 8719259 603357584
512 44 8726215 603357584
512 45 8695847 603357584
512 46 8696647 603357584
512 47 8749674 603357584
512 48 8722630 603357584
512 49 8706289 603357584
512 50 8746759 603357584
512 51 8748201 603357584
512 52 8740993 603357584
512 53 8721923 603357584
512 54 8739399 603357584
512 55 8756410 603357584
512 56 8765315 603357584
512 57 8711506 603357584
512 58 8710186 603357584
512 59 8757940 603357584
512 60 8742325 603357584
512 61 8706081 603357584
512 62 8736469 603357584
512 63 8761571 603357584
512 64 8729705 603357584
512 65 8744567 603357584
512 66 8747978 603357584
512 67 8744609 603357584
512 68 8759118 603357584
512 69 8723725 603357584
512 70 8739746 603357584
512 71 8764550 603357584
512 72 8749926 603357584
512 73 8730821 603357584
512 74 8702351 603357584
512 75 8750338 603357584
512 76 8761695 603357584
512 77 8735009 603357584
512 78 8725926 603357584
512 79 8747968 603357584
512 80 8726615 603357584
512 81 8728487 603357584
512 82 8758621 603357584
512 83 8729013 603357584
512 84 8725735 603357584
512 85 8698244 603357584
512 86 8768428 603357584
512 87 8736081 603357584
512 88 8727469 603357584
512 89 8731856 603357584
512 90 8737656 603357584
512 91 8712350 603357584
512 92 8732464 603357584
512 93 8691634 603357584
512 94 8736139 603357584
512 95 8711348 603357584
512 96 8736193 603357584
512 97 8742776 603357584
512 98 8750268 603357584
512 99 8749158 603357584
512 100 8766744 603357584
512 101 8751470 603357584
512 102 8763440 603357584
512 103 8720590 603357584
512 104 8729299 603357584
512 105 8740492 603357584
512 106 8697777 603357584
512 107 8747029 603357584
512 108 8730268 603357584
512 109 8770253 603357584
512 110 8726151 603357584
512 111 8735179 603357584
512 112 8721432 603357584
512 113 8739271 603357584
512 114 8717405 603357584
512 115 8771613 603357584
512 116 8748495 603357584
512 117 8718297 603357584
512 118 8724699 603357584
512 119 8752228 603357584
512 120 8702856 603357584
512 121 8737973 603357584
512 122 8741544 603357584
512 123 8720781 603357584
512 124 8733233 603357584
512 125 8737444 603357584
512 126 8722162 603357584
512 127 8737131 603357584
512 128 8732771 603357584
512 129 8740343 603357584
512 130 8762159 603357584
512 131 8762783 603357584
512 132 8738686 603357584
512 133 8748618 603357584
512 134 8699682 603357584
512 135 8735690 603357584
512 136 8742805 603357584
512 137 8694820 603357584
512 138 8742345 603357584
512 139 8778122 603357584
512 140 8745523 603357584
512 141 8762659 603357584
512 142 8755653 603357584
512 143 8763844 603357584
512 144 8745240 603357584
512 145 8694588 603357584
512 146 8756400 603357584
512 147 8730224 603357584
512 148 8702743 603357584
512 149 8776746 603357584
512 150 8703369 603357584
512 151 8753176 603357584
512 152 8680375 603357584
512 153 8726968 603357584
512 154 8741423 603357584
512 155 8751058 603357584
512 156 8716093 603357584
512 157 8744283 603357584
512 158 8737306 603357584
512 159 8743678 603357584
512 160 8743322 603357584
512 161 8725467 603357584
512 162 8746712 603357584
512 163 8748633 603357584
512 164 8763611 603357584
512 165 8716987 603357584
512 166 8728096 603357584
512 167 8725876 603357584
512 168 8747360 603357584
512 169 8732372 603357584
512 170 8731239 603357584
512 171 8715869 603357584
512 172 8755775 603357584
512 173 8736504 603357584
512 174 8737754 603357584
512 175 8732676 603357584
512 176 8727805 603357584
512 177 8764215 603357584
512 178 8735436 603357584
512 179 8760082 603357584
512 180 8743653 603357584
512 181 8745758 603357584
512 182 8731725 603357584
512 183 8750167 603357584
512 184 8714768 603357584
512 185 8739950 603357584
512 186 8724482 603357584
512 187 8752424 603357584
512 188 8741771 603357584
512 189 8726772 603357584
512 190 8780639 603357584
512 191 8736259 603357584
512 192 8739990 603357584
512 193 8730230 603357584
512 194 8711393 603357584
512 195 8762580 603357584
512 196 8738524 603357584
512 197 8726098 603357584
512 198 8741129 603357584
512 199 8759438 603357584
512 200 8718753 603357584
512 201 8747477 603357584
512 202 8734024 603357584
512 203 8748094 603357584
512 204 8746783 603357584
512 205 8723130 603357584
512 206 8731676 603357584
512 207 8727690 603357584
512 208 8696127 603357584
512 209 8725567 603357584
512 210 8734352 603357584
512 211 8739256 603357584
512 212 8696027 603357584
512 213 8720738 603357584
512 214 8723536 603357584
512 215 8751889 603357584
512 216 8730538 603357584
512 217 8718887 603357584
512 218 8708109 603357584
512 219 8681885 603357584
512 220 8717790 603357584
512 221 8717043 603357584
512 222 8719953 603357584
512 223 8719821 603357584
512 224 8704343 603357584
512 225 8763750 603357584
512 226 8707984 603357584
512 227 8735008 603357584
512 228 8751308 603357584
512 229 8730754 603357584
512 230 8735594 603357584
512 231 8765710 603357584
512 232 8670675 603357584
512 233 8709266 603357584
512 234 8735539 603357584
512 235 8744408 603357584
512 236 8740935 603357584
512 237 8755722 603357584
512 238 8708488 603357584
512 239 8740780 603357584
512 240 8730688 603357584
512 241 8729226 603357584
512 242 8739522 603357584
512 243 8718890 603357584
512 244 8740243 603357584
512 245 8735686 603357584
512 246 8703034 603357584
512 247 8739668 603357584
512 248 8755478 603357584
512 249 8746681 603357584
512 250 8726036 603357584
512 251 8760246 603357584
512 252 8738720 603357584
512 253 8731655 603357584
512 254 8679426 603357584
512 255 8781124 603357584
512 256 8757075 603357584
512 257 8731774 603357584
512 258 8772498 603357584
512 259 8711338 603357584
512 260 8758650 603357584
512 261 8731886 603357584
512 262 8723328 603357584
512 263 8734997 603357584
512 264 8701454 603357584
512 265 8739245 603357584
512 266 8740024 603357584
512 267 8752041 603357584
512 268 8738192 603357584
512 269 8731176 603357584
512 270 8723164 603357584
512 271 8728931 603357584
512 272 8742171 603357584
512 273 8720450 603357584
512 274 8740949 603357584
512 275 8724062 603357584
512 276 8725434 603357584
512 277 8762145 603357584
512 278 8705753 603357584
512 279 8747936 603357584
512 280 8754120 603357584
512 281 8751446 603357584
512 282 8724455 603357584
512 283 8722663 603357584
512 284 8712112 603357584
512 285 8726542 603357584
512 286 8754310 603357584
512 287 8740394 603357584
512 288 8740303 603357584
512 289 8748114 603357584
512 290 8758128 603357584
512 291 8727274 603357584
512 292 8735812 603357584
512 293 8728265 603357584
512 294 8726662 603357584
512 295 8744320 603357584
512 296 8758075 603357584
512 297 8731193 603357584
512 298 8727245 603357584
512 299 8751269 603357584
512 300 8729209 603357584
512 301 8751960 603357584
512 302 8723568 603357584
512 303 8758368 603357584
512 304 8750308 603357584
512 305 8737917 603357584
512 306 8761801 603357584
512 307 8711010 603357584
512 308 8731405 603357584
512 309 8735054 603357584
512 310 8701004 603357584
512 311 8705631 603357584
512 312 8710799 603357584
512 313 8723943 603357584
512 314 8709701 603357584
512 315 8740393 603357584
512 316 8717800 603357584
512 317 8737937 603357584
512 318 8727996 603357584
512 319 8707879 603357584
512 320 8726438 603357584
512 321 8751639 603357584
512 322 8769530 603357584
512 323 8731712 603357584
512 324 8727235 603357584
512 325 8726928 603357584
512 326 8740014 603357584
512 327 8746363 603357584
512 328 8735714 603357584
512 329 8747318 603357584
512 330 8732048 603357584
512 331 8723830 603357584
512 332 8729279 603357584
512 333 8758892 603357584
512 334 8714556 603357584
512 335 8742140 603357584
512 336 8714423 603357584
512 337 8754544 603357584
512 338 8706250 603357584
512 339 8738755 603357584
512 340 8688257 603357584
512 341 8749146 603357584
512 342 8704024 603357584
512 343 8762144 603357584
512 344 8770372 603357584
512 345 8725105 603357584
512 346 8719939 603357584
512 347 8707056 603357584
512 348 8760817 603357584
512 349 8709034 603357584
512 350 8732796 603357584
512 351 8713206 603357584
512 352 8757374 603357584
512 353 8717792 603357584
512 354 8747153 603357584
512 355 8721804 603357584
512 356 8760973 603357584
512 357 8743267 603357584
512 358 8753381 603357584
512 359 8722321 603357584
512 360 8737411 603357584
512 361 8691218 603357584
512 362 8750075 603357584
512 363 8758658 603357584
512 364 8770649 603357584
512 365 8712050 603357584
512 366 8724003 603357584
512 367 8747448 603357584
512 368 8721025 603357584
512 369 8724101 603357584
512 370 8709820 603357584
512 371 8757041 603357584
512 372 8748728 603357584
512 373 8727298 603357584
512 374 8716748 603357584
512 375 8734353 603357584
512 376 8727439 603357584
512 377 8723867 603357584
512 378 8731933 603357584
512 379 8732806 603357584
512 380 8710680 603357584
512 381 8761904 603357584
512 382 8709547 603357584
512 383 8731149 603357584
512 384 8711575 603357584
512 385 8736115 603357584
512 386 8746508 603357584
512 387 8728376 603357584
512 388 8716412 603357584
512 389 8742970 603357584
512 390 8700066 603357584
512 391 8737364 603357584
512 392 8731666 603357584
512 393 8734636 603357584
512 394 8727329 603357584
512 395 8745494 603357584
512 396 8719255 603357584
512 397 8739312 603357584
512 398 8763190 603357584
512 399 8771284 603357584
512 400 8727990 603357584
512 401 8707392 603357584
512 402 8738112 603357584
512 403 8728331 603357584
512 404 8760860 603357584
512 405 8720380 603357584
512 406 8708032 603357584
512 407 8687540 603357584
512 408 8730841 603357584
512 409 8742082 603357584
512 410 8751157 603357584
512 411 8702241 603357584
512 412 8754745 603357584
512 413 8732742 603357584
512 414 8712453 603357584
512 415 8730468 603357584
512 416 8735349 603357584
512 417 8733831 603357584
512 418 8735463 603357584
512 419 8757079 603357584
512 420 8715943 603357584
512 421 8726166 603357584
512 422 8748845 603357584
512 423 8741435 603357584
512 424 8758179 603357584
512 425 8715630 603357584
512 426 8746559 603357584
512 427 8700170 603357584
512 428 8725115 603357584
512 429 8774869 603357584
512 430 8735032 603357584
512 431 8761234 603357584
512 432 8690358 603357584
512 433 8719443 603357584
512 434 8740425 603357584
512 435 8756002 603357584
512 436 8712459 603357584
512 437 8731810 603357584
512 438 8714310 603357584
512 439 8732958 603357584
512 440 8715475 603357584
512 441 8716506 603357584
512 442 8745322 603357584
512 443 8741309 603357584
512 444 8727159 603357584
512 445 8733372 603357584
512 446 8735521 603357584
512 447 8732145 603357584
512 448 8725962 603357584
512 449 8684228 603357584
512 450 8734679 603357584
512 451 8752080 603357584
512 452 8739614 603357584
512 453 8724994 603357584
512 454 8690635 603357584
512 455 8744937 603357584
512 456 8705234 603357584
512 457 8714041 603357584
512 458 8754961 603357584
512 459 8749716 603357584
512 460 8730997 603357584
512 461 8729603 603357584
512 462 8747131 603357584
512 463 8715942 603357584
512 464 8735929 603357584
512 465 8769287 603357584
512 466 8733960 603357584
512 467 8723190 603357584
512 468 8761875 603357584
512 469 8729555 603357584
512 470 8747778 603357584
512 471 8727440 603357584
512 472 8751658 603357584
512 473 8742204 603357584
512 474 8741321 603357584
512 475 8745488 603357584
512 476 8751894 603357584
512 477 8755479 603357584
512 478 8738577 603357584
512 479 8714963 603357584
512 480 8769934 603357584
512 481 8713243 603357584
512 482 8711818 603357584
512 483 8710418 603357584
512 484 8732403 603357584
512 485 8738239 603357584
512 486 8727827 603357584
512 487 8777015 603357584
512 488 8716488 603357584
512 489 8757955 603357584
512 490 8698187 603357584
512 491 8734838 603357584
512 492 8749830 603357584
512 493 8741755 603357584
512 494 8733031 603357584
512 495 8750376 603357584
512 496 8715610 603357584
512 497 8735231 603357584
512 498 8759051 603357584
512 499 8726182 603357584
512 500 8709158 603357584
512 501 8742494 603357584
512 502 8767116 603357584
512 503 8728812 603357584
512 504 8747917 603357584
512 505 8737244 603357584
512 506 8724389 603357584
512 507 8700934 603357584
512 508 8697039 603357584
512 509 8742206 603357584
512 510 8741585 603357584
512 511 8752182 603357584
512 512 8761205 603357584
512 513 8733807 603357584
512 514 8768349 603357584
512 515 8680561 603357584
512 516 8747170 603357584
512 517 8754558 603357584
512 518 8738089 603357584
512 519 8744793 603357584
512 520 8716989 603357584
512 521 8772117 603357584
512 522 8741117 603357584
512 523 8691291 603357584
512 524 8740475 603357584
512 525 8726010 603357584
512 526 8736764 603357584
512 527 8730407 603357584
512 528 8756147 603357584
512 529 8735554 603357584
512 530 8683706 603357584
512 531 8746499 603357584
512 532 8715649 603357584
512 533 8738338 603357584
512 534 8727053 603357584
512 535 8730465 603357584
512 536 8739011 603357584
512 537 8725008 603357584
512 538 8758929 603357584
512 539 8740930 603357584
512 540 8764892 603357584
512 541 8752917 603357584
512 542 8738890 603357584
512 543 8749271 603357584
512 544 8731337 603357584
512 545 8726115 603357584
512 546 8672622 603357584
512 547 8739959 603357584
512 548 8712849 603357584
512 549 8750841 603357584
512 550 8750401 603357584
512 551 8689861 603357584
512 552 8748222 603357584
512 553 8754589 603357584
512 554 8719593 603357584
512 555 8736758 603357584
512 556 8726493 603357584
512 557 8748207 603357584
512 558 8721162 603357584
512 559 8731707 603357584
512 560 8732448 603357584
512 561 8716535 603357584
512 562 8760727 603357584
512 563 8742976 603357584
512 564 8677732 603357584
512 565 8746073 603357584
512 566 8744470 603357584
512 567 8743045 603357584
512 568 8733954 603357584
512 569 8731925 603357584
512 570 8763816 603357584
512 571 8742919 603357584
512 572 8701081 603357584
512 573 8742149 603357584
512 574 8728066 603357584
512 575 8730637 603357584
512 576 8743028 603357584
512 577 8701217 603357584
512 578 8741681 603357584
512 579 8741068 603357584
512 580 8733384 603357584
512 581 8752777 603357584
512 582 8753606 603357584
512 583 8758926 603357584
512 584 8743782 603357584
512 585 8762863 603357584
512 586 8741049 603357584
512 587 8754477 603357584
512 588 8735619 603357584
512 589 8728789 603357584
512 590 8725295 603357584
512 591 8723969 603357584
512 592 8767967 603357584
512 593 8740598 603357584
512 594 8709801 603357584
512 595 8769020 603357584
512 596 8752693 603357584
512 597 8727709 603357584
512 598 8739514 603357584
512 599 8676366 603357584
512 600 8756508 603357584
512 601 8711976 603357584
512 602 8738051 603357584
512 603 8743167 603357584
512 604 8746701 603357584
512 605 8710681 603357584
512 606 8739073 603357584
512 607 8756711 603357584
512 608 8733262 603357584
512 609 8737688 603357584
512 610 8727701 603357584
512 611 8718916 603357584
512 612 8742131 603357584
512 613 8738915 603357584
512 614 8707372 603357584
512 615 8748097 603357584
512 616 8731339 603357584
512 617 8724974 603357584
512 618 8730884 603357584
512 619 8717990 603357584
512 620 8753841 603357584
512 621 8748161 603357584
512 622 8770984 603357584
512 623 8767918 603357584
512 624 8747658 603357584
512 625 8726528 603357584
512 626 8707771 603357584
512 627 8750623 603357584
512 628 8687693 603357584
512 629 8753738 603357584
512 630 8734726 603357584
512 631 8754812 603357584
512 632 8760693 603357584
512 633 8717923 603357584
512 634 8738183 603357584
512 635 8759207 603357584
512 636 8720887 603357584
512 637 8738169 603357584
512 638 8728807 603357584
512 639 8748877 603357584
512 640 8734054 603357584
512 641 8747394 603357584
512 642 8743582 603357584
512 643 8695043 603357584
512 644 8715498 603357584
512 645 8734749 603357584
512 646 8770360 603357584
512 647 8772014 603357584
512 648 8720561 603357584
512 649 8730109 603357584
512 650 8747581 603357584
512 651 8703862 603357584
512 652 8734166 603357584
512 653 8771761 603357584
512 654 8736310 603357584
512 655 8757590 603357584
512 656 8689950 603357584
512 657 8741843 603357584
512 658 8741069 603357584
512 659 8718841 603357584
512 660 8734150 603357584
512 661 8752124 603357584
512 662 8745786 603357584
512 663 8739129 603357584
512 664 8758088 603357584
512 665 8751907 603357584
512 666 8738791 603357584
512 667 8715174 603357584
512 668 8740595 603357584
512 669 8740874 603357584
512 670 8723486 603357584
512 671 8733118 603357584
512 672 8744301 603357584
512 673 8720182 603357584
512 674 8732927 603357584
512 675 8727864 603357584
512 676 8735091 603357584
512 677 8775428 603357584
512 678 8732779 603357584
512 679 8721539 603357584
512 680 8694978 603357584
512 681 8752183 603357584
512 682 8741161 603357584
512 683 8740840 603357584
512 684 8750957 603357584
512 685 8736573 603357584
512 686 8737530 603357584
512 687 8747809 603357584
512 688 8705134 603357584
512 689 8741114 603357584
512 690 8736343 603357584
512 691 8746684 603357584
512 692 8737577 603357584
512 693 8749131 603357584
512 694 8719629 603357584
512 695 8765684 603357584
512 696 8727818 603357584
512 697 8733849 603357584
512 698 8742412 603357584
512 699 8742238 603357584
512 700 8747290 603357584
512 701 8713004 603357584
512 702 8776549 603357584
512 703 8771000 603357584
512 704 8729086 603357584
512 705 8738935 603357584
512 706 8775742 603357584
512 707 8725181 603357584
512 708 8742253 603357584
512 709 8715919 603357584
512 710 8742620 603357584
512 711 8745874 603357584
512 712 8719794 603357584
512 713 8733800 603357584
512 714 8709268 603357584
512 715 8727285 603357584
512 716 8737052 603357584
512 717 8756865 603357584
512 718 8728804 603357584
512 719 8741641 603357584
512 720 8736927 603357584
512 721 8736232 603357584
512 722 8710522 603357584
512 723 8734327 603357584
512 724 8734125 603357584
512 725 8796914 603357584
512 726 8759482 603357584
512 727 8721033 603357584
512 728 8750146 603357584
512 729 8719564 603357584
512 730 8737406 603357584
512 731 8743670 603357584
512 732 8735963 603357584
512 733 8727846 603357584
512 734 8724176 603357584
512 735 8738244 603357584
512 736 8735089 603357584
512 737 8751469 603357584
512 738 8731159 603357584
512 739 8713097 603357584
512 740 8716678 603357584
512 741 8751642 603357584
512 742 8748817 603357584
512 743 8744767 603357584
512 744 8716211 603357584
512 745 8766775 603357584
512 746 8742192 603357584
512 747 8730471 603357584
512 748 8723999 603357584
512 749 8709309 603357584
512 750 8714110 603357584
512 751 8732504 603357584
512 752 8760155 603357584
512 753 8749397 603357584
512 754 8711529 603357584
512 755 8732664 603357584
512 756 8722651 603357584
512 757 8749858 603357584
512 758 8728704 603357584
512 759 8725879 603357584
512 760 8743174 603357584
512 761 8694492 603357584
512 762 8666472 603357584
512 763 8750459 603357584
512 764 8763615 603357584
512 765 8716343 603357584
512 766 8769318 603357584
512 767 8760553 603357584
512 768 8709192 603357584
512 769 8734191 603357584
512 770 8734991 603357584
512 771 8745445 603357584
512 772 8732237 603357584
512 773 8749620 603357584
512 774 8756718 603357584
512 775 8748270 603357584
512 776 8742264 603357584
512 777 8732321 603357584
512 778 8757708 603357584
512 779 8729818 603357584
512 780 8755524 603357584
512 781 8716760 603357584
512 782 8753520 603357584
512 783 8740926 603357584
512 784 8751600 603357584
512 785 8755711 603357584
512 786 8713703 603357584
512 787 8736897 603357584
512 788 8755549 603357584
512 789 8715922 603357584
512 790 8766164 603357584
512 791 8720362 603357584
512 792 8740330 603357584
512 793 8760260 603357584
512 794 8738745 603357584
512 795 8742738 603357584
512 796 8762683 603357584
512 797 8747175 603357584
512 798 8751131 603357584
512 799 8744008 603357584
512 800 8713648 603357584
512 801 8733791 603357584
512 802 8742020 603357584
512 803 8737221 603357584
512 804 8743380 603357584
512 805 8712390 603357584
512 806 8765019 603357584
512 807 8749832 603357584
512 808 8722720 603357584
512 809 8746600 603357584
512 810 8732707 603357584
512 811 8732747 603357584
512 812 8736281 603357584
512 813 8746159 603357584
512 814 8747674 603357584
512 815 8758711 603357584
512 816 8715996 603357584
512 817 8742601 603357584
512 818 8731389 603357584
512 819 8758456 603357584
512 820 8743971 603357584
512 821 8746320 603357584
512 822 8747540 603357584
512 823 8728596 603357584
512 824 8729687 603357584
512 825 8696254 603357584
512 826 8729180 603357584
512 827 8761621 603357584
512 828 8723062 603357584
512 829 8770971 603357584
512 830 8736586 603357584
512 831 8711465 603357584
512 832 8731162 603357584
512 833 8716160 603357584
512 834 8720788 603357584
512 835 8709918 603357584
512 836 8762119 603357584
512 837 8735286 603357584
512 838 8745095 603357584
512 839 8744138 603357584
512 840 8691857 603357584
512 841 8762609 603357584
512 842 8750275 603357584
512 843 8760246 603357584
512 844 8717783 603357584
512 845 8768644 603357584
512 846 8759314 603357584
512 847 8734488 603357584
512 848 8724226 603357584
512 849 8764858 603357584
512 850 8733471 603357584
512 851 8757345 603357584
512 852 8743037 603357584
512 853 8776724 603357584
512 854 8761367 603357584
512 855 8710645 603357584
512 856 8728905 603357584
512 857 8770801 603357584
512 858 8733252 603357584
512 859 8743130 603357584
512 860 8779859 603357584
512 861 8741774 603357584
512 862 8729065 603357584
512 863 8695764 603357584
512 864 8755570 603357584
512 865 8723988 603357584
512 866 8733641 603357584
512 867 8732576 603357584
512 868 8741434 603357584
512 869 8746786 603357584
512 870 8721834 603357584
512 871 8725624 603357584
512 872 8742537 603357584
512 873 8780604 603357584
512 874 8741094 603357584
512 875 8754556 603357584
512 876 8706193 603357584
512 877 8740873 603357584
512 878 8768032 603357584
512 879 8757934 603357584
512 880 8739508 603357584
512 881 8735738 603357584
512 882 8704390 603357584
512 883 8700525 603357584
512 884 8739002 603357584
512 885 8757263 603357584
512 886 8733792 603357584
512 887 8730857 603357584
512 888 8748906 603357584
512 889 8698388 603357584
512 890 8765288 603357584
512 891 8736964 603357584
512 892 8754939 603357584
512 893 8753404 603357584
512 894 8728331 603357584
512 895 8702067 603357584
512 896 8757017 603357584
512 897 8708878 603357584
512 898 8747249 603357584
512 899 8722947 603357584
512 900 8754643 603357584
512 901 8745307 603357584
512 902 8767120 603357584
512 903 8723962 603357584
512 904 8724642 603357584
512 905 8769713 603357584
512 906 8722092 603357584
512 907 8699492 603357584
512 908 8732060 603357584
512 909 8716149 603357584
512 910 8722056 603357584
512 911 8738662 603357584
512 912 8727021 603357584
512 913 8724817 603357584
512 914 8753846 603357584
512 915 8757360 603357584
512 916 8737799 603357584
512 917 8756077 603357584
512 918 8732108 603357584
512 919 8739995 603357584
512 920 8741185 603357584
512 921 8716031 603357584
512 922 8731480 603357584
512 923 8740506 603357584
512 924 8726926 603357584
512 925 8752645 603357584
512 926 8725594 603357584
512 927 8707096 603357584
512 928 8758403 603357584
512 929 8671982 603357584
512 930 8756094 603357584
512 931 8723350 603357584
512 932 8729179 603357584
512 933 8734354 603357584
512 934 8720809 603357584
512 935 8732757 603357584
512 936 8742265 603357584
512 937 8719635 603357584
512 938 8733727 603357584
512 939 8732889 603357584
512 940 8766580 603357584
512 941 8696278 603357584
512 942 8737862 603357584
512 943 8747049 603357584
512 944 8733887 603357584
512 945 8743739 603357584
512 946 8723660 603357584
512 947 8718520 603357584
512 948 8730629 603357584
512 949 8688965 603357584
512 950 8747496 603357584
512 951 8718962 603357584
512 952 8714765 603357584
512 953 8761297 603357584
512 954 8701389 603357584
512 955 8750706 603357584
512 956 8751232 603357584
512 957 8747551 603357584
512 958 8712697 603357584
512 959 8729866 603357584
512 960 8756753 603357584
512 961 8768503 603357584
512 962 8741908 603357584
512 963 8737349 603357584
512 964 8719448 603357584
512 965 8754206 603357584
512 966 8737006 603357584
512 967 8746938 603357584
512 968 8718727 603357584
512 969 8739530 603357584
512 970 8710870 603357584
512 971 8738510 603357584
512 972 8771567 603357584
512 973 8761904 603357584
512 974 8697922 603357584
512 975 8738502 603357584
512 976 8753662 603357584
512 977 8725962 603357584
512 978 8705796 603357584
512 979 8715712 603357584
512 980 8721559 603357584
512 981 8702350 603357584
512 982 8738447 603357584
512 983 8732045 603357584
512 984 8711538 603357584
512 985 8756448 603357584
512 986 8764441 603357584
512 987 8696250 603357584
512 988 8755215 603357584
512 989 8731056 603357584
512 990 8744079 603357584
512 991 8713632 603357584
512 992 8739028 603357584
512 993 8753142 603357584
512 994 8713412 603357584
512 995 8759474 603357584
512 996 8719812 603357584
512 997 8713315 603357584
512 998 8714064 603357584
512 999 8707467 603357584
