8 0 397 2671
8 1 394 2656
8 2 394 2651
8 3 394 2651
8 4 394 2651
8 5 394 2651
8 6 394 2651
8 7 394 2651
8 8 394 2651
8 9 394 2651
8 10 394 2651
8 11 394 2651
8 12 394 2651
8 13 394 2651
8 14 394 2651
8 15 394 2651
8 16 394 2651
8 17 394 2651
8 18 394 2651
8 19 394 2651
8 20 394 2651
8 21 394 2651
8 22 394 2651
8 23 394 2651
8 24 394 2651
8 25 394 2651
8 26 394 2651
8 27 394 2651
8 28 394 2651
8 29 394 2651
8 30 394 2651
8 31 394 2651
8 32 394 2651
8 33 394 2651
8 34 394 2651
8 35 394 2651
8 36 394 2651
8 37 394 2651
8 38 394 2651
8 39 394 2651
8 40 394 2651
8 41 394 2651
8 42 394 2651
8 43 394 2651
8 44 394 2651
8 45 394 2651
8 46 394 2651
8 47 394 2651
8 48 394 2651
8 49 394 2651
8 50 394 2651
8 51 394 2651
8 52 394 2651
8 53 394 2651
8 54 394 2651
8 55 394 2651
8 56 394 2651
8 57 394 2651
8 58 394 2651
8 59 394 2651
8 60 394 2651
8 61 394 2651
8 62 394 2651
8 63 394 2651
8 64 394 2651
8 65 394 2651
8 66 394 2651
8 67 394 2651
8 68 394 2651
8 69 394 2651
8 70 394 2651
8 71 394 2651
8 72 394 2651
8 73 394 2651
8 74 394 2651
8 75 394 2651
8 76 394 2651
8 77 394 2651
8 78 394 2651
8 79 394 2651
8 80 394 2651
8 81 394 2651
8 82 394 2651
8 83 394 2651
8 84 394 2651
8 85 394 2651
8 86 394 2651
8 87 394 2651
8 88 394 2651
8 89 394 2651
8 90 394 2651
8 91 394 2651
8 92 394 2651
8 93 394 2651
8 94 394 2651
8 95 394 2651
8 96 394 2651
8 97 394 2651
8 98 394 2651
8 99 394 2651
8 100 394 2651
8 101 394 2651
8 102 394 2651
8 103 394 2651
8 104 394 2651
8 105 394 2651
8 106 394 2651
8 107 394 2651
8 108 394 2651
8 109 394 2651
8 110 394 2651
8 111 394 2651
8 112 394 2651
8 113 394 2651
8 114 394 2651
8 115 394 2651
8 116 394 2651
8 117 394 2651
8 118 394 2651
8 119 394 2651
8 120 394 2651
8 121 394 2651
8 122 394 2651
8 123 394 2651
8 124 394 2651
8 125 394 2651
8 126 394 2651
8 127 394 2651
8 128 394 2651
8 129 394 2651
8 130 394 2651
8 131 394 2651
8 132 394 2651
8 133 394 2651
8 134 394 2651
8 135 394 2651
8 136 394 2651
8 137 394 2651
8 138 394 2651
8 139 394 2651
8 140 394 2651
8 141 394 2651
8 142 394 2651
8 143 394 2651
8 144 394 2651
8 145 394 2651
8 146 394 2651
8 147 394 2651
8 148 394 2651
8 149 394 2651
8 150 394 2651
8 151 394 2651
8 152 394 2651
8 153 394 2651
8 154 394 2651
8 155 394 2651
8 156 394 2651
8 157 394 2651
8 158 394 2651
8 159 394 2651
8 160 394 2651
8 161 394 2651
8 162 394 2651
8 163 394 2651
8 164 394 2651
8 165 394 2651
8 166 394 2651
8 167 394 2651
8 168 394 2651
8 169 394 2651
8 170 394 2651
8 171 394 2651
8 172 394 2651
8 173 394 2651
8 174 394 2651
8 175 394 2651
8 176 394 2651
8 177 394 2651
8 178 394 2651
8 179 394 2651
8 180 394 2651
8 181 394 2651
8 182 394 2651
8 183 394 2651
8 184 394 2651
8 185 394 2651
8 186 394 2651
8 187 394 2651
8 188 394 2651
8 189 394 2651
8 190 394 2651
8 191 394 2651
8 192 394 2651
8 193 394 2651
8 194 394 2651
8 195 394 2651
8 196 394 2651
8 197 394 2651
8 198 394 2651
8 199 394 2651
8 200 394 2651
8 201 394 2651
8 202 394 2651
8 203 394 2651
8 204 394 2651
8 205 394 2651
8 206 394 2651
8 207 394 2651
8 208 394 2651
8 209 394 2651
8 210 394 2651
8 211 394 2651
8 212 394 2651
8 213 394 2651
8 214 394 2651
8 215 394 2651
8 216 394 2651
8 217 394 2651
8 218 394 2651
8 219 394 2651
8 220 394 2651
8 221 394 2651
8 222 394 2651
8 223 394 2651
8 224 394 2651
8 225 394 2651
8 226 394 2651
8 227 394 2651
8 228 394 2651
8 229 394 2651
8 230 394 2651
8 231 394 2651
8 232 394 2651
8 233 394 2651
8 234 394 2651
8 235 394 2651
8 236 394 2651
8 237 394 2651
8 238 394 2651
8 239 394 2651
8 240 394 2651
8 241 394 2651
8 242 394 2651
8 243 394 2651
8 244 394 2651
8 245 394 2651
8 246 394 2651
8 247 394 2651
8 248 394 2651
8 249 394 2651
8 250 394 2651
8 251 394 2651
8 252 394 2651
8 253 394 2651
8 254 394 2651
8 255 394 2651
8 256 394 2651
8 257 394 2651
8 258 394 2651
8 259 394 2651
8 260 394 2651
8 261 394 2651
8 262 394 2651
8 263 394 2651
8 264 394 2651
8 265 394 2651
8 266 394 2651
8 267 394 2651
8 268 394 2651
8 269 394 2651
8 270 394 2651
8 271 394 2651
8 272 394 2651
8 273 394 2651
8 274 394 2651
8 275 394 2651
8 276 394 2651
8 277 394 2651
8 278 394 2651
8 279 394 2651
8 280 394 2651
8 281 394 2651
8 282 394 2651
8 283 394 2651
8 284 394 2651
8 285 394 2651
8 286 394 2651
8 287 394 2651
8 288 394 2651
8 289 394 2651
8 290 394 2651
8 291 394 2651
8 292 394 2651
8 293 394 2651
8 294 394 2651
8 295 394 2651
8 296 394 2651
8 297 394 2651
8 298 394 2651
8 299 394 2651
8 300 394 2651
8 301 394 2651
8 302 394 2651
8 303 394 2651
8 304 394 2651
8 305 394 2651
8 306 394 2651
8 307 394 2651
8 308 394 2651
8 309 394 2651
8 310 394 2651
8 311 394 2651
8 312 394 2651
8 313 394 2651
8 314 394 2651
8 315 394 2651
8 316 394 2651
8 317 394 2651
8 318 394 2651
8 319 394 2651
8 320 394 2651
8 321 394 2651
8 322 394 2651
8 323 394 2651
8 324 394 2651
8 325 394 2651
8 326 394 2651
8 327 394 2651
8 328 394 2651
8 329 394 2651
8 330 394 2651
8 331 394 2651
8 332 394 2651
8 333 394 2651
8 334 394 2651
8 335 394 2651
8 336 394 2651
8 337 394 2651
8 338 394 2651
8 339 394 2651
8 340 394 2651
8 341 394 2651
8 342 394 2651
8 343 394 2651
8 344 394 2651
8 345 394 2651
8 346 394 2651
8 347 394 2651
8 348 394 2651
8 349 394 2651
8 350 394 2651
8 351 394 2651
8 352 394 2651
8 353 394 2651
8 354 394 2651
8 355 394 2651
8 356 394 2651
8 357 394 2651
8 358 394 2651
8 359 394 2651
8 360 394 2651
8 361 394 2651
8 362 394 2651
8 363 394 2651
8 364 394 2651
8 365 394 2651
8 366 394 2651
8 367 394 2651
8 368 394 2651
8 369 394 2651
8 370 394 2651
8 371 394 2651
8 372 394 2651
8 373 394 2651
8 374 394 2651
8 375 394 2651
8 376 394 2651
8 377 394 2651
8 378 394 2651
8 379 394 2651
8 380 394 2651
8 381 394 2651
8 382 394 2651
8 383 394 2651
8 384 394 2651
8 385 394 2651
8 386 394 2651
8 387 394 2651
8 388 394 2651
8 389 394 2651
8 390 394 2651
8 391 394 2651
8 392 394 2651
8 393 394 2651
8 394 394 2651
8 395 394 2651
8 396 394 2651
8 397 394 2651
8 398 394 2651
8 399 394 2651
8 400 394 2651
8 401 394 2651
8 402 394 2651
8 403 394 2651
8 404 394 2651
8 405 394 2651
8 406 394 2651
8 407 394 2651
8 408 394 2651
8 409 394 2651
8 410 394 2651
8 411 394 2651
8 412 394 2651
8 413 394 2651
8 414 394 2651
8 415 394 2651
8 416 394 2651
8 417 394 2651
8 418 394 2651
8 419 394 2651
8 420 394 2651
8 421 394 2651
8 422 394 2651
8 423 394 2651
8 424 394 2651
8 425 394 2651
8 426 394 2651
8 427 394 2651
8 428 394 2651
8 429 394 2651
8 430 394 2651
8 431 394 2651
8 432 394 2651
8 433 394 2651
8 434 394 2651
8 435 394 2651
8 436 394 2651
8 437 394 2651
8 438 394 2651
8 439 394 2651
8 440 394 2651
8 441 394 2651
8 442 394 2651
8 443 394 2651
8 444 394 2651
8 445 394 2651
8 446 394 2651
8 447 394 2651
8 448 394 2651
8 449 394 2651
8 450 394 2651
8 451 394 2651
8 452 394 2651
8 453 394 2651
8 454 394 2651
8 455 394 2651
8 456 394 2651
8 457 394 2651
8 458 394 2651
8 459 394 2651
8 460 394 2651
8 461 394 2651
8 462 394 2651
8 463 394 2651
8 464 394 2651
8 465 394 2651
8 466 394 2651
8 467 394 2651
8 468 394 2651
8 469 394 2651
8 470 394 2651
8 471 394 2651
8 472 394 2651
8 473 394 2651
8 474 394 2651
8 475 394 2651
8 476 394 2651
8 477 394 2651
8 478 394 2651
8 479 394 2651
8 480 394 2651
8 481 394 2651
8 482 394 2651
8 483 394 2651
8 484 394 2651
8 485 394 2651
8 486 394 2651
8 487 394 2651
8 488 394 2651
8 489 394 2651
8 490 394 2651
8 491 394 2651
8 492 394 2651
8 493 394 2651
8 494 394 2651
8 495 394 2651
8 496 394 2651
8 497 394 2651
8 498 394 2651
8 499 394 2651
8 500 394 2651
8 501 394 2651
8 502 394 2651
8 503 394 2651
8 504 394 2651
8 505 394 2651
8 506 394 2651
8 507 394 2651
8 508 394 2651
8 509 394 2651
8 510 394 2651
8 511 394 2651
8 512 394 2651
8 513 394 2651
8 514 394 2651
8 515 394 2651
8 516 394 2651
8 517 394 2651
8 518 394 2651
8 519 394 2651
8 520 394 2651
8 521 394 2651
8 522 394 2651
8 523 394 2651
8 524 394 2651
8 525 394 2651
8 526 394 2651
8 527 394 2651
8 528 394 2651
8 529 394 2651
8 530 394 2651
8 531 394 2651
8 532 394 2651
8 533 394 2651
8 534 394 2651
8 535 394 2651
8 536 394 2651
8 537 394 2651
8 538 394 2651
8 539 394 2651
8 540 394 2651
8 541 394 2651
8 542 394 2651
8 543 394 2651
8 544 394 2651
8 545 394 2651
8 546 394 2651
8 547 394 2651
8 548 394 2651
8 549 394 2651
8 550 394 2651
8 551 394 2651
8 552 394 2651
8 553 394 2651
8 554 394 2651
8 555 394 2651
8 556 394 2651
8 557 394 2651
8 558 394 2651
8 559 394 2651
8 560 394 2651
8 561 394 2651
8 562 394 2651
8 563 394 2651
8 564 394 2651
8 565 394 2651
8 566 394 2651
8 567 394 2651
8 568 394 2651
8 569 394 2651
8 570 394 2651
8 571 394 2651
8 572 394 2651
8 573 394 2651
8 574 394 2651
8 575 394 2651
8 576 394 2651
8 577 394 2651
8 578 394 2651
8 579 394 2651
8 580 394 2651
8 581 394 2651
8 582 394 2651
8 583 394 2651
8 584 394 2651
8 585 394 2651
8 586 394 2651
8 587 394 2651
8 588 394 2651
8 589 394 2651
8 590 394 2651
8 591 394 2651
8 592 394 2651
8 593 394 2651
8 594 394 2651
8 595 394 2651
8 596 394 2651
8 597 394 2651
8 598 394 2651
8 599 394 2651
8 600 394 2651
8 601 394 2651
8 602 394 2651
8 603 394 2651
8 604 394 2651
8 605 394 2651
8 606 394 2651
8 607 394 2651
8 608 394 2651
8 609 394 2651
8 610 394 2651
8 611 394 2651
8 612 394 2651
8 613 394 2651
8 614 394 2651
8 615 394 2651
8 616 394 2651
8 617 394 2651
8 618 394 2651
8 619 394 2651
8 620 394 2651
8 621 394 2651
8 622 394 2651
8 623 394 2651
8 624 394 2651
8 625 394 2651
8 626 394 2651
8 627 394 2651
8 628 394 2651
8 629 394 2651
8 630 394 2651
8 631 394 2651
8 632 394 2651
8 633 394 2651
8 634 394 2651
8 635 394 2651
8 636 394 2651
8 637 394 2651
8 638 394 2651
8 639 394 2651
8 640 394 2651
8 641 394 2651
8 642 394 2651
8 643 394 2651
8 644 394 2651
8 645 394 2651
8 646 394 2651
8 647 394 2651
8 648 394 2651
8 649 394 2651
8 650 394 2651
8 651 394 2651
8 652 394 2651
8 653 394 2651
8 654 394 2651
8 655 394 2651
8 656 394 2651
8 657 394 2651
8 658 394 2651
8 659 394 2651
8 660 394 2651
8 661 394 2651
8 662 394 2651
8 663 394 2651
8 664 394 2651
8 665 394 2651
8 666 394 2651
8 667 394 2651
8 668 394 2651
8 669 394 2651
8 670 394 2651
8 671 394 2651
8 672 394 2651
8 673 394 2651
8 674 394 2651
8 675 394 2651
8 676 394 2651
8 677 394 2651
8 678 394 2651
8 679 394 2651
8 680 394 2651
8 681 394 2651
8 682 394 2651
8 683 394 2651
8 684 394 2651
8 685 394 2651
8 686 394 2651
8 687 394 2651
8 688 394 2651
8 689 394 2651
8 690 394 2651
8 691 394 2651
8 692 394 2651
8 693 394 2651
8 694 394 2651
8 695 394 2651
8 696 394 2651
8 697 394 2651
8 698 394 2651
8 699 394 2651
8 700 394 2651
8 701 394 2651
8 702 394 2651
8 703 394 2651
8 704 394 2651
8 705 394 2651
8 706 394 2651
8 707 394 2651
8 708 394 2651
8 709 394 2651
8 710 394 2651
8 711 394 2651
8 712 394 2651
8 713 394 2651
8 714 394 2651
8 715 394 2651
8 716 394 2651
8 717 394 2651
8 718 394 2651
8 719 394 2651
8 720 394 2651
8 721 394 2651
8 722 394 2651
8 723 394 2651
8 724 394 2651
8 725 394 2651
8 726 394 2651
8 727 394 2651
8 728 394 2651
8 729 394 2651
8 730 394 2651
8 731 394 2651
8 732 394 2651
8 733 394 2651
8 734 394 2651
8 735 394 2651
8 736 394 2651
8 737 394 2651
8 738 394 2651
8 739 394 2651
8 740 394 2651
8 741 394 2651
8 742 394 2651
8 743 394 2651
8 744 394 2651
8 745 394 2651
8 746 394 2651
8 747 394 2651
8 748 394 2651
8 749 394 2651
8 750 394 2651
8 751 394 2651
8 752 394 2651
8 753 394 2651
8 754 394 2651
8 755 394 2651
8 756 394 2651
8 757 394 2651
8 758 394 2651
8 759 394 2651
8 760 394 2651
8 761 394 2651
8 762 394 2651
8 763 394 2651
8 764 394 2651
8 765 394 2651
8 766 394 2651
8 767 394 2651
8 768 394 2651
8 769 394 2651
8 770 394 2651
8 771 394 2651
8 772 394 2651
8 773 394 2651
8 774 394 2651
8 775 394 2651
8 776 394 2651
8 777 394 2651
8 778 394 2651
8 779 394 2651
8 780 394 2651
8 781 394 2651
8 782 394 2651
8 783 394 2651
8 784 394 2651
8 785 394 2651
8 786 394 2651
8 787 394 2651
8 788 394 2651
8 789 394 2651
8 790 394 2651
8 791 394 2651
8 792 394 2651
8 793 394 2651
8 794 394 2651
8 795 394 2651
8 796 394 2651
8 797 394 2651
8 798 394 2651
8 799 394 2651
8 800 394 2651
8 801 394 2651
8 802 394 2651
8 803 394 2651
8 804 394 2651
8 805 394 2651
8 806 394 2651
8 807 394 2651
8 808 394 2651
8 809 394 2651
8 810 394 2651
8 811 394 2651
8 812 394 2651
8 813 394 2651
8 814 394 2651
8 815 394 2651
8 816 394 2651
8 817 394 2651
8 818 394 2651
8 819 394 2651
8 820 394 2651
8 821 394 2651
8 822 394 2651
8 823 394 2651
8 824 394 2651
8 825 394 2651
8 826 394 2651
8 827 394 2651
8 828 394 2651
8 829 394 2651
8 830 394 2651
8 831 394 2651
8 832 394 2651
8 833 394 2651
8 834 394 2651
8 835 394 2651
8 836 394 2651
8 837 394 2651
8 838 394 2651
8 839 394 2651
8 840 394 2651
8 841 394 2651
8 842 394 2651
8 843 394 2651
8 844 394 2651
8 845 394 2651
8 846 394 2651
8 847 394 2651
8 848 394 2651
8 849 394 2651
8 850 394 2651
8 851 394 2651
8 852 394 2651
8 853 394 2651
8 854 394 2651
8 855 394 2651
8 856 394 2651
8 857 394 2651
8 858 394 2651
8 859 394 2651
8 860 394 2651
8 861 394 2651
8 862 394 2651
8 863 394 2651
8 864 394 2651
8 865 394 2651
8 866 394 2651
8 867 394 2651
8 868 394 2651
8 869 394 2651
8 870 394 2651
8 871 394 2651
8 872 394 2651
8 873 394 2651
8 874 394 2651
8 875 394 2651
8 876 394 2651
8 877 394 2651
8 878 394 2651
8 879 394 2651
8 880 394 2651
8 881 394 2651
8 882 394 2651
8 883 394 2651
8 884 394 2651
8 885 394 2651
8 886 394 2651
8 887 394 2651
8 888 394 2651
8 889 394 2651
8 890 394 2651
8 891 394 2651
8 892 394 2651
8 893 394 2651
8 894 394 2651
8 895 394 2651
8 896 394 2651
8 897 394 2651
8 898 394 2651
8 899 394 2651
8 900 394 2651
8 901 394 2651
8 902 394 2651
8 903 394 2651
8 904 394 2651
8 905 394 2651
8 906 394 2651
8 907 394 2651
8 908 394 2651
8 909 394 2651
8 910 394 2651
8 911 394 2651
8 912 394 2651
8 913 394 2651
8 914 394 2651
8 915 394 2651
8 916 394 2651
8 917 394 2651
8 918 394 2651
8 919 394 2651
8 920 394 2651
8 921 394 2651
8 922 394 2651
8 923 394 2651
8 924 394 2651
8 925 394 2651
8 926 394 2651
8 927 394 2651
8 928 394 2651
8 929 394 2651
8 930 394 2651
8 931 394 2651
8 932 394 2651
8 933 394 2651
8 934 394 2651
8 935 394 2651
8 936 394 2651
8 937 394 2651
8 938 394 2651
8 939 394 2651
8 940 394 2651
8 941 394 2651
8 942 394 2651
8 943 394 2651
8 944 394 2651
8 945 394 2651
8 946 394 2651
8 947 394 2651
8 948 394 2651
8 949 394 2651
8 950 394 2651
8 951 394 2651
8 952 394 2651
8 953 394 2651
8 954 394 2651
8 955 394 2651
8 956 394 2651
8 957 394 2651
8 958 394 2651
8 959 394 2651
8 960 394 2651
8 961 394 2651
8 962 394 2651
8 963 394 2651
8 964 394 2651
8 965 394 2651
8 966 394 2651
8 967 394 2651
8 968 394 2651
8 969 394 2651
8 970 394 2651
8 971 394 2651
8 972 394 2651
8 973 394 2651
8 974 394 2651
8 975 394 2651
8 976 394 2651
8 977 394 2651
8 978 394 2651
8 979 394 2651
8 980 394 2651
8 981 394 2651
8 982 394 2651
8 983 394 2651
8 984 394 2651
8 985 394 2651
8 986 394 2651
8 987 394 2651
8 988 394 2651
8 989 394 2651
8 990 394 2651
8 991 394 2651
8 992 394 2651
8 993 394 2651
8 994 394 2651
8 995 394 2651
8 996 394 2651
8 997 394 2651
8 998 394 2651
8 999 394 2651
