512 0 1615232 603357382
512 1 1610711 603357382
512 2 1611056 603357382
512 3 1611218 603357382
512 4 1613530 603357382
512 5 1616062 603357382
512 6 1610997 603357382
512 7 1614964 603357382
512 8 1614744 603357382
512 9 1611350 603357382
512 10 1613274 603357382
512 11 1617580 603357382
512 12 1611233 603357382
512 13 1615421 603357382
512 14 1610107 603357382
512 15 1618335 603357382
512 16 1609916 603357382
512 17 1610354 603357382
512 18 1610204 603357382
512 19 1610824 603357382
512 20 1616552 603357382
512 21 1610691 603357382
512 22 1612904 603357382
512 23 1613565 603357382
512 24 1615102 603357382
512 25 1610042 603357382
512 26 1610257 603357382
512 27 1612250 603357382
512 28 1616094 603357382
512 29 1610537 603357382
512 30 1612155 603357382
512 31 1613158 603357382
512 32 1613249 603357382
512 33 1609945 603357382
512 34 1609805 603357382
512 35 1613592 603357382
512 36 1612976 603357382
512 37 1616621 603357382
512 38 1610297 603357382
512 39 1612420 603357382
512 40 1614328 603357382
512 41 1613732 603357382
512 42 1613211 603357382
512 43 1616251 603357382
512 44 1611860 603357382
512 45 1612842 603357382
512 46 1611455 603357382
512 47 1614414 603357382
512 48 1614997 603357382
512 49 1611865 603357382
512 50 1610811 603357382
512 51 1610154 603357382
512 52 1614681 603357382
512 53 1611674 603357382
512 54 1611333 603357382
512 55 1612976 603357382
512 56 1616032 603357382
512 57 1611962 603357382
512 58 1611367 603357382
512 59 1611624 603357382
512 60 1619099 603357382
512 61 1609491 603357382
512 62 1610830 603357382
512 63 1610689 603357382
512 64 1615783 603357382
512 65 1613892 603357382
512 66 1611632 603357382
512 67 1612070 603357382
512 68 1613422 603357382
512 69 1612292 603357382
512 70 1611710 603357382
512 71 1614253 603357382
512 72 1612621 603357382
512 73 1611974 603357382
512 74 1608419 603357382
512 75 1612537 603357382
512 76 1613567 603357382
512 77 1611512 603357382
512 78 1610981 603357382
512 79 1612970 603357382
512 80 1614216 603357382
512 81 1616369 603357382
512 82 1609749 603357382
512 83 1611884 603357382
512 84 1614111 603357382
512 85 1610431 603357382
512 86 1612899 603357382
512 87 1615691 603357382
512 88 1613220 603357382
512 89 1609614 603357382
512 90 1613539 603357382
512 91 1614839 603357382
512 92 1611790 603357382
512 93 1611382 603357382
512 94 1616359 603357382
512 95 1614700 603357382
512 96 1612658 603357382
512 97 1610910 603357382
512 98 1616674 603357382
512 99 1613661 603357382
512 100 1609188 603357382
512 101 1610174 603357382
512 102 1611121 603357382
512 103 1613472 603357382
512 104 1608911 603357382
512 105 1612935 603357382
512 106 1612289 603357382
512 107 1614694 603357382
512 108 1610264 603357382
512 109 1610806 603357382
512 110 1611620 603357382
512 111 1613428 603357382
512 112 1609545 603357382
512 113 1614093 603357382
512 114 1612745 603357382
512 115 1614982 603357382
512 116 1610453 603357382
512 117 1610691 603357382
512 118 1613142 603357382
512 119 1615194 603357382
512 120 1612058 603357382
512 121 1610318 603357382
512 122 1616416 603357382
512 123 1612765 603357382
512 124 1612356 603357382
512 125 1611846 603357382
512 126 1617956 603357382
512 127 1609263 603357382
512 128 1612981 603357382
512 129 1610461 603357382
512 130 1616712 603357382
512 131 1610980 603357382
512 132 1612594 603357382
512 133 1614677 603357382
512 134 1611497 603357382
512 135 1611107 603357382
512 136 1615242 603357382
512 137 1613990 603357382
512 138 1609160 603357382
512 139 1615372 603357382
512 140 1614886 603357382
512 141 1614902 603357382
512 142 1611684 603357382
512 143 1612929 603357382
512 144 1614507 603357382
512 145 1613888 603357382
512 146 1610479 603357382
512 147 1613750 603357382
512 148 1612289 603357382
512 149 1609938 603357382
512 150 1608800 603357382
512 151 1610250 603357382
512 152 1615845 603357382
512 153 1609741 603357382
512 154 1614167 603357382
512 155 1610045 603357382
512 156 1615572 603357382
512 157 1612385 603357382
512 158 1611685 603357382
512 159 1612767 603357382
512 160 1615413 603357382
512 161 1610119 603357382
512 162 1613798 603357382
512 163 1610708 603357382
512 164 1616723 603357382
512 165 1610491 603357382
512 166 1608993 603357382
512 167 1610427 603357382
512 168 1614037 603357382
512 169 1616863 603357382
512 170 1609456 603357382
512 171 1611001 603357382
512 172 1613680 603357382
512 173 1612372 603357382
512 174 1610277 603357382
512 175 1611601 603357382
512 176 1613199 603357382
512 177 1615810 603357382
512 178 1611526 603357382
512 179 1613618 603357382
512 180 1612540 603357382
512 181 1615303 603357382
512 182 1610539 603357382
512 183 1610806 603357382
512 184 1610874 603357382
512 185 1614032 603357382
512 186 1616880 603357382
512 187 1610018 603357382
512 188 1610228 603357382
512 189 1614144 603357382
512 190 1609785 603357382
512 191 1612097 603357382
512 192 1615637 603357382
512 193 1611554 603357382
512 194 1614094 603357382
512 195 1610586 603357382
512 196 1616218 603357382
512 197 1613544 603357382
512 198 1613293 603357382
512 199 1616340 603357382
512 200 1613499 603357382
512 201 1611898 603357382
512 202 1610312 603357382
512 203 1614594 603357382
512 204 1609212 603357382
512 205 1614452 603357382
512 206 1615300 603357382
512 207 1613025 603357382
512 208 1610963 603357382
512 209 1615384 603357382
512 210 1612558 603357382
512 211 1614965 603357382
512 212 1609920 603357382
512 213 1618179 603357382
512 214 1614855 603357382
512 215 1611472 603357382
512 216 1608973 603357382
512 217 1609585 603357382
512 218 1615891 603357382
512 219 1611512 603357382
512 220 1615197 603357382
512 221 1610050 603357382
512 222 1615039 603357382
512 223 1613672 603357382
512 224 1610899 603357382
512 225 1611693 603357382
512 226 1616241 603357382
512 227 1610393 603357382
512 228 1613901 603357382
512 229 1610879 603357382
512 230 1618432 603357382
512 231 1610134 603357382
512 232 1609753 603357382
512 233 1610635 603357382
512 234 1612718 603357382
512 235 1618660 603357382
512 236 1611644 603357382
512 237 1609688 603357382
512 238 1616326 603357382
512 239 1610627 603357382
512 240 1611113 603357382
512 241 1613780 603357382
512 242 1610835 603357382
512 243 1612804 603357382
512 244 1610087 603357382
512 245 1614678 603357382
512 246 1614150 603357382
512 247 1611738 603357382
512 248 1614893 603357382
512 249 1614413 603357382
512 250 1612934 603357382
512 251 1610562 603357382
512 252 1613616 603357382
512 253 1612007 603357382
512 254 1612523 603357382
512 255 1609090 603357382
512 256 1615467 603357382
512 257 1613318 603357382
512 258 1610845 603357382
512 259 1610357 603357382
512 260 1612431 603357382
512 261 1610862 603357382
512 262 1615843 603357382
512 263 1610366 603357382
512 264 1612417 603357382
512 265 1612438 603357382
512 266 1611172 603357382
512 267 1611578 603357382
512 268 1613039 603357382
512 269 1613759 603357382
512 270 1609352 603357382
512 271 1616337 603357382
512 272 1614388 603357382
512 273 1612996 603357382
512 274 1611716 603357382
512 275 1614862 603357382
512 276 1614045 603357382
512 277 1613556 603357382
512 278 1609312 603357382
512 279 1618843 603357382
512 280 1612191 603357382
512 281 1611907 603357382
512 282 1610250 603357382
512 283 1610202 603357382
512 284 1614256 603357382
512 285 1612888 603357382
512 286 1614333 603357382
512 287 1610515 603357382
512 288 1614846 603357382
512 289 1613680 603357382
512 290 1610630 603357382
512 291 1611829 603357382
512 292 1616397 603357382
512 293 1609826 603357382
512 294 1613219 603357382
512 295 1610555 603357382
512 296 1618689 603357382
512 297 1611548 603357382
512 298 1612035 603357382
512 299 1611189 603357382
512 300 1609436 603357382
512 301 1615412 603357382
512 302 1609853 603357382
512 303 1614332 603357382
512 304 1612529 603357382
512 305 1614730 603357382
512 306 1613113 603357382
512 307 1611404 603357382
512 308 1613567 603357382
512 309 1617318 603357382
512 310 1610973 603357382
512 311 1614572 603357382
512 312 1614860 603357382
512 313 1612095 603357382
512 314 1610495 603357382
512 315 1610531 603357382
512 316 1615417 603357382
512 317 1612033 603357382
512 318 1612700 603357382
512 319 1612447 603357382
512 320 1616207 603357382
512 321 1610318 603357382
512 322 1611187 603357382
512 323 1611844 603357382
512 324 1618295 603357382
512 325 1610210 603357382
512 326 1613058 603357382
512 327 1609704 603357382
512 328 1616483 603357382
512 329 1613805 603357382
512 330 1613950 603357382
512 331 1614122 603357382
512 332 1614656 603357382
512 333 1611864 603357382
512 334 1610894 603357382
512 335 1615086 603357382
512 336 1609792 603357382
512 337 1614874 603357382
512 338 1613898 603357382
512 339 1615649 603357382
512 340 1612444 603357382
512 341 1613104 603357382
512 342 1613436 603357382
512 343 1612874 603357382
512 344 1609731 603357382
512 345 1612149 603357382
512 346 1612712 603357382
512 347 1611491 603357382
512 348 1609361 603357382
512 349 1611091 603357382
512 350 1613104 603357382
512 351 1613890 603357382
512 352 1616805 603357382
512 353 1610072 603357382
512 354 1616597 603357382
512 355 1613470 603357382
512 356 1611841 603357382
512 357 1611338 603357382
512 358 1615476 603357382
512 359 1609348 603357382
512 360 1614715 603357382
512 361 1611457 603357382
512 362 1617506 603357382
512 363 1609550 603357382
512 364 1610823 603357382
512 365 1610429 603357382
512 366 1610471 603357382
512 367 1617507 603357382
512 368 1610865 603357382
512 369 1612256 603357382
512 370 1616147 603357382
512 371 1612375 603357382
512 372 1610448 603357382
512 373 1615360 603357382
512 374 1612857 603357382
512 375 1613837 603357382
512 376 1611037 603357382
512 377 1614731 603357382
512 378 1614108 603357382
512 379 1611953 603357382
512 380 1612769 603357382
512 381 1613499 603357382
512 382 1611394 603357382
512 383 1610070 603357382
512 384 1613094 603357382
512 385 1610587 603357382
512 386 1615293 603357382
512 387 1613338 603357382
512 388 1618927 603357382
512 389 1612768 603357382
512 390 1611507 603357382
512 391 1610481 603357382
512 392 1616414 603357382
512 393 1610643 603357382
512 394 1614135 603357382
512 395 1610383 603357382
512 396 1612357 603357382
512 397 1609418 603357382
512 398 1610817 603357382
512 399 1611710 603357382
512 400 1614711 603357382
512 401 1615285 603357382
512 402 1609972 603357382
512 403 1615682 603357382
512 404 1614661 603357382
512 405 1610283 603357382
512 406 1612138 603357382
512 407 1617811 603357382
512 408 1610092 603357382
512 409 1613796 603357382
512 410 1610931 603357382
512 411 1618058 603357382
512 412 1610412 603357382
512 413 1610341 603357382
512 414 1610473 603357382
512 415 1610166 603357382
512 416 1615925 603357382
512 417 1610355 603357382
512 418 1613855 603357382
512 419 1610531 603357382
512 420 1614856 603357382
512 421 1611438 603357382
512 422 1610149 603357382
512 423 1612086 603357382
512 424 1617314 603357382
512 425 1608496 603357382
512 426 1614408 603357382
512 427 1611189 603357382
512 428 1613388 603357382
512 429 1610397 603357382
512 430 1611711 603357382
512 431 1611808 603357382
512 432 1613514 603357382
512 433 1613394 603357382
512 434 1612650 603357382
512 435 1616095 603357382
512 436 1609853 603357382
512 437 1611444 603357382
512 438 1612959 603357382
512 439 1615801 603357382
512 440 1610526 603357382
512 441 1610910 603357382
512 442 1610500 603357382
512 443 1617695 603357382
512 444 1614734 603357382
512 445 1613377 603357382
512 446 1614620 603357382
512 447 1613111 603357382
512 448 1612412 603357382
512 449 1609396 603357382
512 450 1613881 603357382
512 451 1609911 603357382
512 452 1616635 603357382
512 453 1614131 603357382
512 454 1613553 603357382
512 455 1611702 603357382
512 456 1613533 603357382
512 457 1612625 603357382
512 458 1614664 603357382
512 459 1609942 603357382
512 460 1617047 603357382
512 461 1616567 603357382
512 462 1609976 603357382
512 463 1609950 603357382
512 464 1609530 603357382
512 465 1616970 603357382
512 466 1610367 603357382
512 467 1614512 603357382
512 468 1611064 603357382
512 469 1615584 603357382
512 470 1615321 603357382
512 471 1613549 603357382
512 472 1611991 603357382
512 473 1613621 603357382
512 474 1614729 603357382
512 475 1612898 603357382
512 476 1611498 603357382
512 477 1617507 603357382
512 478 1611726 603357382
512 479 1610586 603357382
512 480 1608792 603357382
512 481 1610475 603357382
512 482 1615448 603357382
512 483 1612116 603357382
512 484 1614691 603357382
512 485 1611343 603357382
512 486 1616392 603357382
512 487 1613309 603357382
512 488 1610254 603357382
512 489 1611298 603357382
512 490 1617250 603357382
512 491 1610272 603357382
512 492 1613996 603357382
512 493 1610320 603357382
512 494 1617644 603357382
512 495 1610396 603357382
512 496 1609656 603357382
512 497 1609686 603357382
512 498 1610551 603357382
512 499 1618603 603357382
512 500 1610442 603357382
512 501 1612895 603357382
512 502 1612643 603357382
512 503 1615029 603357382
512 504 1611789 603357382
512 505 1611503 603357382
512 506 1612576 603357382
512 507 1614570 603357382
512 508 1611061 603357382
512 509 1612310 603357382
512 510 1615094 603357382
512 511 1612008 603357382
512 512 1610652 603357382
512 513 1610717 603357382
512 514 1615516 603357382
512 515 1612031 603357382
512 516 1612762 603357382
512 517 1610767 603357382
512 518 1616182 603357382
512 519 1612490 603357382
512 520 1611024 603357382
512 521 1611610 603357382
512 522 1618643 603357382
512 523 1609604 603357382
512 524 1611549 603357382
512 525 1609620 603357382
512 526 1615778 603357382
512 527 1614112 603357382
512 528 1612619 603357382
512 529 1612933 603357382
512 530 1615316 603357382
512 531 1612363 603357382
512 532 1611878 603357382
512 533 1612183 603357382
512 534 1612667 603357382
512 535 1611987 603357382
512 536 1608819 603357382
512 537 1612573 603357382
512 538 1613984 603357382
512 539 1615181 603357382
512 540 1611055 603357382
512 541 1610511 603357382
512 542 1611653 603357382
512 543 1616041 603357382
512 544 1613929 603357382
512 545 1612475 603357382
512 546 1613992 603357382
512 547 1614526 603357382
512 548 1612150 603357382
512 549 1610327 603357382
512 550 1613277 603357382
512 551 1613435 603357382
512 552 1611710 603357382
512 553 1609047 603357382
512 554 1611809 603357382
512 555 1613523 603357382
512 556 1615544 603357382
512 557 1610974 603357382
512 558 1611820 603357382
512 559 1611267 603357382
512 560 1615950 603357382
512 561 1613349 603357382
512 562 1611695 603357382
512 563 1614880 603357382
512 564 1614204 603357382
512 565 1611582 603357382
512 566 1610376 603357382
512 567 1614446 603357382
512 568 1611540 603357382
512 569 1613099 603357382
512 570 1610977 603357382
512 571 1616903 603357382
512 572 1613052 603357382
512 573 1610325 603357382
512 574 1610518 603357382
512 575 1613643 603357382
512 576 1612171 603357382
512 577 1612306 603357382
512 578 1611117 603357382
512 579 1612973 603357382
512 580 1609662 603357382
512 581 1610148 603357382
512 582 1612289 603357382
512 583 1615760 603357382
512 584 1617461 603357382
512 585 1610548 603357382
512 586 1616437 603357382
512 587 1615007 603357382
512 588 1611559 603357382
512 589 1613289 603357382
512 590 1617383 603357382
512 591 1610117 603357382
512 592 1613778 603357382
512 593 1611375 603357382
512 594 1617914 603357382
512 595 1612074 603357382
512 596 1610844 603357382
512 597 1611295 603357382
512 598 1611426 603357382
512 599 1618952 603357382
512 600 1609736 603357382
512 601 1613161 603357382
512 602 1615159 603357382
512 603 1612522 603357382
512 604 1612614 603357382
512 605 1609964 603357382
512 606 1614227 603357382
512 607 1615297 603357382
512 608 1611158 603357382
512 609 1612637 603357382
512 610 1614532 603357382
512 611 1612213 603357382
512 612 1612143 603357382
512 613 1611918 603357382
512 614 1612635 603357382
512 615 1610246 603357382
512 616 1612619 603357382
512 617 1614688 603357382
512 618 1611881 603357382
512 619 1608642 603357382
512 620 1613140 603357382
512 621 1612226 603357382
512 622 1617664 603357382
512 623 1611536 603357382
512 624 1611428 603357382
512 625 1611858 603357382
512 626 1616692 603357382
512 627 1614313 603357382
512 628 1611982 603357382
512 629 1612552 603357382
512 630 1613740 603357382
512 631 1612608 603357382
512 632 1609923 603357382
512 633 1615067 603357382
512 634 1610751 603357382
512 635 1610915 603357382
512 636 1609839 603357382
512 637 1613434 603357382
512 638 1614770 603357382
512 639 1610267 603357382
512 640 1610496 603357382
512 641 1613328 603357382
512 642 1615044 603357382
512 643 1612092 603357382
512 644 1609409 603357382
512 645 1612558 603357382
512 646 1609316 603357382
512 647 1610117 603357382
512 648 1610983 603357382
512 649 1613535 603357382
512 650 1616283 603357382
512 651 1610845 603357382
512 652 1615913 603357382
512 653 1612807 603357382
512 654 1610425 603357382
512 655 1612165 603357382
512 656 1617425 603357382
512 657 1610137 603357382
512 658 1614772 603357382
512 659 1610197 603357382
512 660 1617587 603357382
512 661 1610726 603357382
512 662 1609608 603357382
512 663 1610120 603357382
512 664 1609949 603357382
512 665 1617450 603357382
512 666 1610175 603357382
512 667 1612330 603357382
512 668 1614270 603357382
512 669 1614276 603357382
512 670 1611026 603357382
512 671 1612230 603357382
512 672 1613651 603357382
512 673 1614912 603357382
512 674 1611119 603357382
512 675 1612381 603357382
512 676 1612522 603357382
512 677 1613264 603357382
512 678 1608864 603357382
512 679 1609322 603357382
512 680 1614561 603357382
512 681 1614973 603357382
512 682 1613337 603357382
512 683 1611157 603357382
512 684 1613532 603357382
512 685 1611945 603357382
512 686 1610825 603357382
512 687 1610347 603357382
512 688 1617967 603357382
512 689 1610994 603357382
512 690 1612937 603357382
512 691 1611354 603357382
512 692 1614937 603357382
512 693 1613516 603357382
512 694 1611877 603357382
512 695 1610475 603357382
512 696 1614703 603357382
512 697 1612607 603357382
512 698 1610908 603357382
512 699 1613088 603357382
512 700 1612329 603357382
512 701 1610956 603357382
512 702 1609526 603357382
512 703 1611782 603357382
512 704 1613806 603357382
512 705 1611736 603357382
512 706 1610615 603357382
512 707 1613356 603357382
512 708 1613716 603357382
512 709 1612426 603357382
512 710 1611444 603357382
512 711 1612389 603357382
512 712 1609680 603357382
512 713 1610938 603357382
512 714 1612471 603357382
512 715 1615678 603357382
512 716 1616073 603357382
512 717 1610087 603357382
512 718 1616401 603357382
512 719 1615404 603357382
512 720 1612669 603357382
512 721 1611583 603357382
512 722 1616110 603357382
512 723 1613778 603357382
512 724 1611777 603357382
512 725 1611764 603357382
512 726 1614687 603357382
512 727 1616054 603357382
512 728 1610544 603357382
512 729 1609831 603357382
512 730 1610986 603357382
512 731 1613768 603357382
512 732 1611788 603357382
512 733 1615387 603357382
512 734 1611036 603357382
512 735 1615031 603357382
512 736 1615103 603357382
512 737 1610944 603357382
512 738 1612114 603357382
512 739 1616177 603357382
512 740 1611411 603357382
512 741 1612802 603357382
512 742 1610215 603357382
512 743 1616853 603357382
512 744 1608895 603357382
512 745 1608845 603357382
512 746 1610344 603357382
512 747 1609913 603357382
512 748 1617222 603357382
512 749 1611229 603357382
512 750 1614091 603357382
512 751 1615182 603357382
512 752 1614255 603357382
512 753 1612918 603357382
512 754 1611537 603357382
512 755 1613669 603357382
512 756 1615304 603357382
512 757 1610073 603357382
512 758 1612645 603357382
512 759 1614885 603357382
512 760 1613960 603357382
512 761 1609966 603357382
512 762 1610209 603357382
512 763 1614736 603357382
512 764 1613837 603357382
512 765 1613563 603357382
512 766 1611697 603357382
512 767 1616768 603357382
512 768 1610473 603357382
512 769 1610777 603357382
512 770 1612389 603357382
512 771 1619804 603357382
512 772 1610667 603357382
512 773 1611076 603357382
512 774 1611473 603357382
512 775 1617075 603357382
512 776 1615223 603357382
512 777 1612101 603357382
512 778 1611087 603357382
512 779 1611548 603357382
512 780 1613779 603357382
512 781 1609535 603357382
512 782 1612186 603357382
512 783 1611606 603357382
512 784 1610253 603357382
512 785 1610743 603357382
512 786 1614912 603357382
512 787 1613346 603357382
512 788 1612276 603357382
512 789 1610700 603357382
512 790 1612534 603357382
512 791 1613654 603357382
512 792 1612957 603357382
512 793 1609113 603357382
512 794 1611975 603357382
512 795 1610873 603357382
512 796 1610232 603357382
512 797 1611722 603357382
512 798 1616612 603357382
512 799 1614545 603357382
512 800 1609775 603357382
512 801 1614760 603357382
512 802 1616335 603357382
512 803 1611771 603357382
512 804 1612024 603357382
512 805 1616461 603357382
512 806 1613143 603357382
512 807 1614018 603357382
512 808 1610045 603357382
512 809 1617845 603357382
512 810 1610546 603357382
512 811 1609467 603357382
512 812 1609985 603357382
512 813 1609488 603357382
512 814 1616340 603357382
512 815 1610376 603357382
512 816 1615893 603357382
512 817 1610981 603357382
512 818 1615511 603357382
512 819 1611773 603357382
512 820 1611024 603357382
512 821 1612530 603357382
512 822 1616812 603357382
512 823 1610853 603357382
512 824 1613412 603357382
512 825 1611354 603357382
512 826 1615590 603357382
512 827 1610508 603357382
512 828 1609174 603357382
512 829 1612194 603357382
512 830 1610660 603357382
512 831 1618765 603357382
512 832 1610024 603357382
512 833 1612123 603357382
512 834 1614528 603357382
512 835 1615110 603357382
512 836 1612243 603357382
512 837 1611193 603357382
512 838 1612617 603357382
512 839 1613991 603357382
512 840 1610609 603357382
512 841 1613173 603357382
512 842 1611420 603357382
512 843 1613002 603357382
512 844 1609635 603357382
512 845 1609628 603357382
512 846 1612286 603357382
512 847 1613202 603357382
512 848 1617316 603357382
512 849 1609956 603357382
512 850 1611223 603357382
512 851 1615125 603357382
512 852 1611228 603357382
512 853 1611165 603357382
512 854 1616621 603357382
512 855 1612146 603357382
512 856 1612797 603357382
512 857 1610383 603357382
512 858 1612499 603357382
512 859 1614122 603357382
512 860 1611439 603357382
512 861 1610592 603357382
512 862 1611783 603357382
512 863 1616257 603357382
512 864 1611600 603357382
512 865 1612328 603357382
512 866 1615916 603357382
512 867 1611375 603357382
512 868 1609683 603357382
512 869 1611429 603357382
512 870 1614398 603357382
512 871 1613631 603357382
512 872 1610825 603357382
512 873 1614495 603357382
512 874 1614331 603357382
512 875 1613749 603357382
512 876 1611048 603357382
512 877 1611667 603357382
512 878 1611675 603357382
512 879 1610718 603357382
512 880 1611757 603357382
512 881 1615158 603357382
512 882 1614201 603357382
512 883 1609609 603357382
512 884 1614056 603357382
512 885 1613697 603357382
512 886 1614074 603357382
512 887 1612201 603357382
512 888 1613112 603357382
512 889 1613880 603357382
512 890 1613187 603357382
512 891 1609513 603357382
512 892 1617853 603357382
512 893 1615870 603357382
512 894 1610727 603357382
512 895 1609688 603357382
512 896 1610499 603357382
512 897 1617589 603357382
512 898 1611406 603357382
512 899 1614327 603357382
512 900 1610729 603357382
512 901 1614655 603357382
512 902 1613160 603357382
512 903 1611700 603357382
512 904 1611702 603357382
512 905 1615446 603357382
512 906 1609065 603357382
512 907 1614378 603357382
512 908 1612732 603357382
512 909 1615697 603357382
512 910 1610602 603357382
512 911 1610171 603357382
512 912 1613366 603357382
512 913 1615247 603357382
512 914 1615800 603357382
512 915 1610642 603357382
512 916 1614966 603357382
512 917 1612013 603357382
512 918 1609828 603357382
512 919 1612361 603357382
512 920 1618928 603357382
512 921 1611334 603357382
512 922 1610802 603357382
512 923 1611724 603357382
512 924 1616878 603357382
512 925 1610823 603357382
512 926 1612944 603357382
512 927 1614954 603357382
512 928 1609547 603357382
512 929 1611239 603357382
512 930 1614226 603357382
512 931 1612883 603357382
512 932 1609148 603357382
512 933 1615305 603357382
512 934 1615508 603357382
512 935 1613961 603357382
512 936 1611281 603357382
512 937 1615338 603357382
512 938 1611172 603357382
512 939 1614120 603357382
512 940 1610692 603357382
512 941 1619097 603357382
512 942 1611684 603357382
512 943 1609950 603357382
512 944 1611040 603357382
512 945 1609631 603357382
512 946 1615982 603357382
512 947 1610931 603357382
512 948 1613481 603357382
512 949 1614133 603357382
512 950 1615152 603357382
512 951 1611776 603357382
512 952 1610328 603357382
512 953 1612729 603357382
512 954 1615231 603357382
512 955 1611520 603357382
512 956 1613723 603357382
512 957 1613083 603357382
512 958 1611945 603357382
512 959 1611502 603357382
512 960 1611115 603357382
512 961 1614184 603357382
512 962 1614725 603357382
512 963 1613422 603357382
512 964 1609798 603357382
512 965 1613158 603357382
512 966 1614817 603357382
512 967 1612123 603357382
512 968 1611034 603357382
512 969 1620952 603357382
512 970 1610145 603357382
512 971 1610770 603357382
512 972 1609902 603357382
512 973 1616170 603357382
512 974 1611905 603357382
512 975 1613428 603357382
512 976 1614267 603357382
512 977 1612828 603357382
512 978 1612922 603357382
512 979 1611354 603357382
512 980 1615478 603357382
512 981 1611240 603357382
512 982 1613157 603357382
512 983 1608885 603357382
512 984 1614085 603357382
512 985 1615040 603357382
512 986 1609915 603357382
512 987 1611001 603357382
512 988 1615343 603357382
512 989 1614166 603357382
512 990 1611927 603357382
512 991 1611247 603357382
512 992 1613419 603357382
512 993 1609630 603357382
512 994 1609480 603357382
512 995 1611774 603357382
512 996 1614846 603357382
512 997 1615191 603357382
512 998 1609831 603357382
512 999 1614632 603357382
