512 0 297641 603357373
512 1 297471 603357373
512 2 297532 603357373
512 3 297519 603357373
512 4 297653 603357373
512 5 297583 603357373
512 6 297594 603357373
512 7 297701 603357373
512 8 297529 603357373
512 9 297533 603357373
512 10 297512 603357373
512 11 297603 603357373
512 12 297668 603357373
512 13 297547 603357373
512 14 297574 603357373
512 15 297523 603357373
512 16 297560 603357373
512 17 297598 603357373
512 18 297596 603357373
512 19 297724 603357373
512 20 297491 603357373
512 21 297649 603357373
512 22 297579 603357373
512 23 297521 603357373
512 24 297457 603357373
512 25 297587 603357373
512 26 297401 603357373
512 27 297684 603357373
512 28 297614 603357373
512 29 297656 603357373
512 30 297591 603357373
512 31 297738 603357373
512 32 297511 603357373
512 33 297628 603357373
512 34 297524 603357373
512 35 297630 603357373
512 36 297653 603357373
512 37 297585 603357373
512 38 297504 603357373
512 39 297525 603357373
512 40 297431 603357373
512 41 297571 603357373
512 42 297557 603357373
512 43 297418 603357373
512 44 297583 603357373
512 45 297438 603357373
512 46 297672 603357373
512 47 297679 603357373
512 48 297658 603357373
512 49 297659 603357373
512 50 297599 603357373
512 51 297557 603357373
512 52 297462 603357373
512 53 297551 603357373
512 54 297619 603357373
512 55 297589 603357373
512 56 297543 603357373
512 57 297593 603357373
512 58 297468 603357373
512 59 297565 603357373
512 60 297371 603357373
512 61 297494 603357373
512 62 297541 603357373
512 63 297567 603357373
512 64 297513 603357373
512 65 297576 603357373
512 66 297364 603357373
512 67 297516 603357373
512 68 297640 603357373
512 69 297615 603357373
512 70 297472 603357373
512 71 297619 603357373
512 72 297676 603357373
512 73 297596 603357373
512 74 297591 603357373
512 75 297525 603357373
512 76 297513 603357373
512 77 297504 603357373
512 78 297672 603357373
512 79 297588 603357373
512 80 297605 603357373
512 81 297571 603357373
512 82 297584 603357373
512 83 297636 603357373
512 84 297465 603357373
512 85 297584 603357373
512 86 297473 603357373
512 87 297557 603357373
512 88 297452 603357373
512 89 297542 603357373
512 90 297666 603357373
512 91 297475 603357373
512 92 297483 603357373
512 93 297633 603357373
512 94 297487 603357373
512 95 297572 603357373
512 96 297462 603357373
512 97 297515 603357373
512 98 297659 603357373
512 99 297644 603357373
512 100 297608 603357373
512 101 297476 603357373
512 102 297380 603357373
512 103 297716 603357373
512 104 297498 603357373
512 105 297465 603357373
512 106 297633 603357373
512 107 297689 603357373
512 108 297422 603357373
512 109 297626 603357373
512 110 297568 603357373
512 111 297666 603357373
512 112 297513 603357373
512 113 297606 603357373
512 114 297670 603357373
512 115 297557 603357373
512 116 297660 603357373
512 117 297722 603357373
512 118 297587 603357373
512 119 297683 603357373
512 120 297597 603357373
512 121 297608 603357373
512 122 297514 603357373
512 123 297544 603357373
512 124 297661 603357373
512 125 297727 603357373
512 126 297506 603357373
512 127 297653 603357373
512 128 297613 603357373
512 129 297592 603357373
512 130 297638 603357373
512 131 297693 603357373
512 132 297566 603357373
512 133 297660 603357373
512 134 297565 603357373
512 135 297624 603357373
512 136 297606 603357373
512 137 297643 603357373
512 138 297499 603357373
512 139 297548 603357373
512 140 297590 603357373
512 141 297691 603357373
512 142 297590 603357373
512 143 297599 603357373
512 144 297575 603357373
512 145 297514 603357373
512 146 297623 603357373
512 147 297604 603357373
512 148 297482 603357373
512 149 297416 603357373
512 150 297602 603357373
512 151 297717 603357373
512 152 297657 603357373
512 153 297512 603357373
512 154 297616 603357373
512 155 297434 603357373
512 156 297543 603357373
512 157 297485 603357373
512 158 297541 603357373
512 159 297611 603357373
512 160 297573 603357373
512 161 297534 603357373
512 162 297732 603357373
512 163 297548 603357373
512 164 297682 603357373
512 165 297432 603357373
512 166 297474 603357373
512 167 297587 603357373
512 168 297619 603357373
512 169 297516 603357373
512 170 297484 603357373
512 171 297593 603357373
512 172 297532 603357373
512 173 297510 603357373
512 174 297583 603357373
512 175 297574 603357373
512 176 297536 603357373
512 177 297548 603357373
512 178 297568 603357373
512 179 297533 603357373
512 180 297556 603357373
512 181 297559 603357373
512 182 297565 603357373
512 183 297500 603357373
512 184 297566 603357373
512 185 297533 603357373
512 186 297494 603357373
512 187 297585 603357373
512 188 297693 603357373
512 189 297571 603357373
512 190 297582 603357373
512 191 297447 603357373
512 192 297675 603357373
512 193 297574 603357373
512 194 297496 603357373
512 195 297547 603357373
512 196 297583 603357373
512 197 297689 603357373
512 198 297604 603357373
512 199 297587 603357373
512 200 297668 603357373
512 201 297544 603357373
512 202 297473 603357373
512 203 297567 603357373
512 204 297552 603357373
512 205 297613 603357373
512 206 297500 603357373
512 207 297487 603357373
512 208 297525 603357373
512 209 297605 603357373
512 210 297739 603357373
512 211 297585 603357373
512 212 297528 603357373
512 213 297566 603357373
512 214 297564 603357373
512 215 297491 603357373
512 216 297425 603357373
512 217 297666 603357373
512 218 297597 603357373
512 219 297668 603357373
512 220 297381 603357373
512 221 297610 603357373
512 222 297512 603357373
512 223 297451 603357373
512 224 297495 603357373
512 225 297616 603357373
512 226 297524 603357373
512 227 297541 603357373
512 228 297747 603357373
512 229 297481 603357373
512 230 297514 603357373
512 231 297416 603357373
512 232 297535 603357373
512 233 297563 603357373
512 234 297414 603357373
512 235 297601 603357373
512 236 297605 603357373
512 237 297542 603357373
512 238 297509 603357373
512 239 297604 603357373
512 240 297422 603357373
512 241 297577 603357373
512 242 297590 603357373
512 243 297552 603357373
512 244 297680 603357373
512 245 297506 603357373
512 246 297589 603357373
512 247 297537 603357373
512 248 297483 603357373
512 249 297587 603357373
512 250 297494 603357373
512 251 297642 603357373
512 252 297776 603357373
512 253 297474 603357373
512 254 297594 603357373
512 255 297535 603357373
512 256 297589 603357373
512 257 297510 603357373
512 258 297462 603357373
512 259 297503 603357373
512 260 297679 603357373
512 261 297579 603357373
512 262 297645 603357373
512 263 297498 603357373
512 264 297682 603357373
512 265 297408 603357373
512 266 297385 603357373
512 267 297514 603357373
512 268 297669 603357373
512 269 297515 603357373
512 270 297552 603357373
512 271 297511 603357373
512 272 297592 603357373
512 273 297668 603357373
512 274 297599 603357373
512 275 297643 603357373
512 276 297661 603357373
512 277 297665 603357373
512 278 297505 603357373
512 279 297629 603357373
512 280 297548 603357373
512 281 297534 603357373
512 282 297502 603357373
512 283 297565 603357373
512 284 297540 603357373
512 285 297539 603357373
512 286 297434 603357373
512 287 297503 603357373
512 288 297518 603357373
512 289 297467 603357373
512 290 297702 603357373
512 291 297600 603357373
512 292 297545 603357373
512 293 297683 603357373
512 294 297464 603357373
512 295 297659 603357373
512 296 297506 603357373
512 297 297566 603357373
512 298 297525 603357373
512 299 297489 603357373
512 300 297635 603357373
512 301 297521 603357373
512 302 297573 603357373
512 303 297613 603357373
512 304 297602 603357373
512 305 297653 603357373
512 306 297572 603357373
512 307 297501 603357373
512 308 297512 603357373
512 309 297658 603357373
512 310 297556 603357373
512 311 297449 603357373
512 312 297627 603357373
512 313 297683 603357373
512 314 297615 603357373
512 315 297514 603357373
512 316 297400 603357373
512 317 297544 603357373
512 318 297531 603357373
512 319 297590 603357373
512 320 297570 603357373
512 321 297493 603357373
512 322 297620 603357373
512 323 297599 603357373
512 324 297523 603357373
512 325 297499 603357373
512 326 297560 603357373
512 327 297451 603357373
512 328 297621 603357373
512 329 297614 603357373
512 330 297484 603357373
512 331 297547 603357373
512 332 297546 603357373
512 333 297743 603357373
512 334 297709 603357373
512 335 297554 603357373
512 336 297579 603357373
512 337 297720 603357373
512 338 297616 603357373
512 339 297649 603357373
512 340 297532 603357373
512 341 297564 603357373
512 342 297625 603357373
512 343 297736 603357373
512 344 297552 603357373
512 345 297538 603357373
512 346 297591 603357373
512 347 297540 603357373
512 348 297558 603357373
512 349 297609 603357373
512 350 297737 603357373
512 351 297534 603357373
512 352 297494 603357373
512 353 297520 603357373
512 354 297657 603357373
512 355 297496 603357373
512 356 297599 603357373
512 357 297628 603357373
512 358 297716 603357373
512 359 297663 603357373
512 360 297651 603357373
512 361 297668 603357373
512 362 297665 603357373
512 363 297558 603357373
512 364 297493 603357373
512 365 297577 603357373
512 366 297507 603357373
512 367 297611 603357373
512 368 297719 603357373
512 369 297558 603357373
512 370 297610 603357373
512 371 297576 603357373
512 372 297612 603357373
512 373 297646 603357373
512 374 297517 603357373
512 375 297561 603357373
512 376 297701 603357373
512 377 297627 603357373
512 378 297620 603357373
512 379 297602 603357373
512 380 297470 603357373
512 381 297684 603357373
512 382 297635 603357373
512 383 297503 603357373
512 384 297535 603357373
512 385 297487 603357373
512 386 297636 603357373
512 387 297400 603357373
512 388 297455 603357373
512 389 297632 603357373
512 390 297556 603357373
512 391 297439 603357373
512 392 297597 603357373
512 393 297473 603357373
512 394 297509 603357373
512 395 297503 603357373
512 396 297595 603357373
512 397 297578 603357373
512 398 297688 603357373
512 399 297425 603357373
512 400 297556 603357373
512 401 297644 603357373
512 402 297561 603357373
512 403 297483 603357373
512 404 297589 603357373
512 405 297765 603357373
512 406 297644 603357373
512 407 297484 603357373
512 408 297680 603357373
512 409 297534 603357373
512 410 297652 603357373
512 411 297620 603357373
512 412 297548 603357373
512 413 297622 603357373
512 414 297608 603357373
512 415 297578 603357373
512 416 297587 603357373
512 417 297619 603357373
512 418 297551 603357373
512 419 297425 603357373
512 420 297517 603357373
512 421 297571 603357373
512 422 297572 603357373
512 423 297671 603357373
512 424 297615 603357373
512 425 297515 603357373
512 426 297629 603357373
512 427 297572 603357373
512 428 297634 603357373
512 429 297582 603357373
512 430 297563 603357373
512 431 297553 603357373
512 432 297563 603357373
512 433 297574 603357373
512 434 297635 603357373
512 435 297531 603357373
512 436 297610 603357373
512 437 297523 603357373
512 438 297562 603357373
512 439 297493 603357373
512 440 297600 603357373
512 441 297644 603357373
512 442 297547 603357373
512 443 297605 603357373
512 444 297536 603357373
512 445 297581 603357373
512 446 297630 603357373
512 447 297606 603357373
512 448 297505 603357373
512 449 297648 603357373
512 450 297564 603357373
512 451 297543 603357373
512 452 297624 603357373
512 453 297598 603357373
512 454 297460 603357373
512 455 297504 603357373
512 456 297547 603357373
512 457 297597 603357373
512 458 297558 603357373
512 459 297626 603357373
512 460 297581 603357373
512 461 297565 603357373
512 462 297574 603357373
512 463 297673 603357373
512 464 297578 603357373
512 465 297744 603357373
512 466 297682 603357373
512 467 297646 603357373
512 468 297651 603357373
512 469 297547 603357373
512 470 297670 603357373
512 471 297475 603357373
512 472 297618 603357373
512 473 297663 603357373
512 474 297497 603357373
512 475 297618 603357373
512 476 297603 603357373
512 477 297508 603357373
512 478 297491 603357373
512 479 297475 603357373
512 480 297635 603357373
512 481 297601 603357373
512 482 297588 603357373
512 483 297680 603357373
512 484 297582 603357373
512 485 297733 603357373
512 486 297648 603357373
512 487 297677 603357373
512 488 297536 603357373
512 489 297569 603357373
512 490 297623 603357373
512 491 297531 603357373
512 492 297646 603357373
512 493 297599 603357373
512 494 297514 603357373
512 495 297609 603357373
512 496 297552 603357373
512 497 297665 603357373
512 498 297584 603357373
512 499 297666 603357373
512 500 297599 603357373
512 501 297611 603357373
512 502 297743 603357373
512 503 297588 603357373
512 504 297472 603357373
512 505 297536 603357373
512 506 297658 603357373
512 507 297552 603357373
512 508 297533 603357373
512 509 297479 603357373
512 510 297524 603357373
512 511 297485 603357373
512 512 297570 603357373
512 513 297549 603357373
512 514 297692 603357373
512 515 297659 603357373
512 516 297767 603357373
512 517 297612 603357373
512 518 297417 603357373
512 519 297628 603357373
512 520 297613 603357373
512 521 297433 603357373
512 522 297572 603357373
512 523 297590 603357373
512 524 297522 603357373
512 525 297598 603357373
512 526 297490 603357373
512 527 297538 603357373
512 528 297595 603357373
512 529 297531 603357373
512 530 297489 603357373
512 531 297547 603357373
512 532 297592 603357373
512 533 297617 603357373
512 534 297599 603357373
512 535 297646 603357373
512 536 297558 603357373
512 537 297528 603357373
512 538 297664 603357373
512 539 297658 603357373
512 540 297477 603357373
512 541 297611 603357373
512 542 297694 603357373
512 543 297500 603357373
512 544 297628 603357373
512 545 297441 603357373
512 546 297439 603357373
512 547 297597 603357373
512 548 297533 603357373
512 549 297557 603357373
512 550 297580 603357373
512 551 297535 603357373
512 552 297485 603357373
512 553 297703 603357373
512 554 297461 603357373
512 555 297677 603357373
512 556 297513 603357373
512 557 297578 603357373
512 558 297722 603357373
512 559 297611 603357373
512 560 297512 603357373
512 561 297530 603357373
512 562 297554 603357373
512 563 297573 603357373
512 564 297641 603357373
512 565 297558 603357373
512 566 297531 603357373
512 567 297637 603357373
512 568 297620 603357373
512 569 297654 603357373
512 570 297692 603357373
512 571 297567 603357373
512 572 297641 603357373
512 573 297555 603357373
512 574 297718 603357373
512 575 297552 603357373
512 576 297603 603357373
512 577 297580 603357373
512 578 297553 603357373
512 579 297636 603357373
512 580 297472 603357373
512 581 297536 603357373
512 582 297624 603357373
512 583 297557 603357373
512 584 297637 603357373
512 585 297573 603357373
512 586 297626 603357373
512 587 297570 603357373
512 588 297603 603357373
512 589 297635 603357373
512 590 297467 603357373
512 591 297652 603357373
512 592 297427 603357373
512 593 297484 603357373
512 594 297619 603357373
512 595 297655 603357373
512 596 297649 603357373
512 597 297605 603357373
512 598 297467 603357373
512 599 297538 603357373
512 600 297620 603357373
512 601 297644 603357373
512 602 297597 603357373
512 603 297556 603357373
512 604 297649 603357373
512 605 297538 603357373
512 606 297484 603357373
512 607 297682 603357373
512 608 297502 603357373
512 609 297520 603357373
512 610 297533 603357373
512 611 297570 603357373
512 612 297612 603357373
512 613 297686 603357373
512 614 297605 603357373
512 615 297626 603357373
512 616 297655 603357373
512 617 297601 603357373
512 618 297617 603357373
512 619 297647 603357373
512 620 297636 603357373
512 621 297640 603357373
512 622 297473 603357373
512 623 297511 603357373
512 624 297714 603357373
512 625 297667 603357373
512 626 297529 603357373
512 627 297562 603357373
512 628 297590 603357373
512 629 297547 603357373
512 630 297591 603357373
512 631 297571 603357373
512 632 297558 603357373
512 633 297518 603357373
512 634 297344 603357373
512 635 297526 603357373
512 636 297585 603357373
512 637 297567 603357373
512 638 297532 603357373
512 639 297561 603357373
512 640 297435 603357373
512 641 297630 603357373
512 642 297540 603357373
512 643 297477 603357373
512 644 297449 603357373
512 645 297540 603357373
512 646 297633 603357373
512 647 297504 603357373
512 648 297621 603357373
512 649 297534 603357373
512 650 297505 603357373
512 651 297508 603357373
512 652 297691 603357373
512 653 297561 603357373
512 654 297534 603357373
512 655 297540 603357373
512 656 297535 603357373
512 657 297468 603357373
512 658 297639 603357373
512 659 297598 603357373
512 660 297420 603357373
512 661 297654 603357373
512 662 297493 603357373
512 663 297520 603357373
512 664 297507 603357373
512 665 297644 603357373
512 666 297541 603357373
512 667 297477 603357373
512 668 297590 603357373
512 669 297398 603357373
512 670 297500 603357373
512 671 297517 603357373
512 672 297653 603357373
512 673 297561 603357373
512 674 297642 603357373
512 675 297500 603357373
512 676 297546 603357373
512 677 297608 603357373
512 678 297557 603357373
512 679 297595 603357373
512 680 297424 603357373
512 681 297545 603357373
512 682 297525 603357373
512 683 297594 603357373
512 684 297542 603357373
512 685 297600 603357373
512 686 297522 603357373
512 687 297566 603357373
512 688 297504 603357373
512 689 297650 603357373
512 690 297567 603357373
512 691 297520 603357373
512 692 297598 603357373
512 693 297624 603357373
512 694 297600 603357373
512 695 297642 603357373
512 696 297505 603357373
512 697 297541 603357373
512 698 297481 603357373
512 699 297540 603357373
512 700 297673 603357373
512 701 297533 603357373
512 702 297597 603357373
512 703 297612 603357373
512 704 297546 603357373
512 705 297635 603357373
512 706 297556 603357373
512 707 297562 603357373
512 708 297519 603357373
512 709 297646 603357373
512 710 297600 603357373
512 711 297529 603357373
512 712 297498 603357373
512 713 297584 603357373
512 714 297627 603357373
512 715 297390 603357373
512 716 297653 603357373
512 717 297599 603357373
512 718 297592 603357373
512 719 297506 603357373
512 720 297673 603357373
512 721 297534 603357373
512 722 297609 603357373
512 723 297504 603357373
512 724 297644 603357373
512 725 297550 603357373
512 726 297580 603357373
512 727 297633 603357373
512 728 297444 603357373
512 729 297468 603357373
512 730 297352 603357373
512 731 297543 603357373
512 732 297475 603357373
512 733 297480 603357373
512 734 297548 603357373
512 735 297557 603357373
512 736 297399 603357373
512 737 297644 603357373
512 738 297609 603357373
512 739 297431 603357373
512 740 297549 603357373
512 741 297452 603357373
512 742 297608 603357373
512 743 297640 603357373
512 744 297523 603357373
512 745 297580 603357373
512 746 297635 603357373
512 747 297605 603357373
512 748 297627 603357373
512 749 297661 603357373
512 750 297560 603357373
512 751 297537 603357373
512 752 297461 603357373
512 753 297667 603357373
512 754 297594 603357373
512 755 297633 603357373
512 756 297495 603357373
512 757 297600 603357373
512 758 297657 603357373
512 759 297476 603357373
512 760 297602 603357373
512 761 297510 603357373
512 762 297669 603357373
512 763 297529 603357373
512 764 297500 603357373
512 765 297620 603357373
512 766 297694 603357373
512 767 297641 603357373
512 768 297617 603357373
512 769 297566 603357373
512 770 297415 603357373
512 771 297608 603357373
512 772 297597 603357373
512 773 297618 603357373
512 774 297501 603357373
512 775 297589 603357373
512 776 297672 603357373
512 777 297573 603357373
512 778 297589 603357373
512 779 297648 603357373
512 780 297466 603357373
512 781 297609 603357373
512 782 297656 603357373
512 783 297691 603357373
512 784 297542 603357373
512 785 297552 603357373
512 786 297631 603357373
512 787 297676 603357373
512 788 297675 603357373
512 789 297425 603357373
512 790 297568 603357373
512 791 297453 603357373
512 792 297631 603357373
512 793 297606 603357373
512 794 297576 603357373
512 795 297581 603357373
512 796 297578 603357373
512 797 297725 603357373
512 798 297534 603357373
512 799 297707 603357373
512 800 297568 603357373
512 801 297591 603357373
512 802 297362 603357373
512 803 297628 603357373
512 804 297618 603357373
512 805 297521 603357373
512 806 297487 603357373
512 807 297659 603357373
512 808 297575 603357373
512 809 297444 603357373
512 810 297482 603357373
512 811 297669 603357373
512 812 297709 603357373
512 813 297605 603357373
512 814 297526 603357373
512 815 297578 603357373
512 816 297516 603357373
512 817 297495 603357373
512 818 297511 603357373
512 819 297630 603357373
512 820 297612 603357373
512 821 297592 603357373
512 822 297671 603357373
512 823 297562 603357373
512 824 297719 603357373
512 825 297423 603357373
512 826 297602 603357373
512 827 297548 603357373
512 828 297371 603357373
512 829 297551 603357373
512 830 297575 603357373
512 831 297458 603357373
512 832 297475 603357373
512 833 297436 603357373
512 834 297501 603357373
512 835 297575 603357373
512 836 297590 603357373
512 837 297462 603357373
512 838 297638 603357373
512 839 297443 603357373
512 840 297541 603357373
512 841 297606 603357373
512 842 297595 603357373
512 843 297595 603357373
512 844 297744 603357373
512 845 297664 603357373
512 846 297599 603357373
512 847 297468 603357373
512 848 297599 603357373
512 849 297448 603357373
512 850 297605 603357373
512 851 297612 603357373
512 852 297584 603357373
512 853 297537 603357373
512 854 297507 603357373
512 855 297487 603357373
512 856 297636 603357373
512 857 297509 603357373
512 858 297643 603357373
512 859 297482 603357373
512 860 297421 603357373
512 861 297561 603357373
512 862 297584 603357373
512 863 297515 603357373
512 864 297577 603357373
512 865 297418 603357373
512 866 297562 603357373
512 867 297637 603357373
512 868 297643 603357373
512 869 297481 603357373
512 870 297429 603357373
512 871 297643 603357373
512 872 297551 603357373
512 873 297467 603357373
512 874 297600 603357373
512 875 297594 603357373
512 876 297436 603357373
512 877 297569 603357373
512 878 297453 603357373
512 879 297606 603357373
512 880 297557 603357373
512 881 297488 603357373
512 882 297562 603357373
512 883 297332 603357373
512 884 297450 603357373
512 885 297453 603357373
512 886 297665 603357373
512 887 297497 603357373
512 888 297607 603357373
512 889 297551 603357373
512 890 297542 603357373
512 891 297554 603357373
512 892 297531 603357373
512 893 297437 603357373
512 894 297665 603357373
512 895 297579 603357373
512 896 297623 603357373
512 897 297472 603357373
512 898 297519 603357373
512 899 297685 603357373
512 900 297662 603357373
512 901 297581 603357373
512 902 297607 603357373
512 903 297683 603357373
512 904 297623 603357373
512 905 297514 603357373
512 906 297578 603357373
512 907 297599 603357373
512 908 297514 603357373
512 909 297673 603357373
512 910 297557 603357373
512 911 297506 603357373
512 912 297592 603357373
512 913 297420 603357373
512 914 297620 603357373
512 915 297471 603357373
512 916 297623 603357373
512 917 297593 603357373
512 918 297539 603357373
512 919 297569 603357373
512 920 297496 603357373
512 921 297683 603357373
512 922 297566 603357373
512 923 297615 603357373
512 924 297728 603357373
512 925 297535 603357373
512 926 297729 603357373
512 927 297611 603357373
512 928 297525 603357373
512 929 297533 603357373
512 930 297680 603357373
512 931 297475 603357373
512 932 297573 603357373
512 933 297496 603357373
512 934 297572 603357373
512 935 297508 603357373
512 936 297600 603357373
512 937 297569 603357373
512 938 297505 603357373
512 939 297701 603357373
512 940 297593 603357373
512 941 297526 603357373
512 942 297496 603357373
512 943 297559 603357373
512 944 297658 603357373
512 945 297657 603357373
512 946 297509 603357373
512 947 297471 603357373
512 948 297558 603357373
512 949 297493 603357373
512 950 297640 603357373
512 951 297663 603357373
512 952 297557 603357373
512 953 297513 603357373
512 954 297523 603357373
512 955 297547 603357373
512 956 297436 603357373
512 957 297579 603357373
512 958 297436 603357373
512 959 297520 603357373
512 960 297595 603357373
512 961 297496 603357373
512 962 297576 603357373
512 963 297474 603357373
512 964 297538 603357373
512 965 297690 603357373
512 966 297739 603357373
512 967 297683 603357373
512 968 297511 603357373
512 969 297765 603357373
512 970 297695 603357373
512 971 297526 603357373
512 972 297517 603357373
512 973 297480 603357373
512 974 297747 603357373
512 975 297700 603357373
512 976 297507 603357373
512 977 297667 603357373
512 978 297561 603357373
512 979 297569 603357373
512 980 297691 603357373
512 981 297587 603357373
512 982 297369 603357373
512 983 297517 603357373
512 984 297761 603357373
512 985 297665 603357373
512 986 297562 603357373
512 987 297569 603357373
512 988 297488 603357373
512 989 297629 603357373
512 990 297610 603357373
512 991 297465 603357373
512 992 297687 603357373
512 993 297469 603357373
512 994 297588 603357373
512 995 297594 603357373
512 996 297590 603357373
512 997 297688 603357373
512 998 297636 603357373
512 999 297649 603357373
