512 0 1630695 603357378
512 1 1631333 603357378
512 2 1629269 603357378
512 3 1630246 603357378
512 4 1630628 603357378
512 5 1630021 603357378
512 6 1631683 603357378
512 7 1631050 603357378
512 8 1629534 603357378
512 9 1630426 603357378
512 10 1629347 603357378
512 11 1630308 603357378
512 12 1631103 603357378
512 13 1629794 603357378
512 14 1630184 603357378
512 15 1630148 603357378
512 16 1631290 603357378
512 17 1630221 603357378
512 18 1630606 603357378
512 19 1631042 603357378
512 20 1631372 603357378
512 21 1629658 603357378
512 22 1630788 603357378
512 23 1629753 603357378
512 24 1629732 603357378
512 25 1630776 603357378
512 26 1631492 603357378
512 27 1630526 603357378
512 28 1631910 603357378
512 29 1631015 603357378
512 30 1631683 603357378
512 31 1630494 603357378
512 32 1629284 603357378
512 33 1630161 603357378
512 34 1629558 603357378
512 35 1630746 603357378
512 36 1630179 603357378
512 37 1629735 603357378
512 38 1630636 603357378
512 39 1629397 603357378
512 40 1629437 603357378
512 41 1628919 603357378
512 42 1631441 603357378
512 43 1630495 603357378
512 44 1631257 603357378
512 45 1629486 603357378
512 46 1630585 603357378
512 47 1632391 603357378
512 48 1631188 603357378
512 49 1632374 603357378
512 50 1629323 603357378
512 51 1631191 603357378
512 52 1630240 603357378
512 53 1630520 603357378
512 54 1631197 603357378
512 55 1630643 603357378
512 56 1628921 603357378
512 57 1629354 603357378
512 58 1630115 603357378
512 59 1630754 603357378
512 60 1629828 603357378
512 61 1630619 603357378
512 62 1630293 603357378
512 63 1629818 603357378
512 64 1629334 603357378
512 65 1628971 603357378
512 66 1629596 603357378
512 67 1630095 603357378
512 68 1631603 603357378
512 69 1630529 603357378
512 70 1629407 603357378
512 71 1631422 603357378
512 72 1630218 603357378
512 73 1631021 603357378
512 74 1630517 603357378
512 75 1630852 603357378
512 76 1631389 603357378
512 77 1631419 603357378
512 78 1630249 603357378
512 79 1629651 603357378
512 80 1629970 603357378
512 81 1630749 603357378
512 82 1629555 603357378
512 83 1630559 603357378
512 84 1629916 603357378
512 85 1631545 603357378
512 86 1632444 603357378
512 87 1631520 603357378
512 88 1629873 603357378
512 89 1631970 603357378
512 90 1631302 603357378
512 91 1630079 603357378
512 92 1631250 603357378
512 93 1629471 603357378
512 94 1630124 603357378
512 95 1630297 603357378
512 96 1629965 603357378
512 97 1631205 603357378
512 98 1629409 603357378
512 99 1631592 603357378
512 100 1632067 603357378
512 101 1630950 603357378
512 102 1630200 603357378
512 103 1632094 603357378
512 104 1630420 603357378
512 105 1629347 603357378
512 106 1630965 603357378
512 107 1631467 603357378
512 108 1630183 603357378
512 109 1630217 603357378
512 110 1630718 603357378
512 111 1630692 603357378
512 112 1630713 603357378
512 113 1631456 603357378
512 114 1631374 603357378
512 115 1631358 603357378
512 116 1629037 603357378
512 117 1628926 603357378
512 118 1631242 603357378
512 119 1630368 603357378
512 120 1629357 603357378
512 121 1629822 603357378
512 122 1629905 603357378
512 123 1631557 603357378
512 124 1629987 603357378
512 125 1629136 603357378
512 126 1632101 603357378
512 127 1630637 603357378
512 128 1631319 603357378
512 129 1631136 603357378
512 130 1629295 603357378
512 131 1629293 603357378
512 132 1629475 603357378
512 133 1630634 603357378
512 134 1630538 603357378
512 135 1631230 603357378
512 136 1630947 603357378
512 137 1629787 603357378
512 138 1629793 603357378
512 139 1629779 603357378
512 140 1630086 603357378
512 141 1631599 603357378
512 142 1629660 603357378
512 143 1630621 603357378
512 144 1631051 603357378
512 145 1629598 603357378
512 146 1629238 603357378
512 147 1630348 603357378
512 148 1629912 603357378
512 149 1631213 603357378
512 150 1629938 603357378
512 151 1629638 603357378
512 152 1631755 603357378
512 153 1630171 603357378
512 154 1631132 603357378
512 155 1630775 603357378
512 156 1631299 603357378
512 157 1629578 603357378
512 158 1630518 603357378
512 159 1630524 603357378
512 160 1631508 603357378
512 161 1631253 603357378
512 162 1630463 603357378
512 163 1631237 603357378
512 164 1629604 603357378
512 165 1630866 603357378
512 166 1630294 603357378
512 167 1630027 603357378
512 168 1631081 603357378
512 169 1630859 603357378
512 170 1630970 603357378
512 171 1629960 603357378
512 172 1629632 603357378
512 173 1628689 603357378
512 174 1629516 603357378
512 175 1629745 603357378
512 176 1630876 603357378
512 177 1630311 603357378
512 178 1631378 603357378
512 179 1629155 603357378
512 180 1629684 603357378
512 181 1630659 603357378
512 182 1630700 603357378
512 183 1630991 603357378
512 184 1630650 603357378
512 185 1631326 603357378
512 186 1629672 603357378
512 187 1630397 603357378
512 188 1631347 603357378
512 189 1629735 603357378
512 190 1630900 603357378
512 191 1630124 603357378
512 192 1630987 603357378
512 193 1630215 603357378
512 194 1630696 603357378
512 195 1629103 603357378
512 196 1630895 603357378
512 197 1630115 603357378
512 198 1630153 603357378
512 199 1631049 603357378
512 200 1631916 603357378
512 201 1631281 603357378
512 202 1630556 603357378
512 203 1629927 603357378
512 204 1631254 603357378
512 205 1630457 603357378
512 206 1631059 603357378
512 207 1628946 603357378
512 208 1630281 603357378
512 209 1629667 603357378
512 210 1630363 603357378
512 211 1630263 603357378
512 212 1630004 603357378
512 213 1630137 603357378
512 214 1630216 603357378
512 215 1629651 603357378
512 216 1630979 603357378
512 217 1631728 603357378
512 218 1632045 603357378
512 219 1630485 603357378
512 220 1631054 603357378
512 221 1629893 603357378
512 222 1630974 603357378
512 223 1629328 603357378
512 224 1631317 603357378
512 225 1629452 603357378
512 226 1631389 603357378
512 227 1630783 603357378
512 228 1631464 603357378
512 229 1630539 603357378
512 230 1630312 603357378
512 231 1630005 603357378
512 232 1629235 603357378
512 233 1630258 603357378
512 234 1629969 603357378
512 235 1630021 603357378
512 236 1630610 603357378
512 237 1630169 603357378
512 238 1630680 603357378
512 239 1629549 603357378
512 240 1631293 603357378
512 241 1631042 603357378
512 242 1629861 603357378
512 243 1630365 603357378
512 244 1629306 603357378
512 245 1628861 603357378
512 246 1629023 603357378
512 247 1629784 603357378
512 248 1631872 603357378
512 249 1631538 603357378
512 250 1630731 603357378
512 251 1631461 603357378
512 252 1629692 603357378
512 253 1630865 603357378
512 254 1630774 603357378
512 255 1630053 603357378
512 256 1631135 603357378
512 257 1630459 603357378
512 258 1630969 603357378
512 259 1630982 603357378
512 260 1630428 603357378
512 261 1629211 603357378
512 262 1630272 603357378
512 263 1629975 603357378
512 264 1628762 603357378
512 265 1630204 603357378
512 266 1631580 603357378
512 267 1629675 603357378
512 268 1629948 603357378
512 269 1631624 603357378
512 270 1629147 603357378
512 271 1630391 603357378
512 272 1629656 603357378
512 273 1629967 603357378
512 274 1629254 603357378
512 275 1629613 603357378
512 276 1630066 603357378
512 277 1630574 603357378
512 278 1631034 603357378
512 279 1630560 603357378
512 280 1630328 603357378
512 281 1629807 603357378
512 282 1629963 603357378
512 283 1630615 603357378
512 284 1630212 603357378
512 285 1630597 603357378
512 286 1630307 603357378
512 287 1631507 603357378
512 288 1630784 603357378
512 289 1631045 603357378
512 290 1629795 603357378
512 291 1629064 603357378
512 292 1631040 603357378
512 293 1629124 603357378
512 294 1629994 603357378
512 295 1630191 603357378
512 296 1630312 603357378
512 297 1631155 603357378
512 298 1631082 603357378
512 299 1629442 603357378
512 300 1632274 603357378
512 301 1630450 603357378
512 302 1629510 603357378
512 303 1629543 603357378
512 304 1629725 603357378
512 305 1629209 603357378
512 306 1631062 603357378
512 307 1629840 603357378
512 308 1630288 603357378
512 309 1629736 603357378
512 310 1630564 603357378
512 311 1631989 603357378
512 312 1631034 603357378
512 313 1630403 603357378
512 314 1629749 603357378
512 315 1629907 603357378
512 316 1631033 603357378
512 317 1631088 603357378
512 318 1630559 603357378
512 319 1630179 603357378
512 320 1629661 603357378
512 321 1630100 603357378
512 322 1630567 603357378
512 323 1633186 603357378
512 324 1632109 603357378
512 325 1630335 603357378
512 326 1629207 603357378
512 327 1630316 603357378
512 328 1630538 603357378
512 329 1630903 603357378
512 330 1631546 603357378
512 331 1628717 603357378
512 332 1631209 603357378
512 333 1630149 603357378
512 334 1629581 603357378
512 335 1629504 603357378
512 336 1630304 603357378
512 337 1631583 603357378
512 338 1630550 603357378
512 339 1631058 603357378
512 340 1630491 603357378
512 341 1630095 603357378
512 342 1631485 603357378
512 343 1630975 603357378
512 344 1631718 603357378
512 345 1630395 603357378
512 346 1629501 603357378
512 347 1631405 603357378
512 348 1628456 603357378
512 349 1630948 603357378
512 350 1629638 603357378
512 351 1631610 603357378
512 352 1629956 603357378
512 353 1629457 603357378
512 354 1630371 603357378
512 355 1629530 603357378
512 356 1630718 603357378
512 357 1630013 603357378
512 358 1631496 603357378
512 359 1628527 603357378
512 360 1630044 603357378
512 361 1630173 603357378
512 362 1629298 603357378
512 363 1629356 603357378
512 364 1630509 603357378
512 365 1629390 603357378
512 366 1628967 603357378
512 367 1627491 603357378
512 368 1631182 603357378
512 369 1630206 603357378
512 370 1630336 603357378
512 371 1631340 603357378
512 372 1630145 603357378
512 373 1629312 603357378
512 374 1629759 603357378
512 375 1631058 603357378
512 376 1630026 603357378
512 377 1630404 603357378
512 378 1630283 603357378
512 379 1630747 603357378
512 380 1630557 603357378
512 381 1632848 603357378
512 382 1630318 603357378
512 383 1629633 603357378
512 384 1631129 603357378
512 385 1629614 603357378
512 386 1630844 603357378
512 387 1631289 603357378
512 388 1630182 603357378
512 389 1628114 603357378
512 390 1629518 603357378
512 391 1630269 603357378
512 392 1629315 603357378
512 393 1630384 603357378
512 394 1631588 603357378
512 395 1629961 603357378
512 396 1631545 603357378
512 397 1629440 603357378
512 398 1630615 603357378
512 399 1630375 603357378
512 400 1630848 603357378
512 401 1630827 603357378
512 402 1630042 603357378
512 403 1629892 603357378
512 404 1630687 603357378
512 405 1630966 603357378
512 406 1630397 603357378
512 407 1629748 603357378
512 408 1629757 603357378
512 409 1628682 603357378
512 410 1631062 603357378
512 411 1630131 603357378
512 412 1630814 603357378
512 413 1630030 603357378
512 414 1630197 603357378
512 415 1631872 603357378
512 416 1630961 603357378
512 417 1631656 603357378
512 418 1631718 603357378
512 419 1630510 603357378
512 420 1629861 603357378
512 421 1630697 603357378
512 422 1631262 603357378
512 423 1631215 603357378
512 424 1630978 603357378
512 425 1631009 603357378
512 426 1631332 603357378
512 427 1629467 603357378
512 428 1631276 603357378
512 429 1630704 603357378
512 430 1629131 603357378
512 431 1631144 603357378
512 432 1629289 603357378
512 433 1629923 603357378
512 434 1629422 603357378
512 435 1629598 603357378
512 436 1630821 603357378
512 437 1632137 603357378
512 438 1630641 603357378
512 439 1630782 603357378
512 440 1629899 603357378
512 441 1629130 603357378
512 442 1629747 603357378
512 443 1629756 603357378
512 444 1630411 603357378
512 445 1629767 603357378
512 446 1630998 603357378
512 447 1628649 603357378
512 448 1630893 603357378
512 449 1631707 603357378
512 450 1631466 603357378
512 451 1630425 603357378
512 452 1630952 603357378
512 453 1629219 603357378
512 454 1631016 603357378
512 455 1630889 603357378
512 456 1630243 603357378
512 457 1630793 603357378
512 458 1630745 603357378
512 459 1631150 603357378
512 460 1629965 603357378
512 461 1631593 603357378
512 462 1630161 603357378
512 463 1629877 603357378
512 464 1630587 603357378
512 465 1629523 603357378
512 466 1629604 603357378
512 467 1629406 603357378
512 468 1630450 603357378
512 469 1629612 603357378
512 470 1628608 603357378
512 471 1631764 603357378
512 472 1631326 603357378
512 473 1631510 603357378
512 474 1631642 603357378
512 475 1631599 603357378
512 476 1631937 603357378
512 477 1629717 603357378
512 478 1630692 603357378
512 479 1631942 603357378
512 480 1630337 603357378
512 481 1631216 603357378
512 482 1630396 603357378
512 483 1630665 603357378
512 484 1631474 603357378
512 485 1630353 603357378
512 486 1630481 603357378
512 487 1631835 603357378
512 488 1630959 603357378
512 489 1630169 603357378
512 490 1630245 603357378
512 491 1629956 603357378
512 492 1629777 603357378
512 493 1630860 603357378
512 494 1629332 603357378
512 495 1631390 603357378
512 496 1628991 603357378
512 497 1630315 603357378
512 498 1630334 603357378
512 499 1629218 603357378
512 500 1630634 603357378
512 501 1631520 603357378
512 502 1628725 603357378
512 503 1630964 603357378
512 504 1630427 603357378
512 505 1629897 603357378
512 506 1630746 603357378
512 507 1629241 603357378
512 508 1630258 603357378
512 509 1630922 603357378
512 510 1629649 603357378
512 511 1629649 603357378
512 512 1629409 603357378
512 513 1630912 603357378
512 514 1629764 603357378
512 515 1630745 603357378
512 516 1630728 603357378
512 517 1630033 603357378
512 518 1629772 603357378
512 519 1630160 603357378
512 520 1631058 603357378
512 521 1630005 603357378
512 522 1631278 603357378
512 523 1630381 603357378
512 524 1630608 603357378
512 525 1631115 603357378
512 526 1631262 603357378
512 527 1629761 603357378
512 528 1631124 603357378
512 529 1628848 603357378
512 530 1630237 603357378
512 531 1630656 603357378
512 532 1630305 603357378
512 533 1629486 603357378
512 534 1631126 603357378
512 535 1631505 603357378
512 536 1630119 603357378
512 537 1629659 603357378
512 538 1629786 603357378
512 539 1629631 603357378
512 540 1629408 603357378
512 541 1629318 603357378
512 542 1630158 603357378
512 543 1631706 603357378
512 544 1631303 603357378
512 545 1631624 603357378
512 546 1631235 603357378
512 547 1629783 603357378
512 548 1630797 603357378
512 549 1629058 603357378
512 550 1629643 603357378
512 551 1631389 603357378
512 552 1631416 603357378
512 553 1630802 603357378
512 554 1630195 603357378
512 555 1632289 603357378
512 556 1631318 603357378
512 557 1630205 603357378
512 558 1629605 603357378
512 559 1630099 603357378
512 560 1630373 603357378
512 561 1630770 603357378
512 562 1628732 603357378
512 563 1628607 603357378
512 564 1629694 603357378
512 565 1630070 603357378
512 566 1629633 603357378
512 567 1630415 603357378
512 568 1631442 603357378
512 569 1629006 603357378
512 570 1629784 603357378
512 571 1630568 603357378
512 572 1630272 603357378
512 573 1630460 603357378
512 574 1629323 603357378
512 575 1628312 603357378
512 576 1630254 603357378
512 577 1629814 603357378
512 578 1631025 603357378
512 579 1630480 603357378
512 580 1629857 603357378
512 581 1630264 603357378
512 582 1630490 603357378
512 583 1630246 603357378
512 584 1630515 603357378
512 585 1629676 603357378
512 586 1631502 603357378
512 587 1629093 603357378
512 588 1629703 603357378
512 589 1630514 603357378
512 590 1630549 603357378
512 591 1630196 603357378
512 592 1631055 603357378
512 593 1630201 603357378
512 594 1631808 603357378
512 595 1630222 603357378
512 596 1629902 603357378
512 597 1631352 603357378
512 598 1630309 603357378
512 599 1630630 603357378
512 600 1630429 603357378
512 601 1630193 603357378
512 602 1629430 603357378
512 603 1630672 603357378
512 604 1628208 603357378
512 605 1630372 603357378
512 606 1630140 603357378
512 607 1628884 603357378
512 608 1631223 603357378
512 609 1631460 603357378
512 610 1629918 603357378
512 611 1629775 603357378
512 612 1630939 603357378
512 613 1631247 603357378
512 614 1630797 603357378
512 615 1628762 603357378
512 616 1629932 603357378
512 617 1629944 603357378
512 618 1630808 603357378
512 619 1631039 603357378
512 620 1629694 603357378
512 621 1629952 603357378
512 622 1630737 603357378
512 623 1631129 603357378
512 624 1631946 603357378
512 625 1629835 603357378
512 626 1629781 603357378
512 627 1631472 603357378
512 628 1631717 603357378
512 629 1629675 603357378
512 630 1629878 603357378
512 631 1629534 603357378
512 632 1630738 603357378
512 633 1630183 603357378
512 634 1629870 603357378
512 635 1631707 603357378
512 636 1631172 603357378
512 637 1629114 603357378
512 638 1630434 603357378
512 639 1631054 603357378
512 640 1631554 603357378
512 641 1630368 603357378
512 642 1628822 603357378
512 643 1629259 603357378
512 644 1631188 603357378
512 645 1630567 603357378
512 646 1629509 603357378
512 647 1631264 603357378
512 648 1629576 603357378
512 649 1629105 603357378
512 650 1631756 603357378
512 651 1630134 603357378
512 652 1629184 603357378
512 653 1630335 603357378
512 654 1631153 603357378
512 655 1628792 603357378
512 656 1631558 603357378
512 657 1632350 603357378
512 658 1630811 603357378
512 659 1629864 603357378
512 660 1632259 603357378
512 661 1630568 603357378
512 662 1630881 603357378
512 663 1629505 603357378
512 664 1631869 603357378
512 665 1630412 603357378
512 666 1630363 603357378
512 667 1630688 603357378
512 668 1632212 603357378
512 669 1630508 603357378
512 670 1630315 603357378
512 671 1630139 603357378
512 672 1630872 603357378
512 673 1630663 603357378
512 674 1629992 603357378
512 675 1631252 603357378
512 676 1631368 603357378
512 677 1630485 603357378
512 678 1629568 603357378
512 679 1629475 603357378
512 680 1631026 603357378
512 681 1631425 603357378
512 682 1630442 603357378
512 683 1630710 603357378
512 684 1629891 603357378
512 685 1631562 603357378
512 686 1631006 603357378
512 687 1632262 603357378
512 688 1629345 603357378
512 689 1630012 603357378
512 690 1629906 603357378
512 691 1630951 603357378
512 692 1630370 603357378
512 693 1631108 603357378
512 694 1631181 603357378
512 695 1631442 603357378
512 696 1631526 603357378
512 697 1631183 603357378
512 698 1630609 603357378
512 699 1630021 603357378
512 700 1631337 603357378
512 701 1631564 603357378
512 702 1630239 603357378
512 703 1631268 603357378
512 704 1629409 603357378
512 705 1630540 603357378
512 706 1631348 603357378
512 707 1629249 603357378
512 708 1630232 603357378
512 709 1631066 603357378
512 710 1631062 603357378
512 711 1629007 603357378
512 712 1630610 603357378
512 713 1630213 603357378
512 714 1630232 603357378
512 715 1630410 603357378
512 716 1629878 603357378
512 717 1630201 603357378
512 718 1631725 603357378
512 719 1629489 603357378
512 720 1631301 603357378
512 721 1627978 603357378
512 722 1629786 603357378
512 723 1630362 603357378
512 724 1630417 603357378
512 725 1630895 603357378
512 726 1628611 603357378
512 727 1629786 603357378
512 728 1631475 603357378
512 729 1629517 603357378
512 730 1629314 603357378
512 731 1628777 603357378
512 732 1629532 603357378
512 733 1628602 603357378
512 734 1631023 603357378
512 735 1630663 603357378
512 736 1629277 603357378
512 737 1632119 603357378
512 738 1629681 603357378
512 739 1630728 603357378
512 740 1630699 603357378
512 741 1631068 603357378
512 742 1629403 603357378
512 743 1629825 603357378
512 744 1630683 603357378
512 745 1630545 603357378
512 746 1630666 603357378
512 747 1630178 603357378
512 748 1630199 603357378
512 749 1629419 603357378
512 750 1629267 603357378
512 751 1630345 603357378
512 752 1629264 603357378
512 753 1630301 603357378
512 754 1632338 603357378
512 755 1630306 603357378
512 756 1630531 603357378
512 757 1630162 603357378
512 758 1628756 603357378
512 759 1630187 603357378
512 760 1632713 603357378
512 761 1628955 603357378
512 762 1630522 603357378
512 763 1630089 603357378
512 764 1630305 603357378
512 765 1631906 603357378
512 766 1630400 603357378
512 767 1629008 603357378
512 768 1632129 603357378
512 769 1628829 603357378
512 770 1630665 603357378
512 771 1630646 603357378
512 772 1629886 603357378
512 773 1630008 603357378
512 774 1631481 603357378
512 775 1630708 603357378
512 776 1630362 603357378
512 777 1631100 603357378
512 778 1630993 603357378
512 779 1629977 603357378
512 780 1629522 603357378
512 781 1631869 603357378
512 782 1629733 603357378
512 783 1629831 603357378
512 784 1630620 603357378
512 785 1631528 603357378
512 786 1630394 603357378
512 787 1630412 603357378
512 788 1629915 603357378
512 789 1629783 603357378
512 790 1630904 603357378
512 791 1629957 603357378
512 792 1631038 603357378
512 793 1631058 603357378
512 794 1630427 603357378
512 795 1630094 603357378
512 796 1630527 603357378
512 797 1630563 603357378
512 798 1630540 603357378
512 799 1628020 603357378
512 800 1630429 603357378
512 801 1631363 603357378
512 802 1630444 603357378
512 803 1630669 603357378
512 804 1630799 603357378
512 805 1631285 603357378
512 806 1629612 603357378
512 807 1630279 603357378
512 808 1630583 603357378
512 809 1629986 603357378
512 810 1629877 603357378
512 811 1630693 603357378
512 812 1630534 603357378
512 813 1630976 603357378
512 814 1631227 603357378
512 815 1630123 603357378
512 816 1630161 603357378
512 817 1631291 603357378
512 818 1630291 603357378
512 819 1629540 603357378
512 820 1630000 603357378
512 821 1628974 603357378
512 822 1629938 603357378
512 823 1631408 603357378
512 824 1630936 603357378
512 825 1629947 603357378
512 826 1630500 603357378
512 827 1629839 603357378
512 828 1630438 603357378
512 829 1631429 603357378
512 830 1630709 603357378
512 831 1629896 603357378
512 832 1629436 603357378
512 833 1629164 603357378
512 834 1631038 603357378
512 835 1630562 603357378
512 836 1629736 603357378
512 837 1629025 603357378
512 838 1630406 603357378
512 839 1630829 603357378
512 840 1629507 603357378
512 841 1629068 603357378
512 842 1629226 603357378
512 843 1631337 603357378
512 844 1628731 603357378
512 845 1630198 603357378
512 846 1628810 603357378
512 847 1630567 603357378
512 848 1629833 603357378
512 849 1630921 603357378
512 850 1629925 603357378
512 851 1630536 603357378
512 852 1629769 603357378
512 853 1631243 603357378
512 854 1629093 603357378
512 855 1629151 603357378
512 856 1631041 603357378
512 857 1630065 603357378
512 858 1630486 603357378
512 859 1630393 603357378
512 860 1629677 603357378
512 861 1629841 603357378
512 862 1630574 603357378
512 863 1630533 603357378
512 864 1629492 603357378
512 865 1628970 603357378
512 866 1630051 603357378
512 867 1629526 603357378
512 868 1631533 603357378
512 869 1630994 603357378
512 870 1630658 603357378
512 871 1630605 603357378
512 872 1631354 603357378
512 873 1630213 603357378
512 874 1631283 603357378
512 875 1631272 603357378
512 876 1629618 603357378
512 877 1628902 603357378
512 878 1630216 603357378
512 879 1629541 603357378
512 880 1629252 603357378
512 881 1631225 603357378
512 882 1630431 603357378
512 883 1629037 603357378
512 884 1629364 603357378
512 885 1632225 603357378
512 886 1631657 603357378
512 887 1628568 603357378
512 888 1629962 603357378
512 889 1629395 603357378
512 890 1629855 603357378
512 891 1629739 603357378
512 892 1629839 603357378
512 893 1631129 603357378
512 894 1630462 603357378
512 895 1632077 603357378
512 896 1631665 603357378
512 897 1630241 603357378
512 898 1629863 603357378
512 899 1631003 603357378
512 900 1631944 603357378
512 901 1629847 603357378
512 902 1629161 603357378
512 903 1631899 603357378
512 904 1630884 603357378
512 905 1630994 603357378
512 906 1632076 603357378
512 907 1631248 603357378
512 908 1629721 603357378
512 909 1630363 603357378
512 910 1629293 603357378
512 911 1629783 603357378
512 912 1630395 603357378
512 913 1629570 603357378
512 914 1630100 603357378
512 915 1629724 603357378
512 916 1630231 603357378
512 917 1630388 603357378
512 918 1629164 603357378
512 919 1633030 603357378
512 920 1631080 603357378
512 921 1630234 603357378
512 922 1629674 603357378
512 923 1631544 603357378
512 924 1629563 603357378
512 925 1630028 603357378
512 926 1629403 603357378
512 927 1630996 603357378
512 928 1631019 603357378
512 929 1630032 603357378
512 930 1630213 603357378
512 931 1629808 603357378
512 932 1631199 603357378
512 933 1631556 603357378
512 934 1631310 603357378
512 935 1630459 603357378
512 936 1629295 603357378
512 937 1628845 603357378
512 938 1629959 603357378
512 939 1631174 603357378
512 940 1629123 603357378
512 941 1631066 603357378
512 942 1629845 603357378
512 943 1629767 603357378
512 944 1631858 603357378
512 945 1629791 603357378
512 946 1629909 603357378
512 947 1631964 603357378
512 948 1631096 603357378
512 949 1630782 603357378
512 950 1629578 603357378
512 951 1629349 603357378
512 952 1630285 603357378
512 953 1632194 603357378
512 954 1630749 603357378
512 955 1628222 603357378
512 956 1630150 603357378
512 957 1629391 603357378
512 958 1630333 603357378
512 959 1630377 603357378
512 960 1630053 603357378
512 961 1632089 603357378
512 962 1629626 603357378
512 963 1631090 603357378
512 964 1629220 603357378
512 965 1629688 603357378
512 966 1629352 603357378
512 967 1632415 603357378
512 968 1631324 603357378
512 969 1631962 603357378
512 970 1629754 603357378
512 971 1630078 603357378
512 972 1631916 603357378
512 973 1630195 603357378
512 974 1631191 603357378
512 975 1630713 603357378
512 976 1629152 603357378
512 977 1630444 603357378
512 978 1629856 603357378
512 979 1631777 603357378
512 980 1630376 603357378
512 981 1630340 603357378
512 982 1629926 603357378
512 983 1631172 603357378
512 984 1628671 603357378
512 985 1631387 603357378
512 986 1629132 603357378
512 987 1630279 603357378
512 988 1632261 603357378
512 989 1632352 603357378
512 990 1629657 603357378
512 991 1631004 603357378
512 992 1629954 603357378
512 993 1630525 603357378
512 994 1629594 603357378
512 995 1631657 603357378
512 996 1630511 603357378
512 997 1631580 603357378
512 998 1631604 603357378
512 999 1630485 603357378
