256 0 410142 15860546
256 1 409800 15860546
256 2 409122 15860546
256 3 409722 15860546
256 4 410416 15860546
256 5 410240 15860546
256 6 409719 15860546
256 7 410188 15860546
256 8 410042 15860546
256 9 409959 15860546
256 10 410250 15860546
256 11 409880 15860546
256 12 409710 15860546
256 13 409847 15860546
256 14 410150 15860546
256 15 410131 15860546
256 16 409705 15860546
256 17 409831 15860546
256 18 410007 15860546
256 19 409589 15860546
256 20 410017 15860546
256 21 410252 15860546
256 22 409768 15860546
256 23 410090 15860546
256 24 409713 15860546
256 25 410139 15860546
256 26 409992 15860546
256 27 410583 15860546
256 28 409361 15860546
256 29 410357 15860546
256 30 410315 15860546
256 31 410139 15860546
256 32 410192 15860546
256 33 409019 15860546
256 34 409446 15860546
256 35 409684 15860546
256 36 410017 15860546
256 37 409663 15860546
256 38 409575 15860546
256 39 409289 15860546
256 40 410548 15860546
256 41 410044 15860546
256 42 409943 15860546
256 43 408965 15860546
256 44 410068 15860546
256 45 410071 15860546
256 46 410313 15860546
256 47 409341 15860546
256 48 409959 15860546
256 49 410013 15860546
256 50 409538 15860546
256 51 409267 15860546
256 52 410312 15860546
256 53 409550 15860546
256 54 409473 15860546
256 55 409652 15860546
256 56 409833 15860546
256 57 410253 15860546
256 58 409910 15860546
256 59 410352 15860546
256 60 410165 15860546
256 61 410162 15860546
256 62 409318 15860546
256 63 409334 15860546
256 64 409947 15860546
256 65 409989 15860546
256 66 409842 15860546
256 67 409533 15860546
256 68 410473 15860546
256 69 410045 15860546
256 70 410287 15860546
256 71 410406 15860546
256 72 409622 15860546
256 73 409398 15860546
256 74 409282 15860546
256 75 409930 15860546
256 76 410247 15860546
256 77 410464 15860546
256 78 409933 15860546
256 79 409730 15860546
256 80 409570 15860546
256 81 410139 15860546
256 82 409333 15860546
256 83 408820 15860546
256 84 409546 15860546
256 85 410420 15860546
256 86 409558 15860546
256 87 410298 15860546
256 88 410150 15860546
256 89 409606 15860546
256 90 409951 15860546
256 91 410009 15860546
256 92 410864 15860546
256 93 409649 15860546
256 94 410358 15860546
256 95 409347 15860546
256 96 409746 15860546
256 97 409239 15860546
256 98 409310 15860546
256 99 409673 15860546
256 100 410319 15860546
256 101 409966 15860546
256 102 409868 15860546
256 103 409608 15860546
256 104 410971 15860546
256 105 409429 15860546
256 106 409600 15860546
256 107 410357 15860546
256 108 409966 15860546
256 109 409601 15860546
256 110 409725 15860546
256 111 409565 15860546
256 112 410533 15860546
256 113 409637 15860546
256 114 410106 15860546
256 115 409818 15860546
256 116 410604 15860546
256 117 409347 15860546
256 118 409823 15860546
256 119 409852 15860546
256 120 409352 15860546
256 121 410334 15860546
256 122 409740 15860546
256 123 409407 15860546
256 124 409136 15860546
256 125 411011 15860546
256 126 409812 15860546
256 127 409549 15860546
256 128 409837 15860546
256 129 410342 15860546
256 130 409445 15860546
256 131 409692 15860546
256 132 409932 15860546
256 133 410771 15860546
256 134 410413 15860546
256 135 409718 15860546
256 136 409674 15860546
256 137 409895 15860546
256 138 410153 15860546
256 139 409982 15860546
256 140 410400 15860546
256 141 409791 15860546
256 142 409739 15860546
256 143 410452 15860546
256 144 410541 15860546
256 145 410068 15860546
256 146 409629 15860546
256 147 410280 15860546
256 148 408940 15860546
256 149 410007 15860546
256 150 409676 15860546
256 151 409865 15860546
256 152 409682 15860546
256 153 409466 15860546
256 154 409921 15860546
256 155 409198 15860546
256 156 410119 15860546
256 157 410345 15860546
256 158 409211 15860546
256 159 410058 15860546
256 160 409859 15860546
256 161 410770 15860546
256 162 409701 15860546
256 163 410102 15860546
256 164 409843 15860546
256 165 410047 15860546
256 166 410003 15860546
256 167 409825 15860546
256 168 410020 15860546
256 169 409147 15860546
256 170 409645 15860546
256 171 409677 15860546
256 172 409851 15860546
256 173 409664 15860546
256 174 409943 15860546
256 175 410610 15860546
256 176 410076 15860546
256 177 409386 15860546
256 178 409234 15860546
256 179 410156 15860546
256 180 409489 15860546
256 181 409540 15860546
256 182 409922 15860546
256 183 409513 15860546
256 184 409609 15860546
256 185 410525 15860546
256 186 410632 15860546
256 187 409922 15860546
256 188 410630 15860546
256 189 410169 15860546
256 190 411076 15860546
256 191 409962 15860546
256 192 409913 15860546
256 193 410083 15860546
256 194 409631 15860546
256 195 410595 15860546
256 196 410089 15860546
256 197 410253 15860546
256 198 410007 15860546
256 199 409820 15860546
256 200 410019 15860546
256 201 409597 15860546
256 202 410028 15860546
256 203 409718 15860546
256 204 409720 15860546
256 205 410100 15860546
256 206 409207 15860546
256 207 409701 15860546
256 208 409610 15860546
256 209 409798 15860546
256 210 409979 15860546
256 211 409723 15860546
256 212 409872 15860546
256 213 409227 15860546
256 214 410158 15860546
256 215 409727 15860546
256 216 410308 15860546
256 217 410075 15860546
256 218 409506 15860546
256 219 410014 15860546
256 220 409164 15860546
256 221 409991 15860546
256 222 410097 15860546
256 223 409257 15860546
256 224 409605 15860546
256 225 410290 15860546
256 226 409354 15860546
256 227 409644 15860546
256 228 409598 15860546
256 229 410042 15860546
256 230 410261 15860546
256 231 410000 15860546
256 232 409356 15860546
256 233 409835 15860546
256 234 409549 15860546
256 235 409541 15860546
256 236 410324 15860546
256 237 410374 15860546
256 238 409386 15860546
256 239 409615 15860546
256 240 410280 15860546
256 241 409571 15860546
256 242 410414 15860546
256 243 409530 15860546
256 244 410293 15860546
256 245 409477 15860546
256 246 409503 15860546
256 247 410685 15860546
256 248 409745 15860546
256 249 410459 15860546
256 250 409893 15860546
256 251 410345 15860546
256 252 409922 15860546
256 253 410494 15860546
256 254 410051 15860546
256 255 410438 15860546
256 256 409369 15860546
256 257 410055 15860546
256 258 409758 15860546
256 259 410178 15860546
256 260 410302 15860546
256 261 409684 15860546
256 262 409933 15860546
256 263 408970 15860546
256 264 410359 15860546
256 265 410252 15860546
256 266 409637 15860546
256 267 409995 15860546
256 268 410127 15860546
256 269 409854 15860546
256 270 410147 15860546
256 271 409722 15860546
256 272 409986 15860546
256 273 410303 15860546
256 274 410061 15860546
256 275 410204 15860546
256 276 410131 15860546
256 277 409620 15860546
256 278 409581 15860546
256 279 409866 15860546
256 280 410086 15860546
256 281 409818 15860546
256 282 409313 15860546
256 283 409416 15860546
256 284 410136 15860546
256 285 410406 15860546
256 286 410627 15860546
256 287 410206 15860546
256 288 409634 15860546
256 289 409933 15860546
256 290 410158 15860546
256 291 410075 15860546
256 292 409874 15860546
256 293 409922 15860546
256 294 409947 15860546
256 295 410044 15860546
256 296 409274 15860546
256 297 409936 15860546
256 298 409990 15860546
256 299 410559 15860546
256 300 409846 15860546
256 301 409877 15860546
256 302 410237 15860546
256 303 409727 15860546
256 304 409637 15860546
256 305 408974 15860546
256 306 409320 15860546
256 307 410289 15860546
256 308 409606 15860546
256 309 409949 15860546
256 310 409244 15860546
256 311 409304 15860546
256 312 410095 15860546
256 313 409721 15860546
256 314 410722 15860546
256 315 409539 15860546
256 316 409705 15860546
256 317 410323 15860546
256 318 410244 15860546
256 319 410336 15860546
256 320 409921 15860546
256 321 410621 15860546
256 322 409948 15860546
256 323 409631 15860546
256 324 409620 15860546
256 325 409780 15860546
256 326 410222 15860546
256 327 410744 15860546
256 328 409465 15860546
256 329 410013 15860546
256 330 409934 15860546
256 331 410312 15860546
256 332 410219 15860546
256 333 409828 15860546
256 334 409049 15860546
256 335 409542 15860546
256 336 409940 15860546
256 337 409585 15860546
256 338 409331 15860546
256 339 409314 15860546
256 340 409579 15860546
256 341 409613 15860546
256 342 409742 15860546
256 343 411346 15860546
256 344 409603 15860546
256 345 409978 15860546
256 346 409683 15860546
256 347 410589 15860546
256 348 410269 15860546
256 349 409523 15860546
256 350 409643 15860546
256 351 409489 15860546
256 352 410059 15860546
256 353 410657 15860546
256 354 410131 15860546
256 355 409748 15860546
256 356 410416 15860546
256 357 409235 15860546
256 358 410172 15860546
256 359 410427 15860546
256 360 410086 15860546
256 361 409986 15860546
256 362 410196 15860546
256 363 410303 15860546
256 364 409350 15860546
256 365 410239 15860546
256 366 410276 15860546
256 367 409304 15860546
256 368 409515 15860546
256 369 409449 15860546
256 370 409261 15860546
256 371 410524 15860546
256 372 409163 15860546
256 373 409674 15860546
256 374 409961 15860546
256 375 410519 15860546
256 376 409556 15860546
256 377 409734 15860546
256 378 409856 15860546
256 379 410211 15860546
256 380 409764 15860546
256 381 409486 15860546
256 382 409639 15860546
256 383 410278 15860546
256 384 410320 15860546
256 385 409505 15860546
256 386 409619 15860546
256 387 410184 15860546
256 388 409495 15860546
256 389 409899 15860546
256 390 409334 15860546
256 391 410043 15860546
256 392 410044 15860546
256 393 409626 15860546
256 394 410241 15860546
256 395 409792 15860546
256 396 409880 15860546
256 397 410091 15860546
256 398 409711 15860546
256 399 409770 15860546
256 400 409779 15860546
256 401 409590 15860546
256 402 409769 15860546
256 403 410188 15860546
256 404 409624 15860546
256 405 409464 15860546
256 406 410101 15860546
256 407 410809 15860546
256 408 409362 15860546
256 409 410217 15860546
256 410 409306 15860546
256 411 409694 15860546
256 412 409559 15860546
256 413 409900 15860546
256 414 409475 15860546
256 415 410014 15860546
256 416 410220 15860546
256 417 410361 15860546
256 418 409841 15860546
256 419 409577 15860546
256 420 409145 15860546
256 421 409733 15860546
256 422 409794 15860546
256 423 409319 15860546
256 424 409857 15860546
256 425 410121 15860546
256 426 410234 15860546
256 427 410487 15860546
256 428 410045 15860546
256 429 410225 15860546
256 430 409755 15860546
256 431 410123 15860546
256 432 409469 15860546
256 433 410206 15860546
256 434 409212 15860546
256 435 409889 15860546
256 436 409364 15860546
256 437 409822 15860546
256 438 410831 15860546
256 439 410260 15860546
256 440 410439 15860546
256 441 410378 15860546
256 442 409637 15860546
256 443 410117 15860546
256 444 409782 15860546
256 445 408957 15860546
256 446 409350 15860546
256 447 409939 15860546
256 448 409424 15860546
256 449 409783 15860546
256 450 409582 15860546
256 451 409879 15860546
256 452 410220 15860546
256 453 409878 15860546
256 454 409809 15860546
256 455 410088 15860546
256 456 409842 15860546
256 457 409559 15860546
256 458 409875 15860546
256 459 410232 15860546
256 460 409500 15860546
256 461 409661 15860546
256 462 409518 15860546
256 463 410208 15860546
256 464 411053 15860546
256 465 409946 15860546
256 466 409414 15860546
256 467 410386 15860546
256 468 409516 15860546
256 469 409930 15860546
256 470 409864 15860546
256 471 410293 15860546
256 472 410131 15860546
256 473 410337 15860546
256 474 410578 15860546
256 475 409910 15860546
256 476 410119 15860546
256 477 410173 15860546
256 478 409083 15860546
256 479 409899 15860546
256 480 410427 15860546
256 481 410166 15860546
256 482 409646 15860546
256 483 409117 15860546
256 484 410393 15860546
256 485 410852 15860546
256 486 410583 15860546
256 487 409952 15860546
256 488 409863 15860546
256 489 410449 15860546
256 490 409718 15860546
256 491 410457 15860546
256 492 409818 15860546
256 493 409623 15860546
256 494 408987 15860546
256 495 409807 15860546
256 496 409615 15860546
256 497 409880 15860546
256 498 410569 15860546
256 499 409658 15860546
256 500 409435 15860546
256 501 409829 15860546
256 502 410204 15860546
256 503 409985 15860546
256 504 408818 15860546
256 505 409647 15860546
256 506 409964 15860546
256 507 409893 15860546
256 508 410258 15860546
256 509 409852 15860546
256 510 409709 15860546
256 511 409841 15860546
256 512 409821 15860546
256 513 409921 15860546
256 514 409328 15860546
256 515 410055 15860546
256 516 410082 15860546
256 517 410411 15860546
256 518 410138 15860546
256 519 410291 15860546
256 520 409914 15860546
256 521 409937 15860546
256 522 409969 15860546
256 523 409298 15860546
256 524 410055 15860546
256 525 410211 15860546
256 526 409927 15860546
256 527 410141 15860546
256 528 409721 15860546
256 529 409510 15860546
256 530 409430 15860546
256 531 409080 15860546
256 532 410879 15860546
256 533 410581 15860546
256 534 409977 15860546
256 535 409893 15860546
256 536 409276 15860546
256 537 409825 15860546
256 538 410047 15860546
256 539 409743 15860546
256 540 410091 15860546
256 541 409537 15860546
256 542 409575 15860546
256 543 409394 15860546
256 544 409936 15860546
256 545 409530 15860546
256 546 410431 15860546
256 547 409320 15860546
256 548 409263 15860546
256 549 409179 15860546
256 550 410059 15860546
256 551 410716 15860546
256 552 409893 15860546
256 553 409925 15860546
256 554 410106 15860546
256 555 409776 15860546
256 556 409974 15860546
256 557 410325 15860546
256 558 410168 15860546
256 559 409746 15860546
256 560 409410 15860546
256 561 409779 15860546
256 562 409964 15860546
256 563 410348 15860546
256 564 409911 15860546
256 565 408667 15860546
256 566 410395 15860546
256 567 410304 15860546
256 568 409792 15860546
256 569 409698 15860546
256 570 409977 15860546
256 571 410075 15860546
256 572 410001 15860546
256 573 409987 15860546
256 574 409745 15860546
256 575 410117 15860546
256 576 409363 15860546
256 577 410152 15860546
256 578 409815 15860546
256 579 409667 15860546
256 580 410583 15860546
256 581 410397 15860546
256 582 410066 15860546
256 583 410074 15860546
256 584 410131 15860546
256 585 409159 15860546
256 586 409720 15860546
256 587 409955 15860546
256 588 410288 15860546
256 589 409820 15860546
256 590 410556 15860546
256 591 409748 15860546
256 592 409573 15860546
256 593 409854 15860546
256 594 409958 15860546
256 595 409805 15860546
256 596 410052 15860546
256 597 409145 15860546
256 598 410286 15860546
256 599 410098 15860546
256 600 409372 15860546
256 601 409253 15860546
256 602 409081 15860546
256 603 410617 15860546
256 604 410276 15860546
256 605 410265 15860546
256 606 410013 15860546
256 607 409252 15860546
256 608 409829 15860546
256 609 409748 15860546
256 610 410517 15860546
256 611 409739 15860546
256 612 409363 15860546
256 613 409919 15860546
256 614 409715 15860546
256 615 409810 15860546
256 616 409677 15860546
256 617 410138 15860546
256 618 410033 15860546
256 619 409372 15860546
256 620 409943 15860546
256 621 410118 15860546
256 622 410083 15860546
256 623 410100 15860546
256 624 409662 15860546
256 625 410178 15860546
256 626 410016 15860546
256 627 409829 15860546
256 628 410698 15860546
256 629 409662 15860546
256 630 409816 15860546
256 631 409537 15860546
256 632 409396 15860546
256 633 409249 15860546
256 634 410178 15860546
256 635 409935 15860546
256 636 410245 15860546
256 637 409799 15860546
256 638 410316 15860546
256 639 409788 15860546
256 640 409576 15860546
256 641 409862 15860546
256 642 410193 15860546
256 643 409800 15860546
256 644 409208 15860546
256 645 409513 15860546
256 646 409195 15860546
256 647 409953 15860546
256 648 410386 15860546
256 649 409855 15860546
256 650 410386 15860546
256 651 409576 15860546
256 652 409710 15860546
256 653 410186 15860546
256 654 409088 15860546
256 655 409705 15860546
256 656 409081 15860546
256 657 409926 15860546
256 658 409078 15860546
256 659 409781 15860546
256 660 410041 15860546
256 661 410187 15860546
256 662 410353 15860546
256 663 410380 15860546
256 664 409236 15860546
256 665 409707 15860546
256 666 409599 15860546
256 667 409322 15860546
256 668 409534 15860546
256 669 409934 15860546
256 670 409745 15860546
256 671 409996 15860546
256 672 410274 15860546
256 673 410027 15860546
256 674 410279 15860546
256 675 410274 15860546
256 676 409247 15860546
256 677 409911 15860546
256 678 410048 15860546
256 679 409589 15860546
256 680 410091 15860546
256 681 409785 15860546
256 682 409430 15860546
256 683 410154 15860546
256 684 409463 15860546
256 685 409727 15860546
256 686 409621 15860546
256 687 410006 15860546
256 688 409670 15860546
256 689 410389 15860546
256 690 409920 15860546
256 691 410106 15860546
256 692 409705 15860546
256 693 410204 15860546
256 694 410559 15860546
256 695 410182 15860546
256 696 409377 15860546
256 697 408717 15860546
256 698 409751 15860546
256 699 409580 15860546
256 700 409034 15860546
256 701 409461 15860546
256 702 410154 15860546
256 703 409661 15860546
256 704 410256 15860546
256 705 409866 15860546
256 706 410490 15860546
256 707 409419 15860546
256 708 409870 15860546
256 709 410521 15860546
256 710 409694 15860546
256 711 410530 15860546
256 712 410036 15860546
256 713 410479 15860546
256 714 410161 15860546
256 715 410565 15860546
256 716 408930 15860546
256 717 410508 15860546
256 718 409799 15860546
256 719 409572 15860546
256 720 409951 15860546
256 721 410438 15860546
256 722 410254 15860546
256 723 410633 15860546
256 724 410152 15860546
256 725 410134 15860546
256 726 410509 15860546
256 727 409987 15860546
256 728 410140 15860546
256 729 409223 15860546
256 730 410219 15860546
256 731 410270 15860546
256 732 410156 15860546
256 733 410614 15860546
256 734 410387 15860546
256 735 409905 15860546
256 736 411074 15860546
256 737 409698 15860546
256 738 410292 15860546
256 739 409674 15860546
256 740 409313 15860546
256 741 410111 15860546
256 742 410486 15860546
256 743 409781 15860546
256 744 409676 15860546
256 745 409572 15860546
256 746 409137 15860546
256 747 410101 15860546
256 748 409468 15860546
256 749 410459 15860546
256 750 410188 15860546
256 751 410142 15860546
256 752 410280 15860546
256 753 408967 15860546
256 754 409662 15860546
256 755 409685 15860546
256 756 410437 15860546
256 757 409802 15860546
256 758 409959 15860546
256 759 410208 15860546
256 760 410321 15860546
256 761 410096 15860546
256 762 409828 15860546
256 763 410011 15860546
256 764 409764 15860546
256 765 409998 15860546
256 766 410111 15860546
256 767 410092 15860546
256 768 408948 15860546
256 769 410718 15860546
256 770 409825 15860546
256 771 410280 15860546
256 772 409582 15860546
256 773 410616 15860546
256 774 409188 15860546
256 775 409227 15860546
256 776 409068 15860546
256 777 409581 15860546
256 778 409400 15860546
256 779 410517 15860546
256 780 410599 15860546
256 781 410268 15860546
256 782 410417 15860546
256 783 409969 15860546
256 784 410260 15860546
256 785 410481 15860546
256 786 409304 15860546
256 787 410572 15860546
256 788 409693 15860546
256 789 410440 15860546
256 790 409955 15860546
256 791 409981 15860546
256 792 409774 15860546
256 793 409838 15860546
256 794 409636 15860546
256 795 409993 15860546
256 796 409489 15860546
256 797 410129 15860546
256 798 409991 15860546
256 799 409807 15860546
256 800 410428 15860546
256 801 410318 15860546
256 802 409461 15860546
256 803 410473 15860546
256 804 410524 15860546
256 805 409818 15860546
256 806 408910 15860546
256 807 409656 15860546
256 808 410737 15860546
256 809 409870 15860546
256 810 410188 15860546
256 811 409534 15860546
256 812 410073 15860546
256 813 410369 15860546
256 814 409970 15860546
256 815 408907 15860546
256 816 410067 15860546
256 817 410112 15860546
256 818 409981 15860546
256 819 410604 15860546
256 820 410216 15860546
256 821 410426 15860546
256 822 409544 15860546
256 823 409338 15860546
256 824 409925 15860546
256 825 409717 15860546
256 826 409501 15860546
256 827 409875 15860546
256 828 410509 15860546
256 829 410034 15860546
256 830 409866 15860546
256 831 409321 15860546
256 832 410251 15860546
256 833 409783 15860546
256 834 409528 15860546
256 835 409927 15860546
256 836 410049 15860546
256 837 409750 15860546
256 838 410088 15860546
256 839 410356 15860546
256 840 409549 15860546
256 841 410271 15860546
256 842 410425 15860546
256 843 409760 15860546
256 844 409876 15860546
256 845 409556 15860546
256 846 410163 15860546
256 847 410117 15860546
256 848 409854 15860546
256 849 410230 15860546
256 850 410113 15860546
256 851 410229 15860546
256 852 409876 15860546
256 853 409636 15860546
256 854 409795 15860546
256 855 410165 15860546
256 856 409930 15860546
256 857 408648 15860546
256 858 410370 15860546
256 859 409798 15860546
256 860 409952 15860546
256 861 409729 15860546
256 862 410230 15860546
256 863 409661 15860546
256 864 409934 15860546
256 865 409807 15860546
256 866 410106 15860546
256 867 409834 15860546
256 868 410124 15860546
256 869 410119 15860546
256 870 409388 15860546
256 871 409604 15860546
256 872 409282 15860546
256 873 410203 15860546
256 874 409874 15860546
256 875 409659 15860546
256 876 409599 15860546
256 877 409827 15860546
256 878 410206 15860546
256 879 409432 15860546
256 880 410080 15860546
256 881 409956 15860546
256 882 410208 15860546
256 883 409898 15860546
256 884 409493 15860546
256 885 409879 15860546
256 886 409529 15860546
256 887 410546 15860546
256 888 410290 15860546
256 889 410496 15860546
256 890 409668 15860546
256 891 409826 15860546
256 892 410287 15860546
256 893 410815 15860546
256 894 410075 15860546
256 895 409180 15860546
256 896 409885 15860546
256 897 409438 15860546
256 898 408596 15860546
256 899 409903 15860546
256 900 409707 15860546
256 901 409628 15860546
256 902 410278 15860546
256 903 409611 15860546
256 904 410238 15860546
256 905 410122 15860546
256 906 410072 15860546
256 907 409868 15860546
256 908 410192 15860546
256 909 409535 15860546
256 910 410239 15860546
256 911 409198 15860546
256 912 409383 15860546
256 913 409579 15860546
256 914 411067 15860546
256 915 409468 15860546
256 916 409610 15860546
256 917 410312 15860546
256 918 409945 15860546
256 919 409921 15860546
256 920 410634 15860546
256 921 409660 15860546
256 922 410792 15860546
256 923 409244 15860546
256 924 409507 15860546
256 925 410487 15860546
256 926 409932 15860546
256 927 409587 15860546
256 928 409887 15860546
256 929 410222 15860546
256 930 410456 15860546
256 931 410210 15860546
256 932 410017 15860546
256 933 410429 15860546
256 934 409525 15860546
256 935 410321 15860546
256 936 409878 15860546
256 937 409609 15860546
256 938 410370 15860546
256 939 409526 15860546
256 940 410281 15860546
256 941 410185 15860546
256 942 409664 15860546
256 943 409452 15860546
256 944 410299 15860546
256 945 409878 15860546
256 946 410061 15860546
256 947 409682 15860546
256 948 409969 15860546
256 949 410299 15860546
256 950 410001 15860546
256 951 409633 15860546
256 952 410077 15860546
256 953 411029 15860546
256 954 409592 15860546
256 955 409397 15860546
256 956 409801 15860546
256 957 409879 15860546
256 958 409357 15860546
256 959 409848 15860546
256 960 409280 15860546
256 961 409901 15860546
256 962 410260 15860546
256 963 410422 15860546
256 964 409116 15860546
256 965 410051 15860546
256 966 409982 15860546
256 967 409789 15860546
256 968 410256 15860546
256 969 409536 15860546
256 970 410659 15860546
256 971 409688 15860546
256 972 409883 15860546
256 973 409607 15860546
256 974 409644 15860546
256 975 409614 15860546
256 976 409722 15860546
256 977 409825 15860546
256 978 409841 15860546
256 979 410817 15860546
256 980 410323 15860546
256 981 409209 15860546
256 982 409772 15860546
256 983 409824 15860546
256 984 410018 15860546
256 985 409747 15860546
256 986 410361 15860546
256 987 410190 15860546
256 988 409937 15860546
256 989 409643 15860546
256 990 409589 15860546
256 991 410241 15860546
256 992 409658 15860546
256 993 410642 15860546
256 994 409837 15860546
256 995 409599 15860546
256 996 410282 15860546
256 997 409738 15860546
256 998 410565 15860546
256 999 409472 15860546
