256 0 1805338 15860752
256 1 1668587 15860752
256 2 1643251 15860752
256 3 1627853 15860752
256 4 1584983 15860752
256 5 1627778 15860752
256 6 1620197 15860752
256 7 1592987 15860752
256 8 1623271 15860752
256 9 1635562 15860752
256 10 1577657 15860752
256 11 1622177 15860752
256 12 1620838 15860752
256 13 1599958 15860752
256 14 1624438 15860752
256 15 1583579 15860752
256 16 1627267 15860752
256 17 1622075 15860752
256 18 1580763 15860752
256 19 1633574 15860752
256 20 1620636 15860752
256 21 1577605 15860752
256 22 1633238 15860752
256 23 1627738 15860752
256 24 1578459 15860752
256 25 1630331 15860752
256 26 1615450 15860752
256 27 1601394 15860752
256 28 1615547 15860752
256 29 1589277 15860752
256 30 1632161 15860752
256 31 1623597 15860752
256 32 1611547 15860752
256 33 1605700 15860752
256 34 1614921 15860752
256 35 1590278 15860752
256 36 1624827 15860752
256 37 1630281 15860752
256 38 1570955 15860752
256 39 1636868 15860752
256 40 1631844 15860752
256 41 1563379 15860752
256 42 1624186 15860752
256 43 1589294 15860752
256 44 1621839 15860752
256 45 1622920 15860752
256 46 1613720 15860752
256 47 1611264 15860752
256 48 1615072 15860752
256 49 1590840 15860752
256 50 1631980 15860752
256 51 1627307 15860752
256 52 1576870 15860752
256 53 1633079 15860752
256 54 1638063 15860752
256 55 1565201 15860752
256 56 1621292 15860752
256 57 1592187 15860752
256 58 1619218 15860752
256 59 1624786 15860752
256 60 1612173 15860752
256 61 1610979 15860752
256 62 1610896 15860752
256 63 1588905 15860752
256 64 1619419 15860752
256 65 1628938 15860752
256 66 1570489 15860752
256 67 1637542 15860752
256 68 1612003 15860752
256 69 1592465 15860752
256 70 1621707 15860752
256 71 1589646 15860752
256 72 1629900 15860752
256 73 1622270 15860752
256 74 1589161 15860752
256 75 1621367 15860752
256 76 1627940 15860752
256 77 1563740 15860752
256 78 1631787 15860752
256 79 1629938 15860752
256 80 1573635 15860752
256 81 1634374 15860752
256 82 1617806 15860752
256 83 1597833 15860752
256 84 1621050 15860752
256 85 1585921 15860752
256 86 1631148 15860752
256 87 1621584 15860752
256 88 1611080 15860752
256 89 1609876 15860752
256 90 1621437 15860752
256 91 1582477 15860752
256 92 1618674 15860752
256 93 1627736 15860752
256 94 1569739 15860752
256 95 1641492 15860752
256 96 1613683 15860752
256 97 1580704 15860752
256 98 1628466 15860752
256 99 1588711 15860752
256 100 1626638 15860752
256 101 1624662 15860752
256 102 1615751 15860752
256 103 1607952 15860752
256 104 1617552 15860752
256 105 1583071 15860752
256 106 1618825 15860752
256 107 1629275 15860752
256 108 1570819 15860752
256 109 1642652 15860752
256 110 1611817 15860752
256 111 1595173 15860752
256 112 1616618 15860752
256 113 1593010 15860752
256 114 1629420 15860752
256 115 1625758 15860752
256 116 1606283 15860752
256 117 1608470 15860752
256 118 1621475 15860752
256 119 1584521 15860752
256 120 1620170 15860752
256 121 1630282 15860752
256 122 1568364 15860752
256 123 1642469 15860752
256 124 1615045 15860752
256 125 1583197 15860752
256 126 1623934 15860752
256 127 1590405 15860752
256 128 1623113 15860752
256 129 1622510 15860752
256 130 1615007 15860752
256 131 1610946 15860752
256 132 1612778 15860752
256 133 1590554 15860752
256 134 1635930 15860752
256 135 1627305 15860752
256 136 1571918 15860752
256 137 1636596 15860752
256 138 1626538 15860752
256 139 1581620 15860752
256 140 1611977 15860752
256 141 1615140 15860752
256 142 1597975 15860752
256 143 1639613 15860752
256 144 1613508 15860752
256 145 1595776 15860752
256 146 1611496 15860752
256 147 1582978 15860752
256 148 1634474 15860752
256 149 1626764 15860752
256 150 1568692 15860752
256 151 1642494 15860752
256 152 1617384 15860752
256 153 1586026 15860752
256 154 1611285 15860752
256 155 1623943 15860752
256 156 1600592 15860752
256 157 1620031 15860752
256 158 1642082 15860752
256 159 1572680 15860752
256 160 1623608 15860752
256 161 1599948 15860752
256 162 1606882 15860752
256 163 1636959 15860752
256 164 1568825 15860752
256 165 1634837 15860752
256 166 1621948 15860752
256 167 1585970 15860752
256 168 1625054 15860752
256 169 1621384 15860752
256 170 1598101 15860752
256 171 1622756 15860752
256 172 1633251 15860752
256 173 1577846 15860752
256 174 1617067 15860752
256 175 1586629 15860752
256 176 1619213 15860752
256 177 1629251 15860752
256 178 1569628 15860752
256 179 1642329 15860752
256 180 1618713 15860752
256 181 1586929 15860752
256 182 1622195 15860752
256 183 1619487 15860752
256 184 1594260 15860752
256 185 1629825 15860752
256 186 1631364 15860752
256 187 1574835 15860752
256 188 1627561 15860752
256 189 1619072 15860752
256 190 1603625 15860752
256 191 1622468 15860752
256 192 1582205 15860752
256 193 1622870 15860752
256 194 1623751 15860752
256 195 1580426 15860752
256 196 1630231 15860752
256 197 1625551 15860752
256 198 1568677 15860752
256 199 1641601 15860752
256 200 1630987 15860752
256 201 1574586 15860752
256 202 1632526 15860752
256 203 1618961 15860752
256 204 1599377 15860752
256 205 1616952 15860752
256 206 1591626 15860752
256 207 1631526 15860752
256 208 1623522 15860752
256 209 1592021 15860752
256 210 1621069 15860752
256 211 1631119 15860752
256 212 1562942 15860752
256 213 1632080 15860752
256 214 1630377 15860752
256 215 1571971 15860752
256 216 1639131 15860752
256 217 1616613 15860752
256 218 1585884 15860752
256 219 1624970 15860752
256 220 1588791 15860752
256 221 1630705 15860752
256 222 1624908 15860752
256 223 1609352 15860752
256 224 1610398 15860752
256 225 1619833 15860752
256 226 1582218 15860752
256 227 1617453 15860752
256 228 1627552 15860752
256 229 1571136 15860752
256 230 1641646 15860752
256 231 1622634 15860752
256 232 1579967 15860752
256 233 1626882 15860752
256 234 1590138 15860752
256 235 1632311 15860752
256 236 1624294 15860752
256 237 1615044 15860752
256 238 1606820 15860752
256 239 1611399 15860752
256 240 1586753 15860752
256 241 1623209 15860752
256 242 1627926 15860752
256 243 1571236 15860752
256 244 1641281 15860752
256 245 1621794 15860752
256 246 1575947 15860752
256 247 1626722 15860752
256 248 1589244 15860752
256 249 1625730 15860752
256 250 1627803 15860752
256 251 1614543 15860752
256 252 1610632 15860752
256 253 1613127 15860752
256 254 1589411 15860752
256 255 1636160 15860752
256 256 1627677 15860752
256 257 1574002 15860752
256 258 1631513 15860752
256 259 1633279 15860752
256 260 1572672 15860752
256 261 1611242 15860752
256 262 1612610 15860752
256 263 1595796 15860752
256 264 1638998 15860752
256 265 1614217 15860752
256 266 1587038 15860752
256 267 1622096 15860752
256 268 1583741 15860752
256 269 1636569 15860752
256 270 1627244 15860752
256 271 1572184 15860752
256 272 1641819 15860752
256 273 1619972 15860752
256 274 1586661 15860752
256 275 1614190 15860752
256 276 1625138 15860752
256 277 1595568 15860752
256 278 1618955 15860752
256 279 1640297 15860752
256 280 1576485 15860752
256 281 1622107 15860752
256 282 1593818 15860752
256 283 1610205 15860752
256 284 1632023 15860752
256 285 1575123 15860752
256 286 1630490 15860752
256 287 1623354 15860752
256 288 1583100 15860752
256 289 1625955 15860752
256 290 1621310 15860752
256 291 1589961 15860752
256 292 1628640 15860752
256 293 1632797 15860752
256 294 1574789 15860752
256 295 1622002 15860752
256 296 1608452 15860752
256 297 1603713 15860752
256 298 1630999 15860752
256 299 1581437 15860752
256 300 1622541 15860752
256 301 1621850 15860752
256 302 1580229 15860752
256 303 1634192 15860752
256 304 1622851 15860752
256 305 1577219 15860752
256 306 1633302 15860752
256 307 1631538 15860752
256 308 1578927 15860752
256 309 1624348 15860752
256 310 1625260 15860752
256 311 1603063 15860752
256 312 1617969 15860752
256 313 1588558 15860752
256 314 1631965 15860752
256 315 1625442 15860752
256 316 1611259 15860752
256 317 1610610 15860752
256 318 1618623 15860752
256 319 1589001 15860752
256 320 1625264 15860752
256 321 1627558 15860752
256 322 1571767 15860752
256 323 1642832 15860752
256 324 1626017 15860752
256 325 1565226 15860752
256 326 1623878 15860752
256 327 1596524 15860752
256 328 1606193 15860752
256 329 1640146 15860752
256 330 1615234 15860752
256 331 1589298 15860752
256 332 1616916 15860752
256 333 1584109 15860752
256 334 1634272 15860752
256 335 1627312 15860752
256 336 1568115 15860752
256 337 1640416 15860752
256 338 1623927 15860752
256 339 1586873 15860752
256 340 1611525 15860752
256 341 1620017 15860752
256 342 1596182 15860752
256 343 1622822 15860752
256 344 1637075 15860752
256 345 1572350 15860752
256 346 1620151 15860752
256 347 1620270 15860752
256 348 1599116 15860752
256 349 1619917 15860752
256 350 1587312 15860752
256 351 1624584 15860752
256 352 1621776 15860752
256 353 1583530 15860752
256 354 1625920 15860752
256 355 1628052 15860752
256 356 1562387 15860752
256 357 1630647 15860752
256 358 1629789 15860752
256 359 1573907 15860752
256 360 1635773 15860752
256 361 1615633 15860752
256 362 1593040 15860752
256 363 1624127 15860752
256 364 1589298 15860752
256 365 1629602 15860752
256 366 1620904 15860752
256 367 1617236 15860752
256 368 1608838 15860752
256 369 1614023 15860752
256 370 1590762 15860752
256 371 1624820 15860752
256 372 1627191 15860752
256 373 1574493 15860752
256 374 1634904 15860752
256 375 1632901 15860752
256 376 1577780 15860752
256 377 1610669 15860752
256 378 1605766 15860752
256 379 1606482 15860752
256 380 1636662 15860752
256 381 1612080 15860752
256 382 1604820 15860752
256 383 1616130 15860752
256 384 1590610 15860752
256 385 1630952 15860752
256 386 1627400 15860752
256 387 1574922 15860752
256 388 1638345 15860752
256 389 1623876 15860752
256 390 1583725 15860752
256 391 1611898 15860752
256 392 1617284 15860752
256 393 1593151 15860752
256 394 1636635 15860752
256 395 1617238 15860752
256 396 1585523 15860752
256 397 1619627 15860752
256 398 1582183 15860752
256 399 1637079 15860752
256 400 1626291 15860752
256 401 1569169 15860752
256 402 1643427 15860752
256 403 1622630 15860752
256 404 1589155 15860752
256 405 1619263 15860752
256 406 1619640 15860752
256 407 1596441 15860752
256 408 1620792 15860752
256 409 1640571 15860752
256 410 1578662 15860752
256 411 1619230 15860752
256 412 1591016 15860752
256 413 1619346 15860752
256 414 1628555 15860752
256 415 1567852 15860752
256 416 1632263 15860752
256 417 1620330 15860752
256 418 1587356 15860752
256 419 1625253 15860752
256 420 1618249 15860752
256 421 1592589 15860752
256 422 1622638 15860752
256 423 1638689 15860752
256 424 1577572 15860752
256 425 1627765 15860752
256 426 1615930 15860752
256 427 1600098 15860752
256 428 1632898 15860752
256 429 1583964 15860752
256 430 1626102 15860752
256 431 1622098 15860752
256 432 1584537 15860752
256 433 1632491 15860752
256 434 1621068 15860752
256 435 1570288 15860752
256 436 1632568 15860752
256 437 1628856 15860752
256 438 1573373 15860752
256 439 1640782 15860752
256 440 1611377 15860752
256 441 1592895 15860752
256 442 1622696 15860752
256 443 1593123 15860752
256 444 1629867 15860752
256 445 1617631 15860752
256 446 1616307 15860752
256 447 1606397 15860752
256 448 1610116 15860752
256 449 1593010 15860752
256 450 1626472 15860752
256 451 1626752 15860752
256 452 1570099 15860752
256 453 1632728 15860752
256 454 1633860 15860752
256 455 1575682 15860752
256 456 1611902 15860752
256 457 1609121 15860752
256 458 1598216 15860752
256 459 1639934 15860752
256 460 1610140 15860752
256 461 1602864 15860752
256 462 1611109 15860752
256 463 1587340 15860752
256 464 1637158 15860752
256 465 1626481 15860752
256 466 1571120 15860752
256 467 1642282 15860752
256 468 1620274 15860752
256 469 1588741 15860752
256 470 1625344 15860752
256 471 1623625 15860752
256 472 1591628 15860752
256 473 1632592 15860752
256 474 1630524 15860752
256 475 1574582 15860752
256 476 1622169 15860752
256 477 1619639 15860752
256 478 1600629 15860752
256 479 1622601 15860752
256 480 1585851 15860752
256 481 1621933 15860752
256 482 1622241 15860752
256 483 1579845 15860752
256 484 1632777 15860752
256 485 1620307 15860752
256 486 1574163 15860752
256 487 1636790 15860752
256 488 1629926 15860752
256 489 1574929 15860752
256 490 1629750 15860752
256 491 1619547 15860752
256 492 1600789 15860752
256 493 1625781 15860752
256 494 1581130 15860752
256 495 1623730 15860752
256 496 1625234 15860752
256 497 1580545 15860752
256 498 1633242 15860752
256 499 1620462 15860752
256 500 1571154 15867307
256 501 1640047 15860752
256 502 1630458 15860752
256 503 1572763 15860752
256 504 1630315 15860752
256 505 1617999 15860752
256 506 1601330 15860752
256 507 1617779 15860752
256 508 1589132 15860752
256 509 1626573 15860752
256 510 1620111 15860752
256 511 1578600 15860752
256 512 1626740 15860752
256 513 1621552 15860752
256 514 1577967 15860752
256 515 1638114 15860752
256 516 1628534 15860752
256 517 1574667 15860752
256 518 1624414 15860752
256 519 1620764 15860752
256 520 1603469 15860752
256 521 1618153 15860752
256 522 1585842 15860752
256 523 1627804 15860752
256 524 1623710 15860752
256 525 1580420 15860752
256 526 1631339 15860752
256 527 1624392 15860752
256 528 1570251 15860752
256 529 1638935 15860752
256 530 1633457 15860752
256 531 1573748 15860752
256 532 1634155 15860752
256 533 1614817 15860752
256 534 1594472 15860752
256 535 1622028 15860752
256 536 1589362 15860752
256 537 1629211 15860752
256 538 1624696 15860752
256 539 1608931 15860752
256 540 1605856 15860752
256 541 1613512 15860752
256 542 1587700 15860752
256 543 1617932 15860752
256 544 1628041 15860752
256 545 1568228 15860752
256 546 1643279 15860752
256 547 1619561 15860752
256 548 1573955 15860752
256 549 1620142 15860752
256 550 1592290 15860752
256 551 1629118 15860752
256 552 1624016 15860752
256 553 1613489 15860752
256 554 1611977 15860752
256 555 1609550 15860752
256 556 1590971 15860752
256 557 1625098 15860752
256 558 1628773 15860752
256 559 1571915 15860752
256 560 1640982 15860752
256 561 1632864 15860752
256 562 1565413 15860752
256 563 1627017 15860752
256 564 1591055 15860752
256 565 1618443 15860752
256 566 1630626 15860752
256 567 1610673 15860752
256 568 1610575 15860752
256 569 1612075 15860752
256 570 1591830 15860752
256 571 1639977 15860752
256 572 1623813 15860752
256 573 1574149 15860752
256 574 1644737 15860752
256 575 1620159 15860752
256 576 1583555 15860752
256 577 1626573 15860752
256 578 1619835 15860752
256 579 1586692 15860752
256 580 1633557 15860752
256 581 1632028 15860752
256 582 1577681 15860752
256 583 1635542 15860752
256 584 1617312 15860752
256 585 1600166 15860752
256 586 1616576 15860752
256 587 1590119 15860752
256 588 1629183 15860752
256 589 1617911 15860752
256 590 1612401 15860752
256 591 1608815 15860752
256 592 1614069 15860752
256 593 1589856 15860752
256 594 1623568 15860752
256 595 1626642 15860752
256 596 1573131 15860752
256 597 1629935 15860752
256 598 1631057 15860752
256 599 1576519 15860752
256 600 1613246 15860752
256 601 1598501 15860752
256 602 1607922 15860752
256 603 1631086 15860752
256 604 1612042 15860752
256 605 1606666 15860752
256 606 1610313 15860752
256 607 1593013 15860752
256 608 1630939 15860752
256 609 1627572 15860752
256 610 1572784 15860752
256 611 1631838 15860752
256 612 1623496 15860752
256 613 1585032 15860752
256 614 1618895 15860752
256 615 1620028 15860752
256 616 1595401 15860752
256 617 1633760 15860752
256 618 1632929 15860752
256 619 1582163 15860752
256 620 1615275 15860752
256 621 1585801 15860752
256 622 1637657 15860752
256 623 1624141 15860752
256 624 1573097 15860752
256 625 1634318 15860752
256 626 1628424 15860752
256 627 1583718 15860752
256 628 1610963 15860752
256 629 1614739 15860752
256 630 1594495 15860752
256 631 1634020 15860752
256 632 1614588 15860752
256 633 1591736 15860752
256 634 1614641 15860752
256 635 1585346 15860752
256 636 1632781 15860752
256 637 1627638 15860752
256 638 1576168 15860752
256 639 1631939 15860752
256 640 1636258 15860752
256 641 1569648 15860752
256 642 1620572 15860752
256 643 1595320 15860752
256 644 1610681 15860752
256 645 1638935 15860752
256 646 1614551 15860752
256 647 1589403 15860752
256 648 1616339 15860752
256 649 1583125 15860752
256 650 1635230 15860752
256 651 1626497 15860752
256 652 1572877 15860752
256 653 1637481 15860752
256 654 1625468 15860752
256 655 1582566 15860752
256 656 1615203 15860752
256 657 1622820 15860752
256 658 1593507 15860752
256 659 1633245 15860752
256 660 1627820 15860752
256 661 1582202 15860752
256 662 1616846 15860752
256 663 1584373 15860752
256 664 1635459 15860752
256 665 1627166 15860752
256 666 1571546 15860752
256 667 1642907 15860752
256 668 1622536 15860752
256 669 1583404 15860752
256 670 1629091 15860752
256 671 1619396 15860752
256 672 1593360 15860752
256 673 1631083 15860752
256 674 1628382 15860752
256 675 1575886 15860752
256 676 1625763 15860752
256 677 1616807 15860752
256 678 1599747 15860752
256 679 1619457 15860752
256 680 1587461 15860752
256 681 1629127 15860752
256 682 1624140 15860752
256 683 1588912 15860752
256 684 1614127 15860752
256 685 1631898 15860752
256 686 1576754 15860752
256 687 1620260 15860752
256 688 1627343 15860752
256 689 1567424 15860752
256 690 1640086 15860752
256 691 1614059 15860752
256 692 1585343 15860752
256 693 1623286 15860752
256 694 1585982 15860752
256 695 1625925 15860752
256 696 1623676 15860752
256 697 1610741 15860752
256 698 1610660 15860752
256 699 1621046 15860752
256 700 1583847 15860752
256 701 1617491 15860752
256 702 1630215 15860752
256 703 1572275 15860752
256 704 1640137 15860752
256 705 1614498 15860752
256 706 1584433 15860752
256 707 1628331 15860752
256 708 1588520 15860752
256 709 1621419 15860752
256 710 1629907 15860752
256 711 1612302 15860752
256 712 1606069 15860752
256 713 1615160 15860752
256 714 1588988 15860752
256 715 1634650 15860752
256 716 1625946 15860752
256 717 1573582 15860752
256 718 1637772 15860752
256 719 1623134 15860752
256 720 1583861 15860752
256 721 1616266 15860752
256 722 1624265 15860752
256 723 1591527 15860752
256 724 1625346 15860752
256 725 1633086 15860752
256 726 1576196 15860752
256 727 1620500 15860752
256 728 1585030 15860752
256 729 1624428 15860752
256 730 1630705 15860752
256 731 1569055 15860752
256 732 1636234 15860752
256 733 1614289 15860752
256 734 1582193 15860752
256 735 1622657 15860752
256 736 1622912 15860752
256 737 1594303 15860752
256 738 1622518 15860752
256 739 1639504 15860752
256 740 1575813 15860752
256 741 1616492 15860752
256 742 1583803 15860752
256 743 1626641 15860752
256 744 1626272 15860752
256 745 1570404 15860752
256 746 1643738 15860752
256 747 1621559 15860752
256 748 1588962 15860752
256 749 1622067 15860752
256 750 1621641 15860752
256 751 1598425 15860752
256 752 1632205 15860752
256 753 1627361 15860752
256 754 1578070 15860752
256 755 1615403 15860752
256 756 1583633 15860752
256 757 1623799 15860752
256 758 1625239 15860752
256 759 1568795 15860752
256 760 1633727 15860752
256 761 1621271 15860752
256 762 1584029 15860752
256 763 1628752 15860752
256 764 1623331 15860752
256 765 1593199 15860752
256 766 1628405 15860752
256 767 1631886 15860752
256 768 1577471 15860752
256 769 1624663 15860752
256 770 1620564 15860752
256 771 1601792 15860752
256 772 1629244 15860752
256 773 1589235 15860752
256 774 1623735 15860752
256 775 1619789 15860752
256 776 1581432 15860752
256 777 1633364 15860752
256 778 1622151 15860752
256 779 1572841 15860752
256 780 1636283 15860752
256 781 1628526 15860752
256 782 1574146 15860752
256 783 1638797 15860752
256 784 1613437 15860752
256 785 1591087 15860752
256 786 1620716 15860752
256 787 1588644 15860752
256 788 1635545 15860752
256 789 1620818 15860752
256 790 1615294 15860752
256 791 1608862 15860752
256 792 1612596 15860752
256 793 1590022 15860752
256 794 1629035 15860752
256 795 1627645 15860752
256 796 1574232 15860752
256 797 1638236 15860752
256 798 1618990 15860752
256 799 1586323 15860752
256 800 1628244 15860752
256 801 1618852 15860752
256 802 1585805 15860752
256 803 1633850 15860752
256 804 1632790 15860752
256 805 1574686 15860752
256 806 1625061 15860752
256 807 1622592 15860752
256 808 1601477 15860752
256 809 1624875 15860752
256 810 1583681 15860752
256 811 1621898 15860752
256 812 1623384 15860752
256 813 1580952 15860752
256 814 1634135 15860752
256 815 1622778 15860752
256 816 1571340 15860752
256 817 1637262 15860752
256 818 1629842 15860752
256 819 1575798 15860752
256 820 1625643 15860752
256 821 1618547 15860752
256 822 1602650 15860752
256 823 1614155 15860752
256 824 1587166 15860752
256 825 1631858 15860752
256 826 1620991 15860752
256 827 1601863 15860752
256 828 1614742 15860752
256 829 1628319 15860752
256 830 1564337 15860752
256 831 1630305 15860752
256 832 1628540 15860752
256 833 1572870 15860752
256 834 1636205 15860752
256 835 1618457 15860752
256 836 1599748 15860752
256 837 1615244 15860752
256 838 1589321 15860752
256 839 1632812 15860752
256 840 1621579 15860752
256 841 1613043 15860752
256 842 1611086 15860752
256 843 1613355 15860752
256 844 1581980 15860752
256 845 1616919 15860752
256 846 1628612 15860752
256 847 1569585 15860752
256 848 1641635 15860752
256 849 1635358 15860752
256 850 1565142 15860752
256 851 1623539 15860752
256 852 1591845 15860752
256 853 1622355 15860752
256 854 1629274 15860752
256 855 1614151 15860752
256 856 1609724 15860752
256 857 1611714 15860752
256 858 1587298 15860752
256 859 1638422 15860752
256 860 1624445 15860752
256 861 1570829 15860752
256 862 1643172 15860752
256 863 1619696 15860752
256 864 1586154 15860752
256 865 1617248 15860752
256 866 1623627 15860752
256 867 1594426 15860752
256 868 1622080 15860752
256 869 1636733 15860752
256 870 1577504 15860752
256 871 1620326 15860752
256 872 1605688 15860752
256 873 1601018 15860752
256 874 1629845 15860752
256 875 1574528 15860752
256 876 1634095 15860752
256 877 1623164 15860752
256 878 1583026 15860752
256 879 1626990 15860752
256 880 1620574 15860752
256 881 1590597 15860752
256 882 1621524 15860752
256 883 1635878 15860752
256 884 1576394 15860752
256 885 1622804 15860752
256 886 1610935 15860752
256 887 1599945 15860752
256 888 1630033 15860752
256 889 1579605 15860752
256 890 1623696 15860752
256 891 1620121 15860752
256 892 1580466 15860752
256 893 1624037 15860752
256 894 1630833 15860752
256 895 1561672 15860752
256 896 1622346 15860752
256 897 1633136 15860752
256 898 1573504 15860752
256 899 1637361 15860752
256 900 1612996 15860752
256 901 1591801 15860752
256 902 1618849 15860752
256 903 1585204 15860752
256 904 1626761 15860752
256 905 1624674 15860752
256 906 1613196 15860752
256 907 1610584 15860752
256 908 1621263 15860752
256 909 1582435 15860752
256 910 1617122 15860752
256 911 1628100 15860752
256 912 1571561 15860752
256 913 1638151 15860752
256 914 1614206 15860752
256 915 1590245 15860752
256 916 1623038 15860752
256 917 1590072 15860752
256 918 1629624 15860752
256 919 1622909 15860752
256 920 1617188 15860752
256 921 1610139 15860752
256 922 1613765 15860752
256 923 1589208 15860752
256 924 1636511 15860752
256 925 1621688 15860752
256 926 1574479 15860752
256 927 1640569 15860752
256 928 1619608 15860752
256 929 1586115 15860752
256 930 1612792 15860752
256 931 1618688 15860752
256 932 1595896 15860752
256 933 1637189 15860752
256 934 1623986 15860752
256 935 1581093 15860752
256 936 1621155 15860752
256 937 1586770 15860752
256 938 1634648 15860752
256 939 1622116 15860752
256 940 1574001 15860752
256 941 1640486 15860752
256 942 1618434 15860752
256 943 1586278 15860752
256 944 1625797 15860752
256 945 1622058 15860752
256 946 1594718 15860752
256 947 1622682 15860752
256 948 1635973 15860752
256 949 1576441 15860752
256 950 1629542 15860752
256 951 1619748 15860752
256 952 1601878 15860752
256 953 1613488 15860752
256 954 1586316 15860752
256 955 1625175 15860752
256 956 1622216 15860752
256 957 1583289 15860752
256 958 1627637 15860752
256 959 1622500 15860752
256 960 1570630 15860752
256 961 1636834 15860752
256 962 1631236 15860752
256 963 1576495 15860752
256 964 1629685 15860752
256 965 1616198 15860752
256 966 1601491 15860752
256 967 1613598 15860752
256 968 1588461 15860752
256 969 1631727 15860752
256 970 1619309 15860752
256 971 1613160 15860752
256 972 1607486 15860752
256 973 1613798 15860752
256 974 1587304 15860752
256 975 1618028 15860752
256 976 1629372 15860752
256 977 1568283 15860752
256 978 1644390 15860752
256 979 1622085 15860752
256 980 1566844 15860752
256 981 1634144 15860752
256 982 1593184 15860752
256 983 1619326 15860752
256 984 1627834 15860752
256 985 1612904 15860752
256 986 1610680 15860752
256 987 1615856 15860752
256 988 1589031 15860752
256 989 1625825 15860752
256 990 1627115 15860752
256 991 1568546 15860752
256 992 1635694 15860752
256 993 1634813 15860752
256 994 1567468 15860752
256 995 1626867 15860752
256 996 1591331 15860752
256 997 1614620 15860752
256 998 1631700 15860752
256 999 1614654 15860752
