256 0 59016 15860533
256 1 13600 15860533
256 2 2951 15860533
256 3 720 15860533
256 4 152 15860533
256 5 12 15860533
256 6 19 15860533
256 7 0 15860533
256 8 0 15860533
256 9 0 15860533
256 10 39 15860533
256 11 0 15860533
256 12 0 15860533
256 13 0 15860533
256 14 31 15860533
256 15 12 15860533
256 16 0 15860533
256 17 0 15860533
256 18 3 15860533
256 19 0 15860533
256 20 0 15860533
256 21 0 15860533
256 22 0 15860533
256 23 0 15860533
256 24 0 15860533
256 25 0 15860533
256 26 0 15860533
256 27 0 15860533
256 28 0 15860533
256 29 0 15860533
256 30 0 15860533
256 31 0 15860533
256 32 0 15860533
256 33 0 15860533
256 34 0 15860533
256 35 0 15860533
256 36 0 15860533
256 37 0 15860533
256 38 0 15860533
256 39 0 15860533
256 40 0 15860533
256 41 0 15860533
256 42 4 15860533
256 43 0 15860533
256 44 0 15860533
256 45 0 15860533
256 46 12 15860533
256 47 0 15860533
256 48 0 15860533
256 49 3 15860533
256 50 0 15860533
256 51 0 15860533
256 52 0 15860533
256 53 3 15860533
256 54 0 15860533
256 55 0 15860533
256 56 0 15860533
256 57 3 15860533
256 58 0 15860533
256 59 0 15860533
256 60 0 15860533
256 61 3 15860533
256 62 0 15860533
256 63 0 15860533
256 64 0 15860533
256 65 3 15860533
256 66 0 15860533
256 67 0 15860533
256 68 0 15860533
256 69 0 15860533
256 70 0 15860533
256 71 0 15860533
256 72 0 15860533
256 73 0 15860533
256 74 0 15860533
256 75 0 15860533
256 76 0 15860533
256 77 0 15860533
256 78 0 15860533
256 79 0 15860533
256 80 0 15860533
256 81 0 15860533
256 82 0 15860533
256 83 0 15860533
256 84 0 15860533
256 85 0 15860533
256 86 0 15860533
256 87 0 15860533
256 88 0 15860533
256 89 0 15860533
256 90 0 15860533
256 91 0 15860533
256 92 0 15860533
256 93 0 15860533
256 94 0 15860533
256 95 0 15860533
256 96 3 15860533
256 97 0 15860533
256 98 0 15860533
256 99 0 15860533
256 100 3 15860533
256 101 0 15860533
256 102 0 15860533
256 103 0 15860533
256 104 3 15860533
256 105 0 15860533
256 106 0 15860533
256 107 0 15860533
256 108 3 15860533
256 109 0 15860533
256 110 0 15860533
256 111 0 15860533
256 112 3 15860533
256 113 0 15860533
256 114 0 15860533
256 115 0 15860533
256 116 0 15860533
256 117 0 15860533
256 118 0 15860533
256 119 0 15860533
256 120 0 15860533
256 121 0 15860533
256 122 0 15860533
256 123 0 15860533
256 124 0 15860533
256 125 0 15860533
256 126 0 15860533
256 127 0 15860533
256 128 0 15860533
256 129 0 15860533
256 130 0 15860533
256 131 0 15860533
256 132 0 15860533
256 133 0 15860533
256 134 0 15860533
256 135 0 15860533
256 136 0 15860533
256 137 0 15860533
256 138 0 15860533
256 139 0 15860533
256 140 0 15860533
256 141 0 15860533
256 142 0 15860533
256 143 3 15860533
256 144 0 15860533
256 145 0 15860533
256 146 0 15860533
256 147 3 15860533
256 148 0 15860533
256 149 0 15860533
256 150 0 15860533
256 151 3 15860533
256 152 0 15860533
256 153 0 15860533
256 154 0 15860533
256 155 3 15860533
256 156 0 15860533
256 157 0 15860533
256 158 0 15860533
256 159 3 15860533
256 160 0 15860533
256 161 0 15860533
256 162 0 15860533
256 163 15 15860533
256 164 0 15860533
256 165 0 15860533
256 166 0 15860533
256 167 0 15860533
256 168 0 15860533
256 169 0 15860533
256 170 0 15860533
256 171 0 15860533
256 172 0 15860533
256 173 0 15860533
256 174 0 15860533
256 175 0 15860533
256 176 0 15860533
256 177 0 15860533
256 178 0 15860533
256 179 0 15860533
256 180 0 15860533
256 181 0 15860533
256 182 0 15860533
256 183 0 15860533
256 184 0 15860533
256 185 0 15860533
256 186 0 15860533
256 187 0 15860533
256 188 0 15860533
256 189 0 15860533
256 190 3 15860533
256 191 0 15860533
256 192 0 15860533
256 193 0 15860533
256 194 3 15860533
256 195 0 15860533
256 196 0 15860533
256 197 0 15860533
256 198 3 15860533
256 199 0 15860533
256 200 0 15860533
256 201 0 15860533
256 202 3 15860533
256 203 0 15860533
256 204 0 15860533
256 205 0 15860533
256 206 3 15860533
256 207 0 15860533
256 208 0 15860533
256 209 0 15860533
256 210 3 15860533
256 211 0 15860533
256 212 0 15860533
256 213 0 15860533
256 214 0 15860533
256 215 0 15860533
256 216 0 15860533
256 217 0 15860533
256 218 0 15860533
256 219 0 15860533
256 220 0 15860533
256 221 0 15860533
256 222 0 15860533
256 223 0 15860533
256 224 0 15860533
256 225 0 15860533
256 226 0 15860533
256 227 0 15860533
256 228 0 15860533
256 229 0 15860533
256 230 0 15860533
256 231 0 15860533
256 232 0 15860533
256 233 0 15860533
256 234 0 15860533
256 235 0 15860533
256 236 0 15860533
256 237 0 15860533
256 238 0 15860533
256 239 0 15860533
256 240 0 15860533
256 241 3 15860533
256 242 0 15860533
256 243 0 15860533
256 244 0 15860533
256 245 3 15860533
256 246 0 15860533
256 247 0 15860533
256 248 0 15860533
256 249 3 15860533
256 250 0 15860533
256 251 0 15860533
256 252 0 15860533
256 253 3 15860533
256 254 0 15860533
256 255 0 15860533
256 256 0 15860533
256 257 3 15860533
256 258 0 15860533
256 259 0 15860533
256 260 0 15860533
256 261 0 15860533
256 262 0 15860533
256 263 0 15860533
256 264 0 15860533
256 265 0 15860533
256 266 0 15860533
256 267 0 15860533
256 268 0 15860533
256 269 0 15860533
256 270 0 15860533
256 271 0 15860533
256 272 0 15860533
256 273 0 15860533
256 274 0 15860533
256 275 0 15860533
256 276 0 15860533
256 277 0 15860533
256 278 0 15860533
256 279 0 15860533
256 280 0 15860533
256 281 0 15860533
256 282 0 15860533
256 283 0 15860533
256 284 0 15860533
256 285 0 15860533
256 286 0 15860533
256 287 0 15860533
256 288 3 15860533
256 289 0 15860533
256 290 0 15860533
256 291 0 15860533
256 292 3 15860533
256 293 0 15860533
256 294 0 15860533
256 295 0 15860533
256 296 3 15860533
256 297 0 15860533
256 298 0 15860533
256 299 0 15860533
256 300 3 15860533
256 301 0 15860533
256 302 0 15860533
256 303 0 15860533
256 304 3 15860533
256 305 0 15860533
256 306 0 15860533
256 307 0 15860533
256 308 0 15860533
256 309 0 15860533
256 310 0 15860533
256 311 0 15860533
256 312 0 15860533
256 313 0 15860533
256 314 0 15860533
256 315 0 15860533
256 316 0 15860533
256 317 0 15860533
256 318 0 15860533
256 319 0 15860533
256 320 0 15860533
256 321 0 15860533
256 322 0 15860533
256 323 0 15860533
256 324 0 15860533
256 325 0 15860533
256 326 0 15860533
256 327 0 15860533
256 328 0 15860533
256 329 0 15860533
256 330 0 15860533
256 331 0 15860533
256 332 0 15860533
256 333 0 15860533
256 334 0 15860533
256 335 3 15860533
256 336 0 15860533
256 337 0 15860533
256 338 0 15860533
256 339 3 15860533
256 340 0 15860533
256 341 0 15860533
256 342 0 15860533
256 343 3 15860533
256 344 0 15860533
256 345 0 15860533
256 346 0 15860533
256 347 3 15860533
256 348 0 15860533
256 349 0 15860533
256 350 0 15860533
256 351 3 15860533
256 352 0 15860533
256 353 0 15860533
256 354 0 15860533
256 355 0 15860533
256 356 0 15860533
256 357 0 15860533
256 358 0 15860533
256 359 0 15860533
256 360 0 15860533
256 361 0 15860533
256 362 0 15860533
256 363 0 15860533
256 364 0 15860533
256 365 0 15860533
256 366 0 15860533
256 367 0 15860533
256 368 0 15860533
256 369 0 15860533
256 370 0 15860533
256 371 0 15860533
256 372 0 15860533
256 373 0 15860533
256 374 0 15860533
256 375 0 15860533
256 376 0 15860533
256 377 0 15860533
256 378 0 15860533
256 379 0 15860533
256 380 0 15860533
256 381 0 15860533
256 382 3 15860533
256 383 0 15860533
256 384 0 15860533
256 385 0 15860533
256 386 3 15860533
256 387 0 15860533
256 388 0 15860533
256 389 0 15860533
256 390 3 15860533
256 391 0 15860533
256 392 0 15860533
256 393 0 15860533
256 394 3 15860533
256 395 0 15860533
256 396 0 15860533
256 397 0 15860533
256 398 3 15860533
256 399 0 15860533
256 400 0 15860533
256 401 0 15860533
256 402 3 15860533
256 403 0 15860533
256 404 0 15860533
256 405 0 15860533
256 406 0 15860533
256 407 0 15860533
256 408 0 15860533
256 409 0 15860533
256 410 0 15860533
256 411 0 15860533
256 412 0 15860533
256 413 0 15860533
256 414 0 15860533
256 415 0 15860533
256 416 0 15860533
256 417 0 15860533
256 418 0 15860533
256 419 0 15860533
256 420 0 15860533
256 421 0 15860533
256 422 0 15860533
256 423 0 15860533
256 424 0 15860533
256 425 0 15860533
256 426 0 15860533
256 427 0 15860533
256 428 0 15860533
256 429 0 15860533
256 430 0 15860533
256 431 0 15860533
256 432 0 15860533
256 433 3 15860533
256 434 0 15860533
256 435 0 15860533
256 436 0 15860533
256 437 3 15860533
256 438 0 15860533
256 439 0 15860533
256 440 0 15860533
256 441 3 15860533
256 442 0 15860533
256 443 0 15860533
256 444 0 15860533
256 445 3 15860533
256 446 0 15860533
256 447 0 15860533
256 448 0 15860533
256 449 3 15860533
256 450 0 15860533
256 451 0 15860533
256 452 0 15860533
256 453 0 15860533
256 454 0 15860533
256 455 0 15860533
256 456 0 15860533
256 457 0 15860533
256 458 0 15860533
256 459 0 15860533
256 460 0 15860533
256 461 0 15860533
256 462 0 15860533
256 463 0 15860533
256 464 0 15860533
256 465 0 15860533
256 466 0 15860533
256 467 0 15860533
256 468 0 15860533
256 469 0 15860533
256 470 0 15860533
256 471 0 15860533
256 472 0 15860533
256 473 0 15860533
256 474 0 15860533
256 475 0 15860533
256 476 0 15860533
256 477 0 15860533
256 478 0 15860533
256 479 0 15860533
256 480 3 15860533
256 481 0 15860533
256 482 0 15860533
256 483 0 15860533
256 484 3 15860533
256 485 0 15860533
256 486 0 15860533
256 487 0 15860533
256 488 3 15860533
256 489 0 15860533
256 490 0 15860533
256 491 0 15860533
256 492 3 15860533
256 493 0 15860533
256 494 0 15860533
256 495 0 15860533
256 496 3 15860533
256 497 0 15860533
256 498 0 15860533
256 499 0 15860533
256 500 0 15860533
256 501 0 15860533
256 502 0 15860533
256 503 0 15860533
256 504 0 15860533
256 505 0 15860533
256 506 0 15860533
256 507 0 15860533
256 508 0 15860533
256 509 0 15860533
256 510 0 15860533
256 511 0 15860533
256 512 0 15860533
256 513 0 15860533
256 514 0 15860533
256 515 0 15860533
256 516 0 15860533
256 517 0 15860533
256 518 0 15860533
256 519 0 15860533
256 520 0 15860533
256 521 0 15860533
256 522 0 15860533
256 523 0 15860533
256 524 0 15860533
256 525 0 15860533
256 526 0 15860533
256 527 11 15860533
256 528 12 15860533
256 529 0 15860533
256 530 0 15860533
256 531 3 15860533
256 532 0 15860533
256 533 0 15860533
256 534 0 15860533
256 535 3 15860533
256 536 0 15860533
256 537 0 15860533
256 538 0 15860533
256 539 3 15860533
256 540 0 15860533
256 541 0 15860533
256 542 0 15860533
256 543 3 15860533
256 544 0 15860533
256 545 0 15860533
256 546 0 15860533
256 547 0 15860533
256 548 0 15860533
256 549 0 15860533
256 550 0 15860533
256 551 0 15860533
256 552 0 15860533
256 553 0 15860533
256 554 0 15860533
256 555 0 15860533
256 556 0 15860533
256 557 0 15860533
256 558 0 15860533
256 559 0 15860533
256 560 0 15860533
256 561 0 15860533
256 562 0 15860533
256 563 0 15860533
256 564 0 15860533
256 565 0 15860533
256 566 0 15860533
256 567 0 15860533
256 568 0 15860533
256 569 0 15860533
256 570 0 15860533
256 571 0 15860533
256 572 0 15860533
256 573 0 15860533
256 574 3 15860533
256 575 0 15860533
256 576 0 15860533
256 577 0 15860533
256 578 3 15860533
256 579 0 15860533
256 580 0 15860533
256 581 0 15860533
256 582 3 15860533
256 583 0 15860533
256 584 0 15860533
256 585 0 15860533
256 586 3 15860533
256 587 0 15860533
256 588 0 15860533
256 589 0 15860533
256 590 3 15860533
256 591 0 15860533
256 592 0 15860533
256 593 0 15860533
256 594 0 15860533
256 595 0 15860533
256 596 0 15860533
256 597 0 15860533
256 598 0 15860533
256 599 0 15860533
256 600 0 15860533
256 601 0 15860533
256 602 0 15860533
256 603 0 15860533
256 604 0 15860533
256 605 0 15860533
256 606 0 15860533
256 607 0 15860533
256 608 0 15860533
256 609 0 15860533
256 610 0 15860533
256 611 0 15860533
256 612 0 15860533
256 613 0 15860533
256 614 0 15860533
256 615 0 15860533
256 616 0 15860533
256 617 0 15860533
256 618 0 15860533
256 619 0 15860533
256 620 0 15860533
256 621 3 15860533
256 622 0 15860533
256 623 0 15860533
256 624 0 15860533
256 625 3 15860533
256 626 0 15860533
256 627 0 15860533
256 628 0 15860533
256 629 3 15860533
256 630 0 15860533
256 631 0 15860533
256 632 0 15860533
256 633 3 15860533
256 634 0 15860533
256 635 0 15860533
256 636 0 15860533
256 637 3 15860533
256 638 0 15860533
256 639 0 15860533
256 640 0 15860533
256 641 3 15860533
256 642 0 15860533
256 643 0 15860533
256 644 0 15860533
256 645 0 15860533
256 646 0 15860533
256 647 0 15860533
256 648 0 15860533
256 649 0 15860533
256 650 0 15860533
256 651 0 15860533
256 652 0 15860533
256 653 0 15860533
256 654 0 15860533
256 655 0 15860533
256 656 0 15860533
256 657 0 15860533
256 658 0 15860533
256 659 0 15860533
256 660 0 15860533
256 661 0 15860533
256 662 0 15860533
256 663 0 15860533
256 664 0 15860533
256 665 0 15860533
256 666 0 15860533
256 667 0 15860533
256 668 0 15860533
256 669 0 15860533
256 670 0 15860533
256 671 0 15860533
256 672 3 15860533
256 673 0 15860533
256 674 0 15860533
256 675 0 15860533
256 676 3 15860533
256 677 0 15860533
256 678 0 15860533
256 679 0 15860533
256 680 3 15860533
256 681 0 15860533
256 682 0 15860533
256 683 0 15860533
256 684 3 15860533
256 685 0 15860533
256 686 0 15860533
256 687 0 15860533
256 688 3 15860533
256 689 0 15860533
256 690 0 15860533
256 691 0 15860533
256 692 0 15860533
256 693 0 15860533
256 694 0 15860533
256 695 0 15860533
256 696 0 15860533
256 697 0 15860533
256 698 0 15860533
256 699 0 15860533
256 700 0 15860533
256 701 0 15860533
256 702 0 15860533
256 703 0 15860533
256 704 0 15860533
256 705 0 15860533
256 706 0 15860533
256 707 0 15860533
256 708 0 15860533
256 709 0 15860533
256 710 0 15860533
256 711 0 15860533
256 712 0 15860533
256 713 0 15860533
256 714 0 15860533
256 715 0 15860533
256 716 0 15860533
256 717 0 15860533
256 718 0 15860533
256 719 3 15860533
256 720 0 15860533
256 721 0 15860533
256 722 0 15860533
256 723 3 15860533
256 724 0 15860533
256 725 0 15860533
256 726 0 15860533
256 727 3 15860533
256 728 0 15860533
256 729 0 15860533
256 730 0 15860533
256 731 3 15860533
256 732 0 15860533
256 733 0 15860533
256 734 0 15860533
256 735 3 15860533
256 736 0 15860533
256 737 0 15860533
256 738 0 15860533
256 739 0 15860533
256 740 0 15860533
256 741 0 15860533
256 742 0 15860533
256 743 0 15860533
256 744 0 15860533
256 745 0 15860533
256 746 0 15860533
256 747 0 15860533
256 748 0 15860533
256 749 0 15860533
256 750 0 15860533
256 751 0 15860533
256 752 0 15860533
256 753 0 15860533
256 754 0 15860533
256 755 0 15860533
256 756 0 15860533
256 757 0 15860533
256 758 0 15860533
256 759 0 15860533
256 760 0 15860533
256 761 0 15860533
256 762 0 15860533
256 763 0 15860533
256 764 0 15860533
256 765 0 15860533
256 766 3 15860533
256 767 0 15860533
256 768 0 15860533
256 769 0 15860533
256 770 3 15860533
256 771 0 15860533
256 772 0 15860533
256 773 0 15860533
256 774 3 15860533
256 775 0 15860533
256 776 0 15860533
256 777 0 15860533
256 778 3 15860533
256 779 0 15860533
256 780 0 15860533
256 781 0 15860533
256 782 3 15860533
256 783 0 15860533
256 784 0 15860533
256 785 0 15860533
256 786 0 15860533
256 787 0 15860533
256 788 0 15860533
256 789 0 15860533
256 790 0 15860533
256 791 0 15860533
256 792 0 15860533
256 793 0 15860533
256 794 0 15860533
256 795 0 15860533
256 796 0 15860533
256 797 0 15860533
256 798 0 15860533
256 799 0 15860533
256 800 0 15860533
256 801 0 15860533
256 802 0 15860533
256 803 0 15860533
256 804 0 15860533
256 805 0 15860533
256 806 0 15860533
256 807 0 15860533
256 808 0 15860533
256 809 0 15860533
256 810 0 15860533
256 811 0 15860533
256 812 0 15860533
256 813 3 15860533
256 814 0 15860533
256 815 0 15860533
256 816 0 15860533
256 817 3 15860533
256 818 0 15860533
256 819 0 15860533
256 820 0 15860533
256 821 3 15860533
256 822 0 15860533
256 823 0 15860533
256 824 0 15860533
256 825 3 15860533
256 826 0 15860533
256 827 0 15860533
256 828 0 15860533
256 829 3 15860533
256 830 0 15860533
256 831 0 15860533
256 832 0 15860533
256 833 0 15860533
256 834 0 15860533
256 835 0 15860533
256 836 0 15860533
256 837 0 15860533
256 838 0 15860533
256 839 0 15860533
256 840 0 15860533
256 841 0 15860533
256 842 0 15860533
256 843 0 15860533
256 844 0 15860533
256 845 0 15860533
256 846 0 15860533
256 847 0 15860533
256 848 0 15860533
256 849 0 15860533
256 850 0 15860533
256 851 0 15860533
256 852 0 15860533
256 853 0 15860533
256 854 0 15860533
256 855 0 15860533
256 856 0 15860533
256 857 0 15860533
256 858 0 15860533
256 859 0 15860533
256 860 3 15860533
256 861 0 15860533
256 862 0 15860533
256 863 0 15860533
256 864 3 15860533
256 865 0 15860533
256 866 0 15860533
256 867 0 15860533
256 868 3 15860533
256 869 0 15860533
256 870 0 15860533
256 871 0 15860533
256 872 3 15860533
256 873 0 15860533
256 874 0 15860533
256 875 0 15860533
256 876 3 15860533
256 877 0 15860533
256 878 0 15860533
256 879 0 15860533
256 880 3 15860533
256 881 0 15860533
256 882 0 15860533
256 883 0 15860533
256 884 0 15860533
256 885 0 15860533
256 886 0 15860533
256 887 0 15860533
256 888 0 15860533
256 889 0 15860533
256 890 0 15860533
256 891 0 15860533
256 892 0 15860533
256 893 0 15860533
256 894 0 15860533
256 895 0 15860533
256 896 0 15860533
256 897 0 15860533
256 898 0 15860533
256 899 0 15860533
256 900 0 15860533
256 901 0 15860533
256 902 0 15860533
256 903 0 15860533
256 904 0 15860533
256 905 0 15860533
256 906 0 15860533
256 907 0 15860533
256 908 0 15860533
256 909 0 15860533
256 910 0 15860533
256 911 3 15860533
256 912 0 15860533
256 913 0 15860533
256 914 0 15860533
256 915 3 15860533
256 916 0 15860533
256 917 0 15860533
256 918 0 15860533
256 919 3 15860533
256 920 0 15860533
256 921 0 15860533
256 922 0 15860533
256 923 3 15860533
256 924 0 15860533
256 925 0 15860533
256 926 0 15860533
256 927 3 15860533
256 928 0 15860533
256 929 0 15860533
256 930 0 15860533
256 931 0 15860533
256 932 0 15860533
256 933 0 15860533
256 934 0 15860533
256 935 0 15860533
256 936 0 15860533
256 937 0 15860533
256 938 0 15860533
256 939 0 15860533
256 940 0 15860533
256 941 0 15860533
256 942 0 15860533
256 943 0 15860533
256 944 0 15860533
256 945 0 15860533
256 946 0 15860533
256 947 0 15860533
256 948 0 15860533
256 949 0 15860533
256 950 0 15860533
256 951 0 15860533
256 952 0 15860533
256 953 0 15860533
256 954 0 15860533
256 955 0 15860533
256 956 0 15860533
256 957 0 15860533
256 958 3 15860533
256 959 0 15860533
256 960 0 15860533
256 961 0 15860533
256 962 3 15860533
256 963 0 15860533
256 964 0 15860533
256 965 0 15860533
256 966 3 15860533
256 967 0 15860533
256 968 0 15860533
256 969 0 15860533
256 970 3 15860533
256 971 0 15860533
256 972 0 15860533
256 973 0 15860533
256 974 3 15860533
256 975 0 15860533
256 976 0 15860533
256 977 0 15860533
256 978 0 15860533
256 979 0 15860533
256 980 0 15860533
256 981 0 15860533
256 982 0 15860533
256 983 0 15860533
256 984 0 15860533
256 985 0 15860533
256 986 0 15860533
256 987 0 15860533
256 988 0 15860533
256 989 0 15860533
256 990 0 15860533
256 991 0 15860533
256 992 0 15860533
256 993 0 15860533
256 994 0 15860533
256 995 0 15860533
256 996 0 15860533
256 997 0 15860533
256 998 0 15860533
256 999 0 15860533
