256 0 1479305 15860747
256 1 1368580 15860752
256 2 1348251 15860752
256 3 1340641 15860752
256 4 1335809 15860752
256 5 1338227 15860752
256 6 1339606 15860752
256 7 1336496 15860752
256 8 1338421 15860752
256 9 1337309 15860752
256 10 1340076 15860752
256 11 1337112 15860752
256 12 1339198 15860752
256 13 1337652 15860752
256 14 1338990 15860752
256 15 1336452 15860752
256 16 1338588 15860752
256 17 1337716 15860752
256 18 1337389 15860752
256 19 1338266 15860752
256 20 1337006 15860752
256 21 1337509 15860752
256 22 1338719 15860752
256 23 1338453 15860752
256 24 1336507 15860752
256 25 1337483 15860752
256 26 1335703 15860752
256 27 1339705 15860752
256 28 1337472 15860752
256 29 1338923 15860752
256 30 1337968 15860752
256 31 1339365 15860752
256 32 1337843 15860752
256 33 1339227 15860752
256 34 1338155 15860752
256 35 1337928 15860752
256 36 1338173 15860752
256 37 1337963 15860752
256 38 1337179 15860752
256 39 1338637 15860752
256 40 1338868 15860752
256 41 1336975 15860752
256 42 1337789 15860752
256 43 1336133 15860752
256 44 1338962 15860752
256 45 1339411 15860752
256 46 1337601 15860752
256 47 1338133 15860752
256 48 1337048 15860752
256 49 1338186 15860752
256 50 1338191 15860752
256 51 1336463 15860752
256 52 1337297 15860752
256 53 1340192 15860752
256 54 1337731 15860752
256 55 1337683 15860752
256 56 1337416 15860752
256 57 1339360 15860752
256 58 1339323 15860752
256 59 1338293 15860752
256 60 1339373 15860752
256 61 1339100 15860752
256 62 1337102 15860752
256 63 1338614 15860752
256 64 1337287 15860752
256 65 1337743 15860752
256 66 1338691 15860752
256 67 1339986 15860752
256 68 1338724 15860752
256 69 1336723 15860752
256 70 1339070 15860752
256 71 1337965 15860752
256 72 1337998 15860752
256 73 1337867 15860752
256 74 1337082 15860752
256 75 1338035 15860752
256 76 1338605 15860752
256 77 1338547 15860752
256 78 1339975 15860752
256 79 1337893 15860752
256 80 1338799 15860752
256 81 1338819 15860752
256 82 1338617 15860752
256 83 1338900 15860752
256 84 1337331 15860752
256 85 1337889 15860752
256 86 1337532 15860752
256 87 1338666 15860752
256 88 1337778 15860752
256 89 1337765 15860752
256 90 1336371 15860752
256 91 1337925 15860752
256 92 1340713 15860752
256 93 1339211 15860752
256 94 1338346 15860752
256 95 1338162 15860752
256 96 1340325 15860752
256 97 1338789 15860752
256 98 1337453 15860752
256 99 1337914 15860752
256 100 1340540 15860752
256 101 1339448 15860752
256 102 1338118 15860752
256 103 1337691 15860752
256 104 1339993 15860752
256 105 1339223 15860752
256 106 1337157 15860752
256 107 1337215 15860752
256 108 1339576 15860752
256 109 1337421 15860752
256 110 1338220 15860752
256 111 1337182 15860752
256 112 1339479 15860752
256 113 1339854 15860752
256 114 1341088 15860752
256 115 1339708 15860752
256 116 1338398 15860752
256 117 1337951 15860752
256 118 1338323 15860752
256 119 1338179 15860752
256 120 1336695 15860752
256 121 1339172 15860752
256 122 1336786 15860752
256 123 1339434 15860752
256 124 1336359 15860752
256 125 1337971 15860752
256 126 1338148 15860752
256 127 1339052 15860752
256 128 1339516 15860752
256 129 1338846 15860752
256 130 1337319 15860752
256 131 1338784 15860752
256 132 1336908 15860752
256 133 1338816 15860752
256 134 1337676 15860752
256 135 1340445 15860752
256 136 1338001 15860752
256 137 1337702 15860752
256 138 1339004 15860752
256 139 1340568 15860752
256 140 1338036 15860752
256 141 1336133 15860752
256 142 1338388 15860752
256 143 1341213 15860752
256 144 1336247 15860752
256 145 1337935 15860752
256 146 1337598 15860752
256 147 1340667 15860752
256 148 1338832 15860752
256 149 1339642 15860752
256 150 1338146 15860752
256 151 1339015 15860752
256 152 1338218 15860752
256 153 1337797 15860752
256 154 1337635 15860752
256 155 1337983 15860752
256 156 1338798 15860752
256 157 1336810 15860752
256 158 1338540 15860752
256 159 1339261 15860752
256 160 1338941 15860752
256 161 1338697 15860752
256 162 1339445 15860752
256 163 1338271 15860752
256 164 1339336 15860752
256 165 1337795 15860752
256 166 1338128 15860752
256 167 1338454 15860752
256 168 1338387 15860752
256 169 1338957 15860752
256 170 1337331 15860752
256 171 1339812 15860752
256 172 1338759 15860752
256 173 1338409 15860752
256 174 1339497 15860752
256 175 1338092 15860752
256 176 1340455 15860752
256 177 1339215 15860752
256 178 1337014 15860752
256 179 1338586 15860752
256 180 1338778 15860752
256 181 1338018 15860752
256 182 1340201 15860752
256 183 1338264 15860752
256 184 1337418 15860752
256 185 1338051 15860752
256 186 1338636 15860752
256 187 1338361 15860752
256 188 1337048 15860752
256 189 1337699 15860752
256 190 1340194 15860752
256 191 1337953 15860752
256 192 1337762 15860752
256 193 1338494 15860752
256 194 1340642 15860752
256 195 1336458 15860752
256 196 1337901 15860752
256 197 1339605 15860752
256 198 1340407 15860752
256 199 1338432 15860752
256 200 1338895 15860752
256 201 1339427 15860752
256 202 1338000 15860752
256 203 1337217 15860752
256 204 1337240 15860752
256 205 1338315 15860752
256 206 1336694 15860752
256 207 1337863 15860752
256 208 1337839 15860752
256 209 1337729 15860752
256 210 1337263 15860752
256 211 1339241 15860752
256 212 1340144 15860752
256 213 1338539 15860752
256 214 1337125 15860752
256 215 1339110 15860752
256 216 1337229 15860752
256 217 1337575 15860752
256 218 1337706 15860752
256 219 1339738 15860752
256 220 1339166 15860752
256 221 1338304 15860752
256 222 1337733 15860752
256 223 1339241 15860752
256 224 1339656 15860752
256 225 1339767 15860752
256 226 1338257 15860752
256 227 1340571 15860752
256 228 1340549 15860752
256 229 1338644 15860752
256 230 1339902 15860752
256 231 1338801 15860752
256 232 1337227 15860752
256 233 1338845 15860752
256 234 1338418 15860752
256 235 1338685 15860752
256 236 1338524 15860752
256 237 1339602 15860752
256 238 1337990 15860752
256 239 1338740 15860752
256 240 1337556 15860752
256 241 1339792 15860752
256 242 1337948 15860752
256 243 1338938 15860752
256 244 1338324 15860752
256 245 1338785 15860752
256 246 1338513 15860752
256 247 1336411 15860752
256 248 1338589 15860752
256 249 1338363 15860752
256 250 1336957 15860752
256 251 1337634 15860752
256 252 1336578 15860752
256 253 1337374 15860752
256 254 1336963 15860752
256 255 1335978 15860752
256 256 1337653 15860752
256 257 1338091 15860752
256 258 1337924 15860752
256 259 1339029 15860752
256 260 1339046 15860752
256 261 1338848 15860752
256 262 1338037 15860752
256 263 1338415 15860752
256 264 1337547 15860752
256 265 1339586 15860752
256 266 1339075 15860752
256 267 1338421 15860752
256 268 1339919 15860752
256 269 1338993 15860752
256 270 1337480 15860752
256 271 1337744 15860752
256 272 1339462 15860752
256 273 1338189 15860752
256 274 1338422 15860752
256 275 1337854 15860752
256 276 1340350 15860752
256 277 1338236 15860752
256 278 1338989 15860752
256 279 1338064 15860752
256 280 1338292 15860752
256 281 1337957 15860752
256 282 1338031 15860752
256 283 1337612 15860752
256 284 1339902 15860752
256 285 1338502 15860752
256 286 1339276 15860752
256 287 1338747 15860752
256 288 1338379 15860752
256 289 1337682 15860752
256 290 1338254 15860752
256 291 1337249 15860752
256 292 1339066 15860752
256 293 1338118 15860752
256 294 1337091 15860752
256 295 1337689 15860752
256 296 1339668 15860752
256 297 1339711 15860752
256 298 1338281 15860752
256 299 1337991 15860752
256 300 1340044 15860752
256 301 1337119 15860752
256 302 1337576 15860752
256 303 1337508 15860752
256 304 1337858 15860752
256 305 1336402 15860752
256 306 1337426 15860752
256 307 1336978 15860752
256 308 1337845 15860752
256 309 1338429 15860752
256 310 1337020 15860752
256 311 1336817 15860752
256 312 1337942 15860752
256 313 1337185 15860752
256 314 1338567 15860752
256 315 1338831 15860752
256 316 1339618 15860752
256 317 1338021 15860752
256 318 1338175 15860752
256 319 1340103 15860752
256 320 1338179 15860752
256 321 1339256 15860752
256 322 1339527 15860752
256 323 1339982 15860752
256 324 1338110 15860752
256 325 1337677 15860752
256 326 1338130 15860752
256 327 1340229 15860752
256 328 1338307 15860752
256 329 1337501 15860752
256 330 1339098 15860752
256 331 1340609 15860752
256 332 1338551 15860752
256 333 1336622 15860752
256 334 1337554 15860752
256 335 1339903 15860752
256 336 1337193 15860752
256 337 1337422 15860752
256 338 1339127 15860752
256 339 1338105 15860752
256 340 1337459 15860752
256 341 1335981 15860752
256 342 1336456 15860752
256 343 1339836 15860752
256 344 1338277 15860752
256 345 1336793 15860752
256 346 1339266 15860752
256 347 1338047 15860752
256 348 1339037 15860752
256 349 1337394 15860752
256 350 1340620 15860752
256 351 1338248 15860752
256 352 1339074 15860752
256 353 1338996 15860752
256 354 1337694 15860752
256 355 1338132 15860752
256 356 1338483 15860752
256 357 1339419 15860752
256 358 1340436 15860752
256 359 1338976 15860752
256 360 1336945 15860752
256 361 1335623 15860752
256 362 1341754 15860752
256 363 1337952 15860752
256 364 1337662 15860752
256 365 1339413 15860752
256 366 1339600 15860752
256 367 1338869 15860752
256 368 1336644 15860752
256 369 1338332 15860752
256 370 1339235 15860752
256 371 1338546 15860752
256 372 1337442 15860752
256 373 1339304 15860752
256 374 1339427 15860752
256 375 1338872 15860752
256 376 1336951 15860752
256 377 1338162 15860752
256 378 1336985 15860752
256 379 1338321 15860752
256 380 1337405 15860752
256 381 1338823 15860752
256 382 1336775 15860752
256 383 1339636 15860752
256 384 1337609 15860752
256 385 1337134 15860752
256 386 1337684 15860752
256 387 1338068 15860752
256 388 1338144 15860752
256 389 1338525 15860752
256 390 1337692 15860752
256 391 1336530 15860752
256 392 1338558 15860752
256 393 1338240 15860752
256 394 1339723 15860752
256 395 1339161 15860752
256 396 1337522 15860752
256 397 1337302 15860752
256 398 1337119 15860752
256 399 1338459 15860752
256 400 1337446 15860752
256 401 1338204 15860752
256 402 1338816 15860752
256 403 1336933 15860752
256 404 1339015 15860752
256 405 1337946 15860752
256 406 1336987 15860752
256 407 1337795 15860752
256 408 1337209 15860752
256 409 1339523 15860752
256 410 1336819 15860752
256 411 1338082 15860752
256 412 1338642 15860752
256 413 1337567 15860752
256 414 1338183 15860752
256 415 1338346 15860752
256 416 1339631 15860752
256 417 1339603 15860752
256 418 1336490 15860752
256 419 1339002 15860752
256 420 1337963 15860752
256 421 1338727 15860752
256 422 1338072 15860752
256 423 1339023 15860752
256 424 1337693 15860752
256 425 1339320 15860752
256 426 1337834 15860752
256 427 1338701 15860752
256 428 1339211 15860752
256 429 1338531 15860752
256 430 1337719 15860752
256 431 1338807 15860752
256 432 1339487 15860752
256 433 1339182 15860752
256 434 1337746 15860752
256 435 1337288 15860752
256 436 1337557 15860752
256 437 1337747 15860752
256 438 1338786 15860752
256 439 1339364 15860752
256 440 1338204 15860752
256 441 1338488 15860752
256 442 1337726 15860752
256 443 1337796 15860752
256 444 1338563 15860752
256 445 1338332 15860752
256 446 1340165 15860752
256 447 1338356 15860752
256 448 1340258 15860752
256 449 1338992 15860752
256 450 1340008 15860752
256 451 1338186 15860752
256 452 1340009 15860752
256 453 1338551 15860752
256 454 1337557 15860752
256 455 1339388 15860752
256 456 1338285 15860752
256 457 1339029 15860752
256 458 1338491 15860752
256 459 1338672 15860752
256 460 1340443 15860752
256 461 1338370 15860752
256 462 1340001 15860752
256 463 1339244 15860752
256 464 1339017 15860752
256 465 1338997 15860752
256 466 1338447 15860752
256 467 1338400 15860752
256 468 1339767 15860752
256 469 1339744 15860752
256 470 1338450 15860752
256 471 1338159 15860752
256 472 1338351 15860752
256 473 1338247 15860752
256 474 1337272 15860752
256 475 1339367 15860752
256 476 1337504 15860752
256 477 1337992 15860752
256 478 1336438 15860752
256 479 1337282 15860752
256 480 1336834 15860752
256 481 1338339 15860752
256 482 1337416 15860752
256 483 1337921 15860752
256 484 1337482 15860752
256 485 1339167 15860752
256 486 1336675 15860752
256 487 1338667 15860752
256 488 1337695 15860752
256 489 1339146 15860752
256 490 1338033 15860752
256 491 1338485 15860752
256 492 1339813 15860752
256 493 1336469 15860752
256 494 1337958 15860752
256 495 1341838 15860752
256 496 1339057 15860752
256 497 1338010 15860752
256 498 1337716 15860752
256 499 1341168 15860752
256 500 1338430 15860752
256 501 1336106 15860752
256 502 1337892 15860752
256 503 1339022 15860752
256 504 1337846 15860752
256 505 1338296 15860752
256 506 1339787 15860752
256 507 1340520 15860752
256 508 1338254 15860752
256 509 1338856 15860752
256 510 1338525 15860752
256 511 1339664 15860752
256 512 1337527 15860752
256 513 1337743 15860752
256 514 1338478 15860752
256 515 1338834 15860752
256 516 1336902 15860752
256 517 1337740 15860752
256 518 1337723 15860752
256 519 1339000 15860752
256 520 1337580 15860752
256 521 1339245 15860752
256 522 1338741 15860752
256 523 1338650 15860752
256 524 1338376 15860752
256 525 1337575 15860752
256 526 1337265 15860752
256 527 1337765 15860752
256 528 1338455 15860752
256 529 1339992 15860752
256 530 1336592 15860752
256 531 1338559 15860752
256 532 1340237 15860752
256 533 1336668 15860752
256 534 1336634 15860752
256 535 1339541 15860752
256 536 1337976 15860752
256 537 1337796 15860752
256 538 1338879 15860752
256 539 1338457 15860752
256 540 1338517 15860752
256 541 1337473 15860752
256 542 1338819 15860752
256 543 1338967 15860752
256 544 1338664 15860752
256 545 1338927 15860752
256 546 1338845 15860752
256 547 1339167 15860752
256 548 1338916 15860752
256 549 1337684 15860752
256 550 1341215 15860752
256 551 1338713 15860752
256 552 1337515 15860752
256 553 1338129 15860752
256 554 1343311 15860752
256 555 1338299 15860752
256 556 1337714 15860752
256 557 1340317 15860752
256 558 1338061 15860752
256 559 1338334 15860752
256 560 1338752 15860752
256 561 1339086 15860752
256 562 1336901 15860752
256 563 1339769 15860752
256 564 1339519 15860752
256 565 1339373 15860752
256 566 1338817 15860752
256 567 1339204 15860752
256 568 1338889 15860752
256 569 1337345 15860752
256 570 1337632 15860752
256 571 1338373 15860752
256 572 1338213 15860752
256 573 1337073 15860752
256 574 1338216 15860752
256 575 1338014 15860752
256 576 1337724 15860752
256 577 1337968 15860752
256 578 1338014 15860752
256 579 1337155 15860752
256 580 1339457 15860752
256 581 1339620 15860752
256 582 1338852 15860752
256 583 1338258 15860752
256 584 1338585 15860752
256 585 1339976 15860752
256 586 1337127 15860752
256 587 1337847 15860752
256 588 1338099 15860752
256 589 1339846 15860752
256 590 1337184 15860752
256 591 1337783 15860752
256 592 1336897 15860752
256 593 1339621 15860752
256 594 1337483 15860752
256 595 1339876 15860752
256 596 1340710 15860752
256 597 1339392 15860752
256 598 1338672 15860752
256 599 1337839 15860752
256 600 1338860 15860752
256 601 1338864 15860752
256 602 1337865 15860752
256 603 1337764 15860752
256 604 1337513 15860752
256 605 1337147 15860752
256 606 1337934 15860752
256 607 1337975 15860752
256 608 1338868 15860752
256 609 1336339 15860752
256 610 1338399 15860752
256 611 1339926 15860752
256 612 1338112 15860752
256 613 1337817 15860752
256 614 1339162 15860752
256 615 1338358 15860752
256 616 1339802 15860752
256 617 1339015 15860752
256 618 1340293 15860752
256 619 1337954 15860752
256 620 1338917 15860752
256 621 1337926 15860752
256 622 1338731 15860752
256 623 1338330 15860752
256 624 1337817 15860752
256 625 1338149 15860752
256 626 1336520 15860752
256 627 1338600 15860752
256 628 1341525 15860752
256 629 1338161 15860752
256 630 1337308 15860752
256 631 1336735 15860752
256 632 1339482 15860752
256 633 1336760 15860752
256 634 1338085 15860752
256 635 1337593 15860752
256 636 1340195 15860752
256 637 1338039 15860752
256 638 1337775 15860752
256 639 1338601 15860752
256 640 1340005 15860752
256 641 1338048 15860752
256 642 1337819 15860752
256 643 1338478 15860752
256 644 1339532 15860752
256 645 1337840 15860752
256 646 1337113 15860752
256 647 1339041 15860752
256 648 1340353 15860752
256 649 1337137 15860752
256 650 1338203 15860752
256 651 1336987 15860752
256 652 1337932 15860752
256 653 1338424 15860752
256 654 1339647 15860752
256 655 1337323 15860752
256 656 1336861 15860752
256 657 1338094 15860752
256 658 1337283 15860752
256 659 1338462 15860752
256 660 1339188 15860752
256 661 1338566 15860752
256 662 1338991 15860752
256 663 1338031 15860752
256 664 1337386 15860752
256 665 1337029 15860752
256 666 1338913 15860752
256 667 1337357 15860752
256 668 1340249 15860752
256 669 1338390 15860752
256 670 1337397 15860752
256 671 1338496 15860752
256 672 1338162 15860752
256 673 1340195 15860752
256 674 1339454 15860752
256 675 1341280 15860752
256 676 1337751 15860752
256 677 1337178 15860752
256 678 1340304 15860752
256 679 1338475 15860752
256 680 1337803 15860752
256 681 1336550 15860752
256 682 1340720 15860752
256 683 1339418 15860752
256 684 1337657 15860752
256 685 1337526 15860752
256 686 1338342 15860752
256 687 1339615 15860752
256 688 1338744 15860752
256 689 1338617 15860752
256 690 1337031 15860752
256 691 1340912 15860752
256 692 1337333 15860752
256 693 1338322 15860752
256 694 1338898 15860752
256 695 1337816 15860752
256 696 1338173 15860752
256 697 1340344 15860752
256 698 1337471 15860752
256 699 1338227 15860752
256 700 1338381 15860752
256 701 1337108 15860752
256 702 1338475 15860752
256 703 1339002 15860752
256 704 1338463 15860752
256 705 1338411 15860752
256 706 1339017 15860752
256 707 1338812 15860752
256 708 1338450 15860752
256 709 1336248 15860752
256 710 1338535 15860752
256 711 1339049 15860752
256 712 1337514 15860752
256 713 1336420 15860752
256 714 1338733 15860752
256 715 1337142 15860752
256 716 1337703 15860752
256 717 1338083 15860752
256 718 1340348 15860752
256 719 1337165 15860752
256 720 1338559 15860752
256 721 1338689 15860752
256 722 1339647 15860752
256 723 1339227 15860752
256 724 1338487 15860752
256 725 1339540 15860752
256 726 1339716 15860752
256 727 1339920 15860752
256 728 1336829 15860752
256 729 1339821 15860752
256 730 1338916 15860752
256 731 1337763 15860752
256 732 1338168 15860752
256 733 1337343 15860752
256 734 1339000 15860752
256 735 1338590 15860752
256 736 1338517 15860752
256 737 1338246 15860752
256 738 1339387 15860752
256 739 1338072 15860752
256 740 1337926 15860752
256 741 1338282 15860752
256 742 1337620 15860752
256 743 1337295 15860752
256 744 1337220 15860752
256 745 1336620 15860752
256 746 1337440 15860752
256 747 1338052 15860752
256 748 1338047 15860752
256 749 1338142 15860752
256 750 1338515 15860752
256 751 1339683 15860752
256 752 1337739 15860752
256 753 1338356 15860752
256 754 1338624 15860752
256 755 1338094 15860752
256 756 1337569 15860752
256 757 1336303 15860752
256 758 1336869 15860752
256 759 1337508 15860752
256 760 1338297 15860752
256 761 1336256 15860752
256 762 1337966 15860752
256 763 1336523 15860752
256 764 1338787 15860752
256 765 1338542 15860752
256 766 1336548 15860752
256 767 1341540 15860752
256 768 1337945 15860752
256 769 1339388 15860752
256 770 1337469 15860752
256 771 1337949 15860752
256 772 1338328 15860752
256 773 1339530 15860752
256 774 1339191 15860752
256 775 1337599 15860752
256 776 1337461 15860752
256 777 1339893 15860752
256 778 1337357 15860752
256 779 1337090 15860752
256 780 1338038 15860752
256 781 1340025 15860752
256 782 1337145 15860752
256 783 1339648 15860752
256 784 1338579 15860752
256 785 1337081 15860752
256 786 1337920 15860752
256 787 1338466 15860752
256 788 1337961 15860752
256 789 1337912 15860752
256 790 1337797 15860752
256 791 1337516 15860752
256 792 1337721 15860752
256 793 1337712 15860752
256 794 1337067 15860752
256 795 1338257 15860752
256 796 1339594 15860752
256 797 1339052 15860752
256 798 1338863 15860752
256 799 1341121 15860752
256 800 1338972 15860752
256 801 1338362 15860752
256 802 1340134 15860752
256 803 1337659 15860752
256 804 1336697 15860752
256 805 1337293 15860752
256 806 1340033 15860752
256 807 1338096 15860752
256 808 1340147 15860752
256 809 1339109 15860752
256 810 1336781 15860752
256 811 1338885 15860752
256 812 1337644 15860752
256 813 1339987 15860752
256 814 1337143 15860752
256 815 1337593 15860752
256 816 1338940 15860752
256 817 1337257 15860752
256 818 1337655 15860752
256 819 1338664 15860752
256 820 1338800 15860752
256 821 1337720 15860752
256 822 1337346 15860752
256 823 1336725 15860752
256 824 1339783 15860752
256 825 1339850 15860752
256 826 1337522 15860752
256 827 1339275 15860752
256 828 1337636 15860752
256 829 1339004 15860752
256 830 1338127 15860752
256 831 1337466 15860752
256 832 1339458 15860752
256 833 1338395 15860752
256 834 1337417 15860752
256 835 1339096 15860752
256 836 1337654 15860752
256 837 1337746 15860752
256 838 1337834 15860752
256 839 1338665 15860752
256 840 1339630 15860752
256 841 1336886 15860752
256 842 1337980 15860752
256 843 1339066 15860752
256 844 1336936 15860752
256 845 1337569 15860752
256 846 1338550 15860752
256 847 1339324 15860752
256 848 1339324 15860752
256 849 1337187 15860752
256 850 1338673 15860752
256 851 1337316 15860752
256 852 1338701 15860752
256 853 1339386 15860752
256 854 1339652 15860752
256 855 1338287 15860752
256 856 1338590 15860752
256 857 1337362 15860752
256 858 1338974 15860752
256 859 1339641 15860752
256 860 1338180 15860752
256 861 1337631 15860752
256 862 1338731 15860752
256 863 1340167 15860752
256 864 1337959 15860752
256 865 1335289 15860752
256 866 1338393 15860752
256 867 1338858 15860752
256 868 1339401 15860752
256 869 1338726 15860752
256 870 1339396 15860752
256 871 1340378 15860752
256 872 1338381 15860752
256 873 1339381 15860752
256 874 1337043 15860752
256 875 1339199 15860752
256 876 1337952 15860752
256 877 1337534 15860752
256 878 1338142 15860752
256 879 1338408 15860752
256 880 1339106 15860752
256 881 1337967 15860752
256 882 1339414 15860752
256 883 1336502 15860752
256 884 1339004 15860752
256 885 1339628 15860752
256 886 1337632 15860752
256 887 1339619 15860752
256 888 1338221 15860752
256 889 1338095 15860752
256 890 1338408 15860752
256 891 1338572 15860752
256 892 1336255 15860752
256 893 1337424 15860752
256 894 1337730 15860752
256 895 1338111 15860752
256 896 1339013 15860752
256 897 1338294 15860752
256 898 1339728 15860752
256 899 1338060 15860752
256 900 1338572 15860752
256 901 1338119 15860752
256 902 1339392 15860752
256 903 1337454 15860752
256 904 1338224 15860752
256 905 1336594 15860752
256 906 1339987 15860752
256 907 1339232 15860752
256 908 1342411 15860752
256 909 1338117 15860752
256 910 1339768 15860752
256 911 1339032 15860752
256 912 1338240 15860752
256 913 1337267 15860752
256 914 1338817 15860752
256 915 1336663 15860752
256 916 1338088 15860752
256 917 1339852 15860752
256 918 1337137 15860752
256 919 1338169 15860752
256 920 1337284 15860752
256 921 1335622 15860752
256 922 1337446 15860752
256 923 1339045 15860752
256 924 1338052 15860752
256 925 1337848 15860752
256 926 1336713 15860752
256 927 1339017 15860752
256 928 1338414 15860752
256 929 1338870 15860752
256 930 1337818 15860752
256 931 1337435 15860752
256 932 1338258 15860752
256 933 1336150 15860752
256 934 1337107 15860752
256 935 1340481 15860752
256 936 1338522 15860752
256 937 1337537 15860752
256 938 1338515 15860752
256 939 1338554 15860752
256 940 1337489 15860752
256 941 1338923 15860752
256 942 1338847 15860752
256 943 1338421 15860752
256 944 1337501 15860752
256 945 1339741 15860752
256 946 1338661 15860752
256 947 1339516 15860752
256 948 1338995 15860752
256 949 1339716 15860752
256 950 1338797 15860752
256 951 1339656 15860752
256 952 1338136 15860752
256 953 1339475 15860752
256 954 1338583 15860752
256 955 1338695 15860752
256 956 1339122 15860752
256 957 1341535 15860752
256 958 1337987 15860752
256 959 1340604 15860752
256 960 1339105 15860752
256 961 1340973 15860752
256 962 1337559 15860752
256 963 1338783 15860752
256 964 1337286 15860752
256 965 1338205 15860752
256 966 1340535 15860752
256 967 1338840 15860752
256 968 1337210 15860752
256 969 1338678 15860752
256 970 1338039 15860752
256 971 1338320 15860752
256 972 1338526 15860752
256 973 1339139 15860752
256 974 1337423 15860752
256 975 1339246 15860752
256 976 1337095 15860752
256 977 1338648 15860752
256 978 1337953 15860752
256 979 1339746 15860752
256 980 1337377 15860752
256 981 1339326 15860752
256 982 1338464 15860752
256 983 1339851 15860752
256 984 1337516 15860752
256 985 1337113 15860752
256 986 1337134 15860752
256 987 1336798 15860752
256 988 1339995 15860752
256 989 1336840 15860752
256 990 1337035 15860752
256 991 1336917 15860752
256 992 1339724 15860752
256 993 1337861 15860752
256 994 1338147 15860752
256 995 1338584 15860752
256 996 1340400 15860752
256 997 1339894 15860752
256 998 1338842 15860752
256 999 1337760 15860752
