256 0 402908 15860550
256 1 403104 15860550
256 2 403887 15860550
256 3 404130 15860550
256 4 403435 15860550
256 5 403034 15860550
256 6 403523 15860550
256 7 403915 15860550
256 8 403533 15860550
256 9 403523 15860550
256 10 405251 15860550
256 11 402995 15860550
256 12 403619 15860550
256 13 404469 15860550
256 14 403853 15860550
256 15 404672 15860550
256 16 403519 15860550
256 17 403979 15860550
256 18 404915 15860550
256 19 403761 15860550
256 20 402678 15860550
256 21 404402 15860550
256 22 403290 15860550
256 23 403798 15860550
256 24 404566 15860550
256 25 403790 15860550
256 26 403698 15860550
256 27 404100 15860550
256 28 403962 15860550
256 29 405492 15860550
256 30 403325 15860550
256 31 403557 15860550
256 32 405033 15860550
256 33 403881 15860550
256 34 404123 15860550
256 35 403117 15860550
256 36 403079 15860550
256 37 404177 15860550
256 38 404514 15860550
256 39 403508 15860550
256 40 404151 15860550
256 41 403812 15860550
256 42 403440 15860550
256 43 404583 15860550
256 44 403233 15860550
256 45 403291 15860550
256 46 404059 15860550
256 47 403256 15860550
256 48 404334 15860550
256 49 403099 15860550
256 50 403195 15860550
256 51 403238 15860550
256 52 404351 15860550
256 53 404028 15860550
256 54 404197 15860550
256 55 403982 15860550
256 56 403359 15860550
256 57 404792 15860550
256 58 403412 15860550
256 59 403316 15860550
256 60 404924 15860550
256 61 403136 15860550
256 62 404248 15860550
256 63 403038 15860550
256 64 403186 15860550
256 65 404083 15860550
256 66 403857 15860550
256 67 403984 15860550
256 68 404876 15860550
256 69 403333 15860550
256 70 403144 15860550
256 71 404743 15860550
256 72 403390 15860550
256 73 403745 15860550
256 74 404140 15860550
256 75 403869 15860550
256 76 403798 15860550
256 77 403218 15860550
256 78 403571 15860550
256 79 404246 15860550
256 80 403521 15860550
256 81 403361 15860550
256 82 405329 15860550
256 83 403324 15860550
256 84 403690 15860550
256 85 403961 15860550
256 86 402953 15860550
256 87 403248 15860550
256 88 404179 15860550
256 89 404630 15860550
256 90 403862 15860550
256 91 403822 15860550
256 92 403251 15860550
256 93 404055 15860550
256 94 403167 15860550
256 95 403769 15860550
256 96 404544 15860550
256 97 403750 15860550
256 98 403402 15860550
256 99 405059 15860550
256 100 403151 15860550
256 101 404197 15860550
256 102 403288 15860550
256 103 403409 15860550
256 104 404553 15860550
256 105 403061 15860550
256 106 404173 15860550
256 107 405016 15860550
256 108 403028 15860550
256 109 403746 15860550
256 110 404183 15860550
256 111 403661 15860550
256 112 403833 15860550
256 113 404848 15860550
256 114 402992 15860550
256 115 404895 15860550
256 116 403687 15860550
256 117 403031 15860550
256 118 404668 15860550
256 119 402540 15860550
256 120 403153 15860550
256 121 405139 15860550
256 122 403371 15860550
256 123 403963 15860550
256 124 403470 15860550
256 125 403243 15860550
256 126 403559 15860550
256 127 404637 15860550
256 128 403909 15860550
256 129 404564 15860550
256 130 403464 15860550
256 131 403353 15860550
256 132 404457 15860550
256 133 403147 15860550
256 134 403500 15860550
256 135 404642 15860550
256 136 403476 15860550
256 137 403870 15860550
256 138 403885 15860550
256 139 403603 15860550
256 140 403450 15860550
256 141 404188 15860550
256 142 404382 15860550
256 143 404223 15860550
256 144 402335 15860550
256 145 402909 15860550
256 146 404623 15860550
256 147 403051 15860550
256 148 403242 15860550
256 149 405280 15860550
256 150 403282 15860550
256 151 403999 15860550
256 152 403974 15860550
256 153 404155 15860550
256 154 403257 15860550
256 155 404290 15860550
256 156 402775 15860550
256 157 403841 15860550
256 158 403712 15860550
256 159 403612 15860550
256 160 404808 15860550
256 161 403577 15860550
256 162 403009 15860550
256 163 405651 15860550
256 164 402788 15860550
256 165 404064 15860550
256 166 403881 15860550
256 167 403261 15860550
256 168 403737 15860550
256 169 403979 15860550
256 170 403564 15860550
256 171 404992 15860550
256 172 403924 15860550
256 173 403449 15860550
256 174 404866 15860550
256 175 403378 15860550
256 176 403433 15860550
256 177 404634 15860550
256 178 403154 15860550
256 179 403970 15860550
256 180 403430 15860550
256 181 403291 15860550
256 182 402726 15860550
256 183 404111 15860550
256 184 403868 15860550
256 185 404695 15860550
256 186 402975 15860550
256 187 403324 15860550
256 188 404573 15860550
256 189 403200 15860550
256 190 403462 15860550
256 191 404174 15860550
256 192 404165 15860550
256 193 404073 15860550
256 194 403791 15860550
256 195 403243 15860550
256 196 404431 15860550
256 197 403905 15860550
256 198 402957 15860550
256 199 404621 15860550
256 200 403067 15860550
256 201 403166 15860550
256 202 404251 15860550
256 203 403575 15860550
256 204 403590 15860550
256 205 404293 15860550
256 206 403492 15860550
256 207 404676 15860550
256 208 403149 15860550
256 209 403593 15860550
256 210 404076 15860550
256 211 403017 15860550
256 212 403463 15860550
256 213 403991 15860550
256 214 403810 15860550
256 215 403474 15860550
256 216 404290 15860550
256 217 403615 15860550
256 218 403137 15860550
256 219 404330 15860550
256 220 403236 15860550
256 221 404407 15860550
256 222 403305 15860550
256 223 403739 15860550
256 224 404196 15860550
256 225 403117 15860550
256 226 403265 15860550
256 227 404662 15860550
256 228 403281 15860550
256 229 403039 15860550
256 230 403944 15860550
256 231 404584 15860550
256 232 404377 15860550
256 233 403102 15860550
256 234 403453 15860550
256 235 404842 15860550
256 236 403333 15860550
256 237 403409 15860550
256 238 404843 15860550
256 239 403237 15860550
256 240 404048 15860550
256 241 403823 15860550
256 242 403654 15860550
256 243 403463 15860550
256 244 403667 15860550
256 245 403584 15860550
256 246 404641 15860550
256 247 403245 15860550
256 248 403328 15860550
256 249 404381 15860550
256 250 403104 15860550
256 251 403622 15860550
256 252 404957 15860550
256 253 404154 15860550
256 254 404857 15860550
256 255 403886 15860550
256 256 403253 15860550
256 257 405190 15860550
256 258 403090 15860550
256 259 402944 15860550
256 260 404859 15860550
256 261 403616 15860550
256 262 403045 15860550
256 263 404457 15860550
256 264 403421 15860550
256 265 403335 15860550
256 266 404270 15860550
256 267 404130 15860550
256 268 404400 15860550
256 269 403274 15860550
256 270 403435 15860550
256 271 403718 15860550
256 272 403855 15860550
256 273 403496 15860550
256 274 405072 15860550
256 275 402772 15860550
256 276 403739 15860550
256 277 404172 15860550
256 278 402913 15860550
256 279 402836 15860550
256 280 404029 15860550
256 281 404343 15860550
256 282 404247 15860550
256 283 403496 15860550
256 284 403317 15860550
256 285 404368 15860550
256 286 404019 15860550
256 287 403475 15860550
256 288 404543 15860550
256 289 403535 15860550
256 290 403266 15860550
256 291 404300 15860550
256 292 403843 15860550
256 293 402792 15860550
256 294 403381 15860550
256 295 404352 15860550
256 296 404336 15860550
256 297 404133 15860550
256 298 403462 15860550
256 299 404026 15860550
256 300 403862 15860550
256 301 403509 15860550
256 302 404578 15860550
256 303 403349 15860550
256 304 403103 15860550
256 305 403840 15860550
256 306 403093 15860550
256 307 403034 15860550
256 308 403958 15860550
256 309 403801 15860550
256 310 403810 15860550
256 311 403065 15860550
256 312 403131 15860550
256 313 403699 15860550
256 314 404171 15860550
256 315 403391 15860550
256 316 404188 15860550
256 317 403389 15860550
256 318 403440 15860550
256 319 404181 15860550
256 320 403638 15860550
256 321 403814 15860550
256 322 404554 15860550
256 323 403859 15860550
256 324 403987 15860550
256 325 403522 15860550
256 326 402841 15860550
256 327 404785 15860550
256 328 403091 15860550
256 329 403689 15860550
256 330 403920 15860550
256 331 403518 15860550
256 332 402973 15860550
256 333 404352 15860550
256 334 403242 15860550
256 335 404203 15860550
256 336 404396 15860550
256 337 403617 15860550
256 338 404081 15860550
256 339 402989 15860550
256 340 403778 15860550
256 341 404381 15860550
256 342 403522 15860550
256 343 403328 15860550
256 344 404203 15860550
256 345 403499 15860550
256 346 403814 15860550
256 347 405162 15860550
256 348 403561 15860550
256 349 404113 15860550
256 350 403862 15860550
256 351 403345 15860550
256 352 404908 15860550
256 353 403449 15860550
256 354 403152 15860550
256 355 404665 15860550
256 356 403289 15860550
256 357 403724 15860550
256 358 403937 15860550
256 359 403529 15860550
256 360 404015 15860550
256 361 403815 15860550
256 362 403797 15860550
256 363 403989 15860550
256 364 403258 15860550
256 365 403206 15860550
256 366 404274 15860550
256 367 403771 15860550
256 368 403046 15860550
256 369 405106 15860550
256 370 402969 15860550
256 371 404228 15860550
256 372 404303 15860550
256 373 403071 15860550
256 374 403369 15860550
256 375 404560 15860550
256 376 403902 15860550
256 377 404160 15860550
256 378 403786 15860550
256 379 402810 15860550
256 380 404536 15860550
256 381 402803 15860550
256 382 403599 15860550
256 383 404611 15860550
256 384 403419 15860550
256 385 404100 15860550
256 386 403016 15860550
256 387 403353 15860550
256 388 403692 15860550
256 389 404171 15860550
256 390 403697 15860550
256 391 404481 15860550
256 392 403638 15860550
256 393 403211 15860550
256 394 404717 15860550
256 395 402967 15860550
256 396 403613 15860550
256 397 405104 15860550
256 398 403259 15860550
256 399 403540 15860550
256 400 404131 15860550
256 401 403757 15860550
256 402 403519 15860550
256 403 404665 15860550
256 404 403939 15860550
256 405 403939 15860550
256 406 403731 15860550
256 407 403522 15860550
256 408 405355 15860550
256 409 403597 15860550
256 410 403823 15860550
256 411 404626 15860550
256 412 404136 15860550
256 413 403959 15860550
256 414 403738 15860550
256 415 403431 15860550
256 416 404111 15860550
256 417 403567 15860550
256 418 403668 15860550
256 419 404591 15860550
256 420 403190 15860550
256 421 404392 15860550
256 422 404030 15860550
256 423 403547 15860550
256 424 402871 15860550
256 425 403929 15860550
256 426 404058 15860550
256 427 404810 15860550
256 428 403500 15860550
256 429 402875 15860550
256 430 404188 15860550
256 431 403923 15860550
256 432 403195 15860550
256 433 405284 15860550
256 434 403305 15860550
256 435 403734 15860550
256 436 404074 15860550
256 437 403215 15860550
256 438 403131 15860550
256 439 403941 15860550
256 440 403581 15860550
256 441 404572 15860550
256 442 404118 15860550
256 443 403444 15860550
256 444 404421 15860550
256 445 403300 15860550
256 446 403427 15860550
256 447 404920 15860550
256 448 402730 15860550
256 449 403657 15860550
256 450 404525 15860550
256 451 403908 15860550
256 452 403633 15860550
256 453 404858 15860550
256 454 404210 15860550
256 455 404377 15860550
256 456 404011 15860550
256 457 403681 15860550
256 458 404057 15860550
256 459 403281 15860550
256 460 403472 15860550
256 461 404694 15860550
256 462 403717 15860550
256 463 403287 15860550
256 464 405047 15860550
256 465 403539 15860550
256 466 404247 15860550
256 467 403639 15860550
256 468 403542 15860550
256 469 404460 15860550
256 470 403250 15860550
256 471 403613 15860550
256 472 404597 15860550
256 473 402813 15860550
256 474 403602 15860550
256 475 404443 15860550
256 476 402447 15860550
256 477 403422 15860550
256 478 405194 15860550
256 479 404027 15860550
256 480 404250 15860550
256 481 402958 15860550
256 482 403348 15860550
256 483 404565 15860550
256 484 403282 15860550
256 485 402848 15860550
256 486 404648 15860550
256 487 403030 15860550
256 488 403748 15860550
256 489 404236 15860550
256 490 403055 15860550
256 491 403804 15860550
256 492 403812 15860550
256 493 404119 15860550
256 494 404084 15860550
256 495 403160 15860550
256 496 403142 15860550
256 497 404030 15860550
256 498 403392 15860550
256 499 402999 15860550
256 500 404664 15860550
256 501 403527 15860550
256 502 404142 15860550
256 503 403777 15860550
256 504 403507 15860550
256 505 403833 15860550
256 506 403638 15860550
256 507 403663 15860550
256 508 404538 15860550
256 509 403774 15860550
256 510 403328 15860550
256 511 404785 15860550
256 512 403595 15860550
256 513 403531 15860550
256 514 405056 15860550
256 515 403450 15860550
256 516 403894 15860550
256 517 403196 15860550
256 518 403471 15860550
256 519 404101 15860550
256 520 404145 15860550
256 521 404055 15860550
256 522 404508 15860550
256 523 403772 15860550
256 524 403360 15860550
256 525 404641 15860550
256 526 403529 15860550
256 527 402807 15860550
256 528 404241 15860550
256 529 403273 15860550
256 530 404484 15860550
256 531 403392 15860550
256 532 403051 15860550
256 533 403066 15860550
256 534 403767 15860550
256 535 403520 15860550
256 536 404226 15860550
256 537 403677 15860550
256 538 403410 15860550
256 539 404834 15860550
256 540 402798 15860550
256 541 403431 15860550
256 542 404528 15860550
256 543 403406 15860550
256 544 403992 15860550
256 545 404007 15860550
256 546 404209 15860550
256 547 403357 15860550
256 548 403720 15860550
256 549 404092 15860550
256 550 404018 15860550
256 551 403614 15860550
256 552 403499 15860550
256 553 405570 15860550
256 554 403745 15860550
256 555 403755 15860550
256 556 404097 15860550
256 557 403545 15860550
256 558 404258 15860550
256 559 403902 15860550
256 560 403522 15860550
256 561 403830 15860550
256 562 404283 15860550
256 563 403810 15860550
256 564 404617 15860550
256 565 403106 15860550
256 566 403254 15860550
256 567 404734 15860550
256 568 403627 15860550
256 569 403344 15860550
256 570 404064 15860550
256 571 403960 15860550
256 572 404575 15860550
256 573 403667 15860550
256 574 403636 15860550
256 575 404062 15860550
256 576 404134 15860550
256 577 403610 15860550
256 578 404681 15860550
256 579 403692 15860550
256 580 404220 15860550
256 581 403746 15860550
256 582 403311 15860550
256 583 403093 15860550
256 584 404647 15860550
256 585 403576 15860550
256 586 404855 15860550
256 587 403313 15860550
256 588 403286 15860550
256 589 404614 15860550
256 590 403415 15860550
256 591 403136 15860550
256 592 403595 15860550
256 593 403811 15860550
256 594 403390 15860550
256 595 404396 15860550
256 596 403111 15860550
256 597 404123 15860550
256 598 404337 15860550
256 599 403967 15860550
256 600 404514 15860550
256 601 403783 15860550
256 602 403625 15860550
256 603 404471 15860550
256 604 402842 15860550
256 605 403410 15860550
256 606 404499 15860550
256 607 403162 15860550
256 608 403691 15860550
256 609 404398 15860550
256 610 402701 15860550
256 611 403975 15860550
256 612 404263 15860550
256 613 404226 15860550
256 614 403878 15860550
256 615 404207 15860550
256 616 402954 15860550
256 617 404792 15860550
256 618 403399 15860550
256 619 403508 15860550
256 620 404260 15860550
256 621 402930 15860550
256 622 403843 15860550
256 623 404799 15860550
256 624 403888 15860550
256 625 403340 15860550
256 626 403992 15860550
256 627 403965 15860550
256 628 404672 15860550
256 629 403512 15860550
256 630 403133 15860550
256 631 403999 15860550
256 632 403762 15860550
256 633 403903 15860550
256 634 404482 15860550
256 635 403518 15860550
256 636 403714 15860550
256 637 404123 15860550
256 638 403651 15860550
256 639 403340 15860550
256 640 404295 15860550
256 641 404353 15860550
256 642 404443 15860550
256 643 403909 15860550
256 644 403209 15860550
256 645 404003 15860550
256 646 403759 15860550
256 647 404155 15860550
256 648 404922 15860550
256 649 402975 15860550
256 650 403833 15860550
256 651 404018 15860550
256 652 403491 15860550
256 653 403059 15860550
256 654 404370 15860550
256 655 403808 15860550
256 656 404429 15860550
256 657 403636 15860550
256 658 403146 15860550
256 659 404334 15860550
256 660 403015 15860550
256 661 403238 15860550
256 662 404655 15860550
256 663 403102 15860550
256 664 404077 15860550
256 665 404649 15860550
256 666 403569 15860550
256 667 403583 15860550
256 668 404336 15860550
256 669 403824 15860550
256 670 404444 15860550
256 671 402985 15860550
256 672 403422 15860550
256 673 404420 15860550
256 674 403364 15860550
256 675 402983 15860550
256 676 404126 15860550
256 677 403738 15860550
256 678 403427 15860550
256 679 404368 15860550
256 680 402942 15860550
256 681 403932 15860550
256 682 403561 15860550
256 683 403235 15860550
256 684 404378 15860550
256 685 403031 15860550
256 686 403230 15860550
256 687 403690 15860550
256 688 403452 15860550
256 689 403637 15860550
256 690 404372 15860550
256 691 403423 15860550
256 692 403410 15860550
256 693 404748 15860550
256 694 403222 15860550
256 695 403956 15860550
256 696 403786 15860550
256 697 402863 15860550
256 698 404807 15860550
256 699 403232 15860550
256 700 403806 15860550
256 701 404829 15860550
256 702 403580 15860550
256 703 403076 15860550
256 704 404676 15860550
256 705 403825 15860550
256 706 403517 15860550
256 707 404615 15860550
256 708 403441 15860550
256 709 403774 15860550
256 710 404276 15860550
256 711 403459 15860550
256 712 404860 15860550
256 713 403010 15860550
256 714 403996 15860550
256 715 404394 15860550
256 716 403286 15860550
256 717 403040 15860550
256 718 404485 15860550
256 719 404025 15860550
256 720 402883 15860550
256 721 404106 15860550
256 722 403427 15860550
256 723 403679 15860550
256 724 404495 15860550
256 725 404427 15860550
256 726 404276 15860550
256 727 404058 15860550
256 728 403631 15860550
256 729 404587 15860550
256 730 403140 15860550
256 731 403074 15860550
256 732 404947 15860550
256 733 403026 15860550
256 734 402926 15860550
256 735 404118 15860550
256 736 403322 15860550
256 737 403148 15860550
256 738 404500 15860550
256 739 403349 15860550
256 740 404595 15860550
256 741 403737 15860550
256 742 402817 15860550
256 743 404508 15860550
256 744 403090 15860550
256 745 402866 15860550
256 746 404413 15860550
256 747 403541 15860550
256 748 402867 15860550
256 749 404517 15860550
256 750 403413 15860550
256 751 403777 15860550
256 752 404401 15860550
256 753 403876 15860550
256 754 404975 15860550
256 755 403341 15860550
256 756 403149 15860550
256 757 404628 15860550
256 758 403173 15860550
256 759 403066 15860550
256 760 403914 15860550
256 761 403907 15860550
256 762 403237 15860550
256 763 405182 15860550
256 764 403280 15860550
256 765 404188 15860550
256 766 403424 15860550
256 767 404228 15860550
256 768 404322 15860550
256 769 403119 15860550
256 770 403144 15860550
256 771 403977 15860550
256 772 403982 15860550
256 773 403030 15860550
256 774 404503 15860550
256 775 403716 15860550
256 776 403376 15860550
256 777 404816 15860550
256 778 403471 15860550
256 779 403642 15860550
256 780 404208 15860550
256 781 403341 15860550
256 782 404695 15860550
256 783 403614 15860550
256 784 404153 15860550
256 785 404007 15860550
256 786 402972 15860550
256 787 403939 15860550
256 788 404774 15860550
256 789 403765 15860550
256 790 403983 15860550
256 791 404421 15860550
256 792 403273 15860550
256 793 404015 15860550
256 794 403068 15860550
256 795 404855 15860550
256 796 404470 15860550
256 797 402802 15860550
256 798 403598 15860550
256 799 404691 15860550
256 800 403591 15860550
256 801 403839 15860550
256 802 404957 15860550
256 803 404057 15860550
256 804 404637 15860550
256 805 404361 15860550
256 806 403698 15860550
256 807 404082 15860550
256 808 403668 15860550
256 809 403098 15860550
256 810 404702 15860550
256 811 403608 15860550
256 812 403235 15860550
256 813 404627 15860550
256 814 403583 15860550
256 815 404217 15860550
256 816 403369 15860550
256 817 403193 15860550
256 818 403505 15860550
256 819 404477 15860550
256 820 404424 15860550
256 821 403925 15860550
256 822 403176 15860550
256 823 403105 15860550
256 824 404614 15860550
256 825 402804 15860550
256 826 403947 15860550
256 827 404404 15860550
256 828 403373 15860550
256 829 404235 15860550
256 830 403727 15860550
256 831 403888 15860550
256 832 403434 15860550
256 833 404036 15860550
256 834 403381 15860550
256 835 404153 15860550
256 836 403529 15860550
256 837 403843 15860550
256 838 405235 15860550
256 839 403354 15860550
256 840 403523 15860550
256 841 403749 15860550
256 842 404501 15860550
256 843 404890 15860550
256 844 403597 15860550
256 845 403195 15860550
256 846 404260 15860550
256 847 404236 15860550
256 848 403453 15860550
256 849 404186 15860550
256 850 403277 15860550
256 851 403568 15860550
256 852 404665 15860550
256 853 403720 15860550
256 854 403860 15860550
256 855 403763 15860550
256 856 403322 15860550
256 857 404159 15860550
256 858 403301 15860550
256 859 402641 15860550
256 860 404175 15860550
256 861 403673 15860550
256 862 403759 15860550
256 863 405055 15860550
256 864 403178 15860550
256 865 403456 15860550
256 866 404578 15860550
256 867 402819 15860550
256 868 402992 15860550
256 869 405225 15860550
256 870 403687 15860550
256 871 404534 15860550
256 872 403532 15860550
256 873 403040 15860550
256 874 403557 15860550
256 875 403387 15860550
256 876 404061 15860550
256 877 403835 15860550
256 878 403806 15860550
256 879 403239 15860550
256 880 405042 15860550
256 881 403290 15860550
256 882 403006 15860550
256 883 404799 15860550
256 884 403444 15860550
256 885 403595 15860550
256 886 404024 15860550
256 887 403669 15860550
256 888 404270 15860550
256 889 403331 15860550
256 890 403540 15860550
256 891 403638 15860550
256 892 403834 15860550
256 893 402883 15860550
256 894 404360 15860550
256 895 403265 15860550
256 896 403751 15860550
256 897 403489 15860550
256 898 404067 15860550
256 899 403964 15860550
256 900 403378 15860550
256 901 403084 15860550
256 902 404133 15860550
256 903 402994 15860550
256 904 403257 15860550
256 905 404970 15860550
256 906 402910 15860550
256 907 403170 15860550
256 908 404845 15860550
256 909 403144 15860550
256 910 403057 15860550
256 911 404182 15860550
256 912 404878 15860550
256 913 404523 15860550
256 914 403250 15860550
256 915 403852 15860550
256 916 403469 15860550
256 917 404563 15860550
256 918 403708 15860550
256 919 404648 15860550
256 920 402862 15860550
256 921 403782 15860550
256 922 404625 15860550
256 923 403557 15860550
256 924 403235 15860550
256 925 404764 15860550
256 926 403019 15860550
256 927 404484 15860550
256 928 404007 15860550
256 929 403106 15860550
256 930 404541 15860550
256 931 404272 15860550
256 932 403284 15860550
256 933 404268 15860550
256 934 402962 15860550
256 935 403132 15860550
256 936 403876 15860550
256 937 403875 15860550
256 938 403781 15860550
256 939 404078 15860550
256 940 404096 15860550
256 941 403926 15860550
256 942 403436 15860550
256 943 403716 15860550
256 944 404432 15860550
256 945 403276 15860550
256 946 403375 15860550
256 947 403758 15860550
256 948 404403 15860550
256 949 403617 15860550
256 950 404165 15860550
256 951 402849 15860550
256 952 403809 15860550
256 953 403286 15860550
256 954 403934 15860550
256 955 405536 15860550
256 956 403591 15860550
256 957 403881 15860550
256 958 404233 15860550
256 959 403797 15860550
256 960 403617 15860550
256 961 403848 15860550
256 962 404587 15860550
256 963 403207 15860550
256 964 404807 15860550
256 965 403607 15860550
256 966 404173 15860550
256 967 403691 15860550
256 968 403534 15860550
256 969 404715 15860550
256 970 403050 15860550
256 971 403964 15860550
256 972 404114 15860550
256 973 403749 15860550
256 974 402984 15860550
256 975 403488 15860550
256 976 404503 15860550
256 977 402978 15860550
256 978 404864 15860550
256 979 403621 15860550
256 980 404190 15860550
256 981 403736 15860550
256 982 403574 15860550
256 983 405094 15860550
256 984 403211 15860550
256 985 403854 15860550
256 986 404156 15860550
256 987 404080 15860550
256 988 403198 15860550
256 989 404292 15860550
256 990 404094 15860550
256 991 403292 15860550
256 992 404287 15860550
256 993 403097 15860550
256 994 404296 15860550
256 995 403695 15860550
256 996 404096 15860550
256 997 404141 15860550
256 998 403758 15860550
256 999 403775 15860550
