256 0 1476259 15860752
256 1 1373673 15860752
256 2 1349442 15860752
256 3 1341974 15860752
256 4 1337831 15860752
256 5 1337267 15860752
256 6 1340717 15860752
256 7 1334748 15860752
256 8 1339268 15860752
256 9 1337127 15860752
256 10 1340777 15860752
256 11 1338786 15860752
256 12 1339234 15860752
256 13 1337500 15860752
256 14 1338627 15860752
256 15 1339038 15860752
256 16 1337512 15860752
256 17 1337804 15860752
256 18 1338093 15860752
256 19 1338379 15860752
256 20 1339182 15860752
256 21 1337361 15860752
256 22 1336591 15860752
256 23 1337486 15860752
256 24 1337703 15860752
256 25 1338046 15860752
256 26 1337067 15860752
256 27 1338531 15860752
256 28 1338572 15860752
256 29 1337368 15860752
256 30 1340135 15860752
256 31 1337423 15860752
256 32 1336479 15860752
256 33 1338394 15860752
256 34 1340338 15860752
256 35 1338171 15860752
256 36 1337654 15860752
256 37 1339188 15860752
256 38 1337606 15860752
256 39 1337973 15860752
256 40 1337997 15860752
256 41 1337739 15860752
256 42 1337992 15860752
256 43 1337806 15860752
256 44 1338477 15860752
256 45 1339408 15860752
256 46 1339079 15860752
256 47 1338005 15860752
256 48 1336595 15860752
256 49 1339660 15860752
256 50 1339518 15860752
256 51 1338900 15860752
256 52 1339033 15860752
256 53 1338531 15860752
256 54 1338024 15860752
256 55 1338023 15860752
256 56 1337593 15860752
256 57 1339063 15860752
256 58 1338510 15860752
256 59 1339139 15860752
256 60 1335767 15860752
256 61 1341207 15860752
256 62 1338170 15860752
256 63 1340382 15860752
256 64 1338610 15860752
256 65 1339252 15860752
256 66 1337601 15860752
256 67 1338859 15860752
256 68 1338550 15860752
256 69 1336967 15860752
256 70 1339484 15860752
256 71 1337183 15860752
256 72 1337014 15860752
256 73 1337126 15860752
256 74 1338838 15860752
256 75 1337753 15860752
256 76 1337952 15860752
256 77 1339292 15860752
256 78 1339828 15860752
256 79 1336452 15860752
256 80 1337805 15860752
256 81 1338457 15860752
256 82 1337120 15860752
256 83 1339391 15860752
256 84 1337344 15860752
256 85 1339018 15860752
256 86 1339994 15860752
256 87 1337930 15860752
256 88 1341609 15860752
256 89 1338992 15860752
256 90 1337619 15860752
256 91 1339311 15860752
256 92 1339851 15860752
256 93 1337840 15860752
256 94 1337387 15860752
256 95 1338814 15860752
256 96 1339014 15860752
256 97 1337918 15860752
256 98 1339244 15860752
256 99 1338885 15860752
256 100 1338484 15860752
256 101 1337205 15860752
256 102 1338682 15860752
256 103 1338434 15860752
256 104 1339504 15860752
256 105 1337891 15860752
256 106 1338986 15860752
256 107 1338622 15860752
256 108 1339377 15860752
256 109 1338262 15860752
256 110 1339241 15860752
256 111 1339255 15860752
256 112 1337440 15860752
256 113 1338994 15860752
256 114 1337477 15860752
256 115 1338827 15860752
256 116 1337962 15860752
256 117 1336360 15860752
256 118 1337080 15860752
256 119 1338564 15860752
256 120 1338987 15860752
256 121 1338819 15860752
256 122 1336462 15860752
256 123 1336324 15860752
256 124 1338473 15860752
256 125 1337528 15860752
256 126 1338684 15860752
256 127 1337860 15860752
256 128 1340292 15860752
256 129 1339359 15860752
256 130 1338609 15860752
256 131 1338424 15860752
256 132 1337916 15860752
256 133 1337798 15860752
256 134 1337049 15860752
256 135 1341649 15860752
256 136 1336242 15860752
256 137 1338463 15860752
256 138 1337951 15860752
256 139 1339282 15860752
256 140 1337219 15860752
256 141 1339191 15860752
256 142 1337440 15860752
256 143 1340252 15860752
256 144 1339292 15860752
256 145 1338349 15860752
256 146 1337294 15860752
256 147 1340269 15860752
256 148 1337757 15860752
256 149 1337072 15860752
256 150 1338196 15860752
256 151 1338468 15860752
256 152 1338249 15860752
256 153 1337688 15860752
256 154 1336986 15860752
256 155 1337248 15860752
256 156 1338295 15860752
256 157 1337195 15860752
256 158 1339666 15860752
256 159 1337572 15860752
256 160 1338097 15860752
256 161 1336219 15860752
256 162 1339420 15860752
256 163 1337723 15860752
256 164 1338905 15860752
256 165 1337475 15860752
256 166 1338476 15860752
256 167 1338498 15860752
256 168 1335643 15860752
256 169 1337434 15860752
256 170 1337395 15860752
256 171 1340310 15860752
256 172 1337550 15860752
256 173 1338761 15860752
256 174 1338940 15860752
256 175 1337357 15860752
256 176 1338635 15860752
256 177 1338779 15860752
256 178 1341393 15860752
256 179 1338924 15860752
256 180 1336606 15860752
256 181 1337803 15860752
256 182 1338889 15860752
256 183 1338569 15860752
256 184 1340093 15860752
256 185 1338103 15860752
256 186 1339615 15860752
256 187 1337999 15860752
256 188 1336915 15860752
256 189 1337393 15860752
256 190 1341256 15860752
256 191 1339389 15860752
256 192 1338901 15860752
256 193 1337175 15860752
256 194 1338967 15860752
256 195 1336615 15860752
256 196 1337668 15860752
256 197 1339500 15860752
256 198 1338338 15860752
256 199 1338803 15860752
256 200 1337197 15860752
256 201 1338954 15860752
256 202 1338516 15860752
256 203 1337201 15860752
256 204 1337251 15860752
256 205 1337943 15860752
256 206 1337706 15860752
256 207 1338602 15860752
256 208 1338451 15860752
256 209 1337332 15860752
256 210 1338731 15860752
256 211 1337195 15860752
256 212 1338753 15860752
256 213 1337429 15860752
256 214 1338509 15860752
256 215 1337256 15860752
256 216 1338557 15860752
256 217 1338508 15860752
256 218 1338707 15860752
256 219 1338545 15860752
256 220 1336184 15860752
256 221 1339337 15860752
256 222 1337279 15860752
256 223 1340249 15860752
256 224 1337946 15860752
256 225 1339693 15860752
256 226 1338513 15860752
256 227 1337426 15860752
256 228 1338510 15860752
256 229 1340505 15860752
256 230 1338154 15860752
256 231 1338289 15860752
256 232 1337747 15860752
256 233 1340477 15860752
256 234 1339454 15860752
256 235 1339032 15860752
256 236 1339231 15860752
256 237 1338584 15860752
256 238 1338713 15860752
256 239 1337189 15860752
256 240 1338724 15860752
256 241 1340241 15860752
256 242 1337420 15860752
256 243 1339815 15860752
256 244 1338484 15860752
256 245 1337288 15860752
256 246 1338090 15860752
256 247 1337179 15860752
256 248 1337592 15860752
256 249 1338205 15860752
256 250 1339235 15860752
256 251 1338132 15860752
256 252 1339048 15860752
256 253 1338414 15860752
256 254 1340063 15860752
256 255 1338591 15860752
256 256 1339699 15860752
256 257 1337397 15860752
256 258 1337401 15860752
256 259 1338933 15860752
256 260 1337188 15860752
256 261 1339831 15860752
256 262 1336958 15860752
256 263 1338484 15860752
256 264 1337495 15860752
256 265 1338761 15860752
256 266 1338235 15860752
256 267 1338846 15860752
256 268 1338202 15860752
256 269 1337054 15860752
256 270 1339631 15860752
256 271 1337932 15860752
256 272 1339667 15860752
256 273 1338717 15860752
256 274 1338282 15860752
256 275 1339116 15860752
256 276 1338760 15860752
256 277 1339139 15860752
256 278 1337289 15860752
256 279 1341008 15860752
256 280 1341421 15860752
256 281 1338061 15860752
256 282 1339075 15860752
256 283 1338471 15860752
256 284 1340254 15860752
256 285 1338329 15860752
256 286 1336866 15860752
256 287 1339578 15860752
256 288 1337286 15860752
256 289 1337408 15860752
256 290 1338971 15860752
256 291 1339160 15860752
256 292 1337769 15860752
256 293 1338162 15860752
256 294 1336518 15860752
256 295 1337758 15860752
256 296 1338399 15860752
256 297 1339014 15860752
256 298 1338612 15860752
256 299 1338138 15860752
256 300 1338979 15860752
256 301 1337651 15860752
256 302 1338318 15860752
256 303 1338528 15860752
256 304 1338406 15860752
256 305 1338069 15860752
256 306 1338598 15860752
256 307 1338050 15860752
256 308 1337540 15860752
256 309 1337805 15860752
256 310 1337780 15860752
256 311 1340601 15860752
256 312 1338179 15860752
256 313 1338930 15860752
256 314 1339334 15860752
256 315 1340658 15860752
256 316 1336567 15860752
256 317 1336671 15860752
256 318 1338971 15860752
256 319 1340269 15860752
256 320 1338289 15860752
256 321 1337575 15860752
256 322 1338154 15860752
256 323 1341883 15860752
256 324 1337595 15860752
256 325 1337556 15860752
256 326 1337479 15860752
256 327 1342236 15860752
256 328 1338685 15860752
256 329 1337632 15860752
256 330 1339578 15860752
256 331 1340030 15860752
256 332 1338226 15860752
256 333 1338910 15860752
256 334 1339492 15860752
256 335 1339349 15860752
256 336 1336455 15860752
256 337 1337599 15860752
256 338 1338172 15860752
256 339 1337226 15860752
256 340 1338210 15860752
256 341 1339761 15860752
256 342 1338830 15860752
256 343 1337516 15860752
256 344 1339668 15860752
256 345 1336614 15860752
256 346 1338446 15860752
256 347 1337648 15860752
256 348 1337022 15860752
256 349 1337152 15860752
256 350 1337268 15860752
256 351 1337869 15860752
256 352 1337359 15860752
256 353 1339739 15860752
256 354 1337640 15860752
256 355 1338151 15860752
256 356 1339310 15860752
256 357 1339066 15860752
256 358 1339654 15860752
256 359 1336088 15860752
256 360 1338766 15860752
256 361 1339570 15860752
256 362 1338946 15860752
256 363 1338836 15860752
256 364 1336888 15860752
256 365 1338314 15860752
256 366 1339341 15860752
256 367 1338697 15860752
256 368 1338855 15860752
256 369 1337423 15860752
256 370 1340082 15860752
256 371 1337767 15860752
256 372 1339139 15860752
256 373 1336793 15860752
256 374 1341125 15860752
256 375 1338458 15860752
256 376 1338749 15860752
256 377 1337024 15860752
256 378 1337022 15860752
256 379 1337143 15860752
256 380 1337613 15860752
256 381 1338818 15860752
256 382 1338970 15860752
256 383 1338276 15860752
256 384 1339170 15860752
256 385 1337330 15860752
256 386 1337883 15860752
256 387 1339652 15860752
256 388 1338042 15860752
256 389 1339160 15860752
256 390 1337250 15860752
256 391 1335391 15860752
256 392 1338150 15860752
256 393 1337558 15860752
256 394 1338071 15860752
256 395 1338072 15860752
256 396 1338456 15860752
256 397 1339303 15860752
256 398 1339167 15860752
256 399 1338523 15860752
256 400 1337765 15860752
256 401 1336602 15860752
256 402 1338353 15860752
256 403 1336581 15860752
256 404 1337856 15860752
256 405 1341250 15860752
256 406 1338154 15860752
256 407 1337315 15860752
256 408 1337417 15860752
256 409 1339597 15860752
256 410 1338486 15860752
256 411 1339923 15860752
256 412 1337899 15860752
256 413 1340449 15860752
256 414 1339315 15860752
256 415 1338204 15860752
256 416 1337482 15860752
256 417 1340143 15860752
256 418 1338643 15860752
256 419 1337400 15860752
256 420 1338724 15860752
256 421 1342635 15860752
256 422 1336396 15860752
256 423 1337382 15860752
256 424 1337805 15860752
256 425 1337029 15860752
256 426 1336963 15860752
256 427 1336842 15860752
256 428 1339238 15860752
256 429 1339015 15860752
256 430 1339393 15860752
256 431 1338718 15860752
256 432 1337399 15860752
256 433 1338594 15860752
256 434 1337983 15860752
256 435 1338105 15860752
256 436 1338493 15860752
256 437 1337083 15860752
256 438 1338632 15860752
256 439 1339393 15860752
256 440 1339341 15860752
256 441 1339048 15860752
256 442 1337834 15860752
256 443 1338352 15860752
256 444 1338880 15860752
256 445 1336014 15860752
256 446 1337888 15860752
256 447 1338898 15860752
256 448 1338569 15860752
256 449 1337815 15860752
256 450 1338100 15860752
256 451 1338516 15860752
256 452 1340384 15860752
256 453 1339359 15860752
256 454 1338106 15860752
256 455 1337337 15860752
256 456 1339799 15860752
256 457 1339284 15860752
256 458 1339775 15860752
256 459 1336878 15860752
256 460 1340049 15860752
256 461 1337503 15860752
256 462 1337603 15860752
256 463 1336350 15860752
256 464 1339943 15860752
256 465 1338465 15860752
256 466 1338279 15860752
256 467 1337217 15860752
256 468 1338670 15860752
256 469 1336834 15860752
256 470 1337211 15860752
256 471 1338866 15860752
256 472 1336884 15860752
256 473 1337769 15860752
256 474 1339002 15860752
256 475 1337814 15860752
256 476 1339995 15860752
256 477 1339487 15860752
256 478 1337754 15860752
256 479 1338779 15860752
256 480 1337891 15860752
256 481 1337593 15860752
256 482 1337213 15860752
256 483 1338717 15860752
256 484 1339335 15860752
256 485 1339203 15860752
256 486 1337258 15860752
256 487 1338200 15860752
256 488 1337744 15860752
256 489 1338197 15860752
256 490 1337763 15860752
256 491 1340144 15860752
256 492 1337980 15860752
256 493 1337395 15860752
256 494 1336440 15860752
256 495 1339585 15860752
256 496 1339813 15860752
256 497 1337913 15860752
256 498 1336827 15860752
256 499 1338891 15860752
256 500 1338371 15860752
256 501 1337170 15860752
256 502 1338907 15860752
256 503 1339376 15860752
256 504 1337323 15860752
256 505 1338530 15860752
256 506 1337524 15860752
256 507 1340073 15860752
256 508 1338520 15860752
256 509 1337601 15860752
256 510 1339202 15860752
256 511 1339214 15860752
256 512 1338295 15860752
256 513 1338192 15860752
256 514 1337149 15860752
256 515 1338120 15860752
256 516 1336429 15860752
256 517 1340288 15860752
256 518 1338555 15860752
256 519 1338397 15860752
256 520 1337227 15860752
256 521 1338079 15860752
256 522 1335678 15860752
256 523 1340145 15860752
256 524 1337599 15860752
256 525 1337190 15860752
256 526 1338220 15860752
256 527 1337981 15860752
256 528 1337485 15860752
256 529 1339958 15860752
256 530 1337035 15860752
256 531 1338168 15860752
256 532 1338400 15860752
256 533 1337304 15860752
256 534 1338260 15860752
256 535 1338771 15860752
256 536 1338043 15860752
256 537 1338131 15860752
256 538 1338424 15860752
256 539 1339025 15860752
256 540 1337924 15860752
256 541 1337162 15860752
256 542 1338639 15860752
256 543 1338047 15860752
256 544 1339486 15860752
256 545 1337311 15860752
256 546 1338679 15860752
256 547 1336681 15860752
256 548 1337879 15860752
256 549 1337891 15860752
256 550 1339938 15860752
256 551 1337739 15860752
256 552 1339077 15860752
256 553 1338152 15860752
256 554 1339103 15860752
256 555 1337773 15860752
256 556 1336711 15860752
256 557 1337719 15860752
256 558 1340168 15860752
256 559 1338928 15860752
256 560 1337992 15860752
256 561 1338403 15860752
256 562 1337818 15860752
256 563 1339447 15860752
256 564 1338753 15860752
256 565 1338008 15860752
256 566 1337826 15860752
256 567 1337547 15860752
256 568 1337631 15860752
256 569 1338190 15860752
256 570 1336383 15860752
256 571 1338505 15860752
256 572 1338461 15860752
256 573 1337794 15860752
256 574 1340384 15860752
256 575 1339214 15860752
256 576 1338134 15860752
256 577 1339567 15860752
256 578 1338710 15860752
256 579 1338655 15860752
256 580 1338637 15860752
256 581 1338241 15860752
256 582 1337564 15860752
256 583 1337867 15860752
256 584 1339092 15860752
256 585 1339173 15860752
256 586 1338418 15860752
256 587 1338651 15860752
256 588 1337716 15860752
256 589 1340394 15860752
256 590 1338583 15860752
256 591 1339007 15860752
256 592 1337046 15860752
256 593 1340853 15860752
256 594 1338973 15860752
256 595 1337634 15860752
256 596 1337351 15860752
256 597 1338683 15860752
256 598 1336571 15860752
256 599 1337259 15860752
256 600 1337822 15860752
256 601 1338772 15860752
256 602 1339208 15860752
256 603 1338410 15860752
256 604 1337534 15860752
256 605 1338903 15860752
256 606 1337312 15860752
256 607 1339941 15860752
256 608 1335527 15860752
256 609 1337213 15860752
256 610 1336267 15860752
256 611 1337063 15860752
256 612 1338624 15860752
256 613 1337043 15860752
256 614 1338350 15860752
256 615 1338775 15860752
256 616 1337956 15860752
256 617 1337897 15860752
256 618 1336631 15860752
256 619 1336643 15860752
256 620 1339326 15860752
256 621 1337353 15860752
256 622 1339309 15860752
256 623 1337701 15860752
256 624 1338101 15860752
256 625 1337848 15860752
256 626 1336317 15860752
256 627 1337220 15860752
256 628 1339208 15860752
256 629 1338614 15860752
256 630 1338185 15860752
256 631 1339490 15860752
256 632 1338673 15860752
256 633 1336409 15860752
256 634 1339451 15860752
256 635 1337681 15860752
256 636 1340281 15860752
256 637 1338055 15860752
256 638 1338335 15860752
256 639 1338670 15860752
256 640 1337899 15860752
256 641 1337824 15860752
256 642 1337818 15860752
256 643 1338365 15860752
256 644 1340036 15860752
256 645 1340015 15860752
256 646 1338208 15860752
256 647 1338838 15860752
256 648 1340792 15860752
256 649 1338173 15860752
256 650 1338613 15860752
256 651 1336654 15860752
256 652 1339616 15860752
256 653 1336767 15860752
256 654 1339532 15860752
256 655 1337439 15860752
256 656 1338248 15860752
256 657 1336634 15860752
256 658 1340328 15860752
256 659 1337932 15860752
256 660 1337750 15860752
256 661 1337015 15860752
256 662 1338071 15860752
256 663 1337246 15860752
256 664 1338032 15860752
256 665 1337057 15860752
256 666 1338934 15860752
256 667 1337258 15860752
256 668 1338762 15860752
256 669 1337313 15860752
256 670 1337375 15860752
256 671 1339059 15860752
256 672 1337942 15860752
256 673 1337962 15860752
256 674 1340202 15860752
256 675 1339601 15860752
256 676 1338864 15860752
256 677 1338664 15860752
256 678 1337491 15860752
256 679 1339142 15860752
256 680 1336648 15860752
256 681 1338521 15860752
256 682 1338555 15860752
256 683 1339421 15860752
256 684 1336784 15860752
256 685 1338672 15860752
256 686 1338349 15860752
256 687 1340111 15860752
256 688 1338910 15860752
256 689 1336493 15860752
256 690 1338234 15860752
256 691 1339292 15860752
256 692 1337043 15860752
256 693 1338005 15860752
256 694 1338826 15860752
256 695 1336819 15860752
256 696 1338714 15860752
256 697 1338597 15860752
256 698 1338776 15860752
256 699 1338334 15860752
256 700 1336873 15860752
256 701 1338169 15860752
256 702 1339324 15860752
256 703 1337550 15860752
256 704 1337130 15860752
256 705 1336575 15860752
256 706 1338226 15860752
256 707 1336793 15860752
256 708 1336947 15860752
256 709 1339238 15860752
256 710 1338561 15860752
256 711 1339379 15860752
256 712 1337148 15860752
256 713 1338493 15860752
256 714 1338070 15860752
256 715 1340221 15860752
256 716 1337575 15860752
256 717 1338623 15860752
256 718 1337237 15860752
256 719 1337440 15860752
256 720 1337416 15860752
256 721 1339203 15860752
256 722 1339316 15860752
256 723 1339171 15860752
256 724 1339394 15860752
256 725 1338103 15860752
256 726 1340321 15860752
256 727 1338030 15860752
256 728 1338211 15860752
256 729 1337986 15860752
256 730 1340110 15860752
256 731 1339824 15860752
256 732 1338006 15860752
256 733 1336865 15860752
256 734 1340760 15860752
256 735 1341188 15860752
256 736 1337918 15860752
256 737 1338393 15860752
256 738 1340560 15860752
256 739 1338317 15860752
256 740 1339161 15860752
256 741 1338689 15860752
256 742 1338744 15860752
256 743 1339372 15860752
256 744 1340391 15860752
256 745 1338047 15860752
256 746 1337349 15860752
256 747 1338831 15860752
256 748 1338634 15860752
256 749 1336715 15860752
256 750 1338259 15860752
256 751 1337635 15860752
256 752 1337707 15860752
256 753 1337959 15860752
256 754 1337746 15860752
256 755 1338234 15860752
256 756 1339535 15860752
256 757 1337684 15860752
256 758 1337197 15860752
256 759 1337961 15860752
256 760 1339514 15860752
256 761 1336485 15860752
256 762 1340772 15860752
256 763 1338180 15860752
256 764 1337289 15860752
256 765 1341215 15860752
256 766 1338092 15860752
256 767 1338491 15860752
256 768 1338362 15860752
256 769 1340451 15860752
256 770 1337521 15860752
256 771 1338000 15860752
256 772 1339841 15860752
256 773 1339650 15860752
256 774 1337951 15860752
256 775 1338284 15860752
256 776 1339341 15860752
256 777 1339310 15860752
256 778 1338530 15860752
256 779 1339641 15860752
256 780 1337575 15860752
256 781 1339735 15860752
256 782 1339668 15860752
256 783 1339382 15860752
256 784 1338716 15860752
256 785 1338281 15860752
256 786 1339693 15860752
256 787 1336750 15860752
256 788 1338547 15860752
256 789 1338937 15860752
256 790 1339346 15860752
256 791 1338524 15860752
256 792 1339005 15860752
256 793 1338818 15860752
256 794 1338821 15860752
256 795 1337267 15860752
256 796 1339894 15860752
256 797 1337413 15860752
256 798 1337994 15860752
256 799 1337846 15860752
256 800 1339408 15860752
256 801 1337144 15860752
256 802 1337815 15860752
256 803 1338685 15860752
256 804 1340003 15860752
256 805 1336409 15860752
256 806 1339404 15860752
256 807 1338305 15860752
256 808 1340456 15860752
256 809 1339469 15860752
256 810 1337444 15860752
256 811 1339611 15860752
256 812 1340639 15860752
256 813 1338053 15860752
256 814 1336098 15860752
256 815 1339815 15860752
256 816 1341160 15860752
256 817 1338999 15860752
256 818 1337831 15860752
256 819 1338645 15860752
256 820 1340115 15860752
256 821 1338116 15860752
256 822 1337837 15860752
256 823 1337238 15860752
256 824 1339297 15860752
256 825 1339374 15860752
256 826 1337634 15860752
256 827 1337277 15860752
256 828 1339352 15860752
256 829 1338888 15860752
256 830 1338292 15860752
256 831 1337595 15860752
256 832 1338813 15860752
256 833 1339295 15860752
256 834 1339570 15860752
256 835 1339607 15860752
256 836 1337614 15860752
256 837 1337416 15860752
256 838 1338827 15860752
256 839 1336997 15860752
256 840 1339414 15860752
256 841 1340464 15860752
256 842 1339246 15860752
256 843 1337887 15860752
256 844 1339156 15860752
256 845 1337022 15860752
256 846 1338924 15860752
256 847 1338239 15860752
256 848 1337680 15860752
256 849 1337501 15860752
256 850 1337398 15860752
256 851 1337018 15860752
256 852 1337760 15860752
256 853 1339737 15860752
256 854 1339135 15860752
256 855 1339778 15860752
256 856 1339038 15860752
256 857 1338869 15860752
256 858 1337582 15860752
256 859 1340559 15860752
256 860 1336638 15860752
256 861 1338833 15860752
256 862 1337774 15860752
256 863 1339494 15860752
256 864 1337627 15860752
256 865 1339448 15860752
256 866 1337408 15860752
256 867 1339105 15860752
256 868 1337192 15860752
256 869 1339218 15860752
256 870 1337478 15860752
256 871 1339896 15860752
256 872 1338701 15860752
256 873 1339106 15860752
256 874 1340306 15860752
256 875 1339495 15860752
256 876 1337530 15860752
256 877 1337073 15860752
256 878 1338183 15860752
256 879 1338760 15860752
256 880 1338262 15860752
256 881 1339868 15860752
256 882 1337954 15860752
256 883 1340552 15860752
256 884 1337671 15860752
256 885 1338750 15860752
256 886 1338291 15860752
256 887 1338447 15860752
256 888 1338571 15860752
256 889 1338028 15860752
256 890 1336342 15860752
256 891 1338472 15860752
256 892 1339273 15860752
256 893 1339824 15860752
256 894 1338297 15860752
256 895 1339779 15860752
256 896 1338406 15860752
256 897 1340026 15860752
256 898 1339331 15860752
256 899 1336698 15860752
256 900 1338110 15860752
256 901 1337018 15860752
256 902 1339930 15860752
256 903 1338729 15860752
256 904 1337008 15860752
256 905 1338904 15860752
256 906 1340710 15860752
256 907 1337695 15860752
256 908 1339334 15860752
256 909 1337798 15860752
256 910 1337845 15860752
256 911 1339074 15860752
256 912 1339535 15860752
256 913 1337977 15860752
256 914 1339864 15860752
256 915 1335600 15860752
256 916 1339017 15860752
256 917 1338981 15860752
256 918 1337885 15860752
256 919 1337805 15860752
256 920 1337763 15860752
256 921 1338805 15860752
256 922 1338508 15860752
256 923 1337325 15860752
256 924 1338260 15860752
256 925 1338061 15860752
256 926 1338860 15860752
256 927 1338570 15860752
256 928 1338467 15860752
256 929 1338584 15860752
256 930 1337588 15860752
256 931 1339205 15860752
256 932 1338179 15860752
256 933 1339229 15860752
256 934 1337305 15860752
256 935 1338200 15860752
256 936 1337172 15860752
256 937 1337439 15860752
256 938 1337489 15860752
256 939 1339362 15860752
256 940 1337208 15860752
256 941 1337637 15860752
256 942 1338633 15860752
256 943 1337082 15860752
256 944 1338346 15860752
256 945 1339493 15860752
256 946 1338980 15860752
256 947 1339108 15860752
256 948 1337361 15860752
256 949 1340591 15860752
256 950 1340184 15860752
256 951 1338388 15860752
256 952 1339097 15860752
256 953 1338667 15860752
256 954 1338025 15860752
256 955 1338825 15860752
256 956 1338724 15860752
256 957 1338431 15860752
256 958 1337745 15860752
256 959 1338209 15860752
256 960 1339098 15860752
256 961 1338115 15860752
256 962 1337273 15860752
256 963 1338101 15860752
256 964 1337697 15860752
256 965 1338206 15860752
256 966 1338074 15860752
256 967 1338373 15860752
256 968 1337676 15860752
256 969 1338575 15860752
256 970 1337159 15860752
256 971 1338622 15860752
256 972 1337403 15860752
256 973 1337190 15860752
256 974 1336634 15860752
256 975 1338222 15860752
256 976 1337342 15860752
256 977 1336547 15860752
256 978 1336687 15860752
256 979 1337475 15860752
256 980 1338851 15860752
256 981 1338620 15860752
256 982 1336502 15860752
256 983 1339102 15860752
256 984 1339159 15860752
256 985 1338537 15860752
256 986 1336541 15860752
256 987 1336914 15860752
256 988 1338316 15860752
256 989 1337326 15860752
256 990 1340081 15860752
256 991 1338111 15860752
256 992 1339576 15860752
256 993 1338471 15860752
256 994 1336901 15860752
256 995 1338797 15860752
256 996 1341054 15860752
256 997 1336557 15860752
256 998 1336707 15860752
256 999 1336883 15860752
