512 0 1631124 603357378
512 1 1631810 603357378
512 2 1631666 603357378
512 3 1629982 603357378
512 4 1631242 603357378
512 5 1631781 603357378
512 6 1630644 603357378
512 7 1631422 603357378
512 8 1629256 603357378
512 9 1631677 603357378
512 10 1630160 603357378
512 11 1632477 603357378
512 12 1629914 603357378
512 13 1631638 603357378
512 14 1631352 603357378
512 15 1628783 603357378
512 16 1630273 603357378
512 17 1628917 603357378
512 18 1629691 603357378
512 19 1629638 603357378
512 20 1629318 603357378
512 21 1631095 603357378
512 22 1629842 603357378
512 23 1629629 603357378
512 24 1629563 603357378
512 25 1629949 603357378
512 26 1630597 603357378
512 27 1629942 603357378
512 28 1631302 603357378
512 29 1630657 603357378
512 30 1629833 603357378
512 31 1629407 603357378
512 32 1629476 603357378
512 33 1630532 603357378
512 34 1629835 603357378
512 35 1630809 603357378
512 36 1630535 603357378
512 37 1630211 603357378
512 38 1629902 603357378
512 39 1630104 603357378
512 40 1631089 603357378
512 41 1630334 603357378
512 42 1630532 603357378
512 43 1630974 603357378
512 44 1630683 603357378
512 45 1629125 603357378
512 46 1630226 603357378
512 47 1628876 603357378
512 48 1630362 603357378
512 49 1629473 603357378
512 50 1631103 603357378
512 51 1630888 603357378
512 52 1629974 603357378
512 53 1629857 603357378
512 54 1631389 603357378
512 55 1630411 603357378
512 56 1629425 603357378
512 57 1629144 603357378
512 58 1629501 603357378
512 59 1630846 603357378
512 60 1630314 603357378
512 61 1630632 603357378
512 62 1630515 603357378
512 63 1630280 603357378
512 64 1630068 603357378
512 65 1631165 603357378
512 66 1631784 603357378
512 67 1631776 603357378
512 68 1630435 603357378
512 69 1631519 603357378
512 70 1631408 603357378
512 71 1630328 603357378
512 72 1631034 603357378
512 73 1628734 603357378
512 74 1631874 603357378
512 75 1630418 603357378
512 76 1630514 603357378
512 77 1631135 603357378
512 78 1631349 603357378
512 79 1629678 603357378
512 80 1629216 603357378
512 81 1631280 603357378
512 82 1630335 603357378
512 83 1631000 603357378
512 84 1628647 603357378
512 85 1630303 603357378
512 86 1629292 603357378
512 87 1629689 603357378
512 88 1629635 603357378
512 89 1629677 603357378
512 90 1630684 603357378
512 91 1630673 603357378
512 92 1631486 603357378
512 93 1630018 603357378
512 94 1630722 603357378
512 95 1631162 603357378
512 96 1628579 603357378
512 97 1630092 603357378
512 98 1628957 603357378
512 99 1631363 603357378
512 100 1630760 603357378
512 101 1630192 603357378
512 102 1629339 603357378
512 103 1630592 603357378
512 104 1630373 603357378
512 105 1630501 603357378
512 106 1629970 603357378
512 107 1630480 603357378
512 108 1629895 603357378
512 109 1630087 603357378
512 110 1629080 603357378
512 111 1629717 603357378
512 112 1629264 603357378
512 113 1632530 603357378
512 114 1630646 603357378
512 115 1630448 603357378
512 116 1631109 603357378
512 117 1630614 603357378
512 118 1631030 603357378
512 119 1631009 603357378
512 120 1629423 603357378
512 121 1628563 603357378
512 122 1631291 603357378
512 123 1629809 603357378
512 124 1630589 603357378
512 125 1630582 603357378
512 126 1631623 603357378
512 127 1631267 603357378
512 128 1628119 603357378
512 129 1631082 603357378
512 130 1631307 603357378
512 131 1630732 603357378
512 132 1631291 603357378
512 133 1631174 603357378
512 134 1630298 603357378
512 135 1631718 603357378
512 136 1631038 603357378
512 137 1630323 603357378
512 138 1630043 603357378
512 139 1629589 603357378
512 140 1630458 603357378
512 141 1631665 603357378
512 142 1631166 603357378
512 143 1632318 603357378
512 144 1630808 603357378
512 145 1629969 603357378
512 146 1630725 603357378
512 147 1631709 603357378
512 148 1632179 603357378
512 149 1628583 603357378
512 150 1630154 603357378
512 151 1630787 603357378
512 152 1631478 603357378
512 153 1630559 603357378
512 154 1629923 603357378
512 155 1630525 603357378
512 156 1629423 603357378
512 157 1629756 603357378
512 158 1629054 603357378
512 159 1630321 603357378
512 160 1630976 603357378
512 161 1630952 603357378
512 162 1630679 603357378
512 163 1629986 603357378
512 164 1630706 603357378
512 165 1632338 603357378
512 166 1628759 603357378
512 167 1629932 603357378
512 168 1629735 603357378
512 169 1632203 603357378
512 170 1629281 603357378
512 171 1629223 603357378
512 172 1629599 603357378
512 173 1630824 603357378
512 174 1630317 603357378
512 175 1630314 603357378
512 176 1630480 603357378
512 177 1631575 603357378
512 178 1630811 603357378
512 179 1630216 603357378
512 180 1631183 603357378
512 181 1630209 603357378
512 182 1630109 603357378
512 183 1630405 603357378
512 184 1630273 603357378
512 185 1630485 603357378
512 186 1629031 603357378
512 187 1631795 603357378
512 188 1631229 603357378
512 189 1630712 603357378
512 190 1631204 603357378
512 191 1629728 603357378
512 192 1630010 603357378
512 193 1630166 603357378
512 194 1631732 603357378
512 195 1630454 603357378
512 196 1629406 603357378
512 197 1629521 603357378
512 198 1631534 603357378
512 199 1631569 603357378
512 200 1630333 603357378
512 201 1630319 603357378
512 202 1629998 603357378
512 203 1631351 603357378
512 204 1629105 603357378
512 205 1629863 603357378
512 206 1630153 603357378
512 207 1631032 603357378
512 208 1629622 603357378
512 209 1630012 603357378
512 210 1630011 603357378
512 211 1630658 603357378
512 212 1630261 603357378
512 213 1631366 603357378
512 214 1630356 603357378
512 215 1630163 603357378
512 216 1630152 603357378
512 217 1630642 603357378
512 218 1630588 603357378
512 219 1631297 603357378
512 220 1630627 603357378
512 221 1630106 603357378
512 222 1630087 603357378
512 223 1630077 603357378
512 224 1630831 603357378
512 225 1630046 603357378
512 226 1630568 603357378
512 227 1630307 603357378
512 228 1632131 603357378
512 229 1630991 603357378
512 230 1630661 603357378
512 231 1632119 603357378
512 232 1630237 603357378
512 233 1629772 603357378
512 234 1630630 603357378
512 235 1630675 603357378
512 236 1630021 603357378
512 237 1630399 603357378
512 238 1630582 603357378
512 239 1630355 603357378
512 240 1631426 603357378
512 241 1629858 603357378
512 242 1631817 603357378
512 243 1630421 603357378
512 244 1629282 603357378
512 245 1630377 603357378
512 246 1629439 603357378
512 247 1629847 603357378
512 248 1629927 603357378
512 249 1631519 603357378
512 250 1631032 603357378
512 251 1630458 603357378
512 252 1630682 603357378
512 253 1630022 603357378
512 254 1630660 603357378
512 255 1630884 603357378
512 256 1631778 603357378
512 257 1631006 603357378
512 258 1630624 603357378
512 259 1631114 603357378
512 260 1630977 603357378
512 261 1632001 603357378
512 262 1629048 603357378
512 263 1631402 603357378
512 264 1630854 603357378
512 265 1629496 603357378
512 266 1628448 603357378
512 267 1631067 603357378
512 268 1630230 603357378
512 269 1630488 603357378
512 270 1629022 603357378
512 271 1628080 603357378
512 272 1630762 603357378
512 273 1630025 603357378
512 274 1629801 603357378
512 275 1629743 603357378
512 276 1629908 603357378
512 277 1631212 603357378
512 278 1630852 603357378
512 279 1631255 603357378
512 280 1631186 603357378
512 281 1631436 603357378
512 282 1628960 603357378
512 283 1629187 603357378
512 284 1631560 603357378
512 285 1629639 603357378
512 286 1631022 603357378
512 287 1630442 603357378
512 288 1629129 603357378
512 289 1628292 603357378
512 290 1629772 603357378
512 291 1629231 603357378
512 292 1630790 603357378
512 293 1631410 603357378
512 294 1629955 603357378
512 295 1629367 603357378
512 296 1630201 603357378
512 297 1629282 603357378
512 298 1632728 603357378
512 299 1630307 603357378
512 300 1630481 603357378
512 301 1630060 603357378
512 302 1629704 603357378
512 303 1630366 603357378
512 304 1630268 603357378
512 305 1629737 603357378
512 306 1630039 603357378
512 307 1631207 603357378
512 308 1629764 603357378
512 309 1630974 603357378
512 310 1631072 603357378
512 311 1631039 603357378
512 312 1630187 603357378
512 313 1629715 603357378
512 314 1631539 603357378
512 315 1629000 603357378
512 316 1630205 603357378
512 317 1629259 603357378
512 318 1629650 603357378
512 319 1630955 603357378
512 320 1631468 603357378
512 321 1629936 603357378
512 322 1630338 603357378
512 323 1630247 603357378
512 324 1630161 603357378
512 325 1630445 603357378
512 326 1631171 603357378
512 327 1630375 603357378
512 328 1632217 603357378
512 329 1631279 603357378
512 330 1630061 603357378
512 331 1629931 603357378
512 332 1630613 603357378
512 333 1629601 603357378
512 334 1630411 603357378
512 335 1629248 603357378
512 336 1631566 603357378
512 337 1631203 603357378
512 338 1630797 603357378
512 339 1630411 603357378
512 340 1631366 603357378
512 341 1630850 603357378
512 342 1629857 603357378
512 343 1629795 603357378
512 344 1628921 603357378
512 345 1631132 603357378
512 346 1631722 603357378
512 347 1628471 603357378
512 348 1631091 603357378
512 349 1630799 603357378
512 350 1629886 603357378
512 351 1630951 603357378
512 352 1631019 603357378
512 353 1629740 603357378
512 354 1631719 603357378
512 355 1630205 603357378
512 356 1630188 603357378
512 357 1630757 603357378
512 358 1629321 603357378
512 359 1630010 603357378
512 360 1629673 603357378
512 361 1632322 603357378
512 362 1629775 603357378
512 363 1630240 603357378
512 364 1630367 603357378
512 365 1630124 603357378
512 366 1631716 603357378
512 367 1631665 603357378
512 368 1628712 603357378
512 369 1628887 603357378
512 370 1628290 603357378
512 371 1631141 603357378
512 372 1630964 603357378
512 373 1632323 603357378
512 374 1629925 603357378
512 375 1630181 603357378
512 376 1630062 603357378
512 377 1631031 603357378
512 378 1632066 603357378
512 379 1628293 603357378
512 380 1631493 603357378
512 381 1632004 603357378
512 382 1630844 603357378
512 383 1630374 603357378
512 384 1630930 603357378
512 385 1631378 603357378
512 386 1630642 603357378
512 387 1629437 603357378
512 388 1630161 603357378
512 389 1630534 603357378
512 390 1629640 603357378
512 391 1629436 603357378
512 392 1632268 603357378
512 393 1630207 603357378
512 394 1628938 603357378
512 395 1631530 603357378
512 396 1631416 603357378
512 397 1631021 603357378
512 398 1631061 603357378
512 399 1629327 603357378
512 400 1631201 603357378
512 401 1630411 603357378
512 402 1630858 603357378
512 403 1630300 603357378
512 404 1630376 603357378
512 405 1632137 603357378
512 406 1630189 603357378
512 407 1630105 603357378
512 408 1631093 603357378
512 409 1630419 603357378
512 410 1630633 603357378
512 411 1630826 603357378
512 412 1630093 603357378
512 413 1630980 603357378
512 414 1630616 603357378
512 415 1630435 603357378
512 416 1629807 603357378
512 417 1628978 603357378
512 418 1629891 603357378
512 419 1631932 603357378
512 420 1630624 603357378
512 421 1629871 603357378
512 422 1628548 603357378
512 423 1630577 603357378
512 424 1630367 603357378
512 425 1631533 603357378
512 426 1630870 603357378
512 427 1630766 603357378
512 428 1629986 603357378
512 429 1629791 603357378
512 430 1630332 603357378
512 431 1629695 603357378
512 432 1631616 603357378
512 433 1630831 603357378
512 434 1629481 603357378
512 435 1631712 603357378
512 436 1629897 603357378
512 437 1630337 603357378
512 438 1630078 603357378
512 439 1630850 603357378
512 440 1630995 603357378
512 441 1629322 603357378
512 442 1631614 603357378
512 443 1630107 603357378
512 444 1630885 603357378
512 445 1630202 603357378
512 446 1632587 603357378
512 447 1631318 603357378
512 448 1629875 603357378
512 449 1632150 603357378
512 450 1631595 603357378
512 451 1629810 603357378
512 452 1631308 603357378
512 453 1629786 603357378
512 454 1631258 603357378
512 455 1629648 603357378
512 456 1630395 603357378
512 457 1630358 603357378
512 458 1631312 603357378
512 459 1630654 603357378
512 460 1629584 603357378
512 461 1629531 603357378
512 462 1629200 603357378
512 463 1630818 603357378
512 464 1629223 603357378
512 465 1630729 603357378
512 466 1630563 603357378
512 467 1630056 603357378
512 468 1630792 603357378
512 469 1629336 603357378
512 470 1630597 603357378
512 471 1629832 603357378
512 472 1629059 603357378
512 473 1630859 603357378
512 474 1630073 603357378
512 475 1631015 603357378
512 476 1630759 603357378
512 477 1632629 603357378
512 478 1629123 603357378
512 479 1631179 603357378
512 480 1628847 603357378
512 481 1629139 603357378
512 482 1630089 603357378
512 483 1630001 603357378
512 484 1630872 603357378
512 485 1629708 603357378
512 486 1631362 603357378
512 487 1631983 603357378
512 488 1630629 603357378
512 489 1629992 603357378
512 490 1631567 603357378
512 491 1629467 603357378
512 492 1631674 603357378
512 493 1630226 603357378
512 494 1629526 603357378
512 495 1629650 603357378
512 496 1630993 603357378
512 497 1630858 603357378
512 498 1630982 603357378
512 499 1630071 603357378
512 500 1629156 603357378
512 501 1629067 603357378
512 502 1631135 603357378
512 503 1629351 603357378
512 504 1629268 603357378
512 505 1630079 603357378
512 506 1630178 603357378
512 507 1629705 603357378
512 508 1631118 603357378
512 509 1629345 603357378
512 510 1631265 603357378
512 511 1630512 603357378
512 512 1630564 603357378
512 513 1631526 603357378
512 514 1629490 603357378
512 515 1629417 603357378
512 516 1631149 603357378
512 517 1631481 603357378
512 518 1632147 603357378
512 519 1631807 603357378
512 520 1628430 603357378
512 521 1631801 603357378
512 522 1629498 603357378
512 523 1628505 603357378
512 524 1629617 603357378
512 525 1630429 603357378
512 526 1631399 603357378
512 527 1630221 603357378
512 528 1631430 603357378
512 529 1631047 603357378
512 530 1630265 603357378
512 531 1631588 603357378
512 532 1630306 603357378
512 533 1629811 603357378
512 534 1630819 603357378
512 535 1630317 603357378
512 536 1630475 603357378
512 537 1629928 603357378
512 538 1631133 603357378
512 539 1631051 603357378
512 540 1632157 603357378
512 541 1631126 603357378
512 542 1630645 603357378
512 543 1629729 603357378
512 544 1630021 603357378
512 545 1630622 603357378
512 546 1630369 603357378
512 547 1630694 603357378
512 548 1631575 603357378
512 549 1631739 603357378
512 550 1629742 603357378
512 551 1629573 603357378
512 552 1630742 603357378
512 553 1629627 603357378
512 554 1629895 603357378
512 555 1629951 603357378
512 556 1630768 603357378
512 557 1630392 603357378
512 558 1629050 603357378
512 559 1631217 603357378
512 560 1631169 603357378
512 561 1631356 603357378
512 562 1630865 603357378
512 563 1631187 603357378
512 564 1628840 603357378
512 565 1631416 603357378
512 566 1629885 603357378
512 567 1631291 603357378
512 568 1630926 603357378
512 569 1628869 603357378
512 570 1628735 603357378
512 571 1630810 603357378
512 572 1629938 603357378
512 573 1631450 603357378
512 574 1630317 603357378
512 575 1630194 603357378
512 576 1630997 603357378
512 577 1631011 603357378
512 578 1628317 603357378
512 579 1630236 603357378
512 580 1631136 603357378
512 581 1630405 603357378
512 582 1631961 603357378
512 583 1631412 603357378
512 584 1630829 603357378
512 585 1631824 603357378
512 586 1629395 603357378
512 587 1630583 603357378
512 588 1629164 603357378
512 589 1631030 603357378
512 590 1629697 603357378
512 591 1631240 603357378
512 592 1630216 603357378
512 593 1632112 603357378
512 594 1629595 603357378
512 595 1631334 603357378
512 596 1630876 603357378
512 597 1628546 603357378
512 598 1629127 603357378
512 599 1629738 603357378
512 600 1628605 603357378
512 601 1631366 603357378
512 602 1631442 603357378
512 603 1632112 603357378
512 604 1630044 603357378
512 605 1631296 603357378
512 606 1628967 603357378
512 607 1631520 603357378
512 608 1631039 603357378
512 609 1629924 603357378
512 610 1630777 603357378
512 611 1630878 603357378
512 612 1631762 603357378
512 613 1629083 603357378
512 614 1629195 603357378
512 615 1629477 603357378
512 616 1630398 603357378
512 617 1631417 603357378
512 618 1630378 603357378
512 619 1629616 603357378
512 620 1630106 603357378
512 621 1629687 603357378
512 622 1630261 603357378
512 623 1630006 603357378
512 624 1631181 603357378
512 625 1630282 603357378
512 626 1628881 603357378
512 627 1630322 603357378
512 628 1629771 603357378
512 629 1630152 603357378
512 630 1629804 603357378
512 631 1630975 603357378
512 632 1631399 603357378
512 633 1629851 603357378
512 634 1630616 603357378
512 635 1628850 603357378
512 636 1630318 603357378
512 637 1631170 603357378
512 638 1631007 603357378
512 639 1631427 603357378
512 640 1629701 603357378
512 641 1630246 603357378
512 642 1630853 603357378
512 643 1630451 603357378
512 644 1629843 603357378
512 645 1630868 603357378
512 646 1630195 603357378
512 647 1630719 603357378
512 648 1631268 603357378
512 649 1629640 603357378
512 650 1629478 603357378
512 651 1629398 603357378
512 652 1631591 603357378
512 653 1631018 603357378
512 654 1631935 603357378
512 655 1630049 603357378
512 656 1629487 603357378
512 657 1628762 603357378
512 658 1630493 603357378
512 659 1629703 603357378
512 660 1630752 603357378
512 661 1629747 603357378
512 662 1629197 603357378
512 663 1631008 603357378
512 664 1630456 603357378
512 665 1630714 603357378
512 666 1630625 603357378
512 667 1630501 603357378
512 668 1630738 603357378
512 669 1629620 603357378
512 670 1631057 603357378
512 671 1630542 603357378
512 672 1629374 603357378
512 673 1631210 603357378
512 674 1631001 603357378
512 675 1629708 603357378
512 676 1630166 603357378
512 677 1630083 603357378
512 678 1629022 603357378
512 679 1631654 603357378
512 680 1631502 603357378
512 681 1630962 603357378
512 682 1631168 603357378
512 683 1630837 603357378
512 684 1630586 603357378
512 685 1629570 603357378
512 686 1631293 603357378
512 687 1630353 603357378
512 688 1629746 603357378
512 689 1630264 603357378
512 690 1630288 603357378
512 691 1631225 603357378
512 692 1628709 603357378
512 693 1630341 603357378
512 694 1628723 603357378
512 695 1630720 603357378
512 696 1628574 603357378
512 697 1631677 603357378
512 698 1629586 603357378
512 699 1629260 603357378
512 700 1629792 603357378
512 701 1630121 603357378
512 702 1631090 603357378
512 703 1630762 603357378
512 704 1629429 603357378
512 705 1631675 603357378
512 706 1632503 603357378
512 707 1631184 603357378
512 708 1630011 603357378
512 709 1631189 603357378
512 710 1630456 603357378
512 711 1631591 603357378
512 712 1629735 603357378
512 713 1630299 603357378
512 714 1630562 603357378
512 715 1631071 603357378
512 716 1631283 603357378
512 717 1629565 603357378
512 718 1629339 603357378
512 719 1630734 603357378
512 720 1630001 603357378
512 721 1629887 603357378
512 722 1629984 603357378
512 723 1630600 603357378
512 724 1630514 603357378
512 725 1630296 603357378
512 726 1630582 603357378
512 727 1630309 603357378
512 728 1629778 603357378
512 729 1630362 603357378
512 730 1629969 603357378
512 731 1630365 603357378
512 732 1630464 603357378
512 733 1629675 603357378
512 734 1630117 603357378
512 735 1630094 603357378
512 736 1630177 603357378
512 737 1631298 603357378
512 738 1630908 603357378
512 739 1631638 603357378
512 740 1630600 603357378
512 741 1629010 603357378
512 742 1631815 603357378
512 743 1630040 603357378
512 744 1630067 603357378
512 745 1632396 603357378
512 746 1630129 603357378
512 747 1631055 603357378
512 748 1629951 603357378
512 749 1629947 603357378
512 750 1631296 603357378
512 751 1630393 603357378
512 752 1632258 603357378
512 753 1629620 603357378
512 754 1630403 603357378
512 755 1629297 603357378
512 756 1630553 603357378
512 757 1630951 603357378
512 758 1630961 603357378
512 759 1631356 603357378
512 760 1629338 603357378
512 761 1632165 603357378
512 762 1629611 603357378
512 763 1631420 603357378
512 764 1631512 603357378
512 765 1631185 603357378
512 766 1632379 603357378
512 767 1629824 603357378
512 768 1630603 603357378
512 769 1629987 603357378
512 770 1630804 603357378
512 771 1630549 603357378
512 772 1628952 603357378
512 773 1631115 603357378
512 774 1630806 603357378
512 775 1631280 603357378
512 776 1629772 603357378
512 777 1629882 603357378
512 778 1629398 603357378
512 779 1629162 603357378
512 780 1630708 603357378
512 781 1629385 603357378
512 782 1628349 603357378
512 783 1630671 603357378
512 784 1630016 603357378
512 785 1631080 603357378
512 786 1630336 603357378
512 787 1630490 603357378
512 788 1629876 603357378
512 789 1631349 603357378
512 790 1629468 603357378
512 791 1629667 603357378
512 792 1630171 603357378
512 793 1630406 603357378
512 794 1629833 603357378
512 795 1629990 603357378
512 796 1630718 603357378
512 797 1630171 603357378
512 798 1631231 603357378
512 799 1629777 603357378
512 800 1630965 603357378
512 801 1630397 603357378
512 802 1629881 603357378
512 803 1631888 603357378
512 804 1629696 603357378
512 805 1629007 603357378
512 806 1630516 603357378
512 807 1630420 603357378
512 808 1629759 603357378
512 809 1630555 603357378
512 810 1630170 603357378
512 811 1631363 603357378
512 812 1630061 603357378
512 813 1629418 603357378
512 814 1629626 603357378
512 815 1629899 603357378
512 816 1630463 603357378
512 817 1630408 603357378
512 818 1630806 603357378
512 819 1629166 603357378
512 820 1629059 603357378
512 821 1630409 603357378
512 822 1629062 603357378
512 823 1629066 603357378
512 824 1630326 603357378
512 825 1631577 603357378
512 826 1629860 603357378
512 827 1630273 603357378
512 828 1630002 603357378
512 829 1631727 603357378
512 830 1630026 603357378
512 831 1632131 603357378
512 832 1628667 603357378
512 833 1631382 603357378
512 834 1631441 603357378
512 835 1630745 603357378
512 836 1628865 603357378
512 837 1629990 603357378
512 838 1630735 603357378
512 839 1630736 603357378
512 840 1630541 603357378
512 841 1630128 603357378
512 842 1631217 603357378
512 843 1631818 603357378
512 844 1628665 603357378
512 845 1628783 603357378
512 846 1630951 603357378
512 847 1630287 603357378
512 848 1630334 603357378
512 849 1632024 603357378
512 850 1629404 603357378
512 851 1631756 603357378
512 852 1629483 603357378
512 853 1630431 603357378
512 854 1630182 603357378
512 855 1630728 603357378
512 856 1628962 603357378
512 857 1629340 603357378
512 858 1629892 603357378
512 859 1632587 603357378
512 860 1630638 603357378
512 861 1630489 603357378
512 862 1629570 603357378
512 863 1629935 603357378
512 864 1631249 603357378
512 865 1629925 603357378
512 866 1630004 603357378
512 867 1630452 603357378
512 868 1630559 603357378
512 869 1631251 603357378
512 870 1630479 603357378
512 871 1630608 603357378
512 872 1631390 603357378
512 873 1630971 603357378
512 874 1630761 603357378
512 875 1630578 603357378
512 876 1629461 603357378
512 877 1629086 603357378
512 878 1629736 603357378
512 879 1630687 603357378
512 880 1629903 603357378
512 881 1629501 603357378
512 882 1629801 603357378
512 883 1629102 603357378
512 884 1630487 603357378
512 885 1630624 603357378
512 886 1630576 603357378
512 887 1630380 603357378
512 888 1630684 603357378
512 889 1629645 603357378
512 890 1631065 603357378
512 891 1630351 603357378
512 892 1630400 603357378
512 893 1631307 603357378
512 894 1629222 603357378
512 895 1630642 603357378
512 896 1630020 603357378
512 897 1630116 603357378
512 898 1631579 603357378
512 899 1630657 603357378
512 900 1628699 603357378
512 901 1630292 603357378
512 902 1630031 603357378
512 903 1629287 603357378
512 904 1629853 603357378
512 905 1631104 603357378
512 906 1630998 603357378
512 907 1630274 603357378
512 908 1628903 603357378
512 909 1631256 603357378
512 910 1631509 603357378
512 911 1629862 603357378
512 912 1630358 603357378
512 913 1631318 603357378
512 914 1630671 603357378
512 915 1630832 603357378
512 916 1631043 603357378
512 917 1631505 603357378
512 918 1629312 603357378
512 919 1630839 603357378
512 920 1629815 603357378
512 921 1629565 603357378
512 922 1630325 603357378
512 923 1630737 603357378
512 924 1630957 603357378
512 925 1629986 603357378
512 926 1631058 603357378
512 927 1629438 603357378
512 928 1630662 603357378
512 929 1631134 603357378
512 930 1631093 603357378
512 931 1629201 603357378
512 932 1630252 603357378
512 933 1629800 603357378
512 934 1629818 603357378
512 935 1631728 603357378
512 936 1630823 603357378
512 937 1630848 603357378
512 938 1628897 603357378
512 939 1630735 603357378
512 940 1631387 603357378
512 941 1629784 603357378
512 942 1630164 603357378
512 943 1630850 603357378
512 944 1630397 603357378
512 945 1629995 603357378
512 946 1631378 603357378
512 947 1628971 603357378
512 948 1630441 603357378
512 949 1630514 603357378
512 950 1630853 603357378
512 951 1629948 603357378
512 952 1630507 603357378
512 953 1630896 603357378
512 954 1630179 603357378
512 955 1631800 603357378
512 956 1631476 603357378
512 957 1630109 603357378
512 958 1629724 603357378
512 959 1630569 603357378
512 960 1630591 603357378
512 961 1629809 603357378
512 962 1629177 603357378
512 963 1631664 603357378
512 964 1629403 603357378
512 965 1630322 603357378
512 966 1631041 603357378
512 967 1630190 603357378
512 968 1631099 603357378
512 969 1629197 603357378
512 970 1630098 603357378
512 971 1630433 603357378
512 972 1630661 603357378
512 973 1630254 603357378
512 974 1631808 603357378
512 975 1630454 603357378
512 976 1629758 603357378
512 977 1632118 603357378
512 978 1628966 603357378
512 979 1632016 603357378
512 980 1631613 603357378
512 981 1630349 603357378
512 982 1632331 603357378
512 983 1630645 603357378
512 984 1631402 603357378
512 985 1630099 603357378
512 986 1631155 603357378
512 987 1629088 603357378
512 988 1630834 603357378
512 989 1630518 603357378
512 990 1629064 603357378
512 991 1631163 603357378
512 992 1630824 603357378
512 993 1630528 603357378
512 994 1630903 603357378
512 995 1630255 603357378
512 996 1630591 603357378
512 997 1628424 603357378
512 998 1629847 603357378
512 999 1629778 603357378
