512 0 298042 603357377
512 1 298062 603357377
512 2 298068 603357377
512 3 298169 603357377
512 4 298189 603357377
512 5 297989 603357377
512 6 298079 603357377
512 7 298225 603357377
512 8 298115 603357377
512 9 298239 603357377
512 10 298265 603357377
512 11 298166 603357377
512 12 298254 603357377
512 13 297983 603357377
512 14 298098 603357377
512 15 298091 603357377
512 16 298265 603357377
512 17 298103 603357377
512 18 298000 603357377
512 19 298167 603357377
512 20 298144 603357377
512 21 298132 603357377
512 22 298105 603357377
512 23 298188 603357377
512 24 298222 603357377
512 25 298194 603357377
512 26 298211 603357377
512 27 298141 603357377
512 28 298115 603357377
512 29 298021 603357377
512 30 298052 603357377
512 31 298253 603357377
512 32 298154 603357377
512 33 298159 603357377
512 34 298140 603357377
512 35 298145 603357377
512 36 298078 603357377
512 37 298042 603357377
512 38 298116 603357377
512 39 298128 603357377
512 40 298060 603357377
512 41 298124 603357377
512 42 297965 603357377
512 43 298004 603357377
512 44 298009 603357377
512 45 298116 603357377
512 46 298178 603357377
512 47 298187 603357377
512 48 298101 603357377
512 49 298151 603357377
512 50 298124 603357377
512 51 298109 603357377
512 52 298046 603357377
512 53 298260 603357377
512 54 298182 603357377
512 55 297976 603357377
512 56 298007 603357377
512 57 297998 603357377
512 58 298056 603357377
512 59 298043 603357377
512 60 298087 603357377
512 61 298062 603357377
512 62 298210 603357377
512 63 298194 603357377
512 64 298182 603357377
512 65 298105 603357377
512 66 298163 603357377
512 67 298028 603357377
512 68 298092 603357377
512 69 298059 603357377
512 70 298144 603357377
512 71 298165 603357377
512 72 298181 603357377
512 73 298007 603357377
512 74 298045 603357377
512 75 298056 603357377
512 76 297947 603357377
512 77 298105 603357377
512 78 297983 603357377
512 79 298025 603357377
512 80 298186 603357377
512 81 298138 603357377
512 82 297945 603357377
512 83 298114 603357377
512 84 298007 603357377
512 85 298161 603357377
512 86 297912 603357377
512 87 298119 603357377
512 88 297963 603357377
512 89 298137 603357377
512 90 297998 603357377
512 91 298175 603357377
512 92 297923 603357377
512 93 297988 603357377
512 94 298120 603357377
512 95 298207 603357377
512 96 298055 603357377
512 97 298123 603357377
512 98 298139 603357377
512 99 298173 603357377
512 100 298011 603357377
512 101 298155 603357377
512 102 298051 603357377
512 103 298213 603357377
512 104 298064 603357377
512 105 298198 603357377
512 106 298113 603357377
512 107 298152 603357377
512 108 298169 603357377
512 109 298079 603357377
512 110 298072 603357377
512 111 298113 603357377
512 112 297987 603357377
512 113 298103 603357377
512 114 298001 603357377
512 115 298140 603357377
512 116 298140 603357377
512 117 298160 603357377
512 118 298387 603357377
512 119 298162 603357377
512 120 298113 603357377
512 121 298122 603357377
512 122 298080 603357377
512 123 298213 603357377
512 124 298124 603357377
512 125 298125 603357377
512 126 298101 603357377
512 127 298115 603357377
512 128 298025 603357377
512 129 298110 603357377
512 130 297997 603357377
512 131 298159 603357377
512 132 298003 603357377
512 133 298271 603357377
512 134 298091 603357377
512 135 297961 603357377
512 136 298085 603357377
512 137 298139 603357377
512 138 298173 603357377
512 139 298030 603357377
512 140 298147 603357377
512 141 298086 603357377
512 142 298119 603357377
512 143 298023 603357377
512 144 298187 603357377
512 145 298090 603357377
512 146 298243 603357377
512 147 298120 603357377
512 148 298126 603357377
512 149 298204 603357377
512 150 298140 603357377
512 151 298141 603357377
512 152 298096 603357377
512 153 298066 603357377
512 154 298068 603357377
512 155 298116 603357377
512 156 298192 603357377
512 157 298071 603357377
512 158 298180 603357377
512 159 298151 603357377
512 160 298152 603357377
512 161 298007 603357377
512 162 298124 603357377
512 163 298249 603357377
512 164 298016 603357377
512 165 298140 603357377
512 166 298055 603357377
512 167 298141 603357377
512 168 298118 603357377
512 169 298102 603357377
512 170 298104 603357377
512 171 298074 603357377
512 172 298073 603357377
512 173 298173 603357377
512 174 298075 603357377
512 175 298085 603357377
512 176 298106 603357377
512 177 298088 603357377
512 178 298119 603357377
512 179 298228 603357377
512 180 298040 603357377
512 181 298111 603357377
512 182 298123 603357377
512 183 298160 603357377
512 184 298249 603357377
512 185 298086 603357377
512 186 298120 603357377
512 187 298091 603357377
512 188 298166 603357377
512 189 298092 603357377
512 190 298059 603357377
512 191 298003 603357377
512 192 298009 603357377
512 193 298080 603357377
512 194 298134 603357377
512 195 298181 603357377
512 196 298098 603357377
512 197 298085 603357377
512 198 298216 603357377
512 199 298115 603357377
512 200 298252 603357377
512 201 298033 603357377
512 202 298116 603357377
512 203 298026 603357377
512 204 298042 603357377
512 205 298118 603357377
512 206 298089 603357377
512 207 298142 603357377
512 208 298196 603357377
512 209 298087 603357377
512 210 298048 603357377
512 211 298038 603357377
512 212 297904 603357377
512 213 297983 603357377
512 214 298009 603357377
512 215 298205 603357377
512 216 298158 603357377
512 217 298207 603357377
512 218 298201 603357377
512 219 298156 603357377
512 220 298154 603357377
512 221 298065 603357377
512 222 298137 603357377
512 223 298147 603357377
512 224 298296 603357377
512 225 298051 603357377
512 226 298170 603357377
512 227 298206 603357377
512 228 298182 603357377
512 229 297990 603357377
512 230 298130 603357377
512 231 297983 603357377
512 232 298049 603357377
512 233 298154 603357377
512 234 298139 603357377
512 235 298140 603357377
512 236 298000 603357377
512 237 298013 603357377
512 238 298041 603357377
512 239 298180 603357377
512 240 297999 603357377
512 241 298145 603357377
512 242 297970 603357377
512 243 298330 603357377
512 244 298095 603357377
512 245 298163 603357377
512 246 298259 603357377
512 247 298119 603357377
512 248 298030 603357377
512 249 298119 603357377
512 250 298006 603357377
512 251 298034 603357377
512 252 298101 603357377
512 253 298151 603357377
512 254 298037 603357377
512 255 297965 603357377
512 256 298018 603357377
512 257 298060 603357377
512 258 298086 603357377
512 259 297975 603357377
512 260 298133 603357377
512 261 298057 603357377
512 262 298073 603357377
512 263 298130 603357377
512 264 298073 603357377
512 265 298222 603357377
512 266 298024 603357377
512 267 298173 603357377
512 268 298037 603357377
512 269 298024 603357377
512 270 298110 603357377
512 271 298087 603357377
512 272 298019 603357377
512 273 297985 603357377
512 274 298139 603357377
512 275 298258 603357377
512 276 298148 603357377
512 277 298151 603357377
512 278 298145 603357377
512 279 298174 603357377
512 280 298242 603357377
512 281 298051 603357377
512 282 298144 603357377
512 283 298141 603357377
512 284 298056 603357377
512 285 297965 603357377
512 286 297989 603357377
512 287 298082 603357377
512 288 298041 603357377
512 289 298012 603357377
512 290 297941 603357377
512 291 297860 603357377
512 292 298045 603357377
512 293 298097 603357377
512 294 298117 603357377
512 295 297963 603357377
512 296 298286 603357377
512 297 298105 603357377
512 298 298239 603357377
512 299 298050 603357377
512 300 298103 603357377
512 301 298143 603357377
512 302 298060 603357377
512 303 298188 603357377
512 304 298160 603357377
512 305 298145 603357377
512 306 298159 603357377
512 307 298091 603357377
512 308 298023 603357377
512 309 298080 603357377
512 310 297891 603357377
512 311 298096 603357377
512 312 298114 603357377
512 313 298246 603357377
512 314 298162 603357377
512 315 298118 603357377
512 316 298088 603357377
512 317 298171 603357377
512 318 297838 603357377
512 319 298030 603357377
512 320 298086 603357377
512 321 298039 603357377
512 322 298125 603357377
512 323 298159 603357377
512 324 298068 603357377
512 325 298265 603357377
512 326 298041 603357377
512 327 297986 603357377
512 328 298050 603357377
512 329 298292 603357377
512 330 298145 603357377
512 331 298076 603357377
512 332 298114 603357377
512 333 298340 603357377
512 334 297976 603357377
512 335 298170 603357377
512 336 297995 603357377
512 337 298072 603357377
512 338 297998 603357377
512 339 298019 603357377
512 340 297845 603357377
512 341 298004 603357377
512 342 298211 603357377
512 343 297997 603357377
512 344 298086 603357377
512 345 298160 603357377
512 346 298082 603357377
512 347 298108 603357377
512 348 297959 603357377
512 349 298034 603357377
512 350 298088 603357377
512 351 298152 603357377
512 352 297994 603357377
512 353 298139 603357377
512 354 298241 603357377
512 355 298020 603357377
512 356 298171 603357377
512 357 298154 603357377
512 358 298175 603357377
512 359 298128 603357377
512 360 298215 603357377
512 361 298118 603357377
512 362 298021 603357377
512 363 298188 603357377
512 364 298245 603357377
512 365 297990 603357377
512 366 298050 603357377
512 367 298297 603357377
512 368 298250 603357377
512 369 298143 603357377
512 370 298196 603357377
512 371 298123 603357377
512 372 298183 603357377
512 373 298110 603357377
512 374 298038 603357377
512 375 298066 603357377
512 376 298202 603357377
512 377 298117 603357377
512 378 297932 603357377
512 379 298088 603357377
512 380 298230 603357377
512 381 298134 603357377
512 382 297933 603357377
512 383 298099 603357377
512 384 298129 603357377
512 385 298176 603357377
512 386 298122 603357377
512 387 298125 603357377
512 388 298265 603357377
512 389 298120 603357377
512 390 298168 603357377
512 391 298109 603357377
512 392 298111 603357377
512 393 298116 603357377
512 394 298168 603357377
512 395 298002 603357377
512 396 298044 603357377
512 397 298053 603357377
512 398 298185 603357377
512 399 298173 603357377
512 400 298169 603357377
512 401 298109 603357377
512 402 298048 603357377
512 403 298344 603357377
512 404 298195 603357377
512 405 298206 603357377
512 406 298099 603357377
512 407 298081 603357377
512 408 298097 603357377
512 409 298096 603357377
512 410 298018 603357377
512 411 298029 603357377
512 412 298026 603357377
512 413 298110 603357377
512 414 298136 603357377
512 415 298161 603357377
512 416 298188 603357377
512 417 298150 603357377
512 418 298021 603357377
512 419 298132 603357377
512 420 298078 603357377
512 421 298142 603357377
512 422 298080 603357377
512 423 298264 603357377
512 424 298142 603357377
512 425 298116 603357377
512 426 298146 603357377
512 427 298115 603357377
512 428 298244 603357377
512 429 298132 603357377
512 430 298053 603357377
512 431 298069 603357377
512 432 298102 603357377
512 433 298152 603357377
512 434 298086 603357377
512 435 297998 603357377
512 436 298091 603357377
512 437 298311 603357377
512 438 298015 603357377
512 439 298037 603357377
512 440 298049 603357377
512 441 298180 603357377
512 442 298108 603357377
512 443 298144 603357377
512 444 298158 603357377
512 445 298163 603357377
512 446 298178 603357377
512 447 298112 603357377
512 448 298059 603357377
512 449 298284 603357377
512 450 298255 603357377
512 451 298091 603357377
512 452 298066 603357377
512 453 298223 603357377
512 454 298107 603357377
512 455 298168 603357377
512 456 297931 603357377
512 457 297995 603357377
512 458 298128 603357377
512 459 297976 603357377
512 460 298053 603357377
512 461 298075 603357377
512 462 298040 603357377
512 463 298031 603357377
512 464 297969 603357377
512 465 298034 603357377
512 466 298178 603357377
512 467 297960 603357377
512 468 298113 603357377
512 469 298179 603357377
512 470 298136 603357377
512 471 298201 603357377
512 472 298166 603357377
512 473 298161 603357377
512 474 298082 603357377
512 475 297990 603357377
512 476 298101 603357377
512 477 298127 603357377
512 478 298124 603357377
512 479 298075 603357377
512 480 298121 603357377
512 481 298038 603357377
512 482 298107 603357377
512 483 297973 603357377
512 484 297989 603357377
512 485 297929 603357377
512 486 298076 603357377
512 487 298051 603357377
512 488 298028 603357377
512 489 297996 603357377
512 490 298207 603357377
512 491 298086 603357377
512 492 298219 603357377
512 493 298075 603357377
512 494 298203 603357377
512 495 298122 603357377
512 496 297985 603357377
512 497 298092 603357377
512 498 298003 603357377
512 499 298052 603357377
512 500 298076 603357377
512 501 298214 603357377
512 502 297958 603357377
512 503 298031 603357377
512 504 298134 603357377
512 505 298075 603357377
512 506 298244 603357377
512 507 297896 603357377
512 508 297888 603357377
512 509 298180 603357377
512 510 298099 603357377
512 511 298144 603357377
512 512 298077 603357377
512 513 298058 603357377
512 514 298036 603357377
512 515 298087 603357377
512 516 298113 603357377
512 517 298139 603357377
512 518 298044 603357377
512 519 298124 603357377
512 520 298116 603357377
512 521 298082 603357377
512 522 298314 603357377
512 523 298244 603357377
512 524 298235 603357377
512 525 298118 603357377
512 526 298213 603357377
512 527 298206 603357377
512 528 298208 603357377
512 529 298155 603357377
512 530 298083 603357377
512 531 298086 603357377
512 532 298068 603357377
512 533 298015 603357377
512 534 298011 603357377
512 535 297987 603357377
512 536 298068 603357377
512 537 298077 603357377
512 538 298228 603357377
512 539 298180 603357377
512 540 298215 603357377
512 541 298085 603357377
512 542 298151 603357377
512 543 298184 603357377
512 544 298059 603357377
512 545 298234 603357377
512 546 298210 603357377
512 547 298005 603357377
512 548 298115 603357377
512 549 298135 603357377
512 550 298262 603357377
512 551 298115 603357377
512 552 298202 603357377
512 553 298092 603357377
512 554 298070 603357377
512 555 298134 603357377
512 556 298113 603357377
512 557 297945 603357377
512 558 298158 603357377
512 559 297974 603357377
512 560 298119 603357377
512 561 298265 603357377
512 562 298088 603357377
512 563 298088 603357377
512 564 298170 603357377
512 565 298131 603357377
512 566 298244 603357377
512 567 298335 603357377
512 568 298086 603357377
512 569 297983 603357377
512 570 298240 603357377
512 571 298121 603357377
512 572 298033 603357377
512 573 298142 603357377
512 574 298102 603357377
512 575 298086 603357377
512 576 298146 603357377
512 577 298048 603357377
512 578 298153 603357377
512 579 297992 603357377
512 580 298067 603357377
512 581 298000 603357377
512 582 298096 603357377
512 583 298219 603357377
512 584 298149 603357377
512 585 297999 603357377
512 586 298136 603357377
512 587 297976 603357377
512 588 298167 603357377
512 589 298112 603357377
512 590 298113 603357377
512 591 298059 603357377
512 592 298050 603357377
512 593 298166 603357377
512 594 298218 603357377
512 595 298113 603357377
512 596 298222 603357377
512 597 298183 603357377
512 598 298119 603357377
512 599 298012 603357377
512 600 298304 603357377
512 601 298105 603357377
512 602 298125 603357377
512 603 298169 603357377
512 604 298124 603357377
512 605 298158 603357377
512 606 298056 603357377
512 607 297928 603357377
512 608 298087 603357377
512 609 297978 603357377
512 610 298066 603357377
512 611 298147 603357377
512 612 298012 603357377
512 613 298251 603357377
512 614 298268 603357377
512 615 298194 603357377
512 616 298093 603357377
512 617 298113 603357377
512 618 298074 603357377
512 619 298110 603357377
512 620 298121 603357377
512 621 298172 603357377
512 622 298090 603357377
512 623 298079 603357377
512 624 298192 603357377
512 625 298128 603357377
512 626 297980 603357377
512 627 298208 603357377
512 628 298229 603357377
512 629 298097 603357377
512 630 298117 603357377
512 631 298150 603357377
512 632 298260 603357377
512 633 298079 603357377
512 634 298065 603357377
512 635 298161 603357377
512 636 298259 603357377
512 637 298314 603357377
512 638 298041 603357377
512 639 298072 603357377
512 640 298057 603357377
512 641 297955 603357377
512 642 298086 603357377
512 643 298125 603357377
512 644 298089 603357377
512 645 298270 603357377
512 646 298219 603357377
512 647 298058 603357377
512 648 298102 603357377
512 649 298107 603357377
512 650 298200 603357377
512 651 298202 603357377
512 652 298086 603357377
512 653 298027 603357377
512 654 297963 603357377
512 655 297934 603357377
512 656 298115 603357377
512 657 297947 603357377
512 658 298134 603357377
512 659 298059 603357377
512 660 298029 603357377
512 661 298094 603357377
512 662 297995 603357377
512 663 298119 603357377
512 664 298102 603357377
512 665 298099 603357377
512 666 297997 603357377
512 667 298192 603357377
512 668 298241 603357377
512 669 298252 603357377
512 670 297989 603357377
512 671 298109 603357377
512 672 298058 603357377
512 673 298218 603357377
512 674 298036 603357377
512 675 298066 603357377
512 676 298227 603357377
512 677 298032 603357377
512 678 298056 603357377
512 679 298113 603357377
512 680 298074 603357377
512 681 298118 603357377
512 682 298163 603357377
512 683 297962 603357377
512 684 298270 603357377
512 685 298072 603357377
512 686 297963 603357377
512 687 297963 603357377
512 688 298124 603357377
512 689 298161 603357377
512 690 298280 603357377
512 691 298154 603357377
512 692 298007 603357377
512 693 298135 603357377
512 694 298170 603357377
512 695 298017 603357377
512 696 298062 603357377
512 697 298066 603357377
512 698 298106 603357377
512 699 298330 603357377
512 700 298156 603357377
512 701 298037 603357377
512 702 298133 603357377
512 703 298059 603357377
512 704 298084 603357377
512 705 298011 603357377
512 706 298012 603357377
512 707 298091 603357377
512 708 298179 603357377
512 709 298187 603357377
512 710 298117 603357377
512 711 298008 603357377
512 712 298211 603357377
512 713 298053 603357377
512 714 298036 603357377
512 715 298141 603357377
512 716 298035 603357377
512 717 297989 603357377
512 718 298080 603357377
512 719 298182 603357377
512 720 298085 603357377
512 721 298136 603357377
512 722 298080 603357377
512 723 298104 603357377
512 724 298015 603357377
512 725 298107 603357377
512 726 298055 603357377
512 727 298036 603357377
512 728 297937 603357377
512 729 298073 603357377
512 730 298023 603357377
512 731 297994 603357377
512 732 298141 603357377
512 733 298220 603357377
512 734 298077 603357377
512 735 298203 603357377
512 736 298241 603357377
512 737 298015 603357377
512 738 298212 603357377
512 739 298134 603357377
512 740 298086 603357377
512 741 298041 603357377
512 742 298237 603357377
512 743 298139 603357377
512 744 298105 603357377
512 745 298165 603357377
512 746 298057 603357377
512 747 298096 603357377
512 748 298162 603357377
512 749 297984 603357377
512 750 298205 603357377
512 751 298139 603357377
512 752 298036 603357377
512 753 298134 603357377
512 754 298077 603357377
512 755 298137 603357377
512 756 298107 603357377
512 757 298069 603357377
512 758 297968 603357377
512 759 297970 603357377
512 760 298135 603357377
512 761 298002 603357377
512 762 298121 603357377
512 763 298159 603357377
512 764 298078 603357377
512 765 298098 603357377
512 766 298084 603357377
512 767 298213 603357377
512 768 298094 603357377
512 769 298059 603357377
512 770 298068 603357377
512 771 298009 603357377
512 772 298007 603357377
512 773 298147 603357377
512 774 298115 603357377
512 775 298122 603357377
512 776 298070 603357377
512 777 298163 603357377
512 778 298053 603357377
512 779 297945 603357377
512 780 298058 603357377
512 781 298148 603357377
512 782 298045 603357377
512 783 298163 603357377
512 784 298032 603357377
512 785 298172 603357377
512 786 298270 603357377
512 787 298240 603357377
512 788 298128 603357377
512 789 298055 603357377
512 790 298099 603357377
512 791 298222 603357377
512 792 298159 603357377
512 793 298038 603357377
512 794 298099 603357377
512 795 298117 603357377
512 796 298126 603357377
512 797 297961 603357377
512 798 298170 603357377
512 799 298138 603357377
512 800 298219 603357377
512 801 298118 603357377
512 802 298129 603357377
512 803 298144 603357377
512 804 298092 603357377
512 805 298074 603357377
512 806 297978 603357377
512 807 298128 603357377
512 808 298023 603357377
512 809 298169 603357377
512 810 298077 603357377
512 811 298202 603357377
512 812 298096 603357377
512 813 298186 603357377
512 814 298073 603357377
512 815 298134 603357377
512 816 298118 603357377
512 817 298023 603357377
512 818 298075 603357377
512 819 298004 603357377
512 820 298247 603357377
512 821 298106 603357377
512 822 298131 603357377
512 823 298073 603357377
512 824 298175 603357377
512 825 297996 603357377
512 826 298073 603357377
512 827 297945 603357377
512 828 298013 603357377
512 829 298022 603357377
512 830 298140 603357377
512 831 298071 603357377
512 832 297923 603357377
512 833 298140 603357377
512 834 298148 603357377
512 835 298064 603357377
512 836 298089 603357377
512 837 298258 603357377
512 838 298157 603357377
512 839 298089 603357377
512 840 298109 603357377
512 841 298147 603357377
512 842 298212 603357377
512 843 298183 603357377
512 844 298010 603357377
512 845 298027 603357377
512 846 298142 603357377
512 847 298050 603357377
512 848 298093 603357377
512 849 298115 603357377
512 850 298125 603357377
512 851 298057 603357377
512 852 298118 603357377
512 853 298101 603357377
512 854 298129 603357377
512 855 298047 603357377
512 856 298055 603357377
512 857 297890 603357377
512 858 298217 603357377
512 859 297985 603357377
512 860 298021 603357377
512 861 298050 603357377
512 862 298108 603357377
512 863 297992 603357377
512 864 298035 603357377
512 865 298116 603357377
512 866 298142 603357377
512 867 298043 603357377
512 868 298111 603357377
512 869 298001 603357377
512 870 297942 603357377
512 871 298010 603357377
512 872 298083 603357377
512 873 298016 603357377
512 874 298283 603357377
512 875 298137 603357377
512 876 298020 603357377
512 877 298053 603357377
512 878 298016 603357377
512 879 298224 603357377
512 880 298045 603357377
512 881 298103 603357377
512 882 298041 603357377
512 883 298004 603357377
512 884 298112 603357377
512 885 297937 603357377
512 886 298153 603357377
512 887 298107 603357377
512 888 298185 603357377
512 889 298126 603357377
512 890 298141 603357377
512 891 298161 603357377
512 892 298105 603357377
512 893 298095 603357377
512 894 298084 603357377
512 895 298168 603357377
512 896 298105 603357377
512 897 298258 603357377
512 898 298149 603357377
512 899 298091 603357377
512 900 298072 603357377
512 901 298007 603357377
512 902 298053 603357377
512 903 298026 603357377
512 904 298023 603357377
512 905 298043 603357377
512 906 297911 603357377
512 907 298211 603357377
512 908 298184 603357377
512 909 297913 603357377
512 910 298134 603357377
512 911 298174 603357377
512 912 298076 603357377
512 913 298078 603357377
512 914 298061 603357377
512 915 298105 603357377
512 916 298031 603357377
512 917 298012 603357377
512 918 298095 603357377
512 919 297965 603357377
512 920 298125 603357377
512 921 298231 603357377
512 922 298180 603357377
512 923 298118 603357377
512 924 298127 603357377
512 925 298069 603357377
512 926 298062 603357377
512 927 298100 603357377
512 928 298172 603357377
512 929 298177 603357377
512 930 298237 603357377
512 931 298114 603357377
512 932 298224 603357377
512 933 298174 603357377
512 934 298232 603357377
512 935 297993 603357377
512 936 298198 603357377
512 937 298198 603357377
512 938 298306 603357377
512 939 298163 603357377
512 940 298123 603357377
512 941 298080 603357377
512 942 298196 603357377
512 943 298179 603357377
512 944 298018 603357377
512 945 298039 603357377
512 946 298137 603357377
512 947 297975 603357377
512 948 298061 603357377
512 949 298179 603357377
512 950 298230 603357377
512 951 298017 603357377
512 952 298107 603357377
512 953 297894 603357377
512 954 298128 603357377
512 955 298137 603357377
512 956 298125 603357377
512 957 297933 603357377
512 958 298005 603357377
512 959 298212 603357377
512 960 298224 603357377
512 961 298050 603357377
512 962 298023 603357377
512 963 298073 603357377
512 964 298217 603357377
512 965 298180 603357377
512 966 298111 603357377
512 967 298138 603357377
512 968 298158 603357377
512 969 298346 603357377
512 970 298094 603357377
512 971 298152 603357377
512 972 298086 603357377
512 973 298077 603357377
512 974 298092 603357377
512 975 298082 603357377
512 976 297992 603357377
512 977 298139 603357377
512 978 298119 603357377
512 979 298021 603357377
512 980 297992 603357377
512 981 298075 603357377
512 982 298150 603357377
512 983 298279 603357377
512 984 298189 603357377
512 985 297971 603357377
512 986 298176 603357377
512 987 298097 603357377
512 988 298042 603357377
512 989 298172 603357377
512 990 298061 603357377
512 991 298118 603357377
512 992 298181 603357377
512 993 298157 603357377
512 994 298183 603357377
512 995 298114 603357377
512 996 298157 603357377
512 997 298164 603357377
512 998 298053 603357377
512 999 298160 603357377
