64 0 24765 4228160806
64 1 24708 4228160806
64 2 24707 4228160806
64 3 24707 4228160806
64 4 24708 4228160806
64 5 24708 4228160806
64 6 24707 4228160806
64 7 24707 4228160806
64 8 24707 4228160806
64 9 24717 4228160806
64 10 24707 4228160806
64 11 24707 4228160806
64 12 24707 4228160806
64 13 24707 4228160806
64 14 24717 4228160806
64 15 24707 4228160806
64 16 24707 4228160806
64 17 24707 4228160806
64 18 24707 4228160806
64 19 24708 4228160806
64 20 24707 4228160806
64 21 24707 4228160806
64 22 24707 4228160806
64 23 24717 4228160806
64 24 24707 4228160806
64 25 24707 4228160806
64 26 24707 4228160806
64 27 24707 4228160806
64 28 24707 4228160806
64 29 24717 4228160806
64 30 24707 4228160806
64 31 24707 4228160806
64 32 24707 4228160806
64 33 24717 4228160806
64 34 24707 4228160806
64 35 24707 4228160806
64 36 24707 4228160806
64 37 24707 4228160806
64 38 24717 4228160806
64 39 24707 4228160806
64 40 24707 4228160806
64 41 24707 4228160806
64 42 24707 4228160806
64 43 24717 4228160806
64 44 24707 4228160806
64 45 24707 4228160806
64 46 24707 4228160806
64 47 24717 4228160806
64 48 24707 4228160806
64 49 24707 4228160806
64 50 24707 4228160806
64 51 24707 4228160806
64 52 24707 4228160806
64 53 24707 4228160806
64 54 24707 4228160806
64 55 24707 4228160806
64 56 24707 4228160806
64 57 24717 4228160806
64 58 24707 4228160806
64 59 24707 4228160806
64 60 24707 4228160806
64 61 24707 4228160806
64 62 24717 4228160806
64 63 24707 4228160806
64 64 24707 4228160806
64 65 24707 4228160806
64 66 24707 4228160806
64 67 24707 4228160806
64 68 24707 4228160806
64 69 24707 4228160806
64 70 24707 4228160806
64 71 24707 4228160806
64 72 24707 4228160806
64 73 24707 4228160806
64 74 24707 4228160806
64 75 24707 4228160806
64 76 24707 4228160806
64 77 24707 4228160806
64 78 24707 4228160806
64 79 24707 4228160806
64 80 24707 4228160806
64 81 24707 4228160806
64 82 24707 4228160806
64 83 24707 4228160806
64 84 24707 4228160806
64 85 24707 4228160806
64 86 24707 4228160806
64 87 24707 4228160806
64 88 24707 4228160806
64 89 24707 4228160806
64 90 24707 4228160806
64 91 24707 4228160806
64 92 24707 4228160806
64 93 24707 4228160806
64 94 24707 4228160806
64 95 24707 4228160806
64 96 24707 4228160806
64 97 24707 4228160806
64 98 24707 4228160806
64 99 24707 4228160806
64 100 24707 4228160806
64 101 24707 4228160806
64 102 24707 4228160806
64 103 24707 4228160806
64 104 24707 4228160806
64 105 24707 4228160806
64 106 24707 4228160806
64 107 24707 4228160806
64 108 24707 4228160806
64 109 24707 4228160806
64 110 24707 4228160806
64 111 24707 4228160806
64 112 24707 4228160806
64 113 24707 4228160806
64 114 24707 4228160806
64 115 24707 4228160806
64 116 24707 4228160806
64 117 24707 4228160806
64 118 24707 4228160806
64 119 24707 4228160806
64 120 24707 4228160806
64 121 24707 4228160806
64 122 24707 4228160806
64 123 24707 4228160806
64 124 24707 4228160806
64 125 24707 4228160806
64 126 24707 4228160806
64 127 24707 4228160806
64 128 24707 4228160806
64 129 24707 4228160806
64 130 24707 4228160806
64 131 24707 4228160806
64 132 24708 4228160806
64 133 24707 4228160806
64 134 24707 4228160806
64 135 24707 4228160806
64 136 24707 4228160806
64 137 24707 4228160806
64 138 24707 4228160806
64 139 24707 4228160806
64 140 24707 4228160806
64 141 24707 4228160806
64 142 24707 4228160806
64 143 24707 4228160806
64 144 24707 4228160806
64 145 24707 4228160806
64 146 24707 4228160806
64 147 24707 4228160806
64 148 24707 4228160806
64 149 24707 4228160806
64 150 24707 4228160806
64 151 24707 4228160806
64 152 24707 4228160806
64 153 24707 4228160806
64 154 24707 4228160806
64 155 24707 4228160806
64 156 24707 4228160806
64 157 24707 4228160806
64 158 24707 4228160806
64 159 24707 4228160806
64 160 24707 4228160806
64 161 24707 4228160806
64 162 24707 4228160806
64 163 24707 4228160806
64 164 24707 4228160806
64 165 24707 4228160806
64 166 24707 4228160806
64 167 24707 4228160806
64 168 24707 4228160806
64 169 24707 4228160806
64 170 24707 4228160806
64 171 24707 4228160806
64 172 24707 4228160806
64 173 24707 4228160806
64 174 24707 4228160806
64 175 24707 4228160806
64 176 24707 4228160806
64 177 24707 4228160806
64 178 24707 4228160806
64 179 24707 4228160806
64 180 24707 4228160806
64 181 24707 4228160806
64 182 24707 4228160806
64 183 24707 4228160806
64 184 24707 4228160806
64 185 24707 4228160806
64 186 24707 4228160806
64 187 24707 4228160806
64 188 24707 4228160806
64 189 24707 4228160806
64 190 24707 4228160806
64 191 24707 4228160806
64 192 24707 4228160806
64 193 24707 4228160806
64 194 24707 4228160806
64 195 24707 4228160806
64 196 24707 4228160806
64 197 24707 4228160806
64 198 24707 4228160806
64 199 24707 4228160806
64 200 24707 4228160806
64 201 24707 4228160806
64 202 24707 4228160806
64 203 24707 4228160806
64 204 24707 4228160806
64 205 24707 4228160806
64 206 24707 4228160806
64 207 24707 4228160806
64 208 24707 4228160806
64 209 24707 4228160806
64 210 24707 4228160806
64 211 24707 4228160806
64 212 24707 4228160806
64 213 24707 4228160806
64 214 24707 4228160806
64 215 24707 4228160806
64 216 24707 4228160806
64 217 24707 4228160806
64 218 24707 4228160806
64 219 24862 4228160806
64 220 24707 4228160806
64 221 24707 4228160806
64 222 24707 4228160806
64 223 24707 4228160806
64 224 24717 4228160806
64 225 24707 4228160806
64 226 24707 4228160806
64 227 24707 4228160806
64 228 24707 4228160806
64 229 24717 4228160806
64 230 24707 4228160806
64 231 24707 4228160806
64 232 24707 4228160806
64 233 24717 4228160806
64 234 24707 4228160806
64 235 24707 4228160806
64 236 24707 4228160806
64 237 24707 4228160806
64 238 24717 4228160806
64 239 24707 4228160806
64 240 24707 4228160806
64 241 24707 4228160806
64 242 24717 4228160806
64 243 24707 4228160806
64 244 24707 4228160806
64 245 24707 4228160806
64 246 24873 4228160806
64 247 24707 4228160806
64 248 24707 4228160806
64 249 24707 4228160806
64 250 24707 4228160806
64 251 24707 4228160806
64 252 24707 4228160806
64 253 24707 4228160806
64 254 24707 4228160806
64 255 24707 4228160806
64 256 24707 4228160806
64 257 24707 4228160806
64 258 24707 4228160806
64 259 24707 4228160806
64 260 24707 4228160806
64 261 24707 4228160806
64 262 24707 4228160806
64 263 24707 4228160806
64 264 24707 4228160806
64 265 24707 4228160806
64 266 24707 4228160806
64 267 24707 4228160806
64 268 24707 4228160806
64 269 24707 4228160806
64 270 24707 4228160806
64 271 24707 4228160806
64 272 24707 4228160806
64 273 24707 4228160806
64 274 24879 4228160806
64 275 24707 4228160806
64 276 24707 4228160806
64 277 24707 4228160806
64 278 24707 4228160806
64 279 24707 4228160806
64 280 24707 4228160806
64 281 24707 4228160806
64 282 24707 4228160806
64 283 24707 4228160806
64 284 24707 4228160806
64 285 24707 4228160806
64 286 24707 4228160806
64 287 24707 4228160806
64 288 24707 4228160806
64 289 24707 4228160806
64 290 24707 4228160806
64 291 24707 4228160806
64 292 24707 4228160806
64 293 24707 4228160806
64 294 24707 4228160806
64 295 24707 4228160806
64 296 24707 4228160806
64 297 24707 4228160806
64 298 24707 4228160806
64 299 24707 4228160806
64 300 24707 4228160806
64 301 24707 4228160806
64 302 24707 4228160806
64 303 24707 4228160806
64 304 24707 4228160806
64 305 24707 4228160806
64 306 24707 4228160806
64 307 24707 4228160806
64 308 24707 4228160806
64 309 24707 4228160806
64 310 24707 4228160806
64 311 24707 4228160806
64 312 24707 4228160806
64 313 24707 4228160806
64 314 24707 4228160806
64 315 24707 4228160806
64 316 24707 4228160806
64 317 24707 4228160806
64 318 24707 4228160806
64 319 24707 4228160806
64 320 24707 4228160806
64 321 24707 4228160806
64 322 24707 4228160806
64 323 24707 4228160806
64 324 24707 4228160806
64 325 24707 4228160806
64 326 24707 4228160806
64 327 24707 4228160806
64 328 24707 4228160806
64 329 24707 4228160806
64 330 24707 4228160806
64 331 24707 4228160806
64 332 24707 4228160806
64 333 24707 4228160806
64 334 24707 4228160806
64 335 24707 4228160806
64 336 24707 4228160806
64 337 24707 4228160806
64 338 24707 4228160806
64 339 24707 4228160806
64 340 24707 4228160806
64 341 24707 4228160806
64 342 24707 4228160806
64 343 24707 4228160806
64 344 24707 4228160806
64 345 24707 4228160806
64 346 24707 4228160806
64 347 24707 4228160806
64 348 24707 4228160806
64 349 24707 4228160806
64 350 24707 4228160806
64 351 24707 4228160806
64 352 24707 4228160806
64 353 24707 4228160806
64 354 24707 4228160806
64 355 24707 4228160806
64 356 24707 4228160806
64 357 24707 4228160806
64 358 24707 4228160806
64 359 24707 4228160806
64 360 24707 4228160806
64 361 24707 4228160806
64 362 24707 4228160806
64 363 24707 4228160806
64 364 24707 4228160806
64 365 24707 4228160806
64 366 24707 4228160806
64 367 24707 4228160806
64 368 24707 4228160806
64 369 24707 4228160806
64 370 24707 4228160806
64 371 24707 4228160806
64 372 24707 4228160806
64 373 24707 4228160806
64 374 24707 4228160806
64 375 24707 4228160806
64 376 24707 4228160806
64 377 24707 4228160806
64 378 24707 4228160806
64 379 24707 4228160806
64 380 24707 4228160806
64 381 24707 4228160806
64 382 24707 4228160806
64 383 24707 4228160806
64 384 24707 4228160806
64 385 24707 4228160806
64 386 24707 4228160806
64 387 24707 4228160806
64 388 24707 4228160806
64 389 24707 4228160806
64 390 24707 4228160806
64 391 24707 4228160806
64 392 24707 4228160806
64 393 24707 4228160806
64 394 24707 4228160806
64 395 24707 4228160806
64 396 24707 4228160806
64 397 24707 4228160806
64 398 24707 4228160806
64 399 24707 4228160806
64 400 24707 4228160806
64 401 24707 4228160806
64 402 24707 4228160806
64 403 24707 4228160806
64 404 24707 4228160806
64 405 24707 4228160806
64 406 24707 4228160806
64 407 24707 4228160806
64 408 24707 4228160806
64 409 24707 4228160806
64 410 24707 4228160806
64 411 24707 4228160806
64 412 24707 4228160806
64 413 24707 4228160806
64 414 24707 4228160806
64 415 24707 4228160806
64 416 24707 4228160806
64 417 24707 4228160806
64 418 24707 4228160806
64 419 24707 4228160806
64 420 24707 4228160806
64 421 24707 4228160806
64 422 24707 4228160806
64 423 24707 4228160806
64 424 24707 4228160806
64 425 24707 4228160806
64 426 24707 4228160806
64 427 24707 4228160806
64 428 24707 4228160806
64 429 24707 4228160806
64 430 24707 4228160806
64 431 24707 4228160806
64 432 24707 4228160806
64 433 24707 4228160806
64 434 24707 4228160806
64 435 24707 4228160806
64 436 24707 4228160806
64 437 24707 4228160806
64 438 24707 4228160806
64 439 24707 4228160806
64 440 24707 4228160806
64 441 24707 4228160806
64 442 24707 4228160806
64 443 24707 4228160806
64 444 24707 4228160806
64 445 24707 4228160806
64 446 24707 4228160806
64 447 24707 4228160806
64 448 24707 4228160806
64 449 24707 4228160806
64 450 24707 4228160806
64 451 24707 4228160806
64 452 24707 4228160806
64 453 24707 4228160806
64 454 24707 4228160806
64 455 24707 4228160806
64 456 24707 4228160806
64 457 24707 4228160806
64 458 24707 4228160806
64 459 24707 4228160806
64 460 24707 4228160806
64 461 24707 4228160806
64 462 24707 4228160806
64 463 24707 4228160806
64 464 24707 4228160806
64 465 24707 4228160806
64 466 24707 4228160806
64 467 24707 4228160806
64 468 24707 4228160806
64 469 24707 4228160806
64 470 24707 4228160806
64 471 24707 4228160806
64 472 24707 4228160806
64 473 24707 4228160806
64 474 24707 4228160806
64 475 24707 4228160806
64 476 24707 4228160806
64 477 24707 4228160806
64 478 24707 4228160806
64 479 24707 4228160806
64 480 24707 4228160806
64 481 24707 4228160806
64 482 24707 4228160806
64 483 24707 4228160806
64 484 24707 4228160806
64 485 24707 4228160806
64 486 24707 4228160806
64 487 24707 4228160806
64 488 24707 4228160806
64 489 24707 4228160806
64 490 24707 4228160806
64 491 24707 4228160806
64 492 24707 4228160806
64 493 24707 4228160806
64 494 24707 4228160806
64 495 24707 4228160806
64 496 24707 4228160806
64 497 24707 4228160806
64 498 24707 4228160806
64 499 24707 4228160806
64 500 24707 4228160806
64 501 24707 4228160806
64 502 24707 4228160806
64 503 24707 4228160806
64 504 24707 4228160806
64 505 24707 4228160806
64 506 24707 4228160806
64 507 24707 4228160806
64 508 24707 4228160806
64 509 24707 4228160806
64 510 24707 4228160806
64 511 24707 4228160806
64 512 24707 4228160806
64 513 24707 4228160806
64 514 24707 4228160806
64 515 24707 4228160806
64 516 24707 4228160806
64 517 24707 4228160806
64 518 24707 4228160806
64 519 24707 4228160806
64 520 24707 4228160806
64 521 24707 4228160806
64 522 24707 4228160806
64 523 24707 4228160806
64 524 24707 4228160806
64 525 24707 4228160806
64 526 24707 4228160806
64 527 24707 4228160806
64 528 24707 4228160806
64 529 24707 4228160806
64 530 24707 4228160806
64 531 24707 4228160806
64 532 24707 4228160806
64 533 24707 4228160806
64 534 24707 4228160806
64 535 24707 4228160806
64 536 24707 4228160806
64 537 24707 4228160806
64 538 24707 4228160806
64 539 24707 4228160806
64 540 24707 4228160806
64 541 24707 4228160806
64 542 24707 4228160806
64 543 24707 4228160806
64 544 24707 4228160806
64 545 24707 4228160806
64 546 24707 4228160806
64 547 24707 4228160806
64 548 24707 4228160806
64 549 24707 4228160806
64 550 24707 4228160806
64 551 24707 4228160806
64 552 24707 4228160806
64 553 24707 4228160806
64 554 24707 4228160806
64 555 24707 4228160806
64 556 24707 4228160806
64 557 24707 4228160806
64 558 24707 4228160806
64 559 24707 4228160806
64 560 24707 4228160806
64 561 24707 4228160806
64 562 24707 4228160806
64 563 24707 4228160806
64 564 24707 4228160806
64 565 24707 4228160806
64 566 24707 4228160806
64 567 24707 4228160806
64 568 24707 4228160806
64 569 24707 4228160806
64 570 24707 4228160806
64 571 24707 4228160806
64 572 24707 4228160806
64 573 24707 4228160806
64 574 24707 4228160806
64 575 24707 4228160806
64 576 24707 4228160806
64 577 24707 4228160806
64 578 24707 4228160806
64 579 24707 4228160806
64 580 24707 4228160806
64 581 24707 4228160806
64 582 24707 4228160806
64 583 24707 4228160806
64 584 24707 4228160806
64 585 24707 4228160806
64 586 24707 4228160806
64 587 24707 4228160806
64 588 24707 4228160806
64 589 24707 4228160806
64 590 24707 4228160806
64 591 24707 4228160806
64 592 24707 4228160806
64 593 24707 4228160806
64 594 24707 4228160806
64 595 24707 4228160806
64 596 24707 4228160806
64 597 24707 4228160806
64 598 24707 4228160806
64 599 24707 4228160806
64 600 24707 4228160806
64 601 24707 4228160806
64 602 24707 4228160806
64 603 24707 4228160806
64 604 24707 4228160806
64 605 24707 4228160806
64 606 24707 4228160806
64 607 24707 4228160806
64 608 24707 4228160806
64 609 24707 4228160806
64 610 24707 4228160806
64 611 24707 4228160806
64 612 24707 4228160806
64 613 24707 4228160806
64 614 24707 4228160806
64 615 24707 4228160806
64 616 24707 4228160806
64 617 24707 4228160806
64 618 24707 4228160806
64 619 24707 4228160806
64 620 24707 4228160806
64 621 24707 4228160806
64 622 24707 4228160806
64 623 24707 4228160806
64 624 24707 4228160806
64 625 24707 4228160806
64 626 24707 4228160806
64 627 24707 4228160806
64 628 24707 4228160806
64 629 24707 4228160806
64 630 24707 4228160806
64 631 24707 4228160806
64 632 24707 4228160806
64 633 24707 4228160806
64 634 24707 4228160806
64 635 24707 4228160806
64 636 24707 4228160806
64 637 24707 4228160806
64 638 24707 4228160806
64 639 24707 4228160806
64 640 24707 4228160806
64 641 24707 4228160806
64 642 24707 4228160806
64 643 24707 4228160806
64 644 24707 4228160806
64 645 24707 4228160806
64 646 24707 4228160806
64 647 24707 4228160806
64 648 24707 4228160806
64 649 24707 4228160806
64 650 24707 4228160806
64 651 24707 4228160806
64 652 24707 4228160806
64 653 24707 4228160806
64 654 24707 4228160806
64 655 24707 4228160806
64 656 24707 4228160806
64 657 24707 4228160806
64 658 24707 4228160806
64 659 24707 4228160806
64 660 24707 4228160806
64 661 24707 4228160806
64 662 24707 4228160806
64 663 24707 4228160806
64 664 24707 4228160806
64 665 24707 4228160806
64 666 24707 4228160806
64 667 24707 4228160806
64 668 24707 4228160806
64 669 24707 4228160806
64 670 24707 4228160806
64 671 24707 4228160806
64 672 24707 4228160806
64 673 24707 4228160806
64 674 24707 4228160806
64 675 24707 4228160806
64 676 24707 4228160806
64 677 24707 4228160806
64 678 24707 4228160806
64 679 24707 4228160806
64 680 24707 4228160806
64 681 24707 4228160806
64 682 24707 4228160806
64 683 24707 4228160806
64 684 24707 4228160806
64 685 24707 4228160806
64 686 24707 4228160806
64 687 24707 4228160806
64 688 24707 4228160806
64 689 24707 4228160806
64 690 24707 4228160806
64 691 24707 4228160806
64 692 24707 4228160806
64 693 24707 4228160806
64 694 24707 4228160806
64 695 24707 4228160806
64 696 24707 4228160806
64 697 24707 4228160806
64 698 24707 4228160806
64 699 24707 4228160806
64 700 24707 4228160806
64 701 24707 4228160806
64 702 24707 4228160806
64 703 24707 4228160806
64 704 24707 4228160806
64 705 24707 4228160806
64 706 24707 4228160806
64 707 24707 4228160806
64 708 24707 4228160806
64 709 24707 4228160806
64 710 24707 4228160806
64 711 24707 4228160806
64 712 24707 4228160806
64 713 24707 4228160806
64 714 24707 4228160806
64 715 24707 4228160806
64 716 24707 4228160806
64 717 24707 4228160806
64 718 24707 4228160806
64 719 24707 4228160806
64 720 24707 4228160806
64 721 24707 4228160806
64 722 24707 4228160806
64 723 24707 4228160806
64 724 24707 4228160806
64 725 24707 4228160806
64 726 24707 4228160806
64 727 24707 4228160806
64 728 24707 4228160806
64 729 24707 4228160806
64 730 24707 4228160806
64 731 24707 4228160806
64 732 24707 4228160806
64 733 24707 4228160806
64 734 24707 4228160806
64 735 24707 4228160806
64 736 24707 4228160806
64 737 24707 4228160806
64 738 24707 4228160806
64 739 24707 4228160806
64 740 24707 4228160806
64 741 24707 4228160806
64 742 24707 4228160806
64 743 24707 4228160806
64 744 24707 4228160806
64 745 24707 4228160806
64 746 24707 4228160806
64 747 24707 4228160806
64 748 24707 4228160806
64 749 24707 4228160806
64 750 24707 4228160806
64 751 24708 4228160806
64 752 24707 4228160806
64 753 24707 4228160806
64 754 24707 4228160806
64 755 24707 4228160806
64 756 24707 4228160806
64 757 24707 4228160806
64 758 24707 4228160806
64 759 24707 4228160806
64 760 24707 4228160806
64 761 24707 4228160806
64 762 24707 4228160806
64 763 24707 4228160806
64 764 24707 4228160806
64 765 24707 4228160806
64 766 24707 4228160806
64 767 24707 4228160806
64 768 24707 4228160806
64 769 24707 4228160806
64 770 24707 4228160806
64 771 24707 4228160806
64 772 24707 4228160806
64 773 24707 4228160806
64 774 24707 4228160806
64 775 24707 4228160806
64 776 24707 4228160806
64 777 24707 4228160806
64 778 24707 4228160806
64 779 24707 4228160806
64 780 24707 4228160806
64 781 24707 4228160806
64 782 24707 4228160806
64 783 24707 4228160806
64 784 24707 4228160806
64 785 24707 4228160806
64 786 24707 4228160806
64 787 24707 4228160806
64 788 24707 4228160806
64 789 24707 4228160806
64 790 24707 4228160806
64 791 24707 4228160806
64 792 24707 4228160806
64 793 24707 4228160806
64 794 24707 4228160806
64 795 24707 4228160806
64 796 24707 4228160806
64 797 24707 4228160806
64 798 24707 4228160806
64 799 24707 4228160806
64 800 24707 4228160806
64 801 24707 4228160806
64 802 24708 4228160806
64 803 24707 4228160806
64 804 24707 4228160806
64 805 24707 4228160806
64 806 24707 4228160806
64 807 24707 4228160806
64 808 24707 4228160806
64 809 24707 4228160806
64 810 24707 4228160806
64 811 24707 4228160806
64 812 24707 4228160806
64 813 24707 4228160806
64 814 24707 4228160806
64 815 24707 4228160806
64 816 24707 4228160806
64 817 24707 4228160806
64 818 24707 4228160806
64 819 24707 4228160806
64 820 24707 4228160806
64 821 24707 4228160806
64 822 24707 4228160806
64 823 24707 4228160806
64 824 24707 4228160806
64 825 24707 4228160806
64 826 24707 4228160806
64 827 24707 4228160806
64 828 24707 4228160806
64 829 24707 4228160806
64 830 24707 4228160806
64 831 24707 4228160806
64 832 24707 4228160806
64 833 24707 4228160806
64 834 24707 4228160806
64 835 24707 4228160806
64 836 24707 4228160806
64 837 24707 4228160806
64 838 24707 4228160806
64 839 24707 4228160806
64 840 24707 4228160806
64 841 24707 4228160806
64 842 24707 4228160806
64 843 24707 4228160806
64 844 24707 4228160806
64 845 24707 4228160806
64 846 24707 4228160806
64 847 24707 4228160806
64 848 24707 4228160806
64 849 24707 4228160806
64 850 24707 4228160806
64 851 24707 4228160806
64 852 24707 4228160806
64 853 24707 4228160806
64 854 24707 4228160806
64 855 24707 4228160806
64 856 24707 4228160806
64 857 24707 4228160806
64 858 24707 4228160806
64 859 24707 4228160806
64 860 24707 4228160806
64 861 24707 4228160806
64 862 24707 4228160806
64 863 24707 4228160806
64 864 24707 4228160806
64 865 24707 4228160806
64 866 24707 4228160806
64 867 24707 4228160806
64 868 24707 4228160806
64 869 24707 4228160806
64 870 24707 4228160806
64 871 24707 4228160806
64 872 24707 4228160806
64 873 24707 4228160806
64 874 24707 4228160806
64 875 24707 4228160806
64 876 24707 4228160806
64 877 24707 4228160806
64 878 24707 4228160806
64 879 24707 4228160806
64 880 24707 4228160806
64 881 24707 4228160806
64 882 24707 4228160806
64 883 24707 4228160806
64 884 24707 4228160806
64 885 24707 4228160806
64 886 24707 4228160806
64 887 24707 4228160806
64 888 24707 4228160806
64 889 24707 4228160806
64 890 24707 4228160806
64 891 24707 4228160806
64 892 24707 4228160806
64 893 24707 4228160806
64 894 24707 4228160806
64 895 24707 4228160806
64 896 24707 4228160806
64 897 24707 4228160806
64 898 24707 4228160806
64 899 24707 4228160806
64 900 24707 4228160806
64 901 24707 4228160806
64 902 24707 4228160806
64 903 24707 4228160806
64 904 24707 4228160806
64 905 24707 4228160806
64 906 24707 4228160806
64 907 24707 4228160806
64 908 24707 4228160806
64 909 24707 4228160806
64 910 24707 4228160806
64 911 24707 4228160806
64 912 24707 4228160806
64 913 24707 4228160806
64 914 24707 4228160806
64 915 24707 4228160806
64 916 24707 4228160806
64 917 24707 4228160806
64 918 24707 4228160806
64 919 24707 4228160806
64 920 24707 4228160806
64 921 24707 4228160806
64 922 24707 4228160806
64 923 24707 4228160806
64 924 24707 4228160806
64 925 24707 4228160806
64 926 24707 4228160806
64 927 24707 4228160806
64 928 24707 4228160806
64 929 24707 4228160806
64 930 24707 4228160806
64 931 24707 4228160806
64 932 24707 4228160806
64 933 24707 4228160806
64 934 24707 4228160806
64 935 24707 4228160806
64 936 24707 4228160806
64 937 24707 4228160806
64 938 24707 4228160806
64 939 24707 4228160806
64 940 24707 4228160806
64 941 24707 4228160806
64 942 24707 4228160806
64 943 24707 4228160806
64 944 24707 4228160806
64 945 24707 4228160806
64 946 24707 4228160806
64 947 24707 4228160806
64 948 24707 4228160806
64 949 24707 4228160806
64 950 24707 4228160806
64 951 24707 4228160806
64 952 24707 4228160806
64 953 24707 4228160806
64 954 24707 4228160806
64 955 24707 4228160806
64 956 24707 4228160806
64 957 24707 4228160806
64 958 24707 4228160806
64 959 24707 4228160806
64 960 24707 4228160806
64 961 24707 4228160806
64 962 24707 4228160806
64 963 24707 4228160806
64 964 24707 4228160806
64 965 24707 4228160806
64 966 24707 4228160806
64 967 24707 4228160806
64 968 24707 4228160806
64 969 24707 4228160806
64 970 24707 4228160806
64 971 24707 4228160806
64 972 24707 4228160806
64 973 24707 4228160806
64 974 24707 4228160806
64 975 24707 4228160806
64 976 24707 4228160806
64 977 24707 4228160806
64 978 24707 4228160806
64 979 24707 4228160806
64 980 24707 4228160806
64 981 24707 4228160806
64 982 24707 4228160806
64 983 24707 4228160806
64 984 24707 4228160806
64 985 24707 4228160806
64 986 24707 4228160806
64 987 24707 4228160806
64 988 24707 4228160806
64 989 24707 4228160806
64 990 24707 4228160806
64 991 24707 4228160806
64 992 24707 4228160806
64 993 24707 4228160806
64 994 24707 4228160806
64 995 24707 4228160806
64 996 24707 4228160806
64 997 24707 4228160806
64 998 24707 4228160806
64 999 24707 4228160806
