512 0 7718266 603357584
512 1 7459737 603357584
512 2 7454528 603357584
512 3 7439829 603357584
512 4 7442146 603357584
512 5 7432857 603357584
512 6 7507781 603357584
512 7 7468110 603357584
512 8 7446478 603357584
512 9 7439137 603357584
512 10 7445767 603357584
512 11 7441761 603357584
512 12 7419702 603357584
512 13 7429190 603357584
512 14 7423250 603357584
512 15 7473665 603357584
512 16 7427644 603357584
512 17 7437976 603357584
512 18 7453305 603357584
512 19 7423068 603357584
512 20 7456521 603357584
512 21 7421739 603357584
512 22 7441878 603357584
512 23 7459908 603357584
512 24 7472038 603357584
512 25 7422683 603357584
512 26 7460516 603357584
512 27 7478276 603357584
512 28 7468731 603357584
512 29 7452508 603357584
512 30 7431016 603357584
512 31 7430882 603357584
512 32 7466257 603357584
512 33 7439390 603357584
512 34 7440429 603357584
512 35 7400917 603357584
512 36 7437525 603357584
512 37 7414412 603357584
512 38 7456483 603357584
512 39 7461803 603357584
512 40 7453711 603357584
512 41 7445429 603357584
512 42 7457960 603357584
512 43 7447080 603357584
512 44 7429467 603357584
512 45 7457701 603357584
512 46 7433446 603357584
512 47 7500310 603357584
512 48 7485117 603357584
512 49 7455287 603357584
512 50 7445358 603357584
512 51 7446125 603357584
512 52 7478719 603357584
512 53 7462908 603357584
512 54 7446953 603357584
512 55 7438689 603357584
512 56 7436110 603357584
512 57 7437178 603357584
512 58 7471624 603357584
512 59 7424063 603357584
512 60 7432637 603357584
512 61 7448524 603357584
512 62 7487893 603357584
512 63 7457148 603357584
512 64 7468645 603357584
512 65 7454955 603357584
512 66 7443846 603357584
512 67 7468252 603357584
512 68 7452312 603357584
512 69 7459966 603357584
512 70 7400531 603357584
512 71 7439460 603357584
512 72 7452934 603357584
512 73 7417791 603357584
512 74 7450542 603357584
512 75 7444462 603357584
512 76 7414676 603357584
512 77 7479907 603357584
512 78 7465344 603357584
512 79 7419046 603357584
512 80 7447404 603357584
512 81 7421404 603357584
512 82 7445217 603357584
512 83 7464032 603357584
512 84 7419084 603357584
512 85 7441546 603357584
512 86 7431239 603357584
512 87 7454355 603357584
512 88 7455334 603357584
512 89 7453774 603357584
512 90 7439349 603357584
512 91 7453803 603357584
512 92 7489071 603357584
512 93 7455196 603357584
512 94 7463854 603357584
512 95 7450063 603357584
512 96 7451291 603357584
512 97 7419554 603357584
512 98 7453776 603357584
512 99 7489023 603357584
512 100 7469295 603357584
512 101 7469894 603357584
512 102 7451403 603357584
512 103 7437162 603357584
512 104 7443188 603357584
512 105 7475517 603357584
512 106 7456549 603357584
512 107 7442205 603357584
512 108 7449613 603357584
512 109 7419461 603357584
512 110 7452859 603357584
512 111 7452029 603357584
512 112 7408785 603357584
512 113 7457021 603357584
512 114 7459164 603357584
512 115 7442728 603357584
512 116 7431421 603357584
512 117 7426784 603357584
512 118 7458891 603357584
512 119 7450741 603357584
512 120 7492338 603357584
512 121 7485041 603357584
512 122 7455529 603357584
512 123 7464414 603357584
512 124 7436698 603357584
512 125 7475501 603357584
512 126 7475682 603357584
512 127 7439805 603357584
512 128 7403569 603357584
512 129 7503961 603357584
512 130 7477530 603357584
512 131 7464885 603357584
512 132 7448895 603357584
512 133 7450643 603357584
512 134 7430797 603357584
512 135 7460978 603357584
512 136 7446948 603357584
512 137 7408074 603357584
512 138 7408822 603357584
512 139 7435688 603357584
512 140 7445867 603357584
512 141 7442259 603357584
512 142 7459877 603357584
512 143 7454558 603357584
512 144 7423877 603357584
512 145 7455653 603357584
512 146 7488760 603357584
512 147 7470866 603357584
512 148 7434581 603357584
512 149 7447518 603357584
512 150 7430488 603357584
512 151 7458454 603357584
512 152 7444843 603357584
512 153 7483566 603357584
512 154 7410790 603357584
512 155 7455788 603357584
512 156 7473218 603357584
512 157 7440400 603357584
512 158 7472364 603357584
512 159 7415850 603357584
512 160 7448850 603357584
512 161 7442332 603357584
512 162 7449701 603357584
512 163 7443411 603357584
512 164 7455655 603357584
512 165 7454555 603357584
512 166 7449557 603357584
512 167 7454931 603357584
512 168 7430797 603357584
512 169 7447490 603357584
512 170 7470344 603357584
512 171 7462440 603357584
512 172 7491203 603357584
512 173 7484179 603357584
512 174 7489904 603357584
512 175 7457360 603357584
512 176 7482337 603357584
512 177 7448951 603357584
512 178 7444320 603357584
512 179 7442848 603357584
512 180 7440034 603357584
512 181 7436716 603357584
512 182 7500173 603357584
512 183 7485118 603357584
512 184 7448392 603357584
512 185 7437084 603357584
512 186 7464324 603357584
512 187 7452928 603357584
512 188 7453185 603357584
512 189 7446920 603357584
512 190 7459412 603357584
512 191 7453961 603357584
512 192 7448113 603357584
512 193 7477164 603357584
512 194 7461450 603357584
512 195 7434623 603357584
512 196 7456064 603357584
512 197 7448165 603357584
512 198 7427989 603357584
512 199 7448196 603357584
512 200 7451564 603357584
512 201 7453157 603357584
512 202 7458389 603357584
512 203 7495079 603357584
512 204 7465856 603357584
512 205 7433870 603357584
512 206 7453745 603357584
512 207 7465621 603357584
512 208 7453459 603357584
512 209 7412134 603357584
512 210 7479777 603357584
512 211 7462198 603357584
512 212 7450500 603357584
512 213 7482249 603357584
512 214 7437650 603357584
512 215 7440681 603357584
512 216 7430398 603357584
512 217 7442154 603357584
512 218 7513836 603357584
512 219 7453154 603357584
512 220 7424328 603357584
512 221 7438319 603357584
512 222 7461280 603357584
512 223 7445791 603357584
512 224 7466743 603357584
512 225 7484201 603357584
512 226 7457485 603357584
512 227 7471850 603357584
512 228 7442782 603357584
512 229 7471518 603357584
512 230 7454156 603357584
512 231 7453896 603357584
512 232 7456793 603357584
512 233 7434716 603357584
512 234 7462026 603357584
512 235 7441786 603357584
512 236 7428529 603357584
512 237 7457812 603357584
512 238 7481240 603357584
512 239 7491287 603357584
512 240 7455307 603357584
512 241 7438458 603357584
512 242 7428380 603357584
512 243 7437814 603357584
512 244 7455835 603357584
512 245 7464125 603357584
512 246 7470072 603357584
512 247 7456771 603357584
512 248 7441996 603357584
512 249 7427226 603357584
512 250 7462061 603357584
512 251 7408776 603357584
512 252 7444921 603357584
512 253 7474560 603357584
512 254 7484865 603357584
512 255 7441952 603357584
512 256 7479277 603357584
512 257 7457494 603357584
512 258 7413958 603357584
512 259 7434854 603357584
512 260 7451606 603357584
512 261 7436143 603357584
512 262 7471018 603357584
512 263 7465311 603357584
512 264 7458226 603357584
512 265 7427459 603357584
512 266 7473350 603357584
512 267 7420417 603357584
512 268 7432544 603357584
512 269 7441905 603357584
512 270 7463715 603357584
512 271 7456774 603357584
512 272 7462765 603357584
512 273 7464501 603357584
512 274 7444113 603357584
512 275 7480842 603357584
512 276 7404969 603357584
512 277 7444092 603357584
512 278 7461023 603357584
512 279 7454233 603357584
512 280 7424666 603357584
512 281 7444221 603357584
512 282 7418730 603357584
512 283 7416836 603357584
512 284 7474098 603357584
512 285 7418578 603357584
512 286 7474428 603357584
512 287 7459672 603357584
512 288 7445973 603357584
512 289 7432957 603357584
512 290 7457813 603357584
512 291 7501806 603357584
512 292 7499957 603357584
512 293 7441575 603357584
512 294 7452933 603357584
512 295 7488839 603357584
512 296 7459366 603357584
512 297 7471254 603357584
512 298 7492878 603357584
512 299 7435133 603357584
512 300 7462005 603357584
512 301 7441661 603357584
512 302 7472660 603357584
512 303 7475910 603357584
512 304 7490537 603357584
512 305 7484852 603357584
512 306 7507356 603357584
512 307 7468363 603357584
512 308 7454857 603357584
512 309 7411900 603357584
512 310 7451298 603357584
512 311 7451819 603357584
512 312 7476950 603357584
512 313 7416741 603357584
512 314 7452988 603357584
512 315 7437318 603357584
512 316 7470381 603357584
512 317 7454279 603357584
512 318 7430872 603357584
512 319 7441878 603357584
512 320 7450748 603357584
512 321 7462693 603357584
512 322 7430059 603357584
512 323 7452507 603357584
512 324 7447581 603357584
512 325 7466826 603357584
512 326 7442932 603357584
512 327 7496575 603357584
512 328 7477694 603357584
512 329 7421168 603357584
512 330 7487897 603357584
512 331 7437500 603357584
512 332 7462411 603357584
512 333 7461184 603357584
512 334 7461071 603357584
512 335 7436915 603357584
512 336 7468080 603357584
512 337 7478597 603357584
512 338 7433522 603357584
512 339 7449319 603357584
512 340 7449353 603357584
512 341 7438167 603357584
512 342 7426545 603357584
512 343 7475349 603357584
512 344 7442152 603357584
512 345 7477896 603357584
512 346 7451145 603357584
512 347 7475065 603357584
512 348 7478921 603357584
512 349 7467920 603357584
512 350 7471100 603357584
512 351 7437478 603357584
512 352 7463518 603357584
512 353 7431461 603357584
512 354 7429877 603357584
512 355 7442257 603357584
512 356 7397328 603357584
512 357 7450212 603357584
512 358 7457715 603357584
512 359 7458900 603357584
512 360 7462878 603357584
512 361 7464419 603357584
512 362 7458682 603357584
512 363 7490990 603357584
512 364 7459244 603357584
512 365 7436214 603357584
512 366 7440787 603357584
512 367 7505014 603357584
512 368 7459867 603357584
512 369 7449711 603357584
512 370 7479880 603357584
512 371 7452307 603357584
512 372 7436829 603357584
512 373 7462921 603357584
512 374 7465419 603357584
512 375 7479145 603357584
512 376 7417988 603357584
512 377 7411182 603357584
512 378 7448123 603357584
512 379 7441997 603357584
512 380 7442638 603357584
512 381 7427218 603357584
512 382 7447801 603357584
512 383 7498439 603357584
512 384 7421173 603357584
512 385 7448512 603357584
512 386 7474107 603357584
512 387 7433359 603357584
512 388 7432257 603357584
512 389 7462958 603357584
512 390 7450615 603357584
512 391 7474862 603357584
512 392 7449291 603357584
512 393 7495878 603357584
512 394 7494889 603357584
512 395 7431498 603357584
512 396 7437687 603357584
512 397 7455250 603357584
512 398 7413641 603357584
512 399 7459980 603357584
512 400 7460049 603357584
512 401 7451883 603357584
512 402 7455259 603357584
512 403 7422892 603357584
512 404 7482771 603357584
512 405 7427827 603357584
512 406 7435416 603357584
512 407 7444834 603357584
512 408 7447828 603357584
512 409 7459371 603357584
512 410 7477978 603357584
512 411 7438758 603357584
512 412 7441814 603357584
512 413 7455977 603357584
512 414 7451696 603357584
512 415 7466749 603357584
512 416 7454806 603357584
512 417 7472043 603357584
512 418 7433839 603357584
512 419 7445958 603357584
512 420 7430298 603357584
512 421 7439694 603357584
512 422 7482746 603357584
512 423 7462178 603357584
512 424 7487969 603357584
512 425 7436016 603357584
512 426 7443734 603357584
512 427 7476356 603357584
512 428 7410613 603357584
512 429 7426453 603357584
512 430 7478642 603357584
512 431 7428837 603357584
512 432 7414006 603357584
512 433 7469764 603357584
512 434 7463261 603357584
512 435 7463873 603357584
512 436 7462915 603357584
512 437 7447792 603357584
512 438 7468888 603357584
512 439 7465121 603357584
512 440 7453141 603357584
512 441 7475041 603357584
512 442 7409921 603357584
512 443 7442043 603357584
512 444 7432941 603357584
512 445 7460555 603357584
512 446 7439584 603357584
512 447 7434861 603357584
512 448 7442888 603357584
512 449 7478714 603357584
512 450 7462507 603357584
512 451 7465973 603357584
512 452 7466007 603357584
512 453 7482615 603357584
512 454 7460922 603357584
512 455 7452213 603357584
512 456 7460448 603357584
512 457 7488617 603357584
512 458 7471991 603357584
512 459 7449144 603357584
512 460 7444422 603357584
512 461 7487132 603357584
512 462 7461738 603357584
512 463 7392370 603357584
512 464 7470011 603357584
512 465 7446511 603357584
512 466 7476778 603357584
512 467 7475887 603357584
512 468 7439914 603357584
512 469 7468034 603357584
512 470 7451105 603357584
512 471 7453247 603357584
512 472 7480883 603357584
512 473 7457706 603357584
512 474 7471587 603357584
512 475 7454262 603357584
512 476 7446270 603357584
512 477 7438477 603357584
512 478 7474183 603357584
512 479 7442543 603357584
512 480 7500790 603357584
512 481 7463027 603357584
512 482 7430245 603357584
512 483 7445078 603357584
512 484 7461865 603357584
512 485 7433772 603357584
512 486 7450389 603357584
512 487 7461723 603357584
512 488 7474300 603357584
512 489 7457738 603357584
512 490 7465297 603357584
512 491 7485829 603357584
512 492 7458967 603357584
512 493 7451153 603357584
512 494 7476391 603357584
512 495 7455930 603357584
512 496 7453532 603357584
512 497 7428918 603357584
512 498 7428213 603357584
512 499 7448899 603357584
512 500 7430744 603357584
512 501 7482688 603357584
512 502 7460222 603357584
512 503 7454777 603357584
512 504 7462364 603357584
512 505 7446623 603357584
512 506 7426283 603357584
512 507 7492361 603357584
512 508 7439807 603357584
512 509 7469251 603357584
512 510 7461596 603357584
512 511 7435675 603357584
512 512 7436150 603357584
512 513 7409714 603357584
512 514 7445599 603357584
512 515 7411052 603357584
512 516 7444895 603357584
512 517 7429139 603357584
512 518 7457301 603357584
512 519 7445701 603357584
512 520 7467335 603357584
512 521 7462159 603357584
512 522 7448504 603357584
512 523 7425550 603357584
512 524 7447358 603357584
512 525 7464587 603357584
512 526 7467859 603357584
512 527 7442543 603357584
512 528 7438625 603357584
512 529 7427213 603357584
512 530 7464357 603357584
512 531 7463067 603357584
512 532 7437231 603357584
512 533 7486569 603357584
512 534 7459547 603357584
512 535 7443290 603357584
512 536 7450444 603357584
512 537 7441594 603357584
512 538 7466678 603357584
512 539 7474684 603357584
512 540 7437635 603357584
512 541 7450394 603357584
512 542 7472067 603357584
512 543 7443590 603357584
512 544 7473911 603357584
512 545 7470468 603357584
512 546 7454701 603357584
512 547 7471028 603357584
512 548 7440058 603357584
512 549 7434295 603357584
512 550 7434733 603357584
512 551 7463897 603357584
512 552 7427170 603357584
512 553 7423095 603357584
512 554 7440939 603357584
512 555 7430760 603357584
512 556 7478388 603357584
512 557 7459311 603357584
512 558 7477104 603357584
512 559 7442391 603357584
512 560 7466232 603357584
512 561 7446439 603357584
512 562 7438873 603357584
512 563 7439035 603357584
512 564 7415406 603357584
512 565 7425275 603357584
512 566 7478510 603357584
512 567 7466134 603357584
512 568 7455427 603357584
512 569 7464219 603357584
512 570 7489385 603357584
512 571 7457259 603357584
512 572 7491069 603357584
512 573 7479958 603357584
512 574 7451426 603357584
512 575 7468839 603357584
512 576 7447551 603357584
512 577 7443683 603357584
512 578 7432614 603357584
512 579 7436794 603357584
512 580 7463997 603357584
512 581 7431083 603357584
512 582 7457407 603357584
512 583 7447954 603357584
512 584 7440276 603357584
512 585 7484355 603357584
512 586 7431961 603357584
512 587 7494942 603357584
512 588 7461591 603357584
512 589 7444665 603357584
512 590 7466774 603357584
512 591 7428215 603357584
512 592 7469068 603357584
512 593 7431026 603357584
512 594 7456788 603357584
512 595 7438034 603357584
512 596 7463753 603357584
512 597 7476153 603357584
512 598 7446685 603357584
512 599 7468965 603357584
512 600 7465828 603357584
512 601 7444676 603357584
512 602 7457389 603357584
512 603 7446096 603357584
512 604 7400972 603357584
512 605 7432258 603357584
512 606 7452319 603357584
512 607 7440076 603357584
512 608 7452053 603357584
512 609 7455380 603357584
512 610 7447428 603357584
512 611 7449657 603357584
512 612 7504995 603357584
512 613 7467011 603357584
512 614 7427258 603357584
512 615 7408230 603357584
512 616 7432457 603357584
512 617 7447610 603357584
512 618 7444903 603357584
512 619 7472263 603357584
512 620 7466712 603357584
512 621 7462634 603357584
512 622 7484724 603357584
512 623 7470711 603357584
512 624 7482589 603357584
512 625 7435122 603357584
512 626 7464976 603357584
512 627 7468787 603357584
512 628 7450590 603357584
512 629 7437316 603357584
512 630 7484972 603357584
512 631 7468087 603357584
512 632 7467972 603357584
512 633 7471534 603357584
512 634 7479518 603357584
512 635 7434104 603357584
512 636 7423534 603357584
512 637 7467434 603357584
512 638 7477549 603357584
512 639 7490532 603357584
512 640 7460058 603357584
512 641 7417796 603357584
512 642 7444914 603357584
512 643 7457244 603357584
512 644 7459334 603357584
512 645 7471772 603357584
512 646 7445334 603357584
512 647 7451195 603357584
512 648 7472001 603357584
512 649 7425759 603357584
512 650 7460041 603357584
512 651 7451068 603357584
512 652 7454320 603357584
512 653 7474145 603357584
512 654 7455085 603357584
512 655 7450466 603357584
512 656 7423306 603357584
512 657 7438997 603357584
512 658 7432744 603357584
512 659 7479867 603357584
512 660 7437659 603357584
512 661 7441292 603357584
512 662 7478603 603357584
512 663 7470238 603357584
512 664 7471510 603357584
512 665 7442555 603357584
512 666 7458018 603357584
512 667 7449947 603357584
512 668 7471261 603357584
512 669 7446559 603357584
512 670 7462600 603357584
512 671 7469873 603357584
512 672 7421552 603357584
512 673 7469636 603357584
512 674 7452617 603357584
512 675 7462680 603357584
512 676 7468808 603357584
512 677 7428979 603357584
512 678 7442115 603357584
512 679 7480115 603357584
512 680 7488772 603357584
512 681 7460115 603357584
512 682 7425921 603357584
512 683 7449272 603357584
512 684 7473587 603357584
512 685 7446579 603357584
512 686 7463029 603357584
512 687 7430084 603357584
512 688 7463511 603357584
512 689 7455841 603357584
512 690 7458202 603357584
512 691 7428266 603357584
512 692 7459970 603357584
512 693 7481281 603357584
512 694 7475166 603357584
512 695 7469749 603357584
512 696 7448070 603357584
512 697 7455226 603357584
512 698 7491134 603357584
512 699 7470719 603357584
512 700 7467655 603357584
512 701 7447018 603357584
512 702 7462501 603357584
512 703 7489525 603357584
512 704 7476924 603357584
512 705 7469106 603357584
512 706 7474319 603357584
512 707 7488895 603357584
512 708 7474333 603357584
512 709 7462243 603357584
512 710 7470162 603357584
512 711 7446308 603357584
512 712 7465659 603357584
512 713 7460732 603357584
512 714 7433012 603357584
512 715 7434275 603357584
512 716 7467607 603357584
512 717 7475155 603357584
512 718 7436694 603357584
512 719 7456125 603357584
512 720 7472581 603357584
512 721 7485051 603357584
512 722 7457315 603357584
512 723 7491537 603357584
512 724 7488334 603357584
512 725 7467354 603357584
512 726 7456285 603357584
512 727 7486386 603357584
512 728 7459960 603357584
512 729 7433447 603357584
512 730 7428179 603357584
512 731 7453312 603357584
512 732 7468476 603357584
512 733 7441254 603357584
512 734 7486760 603357584
512 735 7465745 603357584
512 736 7425321 603357584
512 737 7470225 603357584
512 738 7481226 603357584
512 739 7480963 603357584
512 740 7456368 603357584
512 741 7468922 603357584
512 742 7455835 603357584
512 743 7421890 603357584
512 744 7475242 603357584
512 745 7466222 603357584
512 746 7443187 603357584
512 747 7482697 603357584
512 748 7454872 603357584
512 749 7461617 603357584
512 750 7465861 603357584
512 751 7491688 603357584
512 752 7454508 603357584
512 753 7455982 603357584
512 754 7487396 603357584
512 755 7451409 603357584
512 756 7454391 603357584
512 757 7496564 603357584
512 758 7445366 603357584
512 759 7486574 603357584
512 760 7455645 603357584
512 761 7491036 603357584
512 762 7413572 603357584
512 763 7469989 603357584
512 764 7444206 603357584
512 765 7483364 603357584
512 766 7463056 603357584
512 767 7479352 603357584
512 768 7440765 603357584
512 769 7458517 603357584
512 770 7481220 603357584
512 771 7479664 603357584
512 772 7469101 603357584
512 773 7470088 603357584
512 774 7442792 603357584
512 775 7488680 603357584
512 776 7472902 603357584
512 777 7469294 603357584
512 778 7458080 603357584
512 779 7475717 603357584
512 780 7465196 603357584
512 781 7477869 603357584
512 782 7456581 603357584
512 783 7443457 603357584
512 784 7467432 603357584
512 785 7471548 603357584
512 786 7479341 603357584
512 787 7470886 603357584
512 788 7482250 603357584
512 789 7503418 603357584
512 790 7469460 603357584
512 791 7471938 603357584
512 792 7480593 603357584
512 793 7465129 603357584
512 794 7456230 603357584
512 795 7465672 603357584
512 796 7497944 603357584
512 797 7433162 603357584
512 798 7458481 603357584
512 799 7448627 603357584
512 800 7462817 603357584
512 801 7468283 603357584
512 802 7484645 603357584
512 803 7480415 603357584
512 804 7491667 603357584
512 805 7426291 603357584
512 806 7438088 603357584
512 807 7472228 603357584
512 808 7409512 603357584
512 809 7446516 603357584
512 810 7497211 603357584
512 811 7478468 603357584
512 812 7484981 603357584
512 813 7459486 603357584
512 814 7501512 603357584
512 815 7464948 603357584
512 816 7458232 603357584
512 817 7520101 603357584
512 818 7440384 603357584
512 819 7491080 603357584
512 820 7431999 603357584
512 821 7486619 603357584
512 822 7443841 603357584
512 823 7429140 603357584
512 824 7468032 603357584
512 825 7431957 603357584
512 826 7437392 603357584
512 827 7478065 603357584
512 828 7430254 603357584
512 829 7459735 603357584
512 830 7440825 603357584
512 831 7421562 603357584
512 832 7466516 603357584
512 833 7457298 603357584
512 834 7471636 603357584
512 835 7496591 603357584
512 836 7486926 603357584
512 837 7443156 603357584
512 838 7422699 603357584
512 839 7475187 603357584
512 840 7442237 603357584
512 841 7418199 603357584
512 842 7433070 603357584
512 843 7464105 603357584
512 844 7466260 603357584
512 845 7483544 603357584
512 846 7493948 603357584
512 847 7404277 603357584
512 848 7436480 603357584
512 849 7453386 603357584
512 850 7444410 603357584
512 851 7471277 603357584
512 852 7481671 603357584
512 853 7434358 603357584
512 854 7456269 603357584
512 855 7440264 603357584
512 856 7468352 603357584
512 857 7441205 603357584
512 858 7451005 603357584
512 859 7461336 603357584
512 860 7449354 603357584
512 861 7466490 603357584
512 862 7437335 603357584
512 863 7449100 603357584
512 864 7461276 603357584
512 865 7458549 603357584
512 866 7432834 603357584
512 867 7478467 603357584
512 868 7455891 603357584
512 869 7456533 603357584
512 870 7442791 603357584
512 871 7440791 603357584
512 872 7461975 603357584
512 873 7454551 603357584
512 874 7442661 603357584
512 875 7454573 603357584
512 876 7463058 603357584
512 877 7463046 603357584
512 878 7453820 603357584
512 879 7443584 603357584
512 880 7443967 603357584
512 881 7488545 603357584
512 882 7450486 603357584
512 883 7463386 603357584
512 884 7488704 603357584
512 885 7451042 603357584
512 886 7457408 603357584
512 887 7468293 603357584
512 888 7467195 603357584
512 889 7461829 603357584
512 890 7446223 603357584
512 891 7454381 603357584
512 892 7447597 603357584
512 893 7467415 603357584
512 894 7408396 603357584
512 895 7493823 603357584
512 896 7451938 603357584
512 897 7460927 603357584
512 898 7463064 603357584
512 899 7472759 603357584
512 900 7487726 603357584
512 901 7444281 603357584
512 902 7448621 603357584
512 903 7434299 603357584
512 904 7444664 603357584
512 905 7433037 603357584
512 906 7448715 603357584
512 907 7469093 603357584
512 908 7414162 603357584
512 909 7483459 603357584
512 910 7482958 603357584
512 911 7451315 603357584
512 912 7455814 603357584
512 913 7420470 603357584
512 914 7478365 603357584
512 915 7486694 603357584
512 916 7466650 603357584
512 917 7460386 603357584
512 918 7409367 603357584
512 919 7429718 603357584
512 920 7447894 603357584
512 921 7452124 603357584
512 922 7442530 603357584
512 923 7457478 603357584
512 924 7462396 603357584
512 925 7460656 603357584
512 926 7487626 603357584
512 927 7459657 603357584
512 928 7410911 603357584
512 929 7485222 603357584
512 930 7437144 603357584
512 931 7445607 603357584
512 932 7485201 603357584
512 933 7429227 603357584
512 934 7451230 603357584
512 935 7435954 603357584
512 936 7435220 603357584
512 937 7474043 603357584
512 938 7461115 603357584
512 939 7448138 603357584
512 940 7486709 603357584
512 941 7452350 603357584
512 942 7519352 603357584
512 943 7446809 603357584
512 944 7443058 603357584
512 945 7457681 603357584
512 946 7449085 603357584
512 947 7456074 603357584
512 948 7440481 603357584
512 949 7465944 603357584
512 950 7483158 603357584
512 951 7474883 603357584
512 952 7465808 603357584
512 953 7492634 603357584
512 954 7444266 603357584
512 955 7459058 603357584
512 956 7471703 603357584
512 957 7437209 603357584
512 958 7473876 603357584
512 959 7456955 603357584
512 960 7400908 603357584
512 961 7465511 603357584
512 962 7484564 603357584
512 963 7432468 603357584
512 964 7467174 603357584
512 965 7403570 603357584
512 966 7463292 603357584
512 967 7441569 603357584
512 968 7464344 603357584
512 969 7427526 603357584
512 970 7479248 603357584
512 971 7442760 603357584
512 972 7406776 603357584
512 973 7474394 603357584
512 974 7460875 603357584
512 975 7437128 603357584
512 976 7471405 603357584
512 977 7460443 603357584
512 978 7474195 603357584
512 979 7460477 603357584
512 980 7467587 603357584
512 981 7478661 603357584
512 982 7497471 603357584
512 983 7468642 603357584
512 984 7446715 603357584
512 985 7440341 603357584
512 986 7428826 603357584
512 987 7470858 603357584
512 988 7458204 603357584
512 989 7460840 603357584
512 990 7450324 603357584
512 991 7454375 603357584
512 992 7480179 603357584
512 993 7480268 603357584
512 994 7474887 603357584
512 995 7474625 603357584
512 996 7472651 603357584
512 997 7447420 603357584
512 998 7444584 603357584
512 999 7462998 603357584
512 0 7718266 603357584
512 1 7459737 603357584
512 2 7454528 603357584
512 3 7439829 603357584
512 4 7442146 603357584
512 5 7432857 603357584
512 6 7507781 603357584
512 7 7468110 603357584
512 8 7446478 603357584
512 9 7439137 603357584
512 10 7445767 603357584
512 11 7441761 603357584
512 12 7419702 603357584
512 13 7429190 603357584
512 14 7423250 603357584
512 15 7473665 603357584
512 16 7427644 603357584
512 17 7437976 603357584
512 18 7453305 603357584
512 19 7423068 603357584
512 20 7456521 603357584
512 21 7421739 603357584
512 22 7441878 603357584
512 23 7459908 603357584
512 24 7472038 603357584
512 25 7422683 603357584
512 26 7460516 603357584
512 27 7478276 603357584
512 28 7468731 603357584
512 29 7452508 603357584
512 30 7431016 603357584
512 31 7430882 603357584
512 32 7466257 603357584
512 33 7439390 603357584
512 34 7440429 603357584
512 35 7400917 603357584
512 36 7437525 603357584
512 37 7414412 603357584
512 38 7456483 603357584
512 39 7461803 603357584
512 40 7453711 603357584
512 41 7445429 603357584
512 42 7457960 603357584
512 43 7447080 603357584
512 44 7429467 603357584
512 45 7457701 603357584
512 46 7433446 603357584
512 47 7500310 603357584
512 48 7485117 603357584
512 49 7455287 603357584
512 50 7445358 603357584
512 51 7446125 603357584
512 52 7478719 603357584
512 53 7462908 603357584
512 54 7446953 603357584
512 55 7438689 603357584
512 56 7436110 603357584
512 57 7437178 603357584
512 58 7471624 603357584
512 59 7424063 603357584
512 60 7432637 603357584
512 61 7448524 603357584
512 62 7487893 603357584
512 63 7457148 603357584
512 64 7468645 603357584
512 65 7454955 603357584
512 66 7443846 603357584
512 67 7468252 603357584
512 68 7452312 603357584
512 69 7459966 603357584
512 70 7400531 603357584
512 71 7439460 603357584
512 72 7452934 603357584
512 73 7417791 603357584
512 74 7450542 603357584
512 75 7444462 603357584
512 76 7414676 603357584
512 77 7479907 603357584
512 78 7465344 603357584
512 79 7419046 603357584
512 80 7447404 603357584
512 81 7421404 603357584
512 82 7445217 603357584
512 83 7464032 603357584
512 84 7419084 603357584
512 85 7441546 603357584
512 86 7431239 603357584
512 87 7454355 603357584
512 88 7455334 603357584
512 89 7453774 603357584
512 90 7439349 603357584
512 91 7453803 603357584
512 92 7489071 603357584
512 93 7455196 603357584
512 94 7463854 603357584
512 95 7450063 603357584
512 96 7451291 603357584
512 97 7419554 603357584
512 98 7453776 603357584
512 99 7489023 603357584
512 100 7469295 603357584
512 101 7469894 603357584
512 102 7451403 603357584
512 103 7437162 603357584
512 104 7443188 603357584
512 105 7475517 603357584
512 106 7456549 603357584
512 107 7442205 603357584
512 108 7449613 603357584
512 109 7419461 603357584
512 110 7452859 603357584
512 111 7452029 603357584
512 112 7408785 603357584
512 113 7457021 603357584
512 114 7459164 603357584
512 115 7442728 603357584
512 116 7431421 603357584
512 117 7426784 603357584
512 118 7458891 603357584
512 119 7450741 603357584
512 120 7492338 603357584
512 121 7485041 603357584
512 122 7455529 603357584
512 123 7464414 603357584
512 124 7436698 603357584
512 125 7475501 603357584
512 126 7475682 603357584
512 127 7439805 603357584
512 128 7403569 603357584
512 129 7503961 603357584
512 130 7477530 603357584
512 131 7464885 603357584
512 132 7448895 603357584
512 133 7450643 603357584
512 134 7430797 603357584
512 135 7460978 603357584
512 136 7446948 603357584
512 137 7408074 603357584
512 138 7408822 603357584
512 139 7435688 603357584
512 140 7445867 603357584
512 141 7442259 603357584
512 142 7459877 603357584
512 143 7454558 603357584
512 144 7423877 603357584
512 145 7455653 603357584
512 146 7488760 603357584
512 147 7470866 603357584
512 148 7434581 603357584
512 149 7447518 603357584
512 150 7430488 603357584
512 151 7458454 603357584
512 152 7444843 603357584
512 153 7483566 603357584
512 154 7410790 603357584
512 155 7455788 603357584
512 156 7473218 603357584
512 157 7440400 603357584
512 158 7472364 603357584
512 159 7415850 603357584
512 160 7448850 603357584
512 161 7442332 603357584
512 162 7449701 603357584
512 163 7443411 603357584
512 164 7455655 603357584
512 165 7454555 603357584
512 166 7449557 603357584
512 167 7454931 603357584
512 168 7430797 603357584
512 169 7447490 603357584
512 170 7470344 603357584
512 171 7462440 603357584
512 172 7491203 603357584
512 173 7484179 603357584
512 174 7489904 603357584
512 175 7457360 603357584
512 176 7482337 603357584
512 177 7448951 603357584
512 178 7444320 603357584
512 179 7442848 603357584
512 180 7440034 603357584
512 181 7436716 603357584
512 182 7500173 603357584
512 183 7485118 603357584
512 184 7448392 603357584
512 185 7437084 603357584
512 186 7464324 603357584
512 187 7452928 603357584
512 188 7453185 603357584
512 189 7446920 603357584
512 190 7459412 603357584
512 191 7453961 603357584
512 192 7448113 603357584
512 193 7477164 603357584
512 194 7461450 603357584
512 195 7434623 603357584
512 196 7456064 603357584
512 197 7448165 603357584
512 198 7427989 603357584
512 199 7448196 603357584
512 200 7451564 603357584
512 201 7453157 603357584
512 202 7458389 603357584
512 203 7495079 603357584
512 204 7465856 603357584
512 205 7433870 603357584
512 206 7453745 603357584
512 207 7465621 603357584
512 208 7453459 603357584
512 209 7412134 603357584
512 210 7479777 603357584
512 211 7462198 603357584
512 212 7450500 603357584
512 213 7482249 603357584
512 214 7437650 603357584
512 215 7440681 603357584
512 216 7430398 603357584
512 217 7442154 603357584
512 218 7513836 603357584
512 219 7453154 603357584
512 220 7424328 603357584
512 221 7438319 603357584
512 222 7461280 603357584
512 223 7445791 603357584
512 224 7466743 603357584
512 225 7484201 603357584
512 226 7457485 603357584
512 227 7471850 603357584
512 228 7442782 603357584
512 229 7471518 603357584
512 230 7454156 603357584
512 231 7453896 603357584
512 232 7456793 603357584
512 233 7434716 603357584
512 234 7462026 603357584
512 235 7441786 603357584
512 236 7428529 603357584
512 237 7457812 603357584
512 238 7481240 603357584
512 239 7491287 603357584
512 240 7455307 603357584
512 241 7438458 603357584
512 242 7428380 603357584
512 243 7437814 603357584
512 244 7455835 603357584
512 245 7464125 603357584
512 246 7470072 603357584
512 247 7456771 603357584
512 248 7441996 603357584
512 249 7427226 603357584
512 250 7462061 603357584
512 251 7408776 603357584
512 252 7444921 603357584
512 253 7474560 603357584
512 254 7484865 603357584
512 255 7441952 603357584
512 256 7479277 603357584
512 257 7457494 603357584
512 258 7413958 603357584
512 259 7434854 603357584
512 260 7451606 603357584
512 261 7436143 603357584
512 262 7471018 603357584
512 263 7465311 603357584
512 264 7458226 603357584
512 265 7427459 603357584
512 266 7473350 603357584
512 267 7420417 603357584
512 268 7432544 603357584
512 269 7441905 603357584
512 270 7463715 603357584
512 271 7456774 603357584
512 272 7462765 603357584
512 273 7464501 603357584
512 274 7444113 603357584
512 275 7480842 603357584
512 276 7404969 603357584
512 277 7444092 603357584
512 278 7461023 603357584
512 279 7454233 603357584
512 280 7424666 603357584
512 281 7444221 603357584
512 282 7418730 603357584
512 283 7416836 603357584
512 284 7474098 603357584
512 285 7418578 603357584
512 286 7474428 603357584
512 287 7459672 603357584
512 288 7445973 603357584
512 289 7432957 603357584
512 290 7457813 603357584
512 291 7501806 603357584
512 292 7499957 603357584
512 293 7441575 603357584
512 294 7452933 603357584
512 295 7488839 603357584
512 296 7459366 603357584
512 297 7471254 603357584
512 298 7492878 603357584
512 299 7435133 603357584
512 300 7462005 603357584
512 301 7441661 603357584
512 302 7472660 603357584
512 303 7475910 603357584
512 304 7490537 603357584
512 305 7484852 603357584
512 306 7507356 603357584
512 307 7468363 603357584
512 308 7454857 603357584
512 309 7411900 603357584
512 310 7451298 603357584
512 311 7451819 603357584
512 312 7476950 603357584
512 313 7416741 603357584
512 314 7452988 603357584
512 315 7437318 603357584
512 316 7470381 603357584
512 317 7454279 603357584
512 318 7430872 603357584
512 319 7441878 603357584
512 320 7450748 603357584
512 321 7462693 603357584
512 322 7430059 603357584
512 323 7452507 603357584
512 324 7447581 603357584
512 325 7466826 603357584
512 326 7442932 603357584
512 327 7496575 603357584
512 328 7477694 603357584
512 329 7421168 603357584
512 330 7487897 603357584
512 331 7437500 603357584
512 332 7462411 603357584
512 333 7461184 603357584
512 334 7461071 603357584
512 335 7436915 603357584
512 336 7468080 603357584
512 337 7478597 603357584
512 338 7433522 603357584
512 339 7449319 603357584
512 340 7449353 603357584
512 341 7438167 603357584
512 342 7426545 603357584
512 343 7475349 603357584
512 344 7442152 603357584
512 345 7477896 603357584
512 346 7451145 603357584
512 347 7475065 603357584
512 348 7478921 603357584
512 349 7467920 603357584
512 350 7471100 603357584
512 351 7437478 603357584
512 352 7463518 603357584
512 353 7431461 603357584
512 354 7429877 603357584
512 355 7442257 603357584
512 356 7397328 603357584
512 357 7450212 603357584
512 358 7457715 603357584
512 359 7458900 603357584
512 360 7462878 603357584
512 361 7464419 603357584
512 362 7458682 603357584
512 363 7490990 603357584
512 364 7459244 603357584
512 365 7436214 603357584
512 366 7440787 603357584
512 367 7505014 603357584
512 368 7459867 603357584
512 369 7449711 603357584
512 370 7479880 603357584
512 371 7452307 603357584
512 372 7436829 603357584
512 373 7462921 603357584
512 374 7465419 603357584
512 375 7479145 603357584
512 376 7417988 603357584
512 377 7411182 603357584
512 378 7448123 603357584
512 379 7441997 603357584
512 380 7442638 603357584
512 381 7427218 603357584
512 382 7447801 603357584
512 383 7498439 603357584
512 384 7421173 603357584
512 385 7448512 603357584
512 386 7474107 603357584
512 387 7433359 603357584
512 388 7432257 603357584
512 389 7462958 603357584
512 390 7450615 603357584
512 391 7474862 603357584
512 392 7449291 603357584
512 393 7495878 603357584
512 394 7494889 603357584
512 395 7431498 603357584
512 396 7437687 603357584
512 397 7455250 603357584
512 398 7413641 603357584
512 399 7459980 603357584
512 400 7460049 603357584
512 401 7451883 603357584
512 402 7455259 603357584
512 403 7422892 603357584
512 404 7482771 603357584
512 405 7427827 603357584
512 406 7435416 603357584
512 407 7444834 603357584
512 408 7447828 603357584
512 409 7459371 603357584
512 410 7477978 603357584
512 411 7438758 603357584
512 412 7441814 603357584
512 413 7455977 603357584
512 414 7451696 603357584
512 415 7466749 603357584
512 416 7454806 603357584
512 417 7472043 603357584
512 418 7433839 603357584
512 419 7445958 603357584
512 420 7430298 603357584
512 421 7439694 603357584
512 422 7482746 603357584
512 423 7462178 603357584
512 424 7487969 603357584
512 425 7436016 603357584
512 426 7443734 603357584
512 427 7476356 603357584
512 428 7410613 603357584
512 429 7426453 603357584
512 430 7478642 603357584
512 431 7428837 603357584
512 432 7414006 603357584
512 433 7469764 603357584
512 434 7463261 603357584
512 435 7463873 603357584
512 436 7462915 603357584
512 437 7447792 603357584
512 438 7468888 603357584
512 439 7465121 603357584
512 440 7453141 603357584
512 441 7475041 603357584
512 442 7409921 603357584
512 443 7442043 603357584
512 444 7432941 603357584
512 445 7460555 603357584
512 446 7439584 603357584
512 447 7434861 603357584
512 448 7442888 603357584
512 449 7478714 603357584
512 450 7462507 603357584
512 451 7465973 603357584
512 452 7466007 603357584
512 453 7482615 603357584
512 454 7460922 603357584
512 455 7452213 603357584
512 456 7460448 603357584
512 457 7488617 603357584
512 458 7471991 603357584
512 459 7449144 603357584
512 460 7444422 603357584
512 461 7487132 603357584
512 462 7461738 603357584
512 463 7392370 603357584
512 464 7470011 603357584
512 465 7446511 603357584
512 466 7476778 603357584
512 467 7475887 603357584
512 468 7439914 603357584
512 469 7468034 603357584
512 470 7451105 603357584
512 471 7453247 603357584
512 472 7480883 603357584
512 473 7457706 603357584
512 474 7471587 603357584
512 475 7454262 603357584
512 476 7446270 603357584
512 477 7438477 603357584
512 478 7474183 603357584
512 479 7442543 603357584
512 480 7500790 603357584
512 481 7463027 603357584
512 482 7430245 603357584
512 483 7445078 603357584
512 484 7461865 603357584
512 485 7433772 603357584
512 486 7450389 603357584
512 487 7461723 603357584
512 488 7474300 603357584
512 489 7457738 603357584
512 490 7465297 603357584
512 491 7485829 603357584
512 492 7458967 603357584
512 493 7451153 603357584
512 494 7476391 603357584
512 495 7455930 603357584
512 496 7453532 603357584
512 497 7428918 603357584
512 498 7428213 603357584
512 499 7448899 603357584
512 500 7430744 603357584
512 501 7482688 603357584
512 502 7460222 603357584
512 503 7454777 603357584
512 504 7462364 603357584
512 505 7446623 603357584
512 506 7426283 603357584
512 507 7492361 603357584
512 508 7439807 603357584
512 509 7469251 603357584
512 510 7461596 603357584
512 511 7435675 603357584
512 512 7436150 603357584
512 513 7409714 603357584
512 514 7445599 603357584
512 515 7411052 603357584
512 516 7444895 603357584
512 517 7429139 603357584
512 518 7457301 603357584
512 519 7445701 603357584
512 520 7467335 603357584
512 521 7462159 603357584
512 522 7448504 603357584
512 523 7425550 603357584
512 524 7447358 603357584
512 525 7464587 603357584
512 526 7467859 603357584
512 527 7442543 603357584
512 528 7438625 603357584
512 529 7427213 603357584
512 530 7464357 603357584
512 531 7463067 603357584
512 532 7437231 603357584
512 533 7486569 603357584
512 534 7459547 603357584
512 535 7443290 603357584
512 536 7450444 603357584
512 537 7441594 603357584
512 538 7466678 603357584
512 539 7474684 603357584
512 540 7437635 603357584
512 541 7450394 603357584
512 542 7472067 603357584
512 543 7443590 603357584
512 544 7473911 603357584
512 545 7470468 603357584
512 546 7454701 603357584
512 547 7471028 603357584
512 548 7440058 603357584
512 549 7434295 603357584
512 550 7434733 603357584
512 551 7463897 603357584
512 552 7427170 603357584
512 553 7423095 603357584
512 554 7440939 603357584
512 555 7430760 603357584
512 556 7478388 603357584
512 557 7459311 603357584
512 558 7477104 603357584
512 559 7442391 603357584
512 560 7466232 603357584
512 561 7446439 603357584
512 562 7438873 603357584
512 563 7439035 603357584
512 564 7415406 603357584
512 565 7425275 603357584
512 566 7478510 603357584
512 567 7466134 603357584
512 568 7455427 603357584
512 569 7464219 603357584
512 570 7489385 603357584
512 571 7457259 603357584
512 572 7491069 603357584
512 573 7479958 603357584
512 574 7451426 603357584
512 575 7468839 603357584
512 576 7447551 603357584
512 577 7443683 603357584
512 578 7432614 603357584
512 579 7436794 603357584
512 580 7463997 603357584
512 581 7431083 603357584
512 582 7457407 603357584
512 583 7447954 603357584
512 584 7440276 603357584
512 585 7484355 603357584
512 586 7431961 603357584
512 587 7494942 603357584
512 588 7461591 603357584
512 589 7444665 603357584
512 590 7466774 603357584
512 591 7428215 603357584
512 592 7469068 603357584
512 593 7431026 603357584
512 594 7456788 603357584
512 595 7438034 603357584
512 596 7463753 603357584
512 597 7476153 603357584
512 598 7446685 603357584
512 599 7468965 603357584
512 600 7465828 603357584
512 601 7444676 603357584
512 602 7457389 603357584
512 603 7446096 603357584
512 604 7400972 603357584
512 605 7432258 603357584
512 606 7452319 603357584
512 607 7440076 603357584
512 608 7452053 603357584
512 609 7455380 603357584
512 610 7447428 603357584
512 611 7449657 603357584
512 612 7504995 603357584
512 613 7467011 603357584
512 614 7427258 603357584
512 615 7408230 603357584
512 616 7432457 603357584
512 617 7447610 603357584
512 618 7444903 603357584
512 619 7472263 603357584
512 620 7466712 603357584
512 621 7462634 603357584
512 622 7484724 603357584
512 623 7470711 603357584
512 624 7482589 603357584
512 625 7435122 603357584
512 626 7464976 603357584
512 627 7468787 603357584
512 628 7450590 603357584
512 629 7437316 603357584
512 630 7484972 603357584
512 631 7468087 603357584
512 632 7467972 603357584
512 633 7471534 603357584
512 634 7479518 603357584
512 635 7434104 603357584
512 636 7423534 603357584
512 637 7467434 603357584
512 638 7477549 603357584
512 639 7490532 603357584
512 640 7460058 603357584
512 641 7417796 603357584
512 642 7444914 603357584
512 643 7457244 603357584
512 644 7459334 603357584
512 645 7471772 603357584
512 646 7445334 603357584
512 647 7451195 603357584
512 648 7472001 603357584
512 649 7425759 603357584
512 650 7460041 603357584
512 651 7451068 603357584
512 652 7454320 603357584
512 653 7474145 603357584
512 654 7455085 603357584
512 655 7450466 603357584
512 656 7423306 603357584
512 657 7438997 603357584
512 658 7432744 603357584
512 659 7479867 603357584
512 660 7437659 603357584
512 661 7441292 603357584
512 662 7478603 603357584
512 663 7470238 603357584
512 664 7471510 603357584
512 665 7442555 603357584
512 666 7458018 603357584
512 667 7449947 603357584
512 668 7471261 603357584
512 669 7446559 603357584
512 670 7462600 603357584
512 671 7469873 603357584
512 672 7421552 603357584
512 673 7469636 603357584
512 674 7452617 603357584
512 675 7462680 603357584
512 676 7468808 603357584
512 677 7428979 603357584
512 678 7442115 603357584
512 679 7480115 603357584
512 680 7488772 603357584
512 681 7460115 603357584
512 682 7425921 603357584
512 683 7449272 603357584
512 684 7473587 603357584
512 685 7446579 603357584
512 686 7463029 603357584
512 687 7430084 603357584
512 688 7463511 603357584
512 689 7455841 603357584
512 690 7458202 603357584
512 691 7428266 603357584
512 692 7459970 603357584
512 693 7481281 603357584
512 694 7475166 603357584
512 695 7469749 603357584
512 696 7448070 603357584
512 697 7455226 603357584
512 698 7491134 603357584
512 699 7470719 603357584
512 700 7467655 603357584
512 701 7447018 603357584
512 702 7462501 603357584
512 703 7489525 603357584
512 704 7476924 603357584
512 705 7469106 603357584
512 706 7474319 603357584
512 707 7488895 603357584
512 708 7474333 603357584
512 709 7462243 603357584
512 710 7470162 603357584
512 711 7446308 603357584
512 712 7465659 603357584
512 713 7460732 603357584
512 714 7433012 603357584
512 715 7434275 603357584
512 716 7467607 603357584
512 717 7475155 603357584
512 718 7436694 603357584
512 719 7456125 603357584
512 720 7472581 603357584
512 721 7485051 603357584
512 722 7457315 603357584
512 723 7491537 603357584
512 724 7488334 603357584
512 725 7467354 603357584
512 726 7456285 603357584
512 727 7486386 603357584
512 728 7459960 603357584
512 729 7433447 603357584
512 730 7428179 603357584
512 731 7453312 603357584
512 732 7468476 603357584
512 733 7441254 603357584
512 734 7486760 603357584
512 735 7465745 603357584
512 736 7425321 603357584
512 737 7470225 603357584
512 738 7481226 603357584
512 739 7480963 603357584
512 740 7456368 603357584
512 741 7468922 603357584
512 742 7455835 603357584
512 743 7421890 603357584
512 744 7475242 603357584
512 745 7466222 603357584
512 746 7443187 603357584
512 747 7482697 603357584
512 748 7454872 603357584
512 749 7461617 603357584
512 750 7465861 603357584
512 751 7491688 603357584
512 752 7454508 603357584
512 753 7455982 603357584
512 754 7487396 603357584
512 755 7451409 603357584
512 756 7454391 603357584
512 757 7496564 603357584
512 758 7445366 603357584
512 759 7486574 603357584
512 760 7455645 603357584
512 761 7491036 603357584
512 762 7413572 603357584
512 763 7469989 603357584
512 764 7444206 603357584
512 765 7483364 603357584
512 766 7463056 603357584
512 767 7479352 603357584
512 768 7440765 603357584
512 769 7458517 603357584
512 770 7481220 603357584
512 771 7479664 603357584
512 772 7469101 603357584
512 773 7470088 603357584
512 774 7442792 603357584
512 775 7488680 603357584
512 776 7472902 603357584
512 777 7469294 603357584
512 778 7458080 603357584
512 779 7475717 603357584
512 780 7465196 603357584
512 781 7477869 603357584
512 782 7456581 603357584
512 783 7443457 603357584
512 784 7467432 603357584
512 785 7471548 603357584
512 786 7479341 603357584
512 787 7470886 603357584
512 788 7482250 603357584
512 789 7503418 603357584
512 790 7469460 603357584
512 791 7471938 603357584
512 792 7480593 603357584
512 793 7465129 603357584
512 794 7456230 603357584
512 795 7465672 603357584
512 796 7497944 603357584
512 797 7433162 603357584
512 798 7458481 603357584
512 799 7448627 603357584
512 800 7462817 603357584
512 801 7468283 603357584
512 802 7484645 603357584
512 803 7480415 603357584
512 804 7491667 603357584
512 805 7426291 603357584
512 806 7438088 603357584
512 807 7472228 603357584
512 808 7409512 603357584
512 809 7446516 603357584
512 810 7497211 603357584
512 811 7478468 603357584
512 812 7484981 603357584
512 813 7459486 603357584
512 814 7501512 603357584
512 815 7464948 603357584
512 816 7458232 603357584
512 817 7520101 603357584
512 818 7440384 603357584
512 819 7491080 603357584
512 820 7431999 603357584
512 821 7486619 603357584
512 822 7443841 603357584
512 823 7429140 603357584
512 824 7468032 603357584
512 825 7431957 603357584
512 826 7437392 603357584
512 827 7478065 603357584
512 828 7430254 603357584
512 829 7459735 603357584
512 830 7440825 603357584
512 831 7421562 603357584
512 832 7466516 603357584
512 833 7457298 603357584
512 834 7471636 603357584
512 835 7496591 603357584
512 836 7486926 603357584
512 837 7443156 603357584
512 838 7422699 603357584
512 839 7475187 603357584
512 840 7442237 603357584
512 841 7418199 603357584
512 842 7433070 603357584
512 843 7464105 603357584
512 844 7466260 603357584
512 845 7483544 603357584
512 846 7493948 603357584
512 847 7404277 603357584
512 848 7436480 603357584
512 849 7453386 603357584
512 850 7444410 603357584
512 851 7471277 603357584
512 852 7481671 603357584
512 853 7434358 603357584
512 854 7456269 603357584
512 855 7440264 603357584
512 856 7468352 603357584
512 857 7441205 603357584
512 858 7451005 603357584
512 859 7461336 603357584
512 860 7449354 603357584
512 861 7466490 603357584
512 862 7437335 603357584
512 863 7449100 603357584
512 864 7461276 603357584
512 865 7458549 603357584
512 866 7432834 603357584
512 867 7478467 603357584
512 868 7455891 603357584
512 869 7456533 603357584
512 870 7442791 603357584
512 871 7440791 603357584
512 872 7461975 603357584
512 873 7454551 603357584
512 874 7442661 603357584
512 875 7454573 603357584
512 876 7463058 603357584
512 877 7463046 603357584
512 878 7453820 603357584
512 879 7443584 603357584
512 880 7443967 603357584
512 881 7488545 603357584
512 882 7450486 603357584
512 883 7463386 603357584
512 884 7488704 603357584
512 885 7451042 603357584
512 886 7457408 603357584
512 887 7468293 603357584
512 888 7467195 603357584
512 889 7461829 603357584
512 890 7446223 603357584
512 891 7454381 603357584
512 892 7447597 603357584
512 893 7467415 603357584
512 894 7408396 603357584
512 895 7493823 603357584
512 896 7451938 603357584
512 897 7460927 603357584
512 898 7463064 603357584
512 899 7472759 603357584
512 900 7487726 603357584
512 901 7444281 603357584
512 902 7448621 603357584
512 903 7434299 603357584
512 904 7444664 603357584
512 905 7433037 603357584
512 906 7448715 603357584
512 907 7469093 603357584
512 908 7414162 603357584
512 909 7483459 603357584
512 910 7482958 603357584
512 911 7451315 603357584
512 912 7455814 603357584
512 913 7420470 603357584
512 914 7478365 603357584
512 915 7486694 603357584
512 916 7466650 603357584
512 917 7460386 603357584
512 918 7409367 603357584
512 919 7429718 603357584
512 920 7447894 603357584
512 921 7452124 603357584
512 922 7442530 603357584
512 923 7457478 603357584
512 924 7462396 603357584
512 925 7460656 603357584
512 926 7487626 603357584
512 927 7459657 603357584
512 928 7410911 603357584
512 929 7485222 603357584
512 930 7437144 603357584
512 931 7445607 603357584
512 932 7485201 603357584
512 933 7429227 603357584
512 934 7451230 603357584
512 935 7435954 603357584
512 936 7435220 603357584
512 937 7474043 603357584
512 938 7461115 603357584
512 939 7448138 603357584
512 940 7486709 603357584
512 941 7452350 603357584
512 942 7519352 603357584
512 943 7446809 603357584
512 944 7443058 603357584
512 945 7457681 603357584
512 946 7449085 603357584
512 947 7456074 603357584
512 948 7440481 603357584
512 949 7465944 603357584
512 950 7483158 603357584
512 951 7474883 603357584
512 952 7465808 603357584
512 953 7492634 603357584
512 954 7444266 603357584
512 955 7459058 603357584
512 956 7471703 603357584
512 957 7437209 603357584
512 958 7473876 603357584
512 959 7456955 603357584
512 960 7400908 603357584
512 961 7465511 603357584
512 962 7484564 603357584
512 963 7432468 603357584
512 964 7467174 603357584
512 965 7403570 603357584
512 966 7463292 603357584
512 967 7441569 603357584
512 968 7464344 603357584
512 969 7427526 603357584
512 970 7479248 603357584
512 971 7442760 603357584
512 972 7406776 603357584
512 973 7474394 603357584
512 974 7460875 603357584
512 975 7437128 603357584
512 976 7471405 603357584
512 977 7460443 603357584
512 978 7474195 603357584
512 979 7460477 603357584
512 980 7467587 603357584
512 981 7478661 603357584
512 982 7497471 603357584
512 983 7468642 603357584
512 984 7446715 603357584
512 985 7440341 603357584
512 986 7428826 603357584
512 987 7470858 603357584
512 988 7458204 603357584
512 989 7460840 603357584
512 990 7450324 603357584
512 991 7454375 603357584
512 992 7480179 603357584
512 993 7480268 603357584
512 994 7474887 603357584
512 995 7474625 603357584
512 996 7472651 603357584
512 997 7447420 603357584
512 998 7444584 603357584
512 999 7462998 603357584
