128 0 418493 4237354320
128 1 410934 4237354320
128 2 455576 4237354320
128 3 429083 4237354320
128 4 447926 4237354320
128 5 452955 4237354320
128 6 441924 4237354320
128 7 373870 4237354320
128 8 482483 4237354320
128 9 419133 4237354320
128 10 459609 4237354320
128 11 420117 4237354320
128 12 481523 4237354320
128 13 423916 4237354320
128 14 439308 4237354320
128 15 420158 4237354320
128 16 492587 4237354320
128 17 417047 4237354320
128 18 479237 4237354320
128 19 431198 4237354320
128 20 436598 4237354320
128 21 419323 4237354320
128 22 436173 4237354320
128 23 448335 4237354320
128 24 439617 4237354320
128 25 414074 4237354320
128 26 439025 4237354320
128 27 462759 4237354320
128 28 410989 4237354320
128 29 470264 4237354320
128 30 412789 4237354320
128 31 442613 4237354320
128 32 437466 4237354320
128 33 483449 4237354320
128 34 407359 4237354320
128 35 452016 4237354320
128 36 410327 4237354320
128 37 482983 4237354320
128 38 413194 4237354320
128 39 450316 4237354320
128 40 446903 4237354320
128 41 475923 4237354320
128 42 440281 4237354320
128 43 513500 4237354320
128 44 433160 4237354320
128 45 482572 4237354320
128 46 429289 4237354320
128 47 445691 4237354320
128 48 469550 4237354320
128 49 447796 4237354320
128 50 367025 4237354320
128 51 446511 4237354320
128 52 482977 4237354320
128 53 448275 4237354320
128 54 470016 4237354320
128 55 456985 4237354320
128 56 435686 4237354320
128 57 393423 4237354320
128 58 437050 4237354320
128 59 431931 4237354320
128 60 471810 4237354320
128 61 423038 4237354320
128 62 436519 4237354320
128 63 417807 4237354320
128 64 448863 4237354320
128 65 444560 4237354320
128 66 437940 4237354320
128 67 415538 4237354320
128 68 460084 4237354320
128 69 437206 4237354320
128 70 410613 4237354320
128 71 372535 4237354320
128 72 424678 4237354320
128 73 455891 4237354320
128 74 427818 4237354320
128 75 480772 4237354320
128 76 407649 4237354320
128 77 443184 4237354320
128 78 455473 4237354320
128 79 490913 4237354320
128 80 413577 4237354320
128 81 461285 4237354320
128 82 425252 4237354320
128 83 494754 4237354320
128 84 434649 4237354320
128 85 443908 4237354320
128 86 431318 4237354320
128 87 497414 4237354320
128 88 433037 4237354320
128 89 447620 4237354320
128 90 469384 4237354320
128 91 445137 4237354320
128 92 482747 4237354320
128 93 503241 4237354320
128 94 435232 4237354320
128 95 466264 4237354320
128 96 433546 4237354320
128 97 443490 4237354320
128 98 464490 4237354320
128 99 442911 4237354320
128 100 433142 4237354320
128 101 469520 4237354320
128 102 470290 4237354320
128 103 452559 4237354320
128 104 417473 4237354320
128 105 457140 4237354320
128 106 462847 4237354320
128 107 488836 4237354320
128 108 410259 4237354320
128 109 443174 4237354320
128 110 416830 4237354320
128 111 486716 4237354320
128 112 423270 4237354320
128 113 478335 4237354320
128 114 413365 4237354320
128 115 441929 4237354320
128 116 454847 4237354320
128 117 444637 4237354320
128 118 442091 4237354320
128 119 418064 4237354320
128 120 474259 4237354320
128 121 421107 4237354320
128 122 436893 4237354320
128 123 440004 4237354320
128 124 474319 4237354320
128 125 463610 4237354320
128 126 438699 4237354320
128 127 448305 4237354320
128 128 457077 4237354320
128 129 444516 4237354320
128 130 417599 4237354320
128 131 467930 4237354320
128 132 435528 4237354320
128 133 450879 4237354320
128 134 472163 4237354320
128 135 434074 4237354320
128 136 424411 4237354320
128 137 444037 4237354320
128 138 415271 4237354320
128 139 474848 4237354320
128 140 450639 4237354320
128 141 452347 4237354320
128 142 490521 4237354320
128 143 416119 4237354320
128 144 487149 4237354320
128 145 425140 4237354320
128 146 471125 4237354320
128 147 414839 4237354320
128 148 442719 4237354320
128 149 462348 4237354320
128 150 438407 4237354320
128 151 445680 4237354320
128 152 418080 4237354320
128 153 461734 4237354320
128 154 420516 4237354320
128 155 439355 4237354320
128 156 437188 4237354320
128 157 481693 4237354320
128 158 447351 4237354320
128 159 476638 4237354320
128 160 490954 4237354320
128 161 417689 4237354320
128 162 490267 4237354320
128 163 420332 4237354320
128 164 443296 4237354320
128 165 440687 4237354320
128 166 454082 4237354320
128 167 446542 4237354320
128 168 458904 4237354320
128 169 488279 4237354320
128 170 423819 4237354320
128 171 468318 4237354320
128 172 446601 4237354320
128 173 452610 4237354320
128 174 412234 4237354320
128 175 436935 4237354320
128 176 443754 4237354320
128 177 486772 4237354320
128 178 459320 4237354320
128 179 428171 4237354320
128 180 451185 4237354320
128 181 437205 4237354320
128 182 494167 4237354320
128 183 412450 4237354320
128 184 445221 4237354320
128 185 424078 4237354320
128 186 437830 4237354320
128 187 453520 4237354320
128 188 418435 4237354320
128 189 431574 4237354320
128 190 448752 4237354320
128 191 483901 4237354320
128 192 432732 4237354320
128 193 440901 4237354320
128 194 452082 4237354320
128 195 435727 4237354320
128 196 419295 4237354320
128 197 438148 4237354320
128 198 443727 4237354320
128 199 460431 4237354320
128 200 442504 4237354320
128 201 458079 4237354320
128 202 496635 4237354320
128 203 426629 4237354320
128 204 454821 4237354320
128 205 448923 4237354320
128 206 464954 4237354320
128 207 411308 4237354320
128 208 436221 4237354320
128 209 445832 4237354320
128 210 484015 4237354320
128 211 449391 4237354320
128 212 421612 4237354320
128 213 447522 4237354320
128 214 451270 4237354320
128 215 469501 4237354320
128 216 410481 4237354320
128 217 445424 4237354320
128 218 422657 4237354320
128 219 454405 4237354320
128 220 450437 4237354320
128 221 416417 4237354320
128 222 456741 4237354320
128 223 427443 4237354320
128 224 460785 4237354320
128 225 442400 4237354320
128 226 471251 4237354320
128 227 456930 4237354320
128 228 467802 4237354320
128 229 456763 4237354320
128 230 428079 4237354320
128 231 411794 4237354320
128 232 468932 4237354320
128 233 462562 4237354320
128 234 414651 4237354320
128 235 481337 4237354320
128 236 417092 4237354320
128 237 486501 4237354320
128 238 425169 4237354320
128 239 461138 4237354320
128 240 410690 4237354320
128 241 443102 4237354320
128 242 445950 4237354320
128 243 483206 4237354320
128 244 448212 4237354320
128 245 428566 4237354320
128 246 443199 4237354320
128 247 435591 4237354320
128 248 477556 4237354320
128 249 415359 4237354320
128 250 489130 4237354320
128 251 422458 4237354320
128 252 436381 4237354320
128 253 465017 4237354320
128 254 419978 4237354320
128 255 411146 4237354320
128 256 441283 4237354320
128 257 480482 4237354320
128 258 433805 4237354320
128 259 439136 4237354320
128 260 443421 4237354320
128 261 466424 4237354320
128 262 422784 4237354320
128 263 437517 4237354320
128 264 443320 4237354320
128 265 450536 4237354320
128 266 447430 4237354320
128 267 457225 4237354320
128 268 494362 4237354320
128 269 417887 4237354320
128 270 485974 4237354320
128 271 421949 4237354320
128 272 447796 4237354320
128 273 412279 4237354320
128 274 440171 4237354320
128 275 453401 4237354320
128 276 446162 4237354320
128 277 446339 4237354320
128 278 421675 4237354320
128 279 448228 4237354320
128 280 448667 4237354320
128 281 481108 4237354320
128 282 410572 4237354320
128 283 445306 4237354320
128 284 423360 4237354320
128 285 474373 4237354320
128 286 448881 4237354320
128 287 429397 4237354320
128 288 443261 4237354320
128 289 414434 4237354320
128 290 443891 4237354320
128 291 458849 4237354320
128 292 496354 4237354320
128 293 442954 4237354320
128 294 465209 4237354320
128 295 453022 4237354320
128 296 416898 4237354320
128 297 454543 4237354320
128 298 424486 4237354320
128 299 495180 4237354320
128 300 405036 4237354320
128 301 444830 4237354320
128 302 417351 4237354320
128 303 489251 4237354320
128 304 420024 4237354320
128 305 432517 4237354320
128 306 444563 4237354320
128 307 460367 4237354320
128 308 490693 4237354320
128 309 432469 4237354320
128 310 448305 4237354320
128 311 391335 4237354320
128 312 485519 4237354320
128 313 419847 4237354320
128 314 437834 4237354320
128 315 439767 4237354320
128 316 475765 4237354320
128 317 457894 4237354320
128 318 431263 4237354320
128 319 495758 4237354320
128 320 419254 4237354320
128 321 479096 4237354320
128 322 438328 4237354320
128 323 476808 4237354320
128 324 408667 4237354320
128 325 439450 4237354320
128 326 490973 4237354320
128 327 430700 4237354320
128 328 454699 4237354320
128 329 416885 4237354320
128 330 456537 4237354320
128 331 420290 4237354320
128 332 492701 4237354320
128 333 409403 4237354320
128 334 440731 4237354320
128 335 419821 4237354320
128 336 475712 4237354320
128 337 418378 4237354320
128 338 424353 4237354320
128 339 455619 4237354320
128 340 442320 4237354320
128 341 492271 4237354320
128 342 433582 4237354320
128 343 449490 4237354320
128 344 416881 4237354320
128 345 455979 4237354320
128 346 447984 4237354320
128 347 488128 4237354320
128 348 409758 4237354320
128 349 480510 4237354320
128 350 416137 4237354320
128 351 438722 4237354320
128 352 468189 4237354320
128 353 421494 4237354320
128 354 428301 4237354320
128 355 446477 4237354320
128 356 469526 4237354320
128 357 467651 4237354320
128 358 449175 4237354320
128 359 424564 4237354320
128 360 451334 4237354320
128 361 435262 4237354320
128 362 463001 4237354320
128 363 413886 4237354320
128 364 462551 4237354320
128 365 482873 4237354320
128 366 433842 4237354320
128 367 445448 4237354320
128 368 418023 4237354320
128 369 459493 4237354320
128 370 438712 4237354320
128 371 488935 4237354320
128 372 410228 4237354320
128 373 448316 4237354320
128 374 442193 4237354320
128 375 435680 4237354320
128 376 418204 4237354320
128 377 474679 4237354320
128 378 416103 4237354320
128 379 456143 4237354320
128 380 488426 4237354320
128 381 428495 4237354320
128 382 446339 4237354320
128 383 415751 4237354320
128 384 464293 4237354320
128 385 420093 4237354320
128 386 439711 4237354320
128 387 431746 4237354320
128 388 494444 4237354320
128 389 450224 4237354320
128 390 471906 4237354320
128 391 497760 4237354320
128 392 421807 4237354320
128 393 473036 4237354320
128 394 427939 4237354320
128 395 481849 4237354320
128 396 408743 4237354320
128 397 482832 4237354320
128 398 479046 4237354320
128 399 432370 4237354320
128 400 455800 4237354320
128 401 417752 4237354320
128 402 440557 4237354320
128 403 465506 4237354320
128 404 492100 4237354320
128 405 410739 4237354320
128 406 444891 4237354320
128 407 422426 4237354320
128 408 488844 4237354320
128 409 420645 4237354320
128 410 466218 4237354320
128 411 417059 4237354320
128 412 443918 4237354320
128 413 457225 4237354320
128 414 441810 4237354320
128 415 448563 4237354320
128 416 419269 4237354320
128 417 462413 4237354320
128 418 418202 4237354320
128 419 438346 4237354320
128 420 436398 4237354320
128 421 489873 4237354320
128 422 448431 4237354320
128 423 461915 4237354320
128 424 490047 4237354320
128 425 422174 4237354320
128 426 465798 4237354320
128 427 427411 4237354320
128 428 472993 4237354320
128 429 408559 4237354320
128 430 505006 4237354320
128 431 483352 4237354320
128 432 432456 4237354320
128 433 447475 4237354320
128 434 411880 4237354320
128 435 451448 4237354320
128 436 420233 4237354320
128 437 465099 4237354320
128 438 408238 4237354320
128 439 443877 4237354320
128 440 418482 4237354320
128 441 495359 4237354320
128 442 419696 4237354320
128 443 471208 4237354320
128 444 416855 4237354320
128 445 444841 4237354320
128 446 455452 4237354320
128 447 484612 4237354320
128 448 451773 4237354320
128 449 418184 4237354320
128 450 439384 4237354320
128 451 436350 4237354320
128 452 481267 4237354320
128 453 405082 4237354320
128 454 446959 4237354320
128 455 419805 4237354320
128 456 487486 4237354320
128 457 448657 4237354320
128 458 417183 4237354320
128 459 456436 4237354320
128 460 452117 4237354320
128 461 466052 4237354320
128 462 438362 4237354320
128 463 451580 4237354320
128 464 470851 4237354320
128 465 436235 4237354320
128 466 418367 4237354320
128 467 435070 4237354320
128 468 441940 4237354320
128 469 492849 4237354320
128 470 461073 4237354320
128 471 444318 4237354320
128 472 478701 4237354320
128 473 431524 4237354320
128 474 439947 4237354320
128 475 455241 4237354320
128 476 452929 4237354320
128 477 418502 4237354320
128 478 438523 4237354320
128 479 468455 4237354320
128 480 451751 4237354320
128 481 448441 4237354320
128 482 416275 4237354320
128 483 446132 4237354320
128 484 433440 4237354320
128 485 441116 4237354320
128 486 425772 4237354320
128 487 451288 4237354320
128 488 427102 4237354320
128 489 439680 4237354320
128 490 447509 4237354320
128 491 437206 4237354320
128 492 441301 4237354320
128 493 415593 4237354320
128 494 459980 4237354320
128 495 447949 4237354320
128 496 448746 4237354320
128 497 461822 4237354320
128 498 435806 4237354320
128 499 416407 4237354320
128 500 438926 4237354320
128 501 439731 4237354320
128 502 467204 4237354320
128 503 465983 4237354320
128 504 442595 4237354320
128 505 483703 4237354320
128 506 422663 4237354320
128 507 450330 4237354320
128 508 443382 4237354320
128 509 447980 4237354320
128 510 418506 4237354320
128 511 439581 4237354320
128 512 453473 4237354320
128 513 467337 4237354320
128 514 449550 4237354320
128 515 414517 4237354320
128 516 452689 4237354320
128 517 422611 4237354320
128 518 441796 4237354320
128 519 443595 4237354320
128 520 481114 4237354320
128 521 464533 4237354320
128 522 439473 4237354320
128 523 444947 4237354320
128 524 449502 4237354320
128 525 443218 4237354320
128 526 413274 4237354320
128 527 445378 4237354320
128 528 456267 4237354320
128 529 453439 4237354320
128 530 450839 4237354320
128 531 486742 4237354320
128 532 454054 4237354320
128 533 416499 4237354320
128 534 433011 4237354320
128 535 463390 4237354320
128 536 485162 4237354320
128 537 417854 4237354320
128 538 446014 4237354320
128 539 417409 4237354320
128 540 488128 4237354320
128 541 425004 4237354320
128 542 480496 4237354320
128 543 412345 4237354320
128 544 448788 4237354320
128 545 484919 4237354320
128 546 431313 4237354320
128 547 447150 4237354320
128 548 412956 4237354320
128 549 459739 4237354320
128 550 423798 4237354320
128 551 439622 4237354320
128 552 440439 4237354320
128 553 486808 4237354320
128 554 442936 4237354320
128 555 484905 4237354320
128 556 446973 4237354320
128 557 430316 4237354320
128 558 438198 4237354320
128 559 414867 4237354320
128 560 439206 4237354320
128 561 438552 4237354320
128 562 450061 4237354320
128 563 444519 4237354320
128 564 433619 4237354320
128 565 498675 4237354320
128 566 422435 4237354320
128 567 490944 4237354320
128 568 420136 4237354320
128 569 416909 4237354320
128 570 450950 4237354320
128 571 447275 4237354320
128 572 480874 4237354320
128 573 430183 4237354320
128 574 448972 4237354320
128 575 393984 4237354320
128 576 493279 4237354320
128 577 423841 4237354320
128 578 443087 4237354320
128 579 437942 4237354320
128 580 468929 4237354320
128 581 450563 4237354320
128 582 433209 4237354320
128 583 481520 4237354320
128 584 423985 4237354320
128 585 450756 4237354320
128 586 447246 4237354320
128 587 492724 4237354320
128 588 407331 4237354320
128 589 437039 4237354320
128 590 468444 4237354320
128 591 442586 4237354320
128 592 455782 4237354320
128 593 412160 4237354320
128 594 460202 4237354320
128 595 424509 4237354320
128 596 465884 4237354320
128 597 419082 4237354320
128 598 463624 4237354320
128 599 455957 4237354320
128 600 439265 4237354320
128 601 421694 4237354320
128 602 418025 4237354320
128 603 456017 4237354320
128 604 429223 4237354320
128 605 493754 4237354320
128 606 430665 4237354320
128 607 449591 4237354320
128 608 391834 4237354320
128 609 443015 4237354320
128 610 424314 4237354320
128 611 440473 4237354320
128 612 430999 4237354320
128 613 464888 4237354320
128 614 447291 4237354320
128 615 434891 4237354320
128 616 499318 4237354320
128 617 416818 4237354320
128 618 488083 4237354320
128 619 425304 4237354320
128 620 464051 4237354320
128 621 408545 4237354320
128 622 441312 4237354320
128 623 480839 4237354320
128 624 433765 4237354320
128 625 445258 4237354320
128 626 413905 4237354320
128 627 441477 4237354320
128 628 425304 4237354320
128 629 442841 4237354320
128 630 442926 4237354320
128 631 492499 4237354320
128 632 463937 4237354320
128 633 445080 4237354320
128 634 445835 4237354320
128 635 433226 4237354320
128 636 444675 4237354320
128 637 455056 4237354320
128 638 492321 4237354320
128 639 405557 4237354320
128 640 446877 4237354320
128 641 389049 4237354320
128 642 437190 4237354320
128 643 443335 4237354320
128 644 462542 4237354320
128 645 410483 4237354320
128 646 438910 4237354320
128 647 447779 4237354320
128 648 432329 4237354320
128 649 496011 4237354320
128 650 417890 4237354320
128 651 474871 4237354320
128 652 444297 4237354320
128 653 486014 4237354320
128 654 411041 4237354320
128 655 446288 4237354320
128 656 467395 4237354320
128 657 433150 4237354320
128 658 449692 4237354320
128 659 413360 4237354320
128 660 456416 4237354320
128 661 424135 4237354320
128 662 477754 4237354320
128 663 410716 4237354320
128 664 438894 4237354320
128 665 422558 4237354320
128 666 487214 4237354320
128 667 419416 4237354320
128 668 420821 4237354320
128 669 433493 4237354320
128 670 464769 4237354320
128 671 486288 4237354320
128 672 431657 4237354320
128 673 446230 4237354320
128 674 401500 4237354320
128 675 489966 4237354320
128 676 417933 4237354320
128 677 454633 4237354320
128 678 422437 4237354320
128 679 467966 4237354320
128 680 454544 4237354320
128 681 477511 4237354320
128 682 482374 4237354320
128 683 438247 4237354320
128 684 440978 4237354320
128 685 416466 4237354320
128 686 444474 4237354320
128 687 411867 4237354320
128 688 489241 4237354320
128 689 442143 4237354320
128 690 453009 4237354320
128 691 443495 4237354320
128 692 411707 4237354320
128 693 460210 4237354320
128 694 422088 4237354320
128 695 463649 4237354320
128 696 428305 4237354320
128 697 470396 4237354320
128 698 454638 4237354320
128 699 441615 4237354320
128 700 419129 4237354320
128 701 421362 4237354320
128 702 454505 4237354320
128 703 456787 4237354320
128 704 483254 4237354320
128 705 435219 4237354320
128 706 452694 4237354320
128 707 398789 4237354320
128 708 450146 4237354320
128 709 420946 4237354320
128 710 444034 4237354320
128 711 443227 4237354320
128 712 481775 4237354320
128 713 449569 4237354320
128 714 432354 4237354320
128 715 495982 4237354320
128 716 420008 4237354320
128 717 489469 4237354320
128 718 421408 4237354320
128 719 454943 4237354320
128 720 412957 4237354320
128 721 440451 4237354320
128 722 485694 4237354320
128 723 435980 4237354320
128 724 444900 4237354320
128 725 413872 4237354320
128 726 449957 4237354320
128 727 420908 4237354320
128 728 470406 4237354320
128 729 408969 4237354320
128 730 443955 4237354320
128 731 419029 4237354320
128 732 477610 4237354320
128 733 422946 4237354320
128 734 437591 4237354320
128 735 415564 4237354320
128 736 442313 4237354320
128 737 443082 4237354320
128 738 463300 4237354320
128 739 447180 4237354320
128 740 431080 4237354320
128 741 441961 4237354320
128 742 452431 4237354320
128 743 495364 4237354320
128 744 407814 4237354320
128 745 452659 4237354320
128 746 419996 4237354320
128 747 438129 4237354320
128 748 470489 4237354320
128 749 418497 4237354320
128 750 426169 4237354320
128 751 441256 4237354320
128 752 453468 4237354320
128 753 460894 4237354320
128 754 455264 4237354320
128 755 419075 4237354320
128 756 491770 4237354320
128 757 425964 4237354320
128 758 457708 4237354320
128 759 412152 4237354320
128 760 463855 4237354320
128 761 488265 4237354320
128 762 431026 4237354320
128 763 445069 4237354320
128 764 416434 4237354320
128 765 448083 4237354320
128 766 437659 4237354320
128 767 494717 4237354320
128 768 409926 4237354320
128 769 448836 4237354320
128 770 418919 4237354320
128 771 480889 4237354320
128 772 430892 4237354320
128 773 457787 4237354320
128 774 413536 4237354320
128 775 440077 4237354320
128 776 467579 4237354320
128 777 440177 4237354320
128 778 449603 4237354320
128 779 415133 4237354320
128 780 472861 4237354320
128 781 418730 4237354320
128 782 437450 4237354320
128 783 443300 4237354320
128 784 479186 4237354320
128 785 450457 4237354320
128 786 458458 4237354320
128 787 487499 4237354320
128 788 417188 4237354320
128 789 487939 4237354320
128 790 420275 4237354320
128 791 440196 4237354320
128 792 443050 4237354320
128 793 453046 4237354320
128 794 447591 4237354320
128 795 449757 4237354320
128 796 478192 4237354320
128 797 449111 4237354320
128 798 435397 4237354320
128 799 414675 4237354320
128 800 437853 4237354320
128 801 438290 4237354320
128 802 472832 4237354320
128 803 446610 4237354320
128 804 487603 4237354320
128 805 445347 4237354320
128 806 413590 4237354320
128 807 459659 4237354320
128 808 455751 4237354320
128 809 492786 4237354320
128 810 406484 4237354320
128 811 452584 4237354320
128 812 419014 4237354320
128 813 448142 4237354320
128 814 450553 4237354320
128 815 419754 4237354320
128 816 453521 4237354320
128 817 451568 4237354320
128 818 482933 4237354320
128 819 432718 4237354320
128 820 444192 4237354320
128 821 448124 4237354320
128 822 433518 4237354320
128 823 417957 4237354320
128 824 438822 4237354320
128 825 443546 4237354320
128 826 456279 4237354320
128 827 451726 4237354320
128 828 454142 4237354320
128 829 495697 4237354320
128 830 419163 4237354320
128 831 486112 4237354320
128 832 422429 4237354320
128 833 468368 4237354320
128 834 418599 4237354320
128 835 450600 4237354320
128 836 450857 4237354320
128 837 472450 4237354320
128 838 464118 4237354320
128 839 424510 4237354320
128 840 451342 4237354320
128 841 452648 4237354320
128 842 491143 4237354320
128 843 410366 4237354320
128 844 479200 4237354320
128 845 421218 4237354320
128 846 441864 4237354320
128 847 451360 4237354320
128 848 415160 4237354320
128 849 445656 4237354320
128 850 443065 4237354320
128 851 498233 4237354320
128 852 432311 4237354320
128 853 447870 4237354320
128 854 430605 4237354320
128 855 460672 4237354320
128 856 429398 4237354320
128 857 469391 4237354320
128 858 407755 4237354320
128 859 488664 4237354320
128 860 478696 4237354320
128 861 434500 4237354320
128 862 446653 4237354320
128 863 412978 4237354320
128 864 449238 4237354320
128 865 418166 4237354320
128 866 470804 4237354320
128 867 409220 4237354320
128 868 446766 4237354320
128 869 422700 4237354320
128 870 470449 4237354320
128 871 419533 4237354320
128 872 475962 4237354320
128 873 409427 4237354320
128 874 445940 4237354320
128 875 449007 4237354320
128 876 447949 4237354320
128 877 460038 4237354320
128 878 414355 4237354320
128 879 442063 4237354320
128 880 433642 4237354320
128 881 468229 4237354320
128 882 412883 4237354320
128 883 444660 4237354320
128 884 417881 4237354320
128 885 460798 4237354320
128 886 452716 4237354320
128 887 415354 4237354320
128 888 449185 4237354320
128 889 429613 4237354320
128 890 493252 4237354320
128 891 437016 4237354320
128 892 496998 4237354320
128 893 446974 4237354320
128 894 440309 4237354320
128 895 421071 4237354320
128 896 442661 4237354320
128 897 441052 4237354320
128 898 477627 4237354320
128 899 450392 4237354320
128 900 452974 4237354320
128 901 490919 4237354320
128 902 422550 4237354320
128 903 471935 4237354320
128 904 450535 4237354320
128 905 462839 4237354320
128 906 413253 4237354320
128 907 437260 4237354320
128 908 442455 4237354320
128 909 451715 4237354320
128 910 452558 4237354320
128 911 417187 4237354320
128 912 440719 4237354320
128 913 429682 4237354320
128 914 439439 4237354320
128 915 431873 4237354320
128 916 481718 4237354320
128 917 454643 4237354320
128 918 431580 4237354320
128 919 453106 4237354320
128 920 449697 4237354320
128 921 441261 4237354320
128 922 417949 4237354320
128 923 457582 4237354320
128 924 434219 4237354320
128 925 455322 4237354320
128 926 468489 4237354320
128 927 437163 4237354320
128 928 418903 4237354320
128 929 439158 4237354320
128 930 440185 4237354320
128 931 493354 4237354320
128 932 442059 4237354320
128 933 457184 4237354320
128 934 489532 4237354320
128 935 416601 4237354320
128 936 482047 4237354320
128 937 421270 4237354320
128 938 461607 4237354320
128 939 416358 4237354320
128 940 440947 4237354320
128 941 461746 4237354320
128 942 444140 4237354320
128 943 452289 4237354320
128 944 416999 4237354320
128 945 434459 4237354320
128 946 452754 4237354320
128 947 456791 4237354320
128 948 428200 4237354320
128 949 482657 4237354320
128 950 461219 4237354320
128 951 434178 4237354320
128 952 445504 4237354320
128 953 448268 4237354320
128 954 439816 4237354320
128 955 410920 4237354320
128 956 445185 4237354320
128 957 455660 4237354320
128 958 458430 4237354320
128 959 455143 4237354320
128 960 435036 4237354320
128 961 419854 4237354320
128 962 441322 4237354320
128 963 439321 4237354320
128 964 494599 4237354320
128 965 448848 4237354320
128 966 463355 4237354320
128 967 469059 4237354320
128 968 422282 4237354320
128 969 476912 4237354320
128 970 431123 4237354320
128 971 459723 4237354320
128 972 410088 4237354320
128 973 439318 4237354320
128 974 448647 4237354320
128 975 467731 4237354320
128 976 451257 4237354320
128 977 416760 4237354320
128 978 442835 4237354320
128 979 423483 4237354320
128 980 440168 4237354320
128 981 439970 4237354320
128 982 486638 4237354320
128 983 466709 4237354320
128 984 436612 4237354320
128 985 446733 4237354320
128 986 446594 4237354320
128 987 441326 4237354320
128 988 408183 4237354320
128 989 444785 4237354320
128 990 458032 4237354320
128 991 463017 4237354320
128 992 452043 4237354320
128 993 482255 4237354320
128 994 453726 4237354320
128 995 416216 4237354320
128 996 425520 4237354320
128 997 440811 4237354320
128 998 456923 4237354320
128 999 408374 4237354320
