64 0 45818 4228161003
64 1 30222 4228161008
64 2 30304 4228161008
64 3 29967 4228161008
64 4 29931 4228161008
64 5 30064 4228161008
64 6 30017 4228161008
64 7 30035 4228161008
64 8 29976 4228161008
64 9 30036 4228161008
64 10 29937 4228161008
64 11 30009 4228161008
64 12 29961 4228161008
64 13 29881 4228161008
64 14 30114 4228161008
64 15 29999 4228161008
64 16 30097 4228161008
64 17 29953 4228161008
64 18 29973 4228161008
64 19 30027 4228161008
64 20 29996 4228161008
64 21 30027 4228161008
64 22 29895 4228161008
64 23 30054 4228161008
64 24 29954 4228161008
64 25 29910 4228161008
64 26 30006 4228161008
64 27 30009 4228161008
64 28 29963 4228161008
64 29 30100 4228161008
64 30 29959 4228161008
64 31 29972 4228161008
64 32 29997 4228161008
64 33 30149 4228161008
64 34 29997 4228161008
64 35 29984 4228161008
64 36 30023 4228161008
64 37 29973 4228161008
64 38 30062 4228161008
64 39 29887 4228161008
64 40 30017 4228161008
64 41 29902 4228161008
64 42 29950 4228161008
64 43 30101 4228161008
64 44 29895 4228161008
64 45 29933 4228161008
64 46 29939 4228161008
64 47 30113 4228161008
64 48 29987 4228161008
64 49 30045 4228161008
64 50 29970 4228161008
64 51 30000 4228161008
64 52 30008 4228161008
64 53 29883 4228161008
64 54 29986 4228161008
64 55 30005 4228161008
64 56 29957 4228161008
64 57 30061 4228161008
64 58 29894 4228161008
64 59 29937 4228161008
64 60 29940 4228161008
64 61 30026 4228161008
64 62 30044 4228161008
64 63 29989 4228161008
64 64 30037 4228161008
64 65 29960 4228161008
64 66 30025 4228161008
64 67 29995 4228161008
64 68 30002 4228161008
64 69 30032 4228161008
64 70 29938 4228161008
64 71 30067 4228161008
64 72 29928 4228161008
64 73 30037 4228161008
64 74 30046 4228161008
64 75 29878 4228161008
64 76 30052 4228161008
64 77 30033 4228161008
64 78 30121 4228161008
64 79 29967 4228161008
64 80 29996 4228161008
64 81 30055 4228161008
64 82 30063 4228161008
64 83 29976 4228161008
64 84 29880 4228161008
64 85 29976 4228161008
64 86 29978 4228161008
64 87 30124 4228161008
64 88 30000 4228161008
64 89 29990 4228161008
64 90 30003 4228161008
64 91 30072 4228161008
64 92 30030 4228161008
64 93 30010 4228161008
64 94 30008 4228161008
64 95 30038 4228161008
64 96 29977 4228161008
64 97 30003 4228161008
64 98 30023 4228161008
64 99 30028 4228161008
64 100 30152 4228161008
64 101 29880 4228161008
64 102 29998 4228161008
64 103 29995 4228161008
64 104 29987 4228161008
64 105 30069 4228161008
64 106 29961 4228161008
64 107 30040 4228161008
64 108 30016 4228161008
64 109 30032 4228161008
64 110 29930 4228161008
64 111 29932 4228161008
64 112 29976 4228161008
64 113 30054 4228161008
64 114 30098 4228161008
64 115 29958 4228161008
64 116 29989 4228161008
64 117 29989 4228161008
64 118 29887 4228161008
64 119 30027 4228161008
64 120 29934 4228161008
64 121 29909 4228161008
64 122 29910 4228161008
64 123 30082 4228161008
64 124 30052 4228161008
64 125 29978 4228161008
64 126 30075 4228161008
64 127 29890 4228161008
64 128 29951 4228161008
64 129 29973 4228161008
64 130 29969 4228161008
64 131 29927 4228161008
64 132 30075 4228161008
64 133 29934 4228161008
64 134 29912 4228161008
64 135 29938 4228161008
64 136 29926 4228161008
64 137 29956 4228161008
64 138 29900 4228161008
64 139 30030 4228161008
64 140 30017 4228161008
64 141 30018 4228161008
64 142 30114 4228161008
64 143 29970 4228161008
64 144 29878 4228161008
64 145 30041 4228161008
64 146 30017 4228161008
64 147 30083 4228161008
64 148 30030 4228161008
64 149 30013 4228161008
64 150 30000 4228161008
64 151 30058 4228161008
64 152 30017 4228161008
64 153 29977 4228161008
64 154 29959 4228161008
64 155 30015 4228161008
64 156 30018 4228161008
64 157 29936 4228161008
64 158 29990 4228161008
64 159 30057 4228161008
64 160 30068 4228161008
64 161 29887 4228161008
64 162 30006 4228161008
64 163 29983 4228161008
64 164 30035 4228161008
64 165 30120 4228161008
64 166 29979 4228161008
64 167 29959 4228161008
64 168 29974 4228161008
64 169 29912 4228161008
64 170 30052 4228161008
64 171 29984 4228161008
64 172 29977 4228161008
64 173 29931 4228161008
64 174 30080 4228161008
64 175 29968 4228161008
64 176 29956 4228161008
64 177 29987 4228161008
64 178 30093 4228161008
64 179 29998 4228161008
64 180 29975 4228161008
64 181 30007 4228161008
64 182 29970 4228161008
64 183 30040 4228161008
64 184 29962 4228161008
64 185 29982 4228161008
64 186 29994 4228161008
64 187 30043 4228161008
64 188 30039 4228161008
64 189 30012 4228161008
64 190 30039 4228161008
64 191 29979 4228161008
64 192 30023 4228161008
64 193 29958 4228161008
64 194 29883 4228161008
64 195 29986 4228161008
64 196 29976 4228161008
64 197 30060 4228161008
64 198 30021 4228161008
64 199 30052 4228161008
64 200 29906 4228161008
64 201 29944 4228161008
64 202 29931 4228161008
64 203 29935 4228161008
64 204 29956 4228161008
64 205 30041 4228161008
64 206 30143 4228161008
64 207 29960 4228161008
64 208 30055 4228161008
64 209 29885 4228161008
64 210 29916 4228161008
64 211 29931 4228161008
64 212 29964 4228161008
64 213 29881 4228161008
64 214 30038 4228161008
64 215 30175 4228161008
64 216 29918 4228161008
64 217 29999 4228161008
64 218 29956 4228161008
64 219 31380 4228161008
64 220 29879 4228161008
64 221 30000 4228161008
64 222 30017 4228161008
64 223 30014 4228161008
64 224 30070 4228161008
64 225 29983 4228161008
64 226 30045 4228161008
64 227 30004 4228161008
64 228 30002 4228161008
64 229 30095 4228161008
64 230 30040 4228161008
64 231 30014 4228161008
64 232 30003 4228161008
64 233 30112 4228161008
64 234 29994 4228161008
64 235 29949 4228161008
64 236 30033 4228161008
64 237 29882 4228161008
64 238 30034 4228161008
64 239 29986 4228161008
64 240 30026 4228161008
64 241 30012 4228161008
64 242 30057 4228161008
64 243 29976 4228161008
64 244 30011 4228161008
64 245 29887 4228161008
64 246 29957 4228161008
64 247 30161 4228161008
64 248 30033 4228161008
64 249 30058 4228161008
64 250 29957 4228161008
64 251 30049 4228161008
64 252 30107 4228161008
64 253 29991 4228161008
64 254 29971 4228161008
64 255 29973 4228161008
64 256 30081 4228161008
64 257 30062 4228161008
64 258 29984 4228161008
64 259 29941 4228161008
64 260 30005 4228161008
64 261 30091 4228161008
64 262 29887 4228161008
64 263 29970 4228161008
64 264 29974 4228161008
64 265 30045 4228161008
64 266 30043 4228161008
64 267 29949 4228161008
64 268 30015 4228161008
64 269 30010 4228161008
64 270 29939 4228161008
64 271 29984 4228161008
64 272 30024 4228161008
64 273 29942 4228161008
64 274 31345 4228161008
64 275 29983 4228161008
64 276 29951 4228161008
64 277 29936 4228161008
64 278 29978 4228161008
64 279 30138 4228161008
64 280 29993 4228161008
64 281 30029 4228161008
64 282 29958 4228161008
64 283 29881 4228161008
64 284 30053 4228161008
64 285 29976 4228161008
64 286 29943 4228161008
64 287 30008 4228161008
64 288 30074 4228161008
64 289 29991 4228161008
64 290 29953 4228161008
64 291 29995 4228161008
64 292 29883 4228161008
64 293 29916 4228161008
64 294 30023 4228161008
64 295 29998 4228161008
64 296 30002 4228161008
64 297 30077 4228161008
64 298 30004 4228161008
64 299 29927 4228161008
64 300 29967 4228161008
64 301 29944 4228161008
64 302 30001 4228161008
64 303 30015 4228161008
64 304 29969 4228161008
64 305 29878 4228161008
64 306 29962 4228161008
64 307 30074 4228161008
64 308 29994 4228161008
64 309 29943 4228161008
64 310 30034 4228161008
64 311 30015 4228161008
64 312 30047 4228161008
64 313 29878 4228161008
64 314 29986 4228161008
64 315 30030 4228161008
64 316 30095 4228161008
64 317 29991 4228161008
64 318 29991 4228161008
64 319 30038 4228161008
64 320 30066 4228161008
64 321 30008 4228161008
64 322 29990 4228161008
64 323 30022 4228161008
64 324 29953 4228161008
64 325 30034 4228161008
64 326 29975 4228161008
64 327 29974 4228161008
64 328 30058 4228161008
64 329 29989 4228161008
64 330 30112 4228161008
64 331 30023 4228161008
64 332 29996 4228161008
64 333 30020 4228161008
64 334 30063 4228161008
64 335 29999 4228161008
64 336 29956 4228161008
64 337 29970 4228161008
64 338 29897 4228161008
64 339 29982 4228161008
64 340 30038 4228161008
64 341 29985 4228161008
64 342 30057 4228161008
64 343 30004 4228161008
64 344 29942 4228161008
64 345 29900 4228161008
64 346 29889 4228161008
64 347 29936 4228161008
64 348 30122 4228161008
64 349 30039 4228161008
64 350 30008 4228161008
64 351 30003 4228161008
64 352 30132 4228161008
64 353 29937 4228161008
64 354 29978 4228161008
64 355 29989 4228161008
64 356 30014 4228161008
64 357 30060 4228161008
64 358 30022 4228161008
64 359 29938 4228161008
64 360 29944 4228161008
64 361 30004 4228161008
64 362 30074 4228161008
64 363 29994 4228161008
64 364 29957 4228161008
64 365 29933 4228161008
64 366 29906 4228161008
64 367 29960 4228161008
64 368 29972 4228161008
64 369 29957 4228161008
64 370 30011 4228161008
64 371 30064 4228161008
64 372 29889 4228161008
64 373 29999 4228161008
64 374 29958 4228161008
64 375 29969 4228161008
64 376 29996 4228161008
64 377 29966 4228161008
64 378 30051 4228161008
64 379 29995 4228161008
64 380 30113 4228161008
64 381 29881 4228161008
64 382 29922 4228161008
64 383 29962 4228161008
64 384 30019 4228161008
64 385 30080 4228161008
64 386 30047 4228161008
64 387 29972 4228161008
64 388 30030 4228161008
64 389 29903 4228161008
64 390 29977 4228161008
64 391 30098 4228161008
64 392 29989 4228161008
64 393 30044 4228161008
64 394 30070 4228161008
64 395 29979 4228161008
64 396 30060 4228161008
64 397 29950 4228161008
64 398 30057 4228161008
64 399 29966 4228161008
64 400 30078 4228161008
64 401 30024 4228161008
64 402 30001 4228161008
64 403 30090 4228161008
64 404 30026 4228161008
64 405 29949 4228161008
64 406 29894 4228161008
64 407 30074 4228161008
64 408 30035 4228161008
64 409 30114 4228161008
64 410 29975 4228161008
64 411 30025 4228161008
64 412 30026 4228161008
64 413 29985 4228161008
64 414 29907 4228161008
64 415 29955 4228161008
64 416 29967 4228161008
64 417 30019 4228161008
64 418 29992 4228161008
64 419 29966 4228161008
64 420 29988 4228161008
64 421 30059 4228161008
64 422 30000 4228161008
64 423 30025 4228161008
64 424 29973 4228161008
64 425 30006 4228161008
64 426 30134 4228161008
64 427 29993 4228161008
64 428 29994 4228161008
64 429 29973 4228161008
64 430 30212 4228161008
64 431 29885 4228161008
64 432 30035 4228161008
64 433 29955 4228161008
64 434 29975 4228161008
64 435 30119 4228161008
64 436 29910 4228161008
64 437 30080 4228161008
64 438 29909 4228161008
64 439 29888 4228161008
64 440 30166 4228161008
64 441 30013 4228161008
64 442 29892 4228161008
64 443 30012 4228161008
64 444 30088 4228161008
64 445 29887 4228161008
64 446 29944 4228161008
64 447 29947 4228161008
64 448 29915 4228161008
64 449 30128 4228161008
64 450 30035 4228161008
64 451 30007 4228161008
64 452 29914 4228161008
64 453 30093 4228161008
64 454 29890 4228161008
64 455 29896 4228161008
64 456 29971 4228161008
64 457 29951 4228161008
64 458 29937 4228161008
64 459 30042 4228161008
64 460 29981 4228161008
64 461 29983 4228161008
64 462 30129 4228161008
64 463 29974 4228161008
64 464 29926 4228161008
64 465 30032 4228161008
64 466 30023 4228161008
64 467 30099 4228161008
64 468 30019 4228161008
64 469 30045 4228161008
64 470 29987 4228161008
64 471 29986 4228161008
64 472 29967 4228161008
64 473 29990 4228161008
64 474 29992 4228161008
64 475 29963 4228161008
64 476 30036 4228161008
64 477 30005 4228161008
64 478 29981 4228161008
64 479 29989 4228161008
64 480 29962 4228161008
64 481 29987 4228161008
64 482 29879 4228161008
64 483 30074 4228161008
64 484 29984 4228161008
64 485 30034 4228161008
64 486 29973 4228161008
64 487 29987 4228161008
64 488 29958 4228161008
64 489 29983 4228161008
64 490 29921 4228161008
64 491 30009 4228161008
64 492 30093 4228161008
64 493 30021 4228161008
64 494 30081 4228161008
64 495 30142 4228161008
64 496 29990 4228161008
64 497 29943 4228161008
64 498 30015 4228161008
64 499 30121 4228161008
64 500 30008 4228161008
64 501 30097 4228161008
64 502 29983 4228161008
64 503 30011 4228161008
64 504 30106 4228161008
64 505 29971 4228161008
64 506 29962 4228161008
64 507 29895 4228161008
64 508 30104 4228161008
64 509 29956 4228161008
64 510 29932 4228161008
64 511 29997 4228161008
64 512 29978 4228161008
64 513 30035 4228161008
64 514 29967 4228161008
64 515 29896 4228161008
64 516 29984 4228161008
64 517 30098 4228161008
64 518 29916 4228161008
64 519 29954 4228161008
64 520 29936 4228161008
64 521 29931 4228161008
64 522 29925 4228161008
64 523 29999 4228161008
64 524 29964 4228161008
64 525 30030 4228161008
64 526 29940 4228161008
64 527 29896 4228161008
64 528 29878 4228161008
64 529 29967 4228161008
64 530 29952 4228161008
64 531 29927 4228161008
64 532 30078 4228161008
64 533 29981 4228161008
64 534 29939 4228161008
64 535 30034 4228161008
64 536 29925 4228161008
64 537 29895 4228161008
64 538 29926 4228161008
64 539 29988 4228161008
64 540 30054 4228161008
64 541 29997 4228161008
64 542 30060 4228161008
64 543 29947 4228161008
64 544 30012 4228161008
64 545 30015 4228161008
64 546 30019 4228161008
64 547 29996 4228161008
64 548 29970 4228161008
64 549 29993 4228161008
64 550 29903 4228161008
64 551 29976 4228161008
64 552 29946 4228161008
64 553 29986 4228161008
64 554 30040 4228161008
64 555 29979 4228161008
64 556 29933 4228161008
64 557 30074 4228161008
64 558 29878 4228161008
64 559 30089 4228161008
64 560 29979 4228161008
64 561 29994 4228161008
64 562 29963 4228161008
64 563 30066 4228161008
64 564 29982 4228161008
64 565 29998 4228161008
64 566 29999 4228161008
64 567 30015 4228161008
64 568 30083 4228161008
64 569 29967 4228161008
64 570 30000 4228161008
64 571 29951 4228161008
64 572 30066 4228161008
64 573 30009 4228161008
64 574 30037 4228161008
64 575 29883 4228161008
64 576 29988 4228161008
64 577 30014 4228161008
64 578 30083 4228161008
64 579 30005 4228161008
64 580 30004 4228161008
64 581 30013 4228161008
64 582 30234 4228161008
64 583 29887 4228161008
64 584 29976 4228161008
64 585 29980 4228161008
64 586 30130 4228161008
64 587 29996 4228161008
64 588 30009 4228161008
64 589 30002 4228161008
64 590 29964 4228161008
64 591 30106 4228161008
64 592 29960 4228161008
64 593 30014 4228161008
64 594 29976 4228161008
64 595 30183 4228161008
64 596 29994 4228161008
64 597 30005 4228161008
64 598 30017 4228161008
64 599 29967 4228161008
64 600 29930 4228161008
64 601 29955 4228161008
64 602 29987 4228161008
64 603 29961 4228161008
64 604 29904 4228161008
64 605 30119 4228161008
64 606 29938 4228161008
64 607 29945 4228161008
64 608 29988 4228161008
64 609 29887 4228161008
64 610 29901 4228161008
64 611 29936 4228161008
64 612 29960 4228161008
64 613 29891 4228161008
64 614 30067 4228161008
64 615 30024 4228161008
64 616 29996 4228161008
64 617 29938 4228161008
64 618 30039 4228161008
64 619 29884 4228161008
64 620 29925 4228161008
64 621 29970 4228161008
64 622 29978 4228161008
64 623 30027 4228161008
64 624 30051 4228161008
64 625 29998 4228161008
64 626 29878 4228161008
64 627 30069 4228161008
64 628 29999 4228161008
64 629 29949 4228161008
64 630 29975 4228161008
64 631 29989 4228161008
64 632 30010 4228161008
64 633 30057 4228161008
64 634 29879 4228161008
64 635 30016 4228161008
64 636 30066 4228161008
64 637 30012 4228161008
64 638 29960 4228161008
64 639 30020 4228161008
64 640 30006 4228161008
64 641 30001 4228161008
64 642 30084 4228161008
64 643 29973 4228161008
64 644 30020 4228161008
64 645 30013 4228161008
64 646 30053 4228161008
64 647 29916 4228161008
64 648 30051 4228161008
64 649 29982 4228161008
64 650 30030 4228161008
64 651 29887 4228161008
64 652 30002 4228161008
64 653 29961 4228161008
64 654 29992 4228161008
64 655 29981 4228161008
64 656 29955 4228161008
64 657 29998 4228161008
64 658 29964 4228161008
64 659 29889 4228161008
64 660 30049 4228161008
64 661 29972 4228161008
64 662 29981 4228161008
64 663 29955 4228161008
64 664 29967 4228161008
64 665 30036 4228161008
64 666 29996 4228161008
64 667 29999 4228161008
64 668 30020 4228161008
64 669 30116 4228161008
64 670 29952 4228161008
64 671 29967 4228161008
64 672 29939 4228161008
64 673 29924 4228161008
64 674 30127 4228161008
64 675 30016 4228161008
64 676 29884 4228161008
64 677 30044 4228161008
64 678 30093 4228161008
64 679 30045 4228161008
64 680 30003 4228161008
64 681 30007 4228161008
64 682 30087 4228161008
64 683 29887 4228161008
64 684 29921 4228161008
64 685 29902 4228161008
64 686 29902 4228161008
64 687 29970 4228161008
64 688 30152 4228161008
64 689 29960 4228161008
64 690 29999 4228161008
64 691 30036 4228161008
64 692 29906 4228161008
64 693 30009 4228161008
64 694 29970 4228161008
64 695 29934 4228161008
64 696 30022 4228161008
64 697 30100 4228161008
64 698 30033 4228161008
64 699 30024 4228161008
64 700 30044 4228161008
64 701 30011 4228161008
64 702 29879 4228161008
64 703 29978 4228161008
64 704 29963 4228161008
64 705 29981 4228161008
64 706 30093 4228161008
64 707 29964 4228161008
64 708 30010 4228161008
64 709 29989 4228161008
64 710 30080 4228161008
64 711 29946 4228161008
64 712 29962 4228161008
64 713 30037 4228161008
64 714 29953 4228161008
64 715 30094 4228161008
64 716 30066 4228161008
64 717 29965 4228161008
64 718 29974 4228161008
64 719 29882 4228161008
64 720 30067 4228161008
64 721 30026 4228161008
64 722 29948 4228161008
64 723 30012 4228161008
64 724 30010 4228161008
64 725 30026 4228161008
64 726 29949 4228161008
64 727 29881 4228161008
64 728 29984 4228161008
64 729 30087 4228161008
64 730 30002 4228161008
64 731 29991 4228161008
64 732 29982 4228161008
64 733 30103 4228161008
64 734 29995 4228161008
64 735 29969 4228161008
64 736 30001 4228161008
64 737 30095 4228161008
64 738 30055 4228161008
64 739 29965 4228161008
64 740 29964 4228161008
64 741 29934 4228161008
64 742 29998 4228161008
64 743 30014 4228161008
64 744 29887 4228161008
64 745 30026 4228161008
64 746 30016 4228161008
64 747 30122 4228161008
64 748 30016 4228161008
64 749 30004 4228161008
64 750 29909 4228161008
64 751 29942 4228161008
64 752 29946 4228161008
64 753 29974 4228161008
64 754 30047 4228161008
64 755 29984 4228161008
64 756 30065 4228161008
64 757 30037 4228161008
64 758 29960 4228161008
64 759 29906 4228161008
64 760 29997 4228161008
64 761 30076 4228161008
64 762 29932 4228161008
64 763 29977 4228161008
64 764 30004 4228161008
64 765 29916 4228161008
64 766 29985 4228161008
64 767 29939 4228161008
64 768 29905 4228161008
64 769 30032 4228161008
64 770 30109 4228161008
64 771 29925 4228161008
64 772 29980 4228161008
64 773 30046 4228161008
64 774 29904 4228161008
64 775 29960 4228161008
64 776 29975 4228161008
64 777 30041 4228161008
64 778 29881 4228161008
64 779 30048 4228161008
64 780 29964 4228161008
64 781 29985 4228161008
64 782 29978 4228161008
64 783 29998 4228161008
64 784 30046 4228161008
64 785 30037 4228161008
64 786 30058 4228161008
64 787 29939 4228161008
64 788 30129 4228161008
64 789 29985 4228161008
64 790 29966 4228161008
64 791 29956 4228161008
64 792 30007 4228161008
64 793 30069 4228161008
64 794 29989 4228161008
64 795 29878 4228161008
64 796 29928 4228161008
64 797 30054 4228161008
64 798 30096 4228161008
64 799 29955 4228161008
64 800 30036 4228161008
64 801 29961 4228161008
64 802 30089 4228161008
64 803 29893 4228161008
64 804 30031 4228161008
64 805 29959 4228161008
64 806 30020 4228161008
64 807 30032 4228161008
64 808 29964 4228161008
64 809 29991 4228161008
64 810 29977 4228161008
64 811 30048 4228161008
64 812 29997 4228161008
64 813 29995 4228161008
64 814 30008 4228161008
64 815 29975 4228161008
64 816 30041 4228161008
64 817 29970 4228161008
64 818 29970 4228161008
64 819 29974 4228161008
64 820 29933 4228161008
64 821 29971 4228161008
64 822 29962 4228161008
64 823 30083 4228161008
64 824 29963 4228161008
64 825 30029 4228161008
64 826 29969 4228161008
64 827 30007 4228161008
64 828 29880 4228161008
64 829 29957 4228161008
64 830 30097 4228161008
64 831 29989 4228161008
64 832 30004 4228161008
64 833 29968 4228161008
64 834 30128 4228161008
64 835 29969 4228161008
64 836 29987 4228161008
64 837 29969 4228161008
64 838 30002 4228161008
64 839 30106 4228161008
64 840 29933 4228161008
64 841 29931 4228161008
64 842 29885 4228161008
64 843 30074 4228161008
64 844 29930 4228161008
64 845 29959 4228161008
64 846 29990 4228161008
64 847 29916 4228161008
64 848 29967 4228161008
64 849 29934 4228161008
64 850 29895 4228161008
64 851 29882 4228161008
64 852 30014 4228161008
64 853 30068 4228161008
64 854 30012 4228161008
64 855 30066 4228161008
64 856 29881 4228161008
64 857 29974 4228161008
64 858 29934 4228161008
64 859 30043 4228161008
64 860 29991 4228161008
64 861 30033 4228161008
64 862 30050 4228161008
64 863 29879 4228161008
64 864 29984 4228161008
64 865 29971 4228161008
64 866 30167 4228161008
64 867 29956 4228161008
64 868 30009 4228161008
64 869 29976 4228161008
64 870 30036 4228161008
64 871 29903 4228161008
64 872 29959 4228161008
64 873 30000 4228161008
64 874 30033 4228161008
64 875 30002 4228161008
64 876 29963 4228161008
64 877 29995 4228161008
64 878 30014 4228161008
64 879 29968 4228161008
64 880 30115 4228161008
64 881 29921 4228161008
64 882 29954 4228161008
64 883 30022 4228161008
64 884 30007 4228161008
64 885 30038 4228161008
64 886 30030 4228161008
64 887 30032 4228161008
64 888 29887 4228161008
64 889 30045 4228161008
64 890 29987 4228161008
64 891 30037 4228161008
64 892 29983 4228161008
64 893 30109 4228161008
64 894 30087 4228161008
64 895 29978 4228161008
64 896 29894 4228161008
64 897 30008 4228161008
64 898 30141 4228161008
64 899 29977 4228161008
64 900 29979 4228161008
64 901 30004 4228161008
64 902 29946 4228161008
64 903 30118 4228161008
64 904 29993 4228161008
64 905 29983 4228161008
64 906 29929 4228161008
64 907 29987 4228161008
64 908 30070 4228161008
64 909 30007 4228161008
64 910 30028 4228161008
64 911 29922 4228161008
64 912 30081 4228161008
64 913 29887 4228161008
64 914 30060 4228161008
64 915 29992 4228161008
64 916 30025 4228161008
64 917 30037 4228161008
64 918 29961 4228161008
64 919 29970 4228161008
64 920 29892 4228161008
64 921 30036 4228161008
64 922 30020 4228161008
64 923 29956 4228161008
64 924 29873 4228161008
64 925 30014 4228161008
64 926 30053 4228161008
64 927 29952 4228161008
64 928 30030 4228161008
64 929 29891 4228161008
64 930 29944 4228161008
64 931 29925 4228161008
64 932 29929 4228161008
64 933 29885 4228161008
64 934 30050 4228161008
64 935 30103 4228161008
64 936 29969 4228161008
64 937 30008 4228161008
64 938 30023 4228161008
64 939 29878 4228161008
64 940 30038 4228161008
64 941 29998 4228161008
64 942 29923 4228161008
64 943 30034 4228161008
64 944 30078 4228161008
64 945 29937 4228161008
64 946 29963 4228161008
64 947 29878 4228161008
64 948 29993 4228161008
64 949 30026 4228161008
64 950 29981 4228161008
64 951 30068 4228161008
64 952 30043 4228161008
64 953 30067 4228161008
64 954 30049 4228161008
64 955 29970 4228161008
64 956 29971 4228161008
64 957 29974 4228161008
64 958 30120 4228161008
64 959 30077 4228161008
64 960 30020 4228161008
64 961 29962 4228161008
64 962 30018 4228161008
64 963 30022 4228161008
64 964 29885 4228161008
64 965 30025 4228161008
64 966 29991 4228161008
64 967 30114 4228161008
64 968 29969 4228161008
64 969 30044 4228161008
64 970 29961 4228161008
64 971 29991 4228161008
64 972 29930 4228161008
64 973 30001 4228161008
64 974 29972 4228161008
64 975 30022 4228161008
64 976 30014 4228161008
64 977 30014 4228161008
64 978 29923 4228161008
64 979 29986 4228161008
64 980 29937 4228161008
64 981 30062 4228161008
64 982 29983 4228161008
64 983 29997 4228161008
64 984 30040 4228161008
64 985 30047 4228161008
64 986 29975 4228161008
64 987 29949 4228161008
64 988 30021 4228161008
64 989 29886 4228161008
64 990 30069 4228161008
64 991 30039 4228161008
64 992 29995 4228161008
64 993 29923 4228161008
64 994 29936 4228161008
64 995 30029 4228161008
64 996 29971 4228161008
64 997 29881 4228161008
64 998 29999 4228161008
64 999 30081 4228161008
