512 0 9636355 603357584
512 1 9744219 603357584
512 2 9743251 603357584
512 3 10237243 603357584
512 4 9548923 603357584
512 5 9478407 603357584
512 6 9662379 603357584
512 7 9398527 603357584
512 8 10108531 603357584
512 9 9696690 603357584
512 10 10246176 603357584
512 11 9295428 603357584
512 12 9710035 603357584
512 13 9470982 603357584
512 14 9686849 603357584
512 15 10043923 603357584
512 16 9759805 603357584
512 17 9811235 603357584
512 18 9580572 603357584
512 19 9649462 603357584
512 20 9801158 603357584
512 21 9717492 603357584
512 22 9651076 603357584
512 23 9341539 603357584
512 24 9567624 603357584
512 25 10256505 603357584
512 26 9598209 603357584
512 27 9811409 603357584
512 28 9380577 603357584
512 29 9731703 603357584
512 30 9514316 603357584
512 31 9713489 603357584
512 32 9902413 603357584
512 33 9696156 603357584
512 34 9809925 603357584
512 35 9695858 603357584
512 36 9773903 603357584
512 37 9901949 603357584
512 38 9738303 603357584
512 39 9594681 603357584
512 40 9375159 603357584
512 41 9543629 603357584
512 42 10307845 603357584
512 43 9673754 603357584
512 44 10009014 603357584
512 45 9410756 603357584
512 46 9696183 603357584
512 47 9494057 603357584
512 48 9533182 603357584
512 49 10187633 603357584
512 50 9717461 603357584
512 51 9814589 603357584
512 52 9438771 603357584
512 53 9419529 603357584
512 54 10060303 603357584
512 55 9719479 603357584
512 56 9601730 603357584
512 57 9429279 603357584
512 58 9716912 603357584
512 59 10323449 603357584
512 60 9323384 603357584
512 61 9588905 603357584
512 62 9433130 603357584
512 63 9696094 603357584
512 64 9485869 603357584
512 65 9375027 603357584
512 66 10391378 603357584
512 67 9603473 603357584
512 68 9632333 603357584
512 69 9540624 603357584
512 70 9718924 603357584
512 71 10359669 603357584
512 72 9395536 603357584
512 73 9678988 603357584
512 74 9773210 603357584
512 75 9659808 603357584
512 76 10096740 603357584
512 77 9360517 603357584
512 78 9728050 603357584
512 79 9719610 603357584
512 80 9663608 603357584
512 81 9246979 603357584
512 82 9514818 603357584
512 83 10420215 603357584
512 84 9276759 603357584
512 85 9676099 603357584
512 86 10297329 603357584
512 87 9419900 603357584
512 88 9490777 603357584
512 89 9740687 603357584
512 90 9456801 603357584
512 91 9465510 603357584
512 92 9470544 603357584
512 93 10297975 603357584
512 94 9415226 603357584
512 95 9485639 603357584
512 96 9449414 603357584
512 97 9712409 603357584
512 98 10211110 603357584
512 99 9383095 603357584
512 100 9668823 603357584
512 101 9728767 603357584
512 102 9774669 603357584
512 103 10187046 603357584
512 104 9430049 603357584
512 105 9447090 603357584
512 106 9690936 603357584
512 107 9353974 603357584
512 108 9934266 603357584
512 109 9721381 603357584
512 110 10264331 603357584
512 111 9260121 603357584
512 112 9701254 603357584
512 113 9535327 603357584
512 114 9683571 603357584
512 115 9908605 603357584
512 116 9636684 603357584
512 117 9819250 603357584
512 118 9741347 603357584
512 119 9728356 603357584
512 120 9949147 603357584
512 121 9689084 603357584
512 122 9551268 603357584
512 123 9556074 603357584
512 124 9337333 603357584
512 125 10143612 603357584
512 126 9760116 603357584
512 127 10321992 603357584
512 128 9351737 603357584
512 129 9701503 603357584
512 130 9564273 603357584
512 131 9683355 603357584
512 132 9936675 603357584
512 133 9702411 603357584
512 134 9780996 603357584
512 135 9705554 603357584
512 136 9726587 603357584
512 137 9971933 603357584
512 138 9664291 603357584
512 139 9504310 603357584
512 140 9603522 603357584
512 141 9370523 603357584
512 142 10022661 603357584
512 143 9746161 603357584
512 144 10265112 603357584
512 145 9335426 603357584
512 146 9697566 603357584
512 147 9565147 603357584
512 148 9682227 603357584
512 149 9892610 603357584
512 150 9672207 603357584
512 151 9734346 603357584
512 152 9688978 603357584
512 153 9712441 603357584
512 154 9955231 603357584
512 155 9644832 603357584
512 156 9522449 603357584
512 157 9556243 603357584
512 158 9432860 603357584
512 159 10300542 603357584
512 160 9689739 603357584
512 161 10041369 603357584
512 162 9422587 603357584
512 163 9701156 603357584
512 164 9496096 603357584
512 165 9682229 603357584
512 166 10019326 603357584
512 167 9732698 603357584
512 168 9785394 603357584
512 169 9655653 603357584
512 170 9743930 603357584
512 171 9889569 603357584
512 172 9728381 603357584
512 173 9696749 603357584
512 174 9299888 603357584
512 175 9584935 603357584
512 176 10228112 603357584
512 177 9631150 603357584
512 178 9895217 603357584
512 179 9429337 603357584
512 180 9744080 603357584
512 181 9555474 603357584
512 182 9563829 603357584
512 183 10363397 603357584
512 184 9713148 603357584
512 185 9755480 603357584
512 186 9369605 603357584
512 187 9630454 603357584
512 188 10258684 603357584
512 189 9531039 603357584
512 190 9654752 603357584
512 191 9764641 603357584
512 192 9718694 603357584
512 193 10212383 603357584
512 194 9207227 603357584
512 195 9754441 603357584
512 196 9708721 603357584
512 197 9550561 603357584
512 198 9330896 603357584
512 199 9612107 603357584
512 200 10273961 603357584
512 201 9342502 603357584
512 202 9627352 603357584
512 203 10192357 603357584
512 204 9363662 603357584
512 205 9520015 603357584
512 206 9719285 603357584
512 207 9470602 603357584
512 208 9373754 603357584
512 209 9460612 603357584
512 210 10313762 603357584
512 211 9488537 603357584
512 212 9518400 603357584
512 213 9533203 603357584
512 214 9672033 603357584
512 215 10069936 603357584
512 216 9358633 603357584
512 217 9770043 603357584
512 218 9762263 603357584
512 219 9786249 603357584
512 220 10133821 603357584
512 221 9509582 603357584
512 222 9457286 603357584
512 223 9647156 603357584
512 224 9391163 603357584
512 225 9537517 603357584
512 226 9702571 603357584
512 227 10229977 603357584
512 228 9289815 603357584
512 229 9682740 603357584
512 230 9494339 603357584
512 231 9687899 603357584
512 232 9835858 603357584
512 233 9592616 603357584
512 234 9791467 603357584
512 235 9785958 603357584
512 236 9716835 603357584
512 237 9887220 603357584
512 238 9717103 603357584
512 239 9577115 603357584
512 240 9380658 603357584
512 241 9606015 603357584
512 242 10266213 603357584
512 243 9492646 603357584
512 244 9611205 603357584
512 245 9446291 603357584
512 246 9739059 603357584
512 247 9546540 603357584
512 248 9312539 603357584
512 249 10344574 603357584
512 250 9645601 603357584
512 251 9630432 603357584
512 252 9828630 603357584
512 253 9729942 603357584
512 254 10300826 603357584
512 255 9380639 603357584
512 256 9616462 603357584
512 257 9721799 603357584
512 258 9641313 603357584
512 259 10160239 603357584
512 260 9248296 603357584
512 261 9763579 603357584
512 262 9754769 603357584
512 263 9671601 603357584
512 264 9425908 603357584
512 265 9537450 603357584
512 266 10352839 603357584
512 267 9273442 603357584
512 268 9714360 603357584
512 269 10201584 603357584
512 270 9635719 603357584
512 271 9491704 603357584
512 272 9699739 603357584
512 273 9463633 603357584
512 274 9467220 603357584
512 275 9368225 603357584
512 276 10286175 603357584
512 277 9559350 603357584
512 278 9379706 603357584
512 279 9550297 603357584
512 280 9685751 603357584
512 281 10022324 603357584
512 282 9411639 603357584
512 283 9787461 603357584
512 284 9734020 603357584
512 285 9741438 603357584
512 286 9871789 603357584
512 287 9719771 603357584
512 288 9617857 603357584
512 289 9342352 603357584
512 290 9535807 603357584
512 291 10224122 603357584
512 292 9742677 603357584
512 293 9852168 603357584
512 294 9455485 603357584
512 295 9762418 603357584
512 296 9510589 603357584
512 297 9375458 603357584
512 298 10320697 603357584
512 299 9639329 603357584
512 300 9605030 603357584
512 301 9820866 603357584
512 302 9681662 603357584
512 303 10325495 603357584
512 304 9357595 603357584
512 305 9612554 603357584
512 306 9709767 603357584
512 307 9633010 603357584
512 308 10187743 603357584
512 309 9289107 603357584
512 310 9694468 603357584
512 311 9662747 603357584
512 312 9643638 603357584
512 313 9354441 603357584
512 314 9358832 603357584
512 315 10331814 603357584
512 316 9400736 603357584
512 317 9508078 603357584
512 318 10244722 603357584
512 319 9709817 603357584
512 320 9637706 603357584
512 321 9678581 603357584
512 322 9454865 603357584
512 323 9422840 603357584
512 324 9213053 603357584
512 325 10274313 603357584
512 326 9437541 603357584
512 327 9411422 603357584
512 328 9538787 603357584
512 329 9706864 603357584
512 330 9842438 603357584
512 331 9581989 603357584
512 332 9794341 603357584
512 333 9719786 603357584
512 334 9705455 603357584
512 335 9786261 603357584
512 336 9732267 603357584
512 337 9599477 603357584
512 338 9329396 603357584
512 339 9601718 603357584
512 340 10291119 603357584
512 341 9504928 603357584
512 342 9620166 603357584
512 343 9424788 603357584
512 344 9759616 603357584
512 345 9537911 603357584
512 346 9404233 603357584
512 347 10351553 603357584
512 348 9654038 603357584
512 349 9715953 603357584
512 350 9302396 603357584
512 351 9478475 603357584
512 352 10220819 603357584
512 353 9460914 603357584
512 354 9414076 603357584
512 355 9734849 603357584
512 356 9718454 603357584
512 357 10212921 603357584
512 358 9245944 603357584
512 359 9730523 603357584
512 360 9758752 603357584
512 361 9525005 603357584
512 362 9499286 603357584
512 363 9673825 603357584
512 364 10385619 603357584
512 365 9311381 603357584
512 366 9706906 603357584
512 367 10221255 603357584
512 368 9512525 603357584
512 369 9476912 603357584
512 370 9718390 603357584
512 371 9433649 603357584
512 372 9359090 603357584
512 373 9372220 603357584
512 374 10263627 603357584
512 375 9528254 603357584
512 376 9489061 603357584
512 377 9551649 603357584
512 378 9725170 603357584
512 379 10157253 603357584
512 380 9356054 603357584
512 381 9796674 603357584
512 382 9766008 603357584
512 383 9750791 603357584
512 384 10004789 603357584
512 385 9635880 603357584
512 386 9537105 603357584
512 387 9483954 603357584
512 388 9441830 603357584
512 389 10266114 603357584
512 390 9585382 603357584
512 391 9810005 603357584
512 392 9477355 603357584
512 393 9691776 603357584
512 394 9507375 603357584
512 395 9385244 603357584
512 396 10328213 603357584
512 397 9691270 603357584
512 398 9709013 603357584
512 399 9391057 603357584
512 400 9518423 603357584
512 401 10269891 603357584
512 402 9413338 603357584
512 403 9438967 603357584
512 404 9660335 603357584
512 405 9723825 603357584
512 406 10253479 603357584
512 407 9151266 603357584
512 408 9702941 603357584
512 409 9709529 603357584
512 410 9677551 603357584
512 411 9349830 603357584
512 412 9456450 603357584
512 413 10258359 603357584
512 414 9335564 603357584
512 415 9529303 603357584
512 416 10192768 603357584
512 417 9761042 603357584
512 418 9909962 603357584
512 419 9709006 603357584
512 420 9456386 603357584
512 421 9541351 603357584
512 422 9147473 603357584
512 423 10234516 603357584
512 424 9775746 603357584
512 425 9538856 603357584
512 426 9473911 603357584
512 427 9701741 603357584
512 428 10131989 603357584
512 429 9283023 603357584
512 430 9765088 603357584
512 431 9728162 603357584
512 432 9734424 603357584
512 433 9888193 603357584
512 434 9656919 603357584
512 435 9572896 603357584
512 436 9382036 603357584
512 437 9606554 603357584
512 438 10207489 603357584
512 439 9659461 603357584
512 440 9973573 603357584
512 441 9355303 603357584
512 442 9634013 603357584
512 443 9497416 603357584
512 444 9393834 603357584
512 445 10310819 603357584
512 446 9470344 603357584
512 447 9501796 603357584
512 448 10112425 603357584
512 449 9701300 603357584
512 450 9935276 603357584
512 451 9611989 603357584
512 452 9578976 603357584
512 453 9694035 603357584
512 454 9181618 603357584
512 455 10227935 603357584
512 456 9762545 603357584
512 457 9667474 603357584
512 458 9231362 603357584
512 459 9503662 603357584
512 460 10292419 603357584
512 461 9704290 603357584
512 462 9930665 603357584
512 463 9687707 603357584
512 464 9721330 603357584
512 465 10242008 603357584
512 466 9456312 603357584
512 467 9411093 603357584
512 468 9654071 603357584
512 469 9382134 603357584
512 470 9797243 603357584
512 471 9735337 603357584
512 472 10312976 603357584
512 473 9297084 603357584
512 474 9745586 603357584
512 475 9492582 603357584
512 476 9687872 603357584
512 477 9891565 603357584
512 478 9683280 603357584
512 479 9793363 603357584
512 480 9676430 603357584
512 481 9724389 603357584
512 482 9850661 603357584
512 483 9703592 603357584
512 484 9485484 603357584
512 485 9612711 603357584
512 486 9331359 603357584
512 487 10110235 603357584
512 488 9725342 603357584
512 489 10214962 603357584
512 490 9242649 603357584
512 491 9709880 603357584
512 492 9502968 603357584
512 493 9601499 603357584
512 494 10067972 603357584
512 495 9686745 603357584
512 496 9811627 603357584
512 497 9631078 603357584
512 498 9658711 603357584
512 499 9802769 603357584
512 500 9720614 603357584
512 501 9569647 603357584
512 502 9408928 603357584
512 503 9533405 603357584
512 504 10272796 603357584
512 505 9604569 603357584
512 506 9715286 603357584
512 507 9441055 603357584
512 508 9676453 603357584
512 509 9517094 603357584
512 510 9332465 603357584
512 511 10250187 603357584
512 512 9721948 603357584
512 513 9731671 603357584
512 514 9228939 603357584
512 515 9416580 603357584
512 516 10210738 603357584
512 517 9612657 603357584
512 518 9395919 603357584
512 519 9657744 603357584
512 520 9700878 603357584
512 521 10188203 603357584
512 522 9142803 603357584
512 523 9684303 603357584
512 524 9687450 603357584
512 525 9658399 603357584
512 526 9313716 603357584
512 527 9364348 603357584
512 528 10348994 603357584
512 529 9477954 603357584
512 530 9605696 603357584
512 531 10311234 603357584
512 532 9560974 603357584
512 533 9484305 603357584
512 534 9684903 603357584
512 535 9435567 603357584
512 536 9346564 603357584
512 537 9255554 603357584
512 538 10225393 603357584
512 539 9496932 603357584
512 540 9424378 603357584
512 541 9470168 603357584
512 542 9681355 603357584
512 543 10075250 603357584
512 544 9445439 603357584
512 545 9748698 603357584
512 546 9768296 603357584
512 547 9745488 603357584
512 548 9996351 603357584
512 549 9615809 603357584
512 550 9474656 603357584
512 551 9466256 603357584
512 552 9435317 603357584
512 553 10199407 603357584
512 554 9685528 603357584
512 555 10020827 603357584
512 556 9456178 603357584
512 557 9672759 603357584
512 558 9511853 603357584
512 559 9391993 603357584
512 560 10305553 603357584
512 561 9606894 603357584
512 562 9614328 603357584
512 563 10017962 603357584
512 564 9712820 603357584
512 565 9826275 603357584
512 566 9587100 603357584
512 567 9522602 603357584
512 568 9660455 603357584
512 569 9292860 603357584
512 570 10196630 603357584
512 571 9707947 603357584
512 572 9681807 603357584
512 573 9210890 603357584
512 574 9549121 603357584
512 575 10285301 603357584
512 576 9677065 603357584
512 577 9808199 603357584
512 578 9661531 603357584
512 579 9731403 603357584
512 580 10197745 603357584
512 581 9433715 603357584
512 582 9486773 603357584
512 583 9700679 603357584
512 584 9371957 603357584
512 585 9330195 603357584
512 586 9559084 603357584
512 587 10244438 603357584
512 588 9415040 603357584
512 589 9557175 603357584
512 590 9539006 603357584
512 591 9728305 603357584
512 592 10091392 603357584
512 593 9369250 603357584
512 594 9743105 603357584
512 595 9767405 603357584
512 596 9715766 603357584
512 597 10016053 603357584
512 598 9633263 603357584
512 599 9450151 603357584
512 600 9602374 603357584
512 601 9326148 603357584
512 602 10133153 603357584
512 603 9727452 603357584
512 604 10107136 603357584
512 605 9252291 603357584
512 606 9724601 603357584
512 607 9480555 603357584
512 608 9657516 603357584
512 609 9970038 603357584
512 610 9698305 603357584
512 611 9764874 603357584
512 612 9663729 603357584
512 613 9716777 603357584
512 614 9771637 603357584
512 615 9733361 603357584
512 616 9648054 603357584
512 617 9282511 603357584
512 618 9611776 603357584
512 619 10208034 603357584
512 620 9665107 603357584
512 621 9935191 603357584
512 622 9438595 603357584
512 623 9710897 603357584
512 624 9506696 603357584
512 625 9409695 603357584
512 626 10338073 603357584
512 627 9731488 603357584
512 628 9767519 603357584
512 629 9349893 603357584
512 630 9549373 603357584
512 631 10251623 603357584
512 632 9511668 603357584
512 633 9504661 603357584
512 634 9720404 603357584
512 635 9708377 603357584
512 636 10152220 603357584
512 637 9145513 603357584
512 638 9688956 603357584
512 639 9678549 603357584
512 640 9694699 603357584
512 641 9313915 603357584
512 642 9334739 603357584
512 643 10366607 603357584
512 644 9380763 603357584
512 645 9559574 603357584
512 646 10216845 603357584
512 647 9737893 603357584
512 648 9923219 603357584
512 649 9645773 603357584
512 650 9517942 603357584
512 651 9567606 603357584
512 652 9094627 603357584
512 653 10172081 603357584
512 654 9729899 603357584
512 655 9735002 603357584
512 656 9371881 603357584
512 657 9511833 603357584
512 658 10277905 603357584
512 659 9690314 603357584
512 660 9921979 603357584
512 661 9552665 603357584
512 662 9744903 603357584
512 663 10238062 603357584
512 664 9413077 603357584
512 665 9420239 603357584
512 666 9732748 603357584
512 667 9383883 603357584
512 668 9319690 603357584
512 669 9620199 603357584
512 670 10284305 603357584
512 671 9449881 603357584
512 672 9611521 603357584
512 673 9543004 603357584
512 674 9721206 603357584
512 675 9921849 603357584
512 676 9598528 603357584
512 677 9786646 603357584
512 678 9731479 603357584
512 679 9710608 603357584
512 680 10043417 603357584
512 681 9686373 603357584
512 682 9485568 603357584
512 683 9542133 603357584
512 684 9316463 603357584
512 685 10243548 603357584
512 686 9734804 603357584
512 687 10088040 603357584
512 688 9414621 603357584
512 689 9703058 603357584
512 690 9493374 603357584
512 691 9435091 603357584
512 692 10349373 603357584
512 693 9741822 603357584
512 694 9799324 603357584
512 695 9391559 603357584
512 696 9399695 603357584
512 697 10194462 603357584
512 698 9686728 603357584
512 699 9468508 603357584
512 700 9429689 603357584
512 701 9655438 603357584
512 702 10307409 603357584
512 703 9292040 603357584
512 704 9667423 603357584
512 705 9448333 603357584
512 706 9696326 603357584
512 707 9519853 603357584
512 708 9362180 603357584
512 709 10433982 603357584
512 710 9643041 603357584
512 711 9631090 603357584
512 712 9841320 603357584
512 713 9743997 603357584
512 714 10307045 603357584
512 715 9324252 603357584
512 716 9655287 603357584
512 717 9782600 603357584
512 718 9653766 603357584
512 719 10094368 603357584
512 720 9489057 603357584
512 721 9711993 603357584
512 722 9622569 603357584
512 723 9476904 603357584
512 724 9943140 603357584
512 725 9692784 603357584
512 726 10274868 603357584
512 727 9457689 603357584
512 728 9759019 603357584
512 729 10293203 603357584
512 730 9476666 603357584
512 731 9404864 603357584
512 732 9734944 603357584
512 733 9477026 603357584
512 734 9424324 603357584
512 735 9410810 603357584
512 736 10238869 603357584
512 737 9427812 603357584
512 738 9470459 603357584
512 739 9575818 603357584
512 740 9702594 603357584
512 741 9938552 603357584
512 742 9460840 603357584
512 743 9751425 603357584
512 744 9750667 603357584
512 745 9786144 603357584
512 746 10045795 603357584
512 747 9622640 603357584
512 748 9536479 603357584
512 749 9580734 603357584
512 750 9404348 603357584
512 751 10120078 603357584
512 752 9729096 603357584
512 753 10230197 603357584
512 754 9206231 603357584
512 755 9703656 603357584
512 756 9521172 603357584
512 757 9644125 603357584
512 758 9880405 603357584
512 759 9763709 603357584
512 760 9790940 603357584
512 761 9634721 603357584
512 762 9733688 603357584
512 763 9813463 603357584
512 764 9715412 603357584
512 765 9572938 603357584
512 766 9424598 603357584
512 767 9515381 603357584
512 768 10284221 603357584
512 769 9751183 603357584
512 770 10032606 603357584
512 771 9370893 603357584
512 772 9688089 603357584
512 773 9458679 603357584
512 774 9349940 603357584
512 775 10289218 603357584
512 776 9697506 603357584
512 777 9743135 603357584
512 778 9260570 603357584
512 779 9359263 603357584
512 780 10199644 603357584
512 781 9510181 603357584
512 782 9415296 603357584
512 783 9635052 603357584
512 784 9737939 603357584
512 785 10248632 603357584
512 786 9278094 603357584
512 787 9617463 603357584
512 788 9494808 603357584
512 789 9709853 603357584
512 790 9501881 603357584
512 791 9317525 603357584
512 792 10344407 603357584
512 793 9727870 603357584
512 794 9727476 603357584
512 795 9315084 603357584
512 796 9477373 603357584
512 797 10232454 603357584
512 798 9586342 603357584
512 799 9397961 603357584
512 800 9697997 603357584
512 801 9745989 603357584
512 802 10241984 603357584
512 803 9275592 603357584
512 804 9696847 603357584
512 805 9699305 603357584
512 806 9667871 603357584
512 807 9344635 603357584
512 808 9412794 603357584
512 809 10369291 603357584
512 810 9426217 603357584
512 811 9532805 603357584
512 812 10199660 603357584
512 813 9697126 603357584
512 814 9701512 603357584
512 815 9677659 603357584
512 816 9560892 603357584
512 817 9627037 603357584
512 818 9180321 603357584
512 819 10159367 603357584
512 820 9768856 603357584
512 821 9746246 603357584
512 822 9367907 603357584
512 823 9489640 603357584
512 824 10287701 603357584
512 825 9682903 603357584
512 826 9836735 603357584
512 827 9750849 603357584
512 828 9737055 603357584
512 829 10274759 603357584
512 830 9423030 603357584
512 831 9461882 603357584
512 832 9686069 603357584
512 833 9401733 603357584
512 834 9400255 603357584
512 835 9457327 603357584
512 836 10307456 603357584
512 837 9498189 603357584
512 838 9489227 603357584
512 839 9555795 603357584
512 840 9722369 603357584
512 841 9988797 603357584
512 842 9629641 603357584
512 843 9758749 603357584
512 844 9671215 603357584
512 845 9728532 603357584
512 846 9801853 603357584
512 847 9674664 603357584
512 848 9623495 603357584
512 849 9408957 603357584
512 850 9534865 603357584
512 851 10231588 603357584
512 852 9640233 603357584
512 853 10024938 603357584
512 854 9450469 603357584
512 855 9736796 603357584
512 856 9495705 603357584
512 857 9405367 603357584
512 858 10326114 603357584
512 859 9648584 603357584
512 860 9725244 603357584
512 861 9319616 603357584
512 862 9624659 603357584
512 863 10302311 603357584
512 864 9432987 603357584
512 865 9542011 603357584
512 866 9755049 603357584
512 867 9701858 603357584
512 868 10163683 603357584
512 869 9259233 603357584
512 870 9741543 603357584
512 871 9718354 603357584
512 872 9642504 603357584
512 873 9333070 603357584
512 874 9385868 603357584
512 875 10329296 603357584
512 876 9549240 603357584
512 877 9575022 603357584
512 878 9897675 603357584
512 879 9747679 603357584
512 880 10314586 603357584
512 881 9389227 603357584
512 882 9675358 603357584
512 883 9761153 603357584
512 884 9545455 603357584
512 885 10051252 603357584
512 886 9727422 603357584
512 887 9750212 603357584
512 888 9486669 603357584
512 889 9615483 603357584
512 890 10242387 603357584
512 891 9677793 603357584
512 892 9904095 603357584
512 893 9759241 603357584
512 894 9778400 603357584
512 895 10201795 603357584
512 896 9398951 603357584
512 897 9410843 603357584
512 898 9703758 603357584
512 899 9386308 603357584
512 900 9936692 603357584
512 901 9718830 603357584
512 902 10311011 603357584
512 903 9207704 603357584
512 904 9713865 603357584
512 905 9486984 603357584
512 906 9711171 603357584
512 907 9881902 603357584
512 908 9640691 603357584
512 909 9784743 603357584
512 910 9707259 603357584
512 911 9718694 603357584
512 912 9923788 603357584
512 913 9650773 603357584
512 914 9546752 603357584
512 915 9444577 603357584
512 916 9518091 603357584
512 917 10227049 603357584
512 918 9648151 603357584
512 919 9877744 603357584
512 920 9458666 603357584
512 921 9708170 603357584
512 922 9511435 603357584
512 923 9447899 603357584
512 924 10297464 603357584
512 925 9717306 603357584
512 926 9789398 603357584
512 927 9462187 603357584
512 928 9473216 603357584
512 929 10211532 603357584
512 930 9601633 603357584
512 931 9455528 603357584
512 932 9626924 603357584
512 933 9792878 603357584
512 934 10255760 603357584
512 935 9167004 603357584
512 936 9749088 603357584
512 937 9703832 603357584
512 938 9666637 603357584
512 939 9366128 603357584
512 940 9706968 603357584
512 941 10398135 603357584
512 942 9449267 603357584
512 943 9725102 603357584
512 944 10244824 603357584
512 945 9407356 603357584
512 946 9464704 603357584
512 947 9709659 603357584
512 948 9365098 603357584
512 949 9250150 603357584
512 950 9518529 603357584
512 951 10251291 603357584
512 952 9407409 603357584
512 953 9507525 603357584
512 954 9500678 603357584
512 955 9706439 603357584
512 956 10075488 603357584
512 957 9320102 603357584
512 958 9732407 603357584
512 959 9736030 603357584
512 960 9753183 603357584
512 961 10030501 603357584
512 962 9592538 603357584
512 963 9475381 603357584
512 964 9595010 603357584
512 965 9346964 603357584
512 966 9772150 603357584
512 967 9703175 603357584
512 968 10262012 603357584
512 969 9254372 603357584
512 970 9625117 603357584
512 971 9480111 603357584
512 972 9703287 603357584
512 973 9887624 603357584
512 974 9716387 603357584
512 975 9784290 603357584
512 976 9666270 603357584
512 977 9658368 603357584
512 978 9693390 603357584
512 979 9709477 603357584
512 980 9489944 603357584
512 981 9509880 603357584
512 982 9444007 603357584
512 983 10212467 603357584
512 984 9750054 603357584
512 985 10177723 603357584
512 986 9449181 603357584
512 987 9732743 603357584
512 988 9477107 603357584
512 989 9410126 603357584
512 990 10369989 603357584
512 991 9648239 603357584
512 992 9738391 603357584
512 993 9351682 603357584
512 994 9538906 603357584
512 995 10283066 603357584
512 996 9462876 603357584
512 997 9497131 603357584
512 998 9759043 603357584
512 999 9738934 603357584
