4 0 618 559
4 1 292 559
4 2 359 559
4 3 336 559
4 4 248 559
4 5 266 559
4 6 266 559
4 7 265 559
4 8 265 559
4 9 325 559
4 10 245 559
4 11 248 559
4 12 278 559
4 13 275 559
4 14 234 559
4 15 248 559
4 16 247 559
4 17 247 559
4 18 247 559
4 19 247 559
4 20 247 559
4 21 247 559
4 22 247 559
4 23 247 559
4 24 247 559
4 25 247 559
4 26 247 559
4 27 247 559
4 28 247 559
4 29 247 559
4 30 247 559
4 31 247 559
4 32 248 559
4 33 248 559
4 34 248 559
4 35 248 559
4 36 248 559
4 37 248 559
4 38 248 559
4 39 248 559
4 40 248 559
4 41 248 559
4 42 248 559
4 43 248 559
4 44 248 559
4 45 248 559
4 46 248 559
4 47 248 559
4 48 248 559
4 49 248 559
4 50 248 559
4 51 248 559
4 52 248 559
4 53 248 559
4 54 248 559
4 55 248 559
4 56 248 559
4 57 248 559
4 58 248 559
4 59 248 559
4 60 248 559
4 61 248 559
4 62 248 559
4 63 248 559
4 64 248 559
4 65 248 559
4 66 248 559
4 67 248 559
4 68 248 559
4 69 248 559
4 70 248 559
4 71 248 559
4 72 248 559
4 73 248 559
4 74 248 559
4 75 248 559
4 76 248 559
4 77 248 559
4 78 248 559
4 79 248 559
4 80 248 559
4 81 248 559
4 82 248 559
4 83 248 559
4 84 248 559
4 85 248 559
4 86 248 559
4 87 248 559
4 88 248 559
4 89 248 559
4 90 248 559
4 91 248 559
4 92 248 559
4 93 248 559
4 94 248 559
4 95 248 559
4 96 248 559
4 97 248 559
4 98 248 559
4 99 248 559
4 100 248 559
4 101 248 559
4 102 248 559
4 103 248 559
4 104 248 559
4 105 248 559
4 106 248 559
4 107 248 559
4 108 248 559
4 109 248 559
4 110 248 559
4 111 248 559
4 112 248 559
4 113 248 559
4 114 248 559
4 115 248 559
4 116 248 559
4 117 248 559
4 118 248 559
4 119 248 559
4 120 248 559
4 121 248 559
4 122 248 559
4 123 248 559
4 124 248 559
4 125 248 559
4 126 248 559
4 127 248 559
4 128 248 559
4 129 248 559
4 130 248 559
4 131 248 559
4 132 248 559
4 133 248 559
4 134 248 559
4 135 248 559
4 136 248 559
4 137 248 559
4 138 248 559
4 139 248 559
4 140 248 559
4 141 248 559
4 142 248 559
4 143 248 559
4 144 248 559
4 145 248 559
4 146 248 559
4 147 248 559
4 148 248 559
4 149 248 559
4 150 248 559
4 151 248 559
4 152 248 559
4 153 248 559
4 154 248 559
4 155 248 559
4 156 248 559
4 157 248 559
4 158 248 559
4 159 248 559
4 160 248 559
4 161 248 559
4 162 248 559
4 163 248 559
4 164 248 559
4 165 248 559
4 166 248 559
4 167 248 559
4 168 248 559
4 169 248 559
4 170 248 559
4 171 248 559
4 172 248 559
4 173 248 559
4 174 248 559
4 175 248 559
4 176 248 559
4 177 248 559
4 178 248 559
4 179 248 559
4 180 248 559
4 181 248 559
4 182 248 559
4 183 248 559
4 184 248 559
4 185 248 559
4 186 248 559
4 187 248 559
4 188 248 559
4 189 248 559
4 190 248 559
4 191 248 559
4 192 248 559
4 193 248 559
4 194 248 559
4 195 248 559
4 196 248 559
4 197 248 559
4 198 248 559
4 199 248 559
4 200 248 559
4 201 248 559
4 202 248 559
4 203 248 559
4 204 248 559
4 205 248 559
4 206 248 559
4 207 248 559
4 208 248 559
4 209 248 559
4 210 248 559
4 211 248 559
4 212 248 559
4 213 248 559
4 214 248 559
4 215 248 559
4 216 248 559
4 217 248 559
4 218 248 559
4 219 248 559
4 220 248 559
4 221 248 559
4 222 248 559
4 223 248 559
4 224 248 559
4 225 248 559
4 226 248 559
4 227 248 559
4 228 248 559
4 229 248 559
4 230 248 559
4 231 248 559
4 232 248 559
4 233 248 559
4 234 248 559
4 235 248 559
4 236 248 559
4 237 248 559
4 238 248 559
4 239 248 559
4 240 248 559
4 241 248 559
4 242 248 559
4 243 248 559
4 244 248 559
4 245 248 559
4 246 248 559
4 247 248 559
4 248 248 559
4 249 248 559
4 250 248 559
4 251 248 559
4 252 248 559
4 253 248 559
4 254 248 559
4 255 248 559
4 256 248 559
4 257 248 559
4 258 248 559
4 259 248 559
4 260 248 559
4 261 248 559
4 262 248 559
4 263 248 559
4 264 248 559
4 265 248 559
4 266 248 559
4 267 248 559
4 268 248 559
4 269 248 559
4 270 248 559
4 271 248 559
4 272 248 559
4 273 248 559
4 274 248 559
4 275 248 559
4 276 248 559
4 277 248 559
4 278 248 559
4 279 248 559
4 280 248 559
4 281 248 559
4 282 248 559
4 283 248 559
4 284 248 559
4 285 248 559
4 286 248 559
4 287 248 559
4 288 248 559
4 289 248 559
4 290 248 559
4 291 248 559
4 292 248 559
4 293 248 559
4 294 248 559
4 295 248 559
4 296 248 559
4 297 248 559
4 298 248 559
4 299 248 559
4 300 248 559
4 301 248 559
4 302 248 559
4 303 248 559
4 304 248 559
4 305 248 559
4 306 248 559
4 307 248 559
4 308 248 559
4 309 248 559
4 310 248 559
4 311 248 559
4 312 248 559
4 313 248 559
4 314 248 559
4 315 248 559
4 316 248 559
4 317 248 559
4 318 248 559
4 319 248 559
4 320 248 559
4 321 248 559
4 322 248 559
4 323 248 559
4 324 248 559
4 325 248 559
4 326 248 559
4 327 248 559
4 328 248 559
4 329 248 559
4 330 248 559
4 331 248 559
4 332 248 559
4 333 248 559
4 334 248 559
4 335 248 559
4 336 248 559
4 337 248 559
4 338 248 559
4 339 248 559
4 340 248 559
4 341 248 559
4 342 248 559
4 343 248 559
4 344 248 559
4 345 248 559
4 346 248 559
4 347 248 559
4 348 248 559
4 349 248 559
4 350 248 559
4 351 248 559
4 352 248 559
4 353 248 559
4 354 248 559
4 355 248 559
4 356 248 559
4 357 248 559
4 358 248 559
4 359 248 559
4 360 248 559
4 361 248 559
4 362 248 559
4 363 248 559
4 364 248 559
4 365 248 559
4 366 248 559
4 367 248 559
4 368 248 559
4 369 248 559
4 370 248 559
4 371 248 559
4 372 248 559
4 373 248 559
4 374 248 559
4 375 248 559
4 376 248 559
4 377 248 559
4 378 248 559
4 379 248 559
4 380 248 559
4 381 248 559
4 382 248 559
4 383 248 559
4 384 248 559
4 385 248 559
4 386 248 559
4 387 248 559
4 388 248 559
4 389 248 559
4 390 248 559
4 391 248 559
4 392 248 559
4 393 248 559
4 394 248 559
4 395 248 559
4 396 248 559
4 397 248 559
4 398 248 559
4 399 248 559
4 400 248 559
4 401 248 559
4 402 248 559
4 403 248 559
4 404 248 559
4 405 248 559
4 406 248 559
4 407 248 559
4 408 248 559
4 409 248 559
4 410 248 559
4 411 248 559
4 412 248 559
4 413 248 559
4 414 248 559
4 415 248 559
4 416 248 559
4 417 248 559
4 418 248 559
4 419 248 559
4 420 248 559
4 421 248 559
4 422 248 559
4 423 248 559
4 424 248 559
4 425 248 559
4 426 248 559
4 427 248 559
4 428 248 559
4 429 248 559
4 430 248 559
4 431 248 559
4 432 248 559
4 433 248 559
4 434 248 559
4 435 248 559
4 436 248 559
4 437 248 559
4 438 248 559
4 439 248 559
4 440 248 559
4 441 248 559
4 442 248 559
4 443 248 559
4 444 248 559
4 445 248 559
4 446 248 559
4 447 248 559
4 448 248 559
4 449 248 559
4 450 248 559
4 451 248 559
4 452 248 559
4 453 248 559
4 454 248 559
4 455 248 559
4 456 248 559
4 457 248 559
4 458 248 559
4 459 248 559
4 460 248 559
4 461 248 559
4 462 248 559
4 463 248 559
4 464 248 559
4 465 248 559
4 466 248 559
4 467 248 559
4 468 248 559
4 469 248 559
4 470 248 559
4 471 248 559
4 472 248 559
4 473 248 559
4 474 248 559
4 475 248 559
4 476 248 559
4 477 248 559
4 478 248 559
4 479 248 559
4 480 248 559
4 481 248 559
4 482 248 559
4 483 248 559
4 484 248 559
4 485 248 559
4 486 248 559
4 487 248 559
4 488 248 559
4 489 248 559
4 490 248 559
4 491 248 559
4 492 248 559
4 493 248 559
4 494 248 559
4 495 248 559
4 496 248 559
4 497 248 559
4 498 248 559
4 499 248 559
4 500 248 559
4 501 248 559
4 502 248 559
4 503 248 559
4 504 248 559
4 505 248 559
4 506 248 559
4 507 248 559
4 508 248 559
4 509 248 559
4 510 248 559
4 511 248 559
4 512 248 559
4 513 248 559
4 514 248 559
4 515 248 559
4 516 248 559
4 517 248 559
4 518 248 559
4 519 248 559
4 520 248 559
4 521 248 559
4 522 248 559
4 523 248 559
4 524 248 559
4 525 248 559
4 526 248 559
4 527 248 559
4 528 248 559
4 529 248 559
4 530 248 559
4 531 248 559
4 532 248 559
4 533 248 559
4 534 248 559
4 535 248 559
4 536 248 559
4 537 248 559
4 538 248 559
4 539 248 559
4 540 248 559
4 541 248 559
4 542 248 559
4 543 248 559
4 544 248 559
4 545 248 559
4 546 248 559
4 547 248 559
4 548 248 559
4 549 248 559
4 550 248 559
4 551 248 559
4 552 248 559
4 553 248 559
4 554 248 559
4 555 248 559
4 556 248 559
4 557 248 559
4 558 248 559
4 559 248 559
4 560 248 559
4 561 248 559
4 562 248 559
4 563 248 559
4 564 248 559
4 565 248 559
4 566 248 559
4 567 248 559
4 568 248 559
4 569 248 559
4 570 248 559
4 571 248 559
4 572 248 559
4 573 248 559
4 574 248 559
4 575 248 559
4 576 248 559
4 577 248 559
4 578 248 559
4 579 248 559
4 580 248 559
4 581 248 559
4 582 248 559
4 583 248 559
4 584 248 559
4 585 248 559
4 586 248 559
4 587 248 559
4 588 248 559
4 589 248 559
4 590 248 559
4 591 248 559
4 592 248 559
4 593 248 559
4 594 248 559
4 595 248 559
4 596 248 559
4 597 248 559
4 598 248 559
4 599 248 559
4 600 248 559
4 601 248 559
4 602 248 559
4 603 248 559
4 604 248 559
4 605 248 559
4 606 248 559
4 607 248 559
4 608 248 559
4 609 248 559
4 610 248 559
4 611 248 559
4 612 248 559
4 613 248 559
4 614 248 559
4 615 248 559
4 616 248 559
4 617 248 559
4 618 248 559
4 619 248 559
4 620 248 559
4 621 248 559
4 622 248 559
4 623 248 559
4 624 248 559
4 625 248 559
4 626 248 559
4 627 248 559
4 628 248 559
4 629 248 559
4 630 248 559
4 631 248 559
4 632 248 559
4 633 248 559
4 634 248 559
4 635 248 559
4 636 248 559
4 637 248 559
4 638 248 559
4 639 248 559
4 640 248 559
4 641 248 559
4 642 248 559
4 643 248 559
4 644 248 559
4 645 248 559
4 646 248 559
4 647 248 559
4 648 248 559
4 649 248 559
4 650 248 559
4 651 248 559
4 652 248 559
4 653 248 559
4 654 248 559
4 655 248 559
4 656 248 559
4 657 248 559
4 658 248 559
4 659 248 559
4 660 248 559
4 661 248 559
4 662 248 559
4 663 248 559
4 664 248 559
4 665 248 559
4 666 248 559
4 667 248 559
4 668 248 559
4 669 248 559
4 670 248 559
4 671 248 559
4 672 248 559
4 673 248 559
4 674 248 559
4 675 248 559
4 676 248 559
4 677 248 559
4 678 248 559
4 679 248 559
4 680 248 559
4 681 248 559
4 682 248 559
4 683 248 559
4 684 248 559
4 685 248 559
4 686 248 559
4 687 248 559
4 688 248 559
4 689 248 559
4 690 248 559
4 691 248 559
4 692 248 559
4 693 248 559
4 694 248 559
4 695 248 559
4 696 248 559
4 697 248 559
4 698 248 559
4 699 248 559
4 700 248 559
4 701 248 559
4 702 248 559
4 703 248 559
4 704 248 559
4 705 248 559
4 706 248 559
4 707 248 559
4 708 248 559
4 709 248 559
4 710 248 559
4 711 248 559
4 712 248 559
4 713 248 559
4 714 248 559
4 715 248 559
4 716 248 559
4 717 248 559
4 718 248 559
4 719 248 559
4 720 248 559
4 721 248 559
4 722 248 559
4 723 248 559
4 724 248 559
4 725 248 559
4 726 248 559
4 727 248 559
4 728 248 559
4 729 248 559
4 730 248 559
4 731 248 559
4 732 248 559
4 733 248 559
4 734 248 559
4 735 248 559
4 736 248 559
4 737 248 559
4 738 248 559
4 739 248 559
4 740 248 559
4 741 248 559
4 742 248 559
4 743 248 559
4 744 248 559
4 745 248 559
4 746 248 559
4 747 248 559
4 748 248 559
4 749 248 559
4 750 248 559
4 751 248 559
4 752 248 559
4 753 248 559
4 754 248 559
4 755 248 559
4 756 248 559
4 757 248 559
4 758 248 559
4 759 248 559
4 760 248 559
4 761 248 559
4 762 248 559
4 763 248 559
4 764 248 559
4 765 248 559
4 766 248 559
4 767 248 559
4 768 248 559
4 769 248 559
4 770 248 559
4 771 248 559
4 772 248 559
4 773 248 559
4 774 248 559
4 775 248 559
4 776 248 559
4 777 248 559
4 778 248 559
4 779 248 559
4 780 248 559
4 781 248 559
4 782 248 559
4 783 248 559
4 784 248 559
4 785 248 559
4 786 248 559
4 787 248 559
4 788 248 559
4 789 248 559
4 790 248 559
4 791 248 559
4 792 248 559
4 793 248 559
4 794 248 559
4 795 248 559
4 796 248 559
4 797 248 559
4 798 248 559
4 799 248 559
4 800 248 559
4 801 248 559
4 802 248 559
4 803 248 559
4 804 248 559
4 805 248 559
4 806 248 559
4 807 248 559
4 808 248 559
4 809 248 559
4 810 248 559
4 811 248 559
4 812 248 559
4 813 248 559
4 814 248 559
4 815 248 559
4 816 248 559
4 817 248 559
4 818 248 559
4 819 248 559
4 820 248 559
4 821 248 559
4 822 248 559
4 823 248 559
4 824 248 559
4 825 248 559
4 826 248 559
4 827 248 559
4 828 248 559
4 829 248 559
4 830 248 559
4 831 248 559
4 832 248 559
4 833 248 559
4 834 248 559
4 835 248 559
4 836 248 559
4 837 248 559
4 838 248 559
4 839 248 559
4 840 248 559
4 841 248 559
4 842 248 559
4 843 248 559
4 844 248 559
4 845 248 559
4 846 248 559
4 847 248 559
4 848 248 559
4 849 248 559
4 850 248 559
4 851 248 559
4 852 248 559
4 853 248 559
4 854 248 559
4 855 248 559
4 856 248 559
4 857 248 559
4 858 248 559
4 859 248 559
4 860 248 559
4 861 248 559
4 862 248 559
4 863 248 559
4 864 248 559
4 865 248 559
4 866 248 559
4 867 248 559
4 868 248 559
4 869 248 559
4 870 248 559
4 871 248 559
4 872 248 559
4 873 248 559
4 874 248 559
4 875 248 559
4 876 248 559
4 877 248 559
4 878 248 559
4 879 248 559
4 880 248 559
4 881 248 559
4 882 248 559
4 883 248 559
4 884 248 559
4 885 248 559
4 886 248 559
4 887 248 559
4 888 248 559
4 889 248 559
4 890 248 559
4 891 248 559
4 892 248 559
4 893 248 559
4 894 248 559
4 895 248 559
4 896 248 559
4 897 248 559
4 898 248 559
4 899 248 559
4 900 248 559
4 901 248 559
4 902 248 559
4 903 248 559
4 904 248 559
4 905 248 559
4 906 248 559
4 907 248 559
4 908 248 559
4 909 248 559
4 910 248 559
4 911 248 559
4 912 248 559
4 913 248 559
4 914 248 559
4 915 248 559
4 916 248 559
4 917 248 559
4 918 248 559
4 919 248 559
4 920 248 559
4 921 248 559
4 922 248 559
4 923 248 559
4 924 248 559
4 925 248 559
4 926 248 559
4 927 248 559
4 928 248 559
4 929 248 559
4 930 248 559
4 931 248 559
4 932 248 559
4 933 248 559
4 934 248 559
4 935 248 559
4 936 248 559
4 937 248 559
4 938 248 559
4 939 248 559
4 940 248 559
4 941 248 559
4 942 248 559
4 943 248 559
4 944 248 559
4 945 248 559
4 946 248 559
4 947 248 559
4 948 248 559
4 949 248 559
4 950 248 559
4 951 248 559
4 952 248 559
4 953 248 559
4 954 248 559
4 955 248 559
4 956 248 559
4 957 248 559
4 958 248 559
4 959 248 559
4 960 248 559
4 961 248 559
4 962 248 559
4 963 248 559
4 964 248 559
4 965 248 559
4 966 248 559
4 967 248 559
4 968 248 559
4 969 248 559
4 970 248 559
4 971 248 559
4 972 248 559
4 973 248 559
4 974 248 559
4 975 248 559
4 976 248 559
4 977 248 559
4 978 248 559
4 979 248 559
4 980 248 559
4 981 248 559
4 982 248 559
4 983 248 559
4 984 248 559
4 985 248 559
4 986 248 559
4 987 248 559
4 988 248 559
4 989 248 559
4 990 248 559
4 991 248 559
4 992 248 559
4 993 248 559
4 994 248 559
4 995 248 559
4 996 248 559
4 997 248 559
4 998 248 559
4 999 248 559
