512 0 473419 603357369
512 1 376163 603357369
512 2 374079 603357369
512 3 375032 603357369
512 4 374247 603357369
512 5 376487 603357369
512 6 374315 603357369
512 7 374119 603357369
512 8 371944 603357369
512 9 372392 603357369
512 10 373811 603357369
512 11 375027 603357369
512 12 371035 603357369
512 13 374780 603357369
512 14 375076 603357369
512 15 373959 603357369
512 16 374943 603357369
512 17 374767 603357369
512 18 374662 603357369
512 19 375384 603357369
512 20 376111 603357369
512 21 373119 603357369
512 22 373943 603357369
512 23 374584 603357369
512 24 378288 603357369
512 25 376311 603357369
512 26 372787 603357369
512 27 371159 603357369
512 28 375759 603357369
512 29 372708 603357369
512 30 373380 603357369
512 31 379807 603357369
512 32 372047 603357369
512 33 373303 603357369
512 34 374172 603357369
512 35 373648 603357369
512 36 373087 603357369
512 37 372279 603357369
512 38 373335 603357369
512 39 372452 603357369
512 40 371848 603357369
512 41 374291 603357369
512 42 373767 603357369
512 43 371827 603357369
512 44 375924 603357369
512 45 372144 603357369
512 46 371139 603357369
512 47 376851 603357369
512 48 372175 603357369
512 49 375024 603357369
512 50 372836 603357369
512 51 372543 603357369
512 52 376879 603357369
512 53 377330 603357369
512 54 373667 603357369
512 55 373148 603357369
512 56 372812 603357369
512 57 373007 603357369
512 58 375759 603357369
512 59 374315 603357369
512 60 373396 603357369
512 61 373432 603357369
512 62 372051 603357369
512 63 374751 603357369
512 64 376715 603357369
512 65 376796 603357369
512 66 372960 603357369
512 67 369887 603357369
512 68 371695 603357369
512 69 374563 603357369
512 70 377576 603357369
512 71 377776 603357369
512 72 373997 603357369
512 73 375275 603357369
512 74 374479 603357369
512 75 374443 603357369
512 76 371568 603357369
512 77 373992 603357369
512 78 375287 603357369
512 79 372455 603357369
512 80 373731 603357369
512 81 372668 603357369
512 82 373224 603357369
512 83 374627 603357369
512 84 373999 603357369
512 85 374967 603357369
512 86 369648 603357369
512 87 369452 603357369
512 88 372799 603357369
512 89 370947 603357369
512 90 377651 603357369
512 91 372740 603357369
512 92 375056 603357369
512 93 374483 603357369
512 94 372015 603357369
512 95 374007 603357369
512 96 374348 603357369
512 97 372012 603357369
512 98 376067 603357369
512 99 370027 603357369
512 100 368939 603357369
512 101 372592 603357369
512 102 371672 603357369
512 103 374419 603357369
512 104 374463 603357369
512 105 372819 603357369
512 106 374891 603357369
512 107 372028 603357369
512 108 373876 603357369
512 109 372667 603357369
512 110 374167 603357369
512 111 370335 603357369
512 112 372808 603357369
512 113 373376 603357369
512 114 372587 603357369
512 115 373287 603357369
512 116 373803 603357369
512 117 376576 603357369
512 118 372768 603357369
512 119 371147 603357369
512 120 373667 603357369
512 121 375111 603357369
512 122 376556 603357369
512 123 371308 603357369
512 124 372827 603357369
512 125 372803 603357369
512 126 372863 603357369
512 127 373404 603357369
512 128 376228 603357369
512 129 373859 603357369
512 130 375643 603357369
512 131 376087 603357369
512 132 373331 603357369
512 133 372608 603357369
512 134 371020 603357369
512 135 372443 603357369
512 136 376315 603357369
512 137 372347 603357369
512 138 374304 603357369
512 139 372668 603357369
512 140 374411 603357369
512 141 371427 603357369
512 142 374075 603357369
512 143 373045 603357369
512 144 371640 603357369
512 145 373799 603357369
512 146 374703 603357369
512 147 376751 603357369
512 148 368668 603357369
512 149 375332 603357369
512 150 372415 603357369
512 151 371831 603357369
512 152 373355 603357369
512 153 371972 603357369
512 154 373132 603357369
512 155 376475 603357369
512 156 373639 603357369
512 157 374967 603357369
512 158 373919 603357369
512 159 374220 603357369
512 160 375472 603357369
512 161 376903 603357369
512 162 374459 603357369
512 163 374787 603357369
512 164 375140 603357369
512 165 373472 603357369
512 166 372751 603357369
512 167 371563 603357369
512 168 377283 603357369
512 169 372384 603357369
512 170 373140 603357369
512 171 372755 603357369
512 172 373903 603357369
512 173 370103 603357369
512 174 375096 603357369
512 175 373193 603357369
512 176 373499 603357369
512 177 372155 603357369
512 178 376691 603357369
512 179 371704 603357369
512 180 371696 603357369
512 181 373947 603357369
512 182 372471 603357369
512 183 375011 603357369
512 184 375439 603357369
512 185 373448 603357369
512 186 369274 603357369
512 187 374955 603357369
512 188 373295 603357369
512 189 376759 603357369
512 190 372956 603357369
512 191 372492 603357369
512 192 370735 603357369
512 193 376755 603357369
512 194 371235 603357369
512 195 375392 603357369
512 196 374728 603357369
512 197 374659 603357369
512 198 374595 603357369
512 199 371691 603357369
512 200 374120 603357369
512 201 373304 603357369
512 202 371979 603357369
512 203 376515 603357369
512 204 371215 603357369
512 205 372432 603357369
512 206 371976 603357369
512 207 370651 603357369
512 208 369127 603357369
512 209 373759 603357369
512 210 372216 603357369
512 211 376052 603357369
512 212 371047 603357369
512 213 373551 603357369
512 214 370739 603357369
512 215 370407 603357369
512 216 373772 603357369
512 217 373908 603357369
512 218 372895 603357369
512 219 374859 603357369
512 220 375499 603357369
512 221 373456 603357369
512 222 371272 603357369
512 223 376211 603357369
512 224 378163 603357369
512 225 375023 603357369
512 226 377372 603357369
512 227 370944 603357369
512 228 372439 603357369
512 229 373619 603357369
512 230 377047 603357369
512 231 371172 603357369
512 232 374728 603357369
512 233 375327 603357369
512 234 375079 603357369
512 235 370023 603357369
512 236 377740 603357369
512 237 375600 603357369
512 238 372519 603357369
512 239 376119 603357369
512 240 371347 603357369
512 241 373691 603357369
512 242 375504 603357369
512 243 374820 603357369
512 244 373891 603357369
512 245 373743 603357369
512 246 371455 603357369
512 247 373784 603357369
512 248 372708 603357369
512 249 372628 603357369
512 250 373027 603357369
512 251 371635 603357369
512 252 371624 603357369
512 253 375032 603357369
512 254 376255 603357369
512 255 376931 603357369
512 256 373191 603357369
512 257 373368 603357369
512 258 373244 603357369
512 259 371671 603357369
512 260 375063 603357369
512 261 372123 603357369
512 262 372820 603357369
512 263 370920 603357369
512 264 373236 603357369
512 265 376479 603357369
512 266 374423 603357369
512 267 374375 603357369
512 268 373672 603357369
512 269 372900 603357369
512 270 373787 603357369
512 271 376787 603357369
512 272 375731 603357369
512 273 374396 603357369
512 274 372320 603357369
512 275 372271 603357369
512 276 372199 603357369
512 277 376015 603357369
512 278 369424 603357369
512 279 374800 603357369
512 280 373727 603357369
512 281 373231 603357369
512 282 376407 603357369
512 283 372388 603357369
512 284 374252 603357369
512 285 375303 603357369
512 286 369798 603357369
512 287 373811 603357369
512 288 373079 603357369
512 289 371196 603357369
512 290 377595 603357369
512 291 369947 603357369
512 292 373627 603357369
512 293 370719 603357369
512 294 372372 603357369
512 295 377019 603357369
512 296 372727 603357369
512 297 373927 603357369
512 298 373203 603357369
512 299 372264 603357369
512 300 371764 603357369
512 301 373915 603357369
512 302 371187 603357369
512 303 376707 603357369
512 304 377172 603357369
512 305 374020 603357369
512 306 375175 603357369
512 307 374391 603357369
512 308 370883 603357369
512 309 375796 603357369
512 310 371900 603357369
512 311 373387 603357369
512 312 373943 603357369
512 313 375507 603357369
512 314 374371 603357369
512 315 375156 603357369
512 316 374432 603357369
512 317 375567 603357369
512 318 374675 603357369
512 319 373199 603357369
512 320 370296 603357369
512 321 377448 603357369
512 322 372727 603357369
512 323 373479 603357369
512 324 376351 603357369
512 325 375288 603357369
512 326 375464 603357369
512 327 377475 603357369
512 328 376231 603357369
512 329 372303 603357369
512 330 373740 603357369
512 331 371184 603357369
512 332 374567 603357369
512 333 371235 603357369
512 334 377987 603357369
512 335 376936 603357369
512 336 374136 603357369
512 337 375375 603357369
512 338 371215 603357369
512 339 376439 603357369
512 340 373791 603357369
512 341 372328 603357369
512 342 371820 603357369
512 343 373843 603357369
512 344 376839 603357369
512 345 374127 603357369
512 346 373372 603357369
512 347 375120 603357369
512 348 373751 603357369
512 349 371839 603357369
512 350 376263 603357369
512 351 371428 603357369
512 352 372892 603357369
512 353 371167 603357369
512 354 371399 603357369
512 355 374427 603357369
512 356 375008 603357369
512 357 374676 603357369
512 358 376607 603357369
512 359 374299 603357369
512 360 378807 603357369
512 361 378136 603357369
512 362 374676 603357369
512 363 373515 603357369
512 364 370399 603357369
512 365 375859 603357369
512 366 375791 603357369
512 367 375172 603357369
512 368 375480 603357369
512 369 372831 603357369
512 370 373827 603357369
512 371 375823 603357369
512 372 379972 603357369
512 373 374748 603357369
512 374 376519 603357369
512 375 372423 603357369
512 376 374707 603357369
512 377 374136 603357369
512 378 374556 603357369
512 379 374671 603357369
512 380 373267 603357369
512 381 374711 603357369
512 382 373120 603357369
512 383 374140 603357369
512 384 371763 603357369
512 385 373887 603357369
512 386 375355 603357369
512 387 368367 603357369
512 388 374184 603357369
512 389 375139 603357369
512 390 371579 603357369
512 391 376427 603357369
512 392 379431 603357369
512 393 374840 603357369
512 394 372224 603357369
512 395 372799 603357369
512 396 373951 603357369
512 397 372359 603357369
512 398 373788 603357369
512 399 374352 603357369
512 400 374831 603357369
512 401 373059 603357369
512 402 377199 603357369
512 403 373032 603357369
512 404 377604 603357369
512 405 372799 603357369
512 406 372631 603357369
512 407 370290 603357369
512 408 373976 603357369
512 409 373656 603357369
512 410 371819 603357369
512 411 375787 603357369
512 412 374527 603357369
512 413 371955 603357369
512 414 375140 603357369
512 415 368700 603357369
512 416 373735 603357369
512 417 374947 603357369
512 418 373579 603357369
512 419 373392 603357369
512 420 377392 603357369
512 421 375099 603357369
512 422 376267 603357369
512 423 368003 603357369
512 424 372648 603357369
512 425 375008 603357369
512 426 374327 603357369
512 427 375427 603357369
512 428 374859 603357369
512 429 376556 603357369
512 430 371064 603357369
512 431 377159 603357369
512 432 377163 603357369
512 433 373739 603357369
512 434 372484 603357369
512 435 377496 603357369
512 436 376303 603357369
512 437 374815 603357369
512 438 373091 603357369
512 439 372963 603357369
512 440 372072 603357369
512 441 371968 603357369
512 442 376555 603357369
512 443 375535 603357369
512 444 373863 603357369
512 445 375164 603357369
512 446 376776 603357369
512 447 373107 603357369
512 448 373587 603357369
512 449 372703 603357369
512 450 374948 603357369
512 451 369736 603357369
512 452 374003 603357369
512 453 371367 603357369
512 454 373787 603357369
512 455 372144 603357369
512 456 373152 603357369
512 457 371151 603357369
512 458 373583 603357369
512 459 375535 603357369
512 460 373032 603357369
512 461 373776 603357369
512 462 370767 603357369
512 463 373559 603357369
512 464 369835 603357369
512 465 376400 603357369
512 466 374160 603357369
512 467 374451 603357369
512 468 376411 603357369
512 469 376114 603357369
512 470 374995 603357369
512 471 375024 603357369
512 472 375216 603357369
512 473 370951 603357369
512 474 373743 603357369
512 475 371007 603357369
512 476 378768 603357369
512 477 374540 603357369
512 478 373675 603357369
512 479 373879 603357369
512 480 371975 603357369
512 481 375920 603357369
512 482 372840 603357369
512 483 374116 603357369
512 484 373563 603357369
512 485 375019 603357369
512 486 370268 603357369
512 487 371000 603357369
512 488 372343 603357369
512 489 375455 603357369
512 490 371587 603357369
512 491 372892 603357369
512 492 371876 603357369
512 493 375295 603357369
512 494 374831 603357369
512 495 374183 603357369
512 496 372711 603357369
512 497 375316 603357369
512 498 373388 603357369
512 499 375071 603357369
512 500 376515 603357369
512 501 374819 603357369
512 502 369904 603357369
512 503 371628 603357369
512 504 380287 603357369
512 505 372811 603357369
512 506 374703 603357369
512 507 378152 603357369
512 508 375860 603357369
512 509 377319 603357369
512 510 370931 603357369
512 511 370731 603357369
512 512 368904 603357369
512 513 372220 603357369
512 514 372439 603357369
512 515 376103 603357369
512 516 373207 603357369
512 517 371836 603357369
512 518 372592 603357369
512 519 376203 603357369
512 520 374851 603357369
512 521 374823 603357369
512 522 370695 603357369
512 523 371612 603357369
512 524 374252 603357369
512 525 372071 603357369
512 526 374591 603357369
512 527 370483 603357369
512 528 374248 603357369
512 529 372992 603357369
512 530 371655 603357369
512 531 374623 603357369
512 532 375495 603357369
512 533 373016 603357369
512 534 375320 603357369
512 535 372691 603357369
512 536 373147 603357369
512 537 373255 603357369
512 538 372312 603357369
512 539 372424 603357369
512 540 370855 603357369
512 541 373803 603357369
512 542 375031 603357369
512 543 376552 603357369
512 544 373916 603357369
512 545 371447 603357369
512 546 374651 603357369
512 547 376195 603357369
512 548 373095 603357369
512 549 371220 603357369
512 550 370904 603357369
512 551 373295 603357369
512 552 373483 603357369
512 553 374583 603357369
512 554 369944 603357369
512 555 375264 603357369
512 556 375395 603357369
512 557 372399 603357369
512 558 373831 603357369
512 559 371212 603357369
512 560 376264 603357369
512 561 375291 603357369
512 562 374459 603357369
512 563 373955 603357369
512 564 374260 603357369
512 565 372524 603357369
512 566 374431 603357369
512 567 374043 603357369
512 568 371111 603357369
512 569 374688 603357369
512 570 372692 603357369
512 571 374631 603357369
512 572 372975 603357369
512 573 372075 603357369
512 574 374120 603357369
512 575 370512 603357369
512 576 374351 603357369
512 577 373135 603357369
512 578 372271 603357369
512 579 375167 603357369
512 580 368328 603357369
512 581 373604 603357369
512 582 371903 603357369
512 583 376249 603357369
512 584 375647 603357369
512 585 372268 603357369
512 586 375068 603357369
512 587 373647 603357369
512 588 374207 603357369
512 589 373115 603357369
512 590 375728 603357369
512 591 371984 603357369
512 592 370999 603357369
512 593 372491 603357369
512 594 372758 603357369
512 595 372704 603357369
512 596 376104 603357369
512 597 372275 603357369
512 598 374579 603357369
512 599 372267 603357369
512 600 376552 603357369
512 601 370752 603357369
512 602 374843 603357369
512 603 376067 603357369
512 604 375619 603357369
512 605 374507 603357369
512 606 373716 603357369
512 607 374052 603357369
512 608 370323 603357369
512 609 376551 603357369
512 610 372679 603357369
512 611 375152 603357369
512 612 372972 603357369
512 613 372343 603357369
512 614 371183 603357369
512 615 374371 603357369
512 616 374624 603357369
512 617 372828 603357369
512 618 373887 603357369
512 619 370235 603357369
512 620 373151 603357369
512 621 371236 603357369
512 622 369648 603357369
512 623 372591 603357369
512 624 373275 603357369
512 625 372567 603357369
512 626 374468 603357369
512 627 376196 603357369
512 628 368919 603357369
512 629 374347 603357369
512 630 372899 603357369
512 631 375724 603357369
512 632 375864 603357369
512 633 374051 603357369
512 634 373407 603357369
512 635 376427 603357369
512 636 371103 603357369
512 637 371352 603357369
512 638 376224 603357369
512 639 373015 603357369
512 640 374215 603357369
512 641 373495 603357369
512 642 375904 603357369
512 643 372532 603357369
512 644 371419 603357369
512 645 371131 603357369
512 646 373667 603357369
512 647 370300 603357369
512 648 373244 603357369
512 649 374783 603357369
512 650 372111 603357369
512 651 373355 603357369
512 652 372680 603357369
512 653 375452 603357369
512 654 373163 603357369
512 655 370391 603357369
512 656 372867 603357369
512 657 374364 603357369
512 658 372260 603357369
512 659 373327 603357369
512 660 375367 603357369
512 661 372183 603357369
512 662 374078 603357369
512 663 370824 603357369
512 664 375391 603357369
512 665 373899 603357369
512 666 374107 603357369
512 667 370759 603357369
512 668 377220 603357369
512 669 372728 603357369
512 670 373471 603357369
512 671 374011 603357369
512 672 374559 603357369
512 673 369324 603357369
512 674 372184 603357369
512 675 373859 603357369
512 676 375959 603357369
512 677 372031 603357369
512 678 377224 603357369
512 679 374668 603357369
512 680 375631 603357369
512 681 372879 603357369
512 682 375037 603357369
512 683 373400 603357369
512 684 372868 603357369
512 685 374607 603357369
512 686 376303 603357369
512 687 375287 603357369
512 688 374188 603357369
512 689 374440 603357369
512 690 374787 603357369
512 691 372931 603357369
512 692 372787 603357369
512 693 376251 603357369
512 694 375780 603357369
512 695 368580 603357369
512 696 376715 603357369
512 697 376443 603357369
512 698 371111 603357369
512 699 374992 603357369
512 700 370912 603357369
512 701 376543 603357369
512 702 372239 603357369
512 703 371879 603357369
512 704 376600 603357369
512 705 375036 603357369
512 706 372787 603357369
512 707 371431 603357369
512 708 373795 603357369
512 709 374716 603357369
512 710 372324 603357369
512 711 371015 603357369
512 712 375819 603357369
512 713 374615 603357369
512 714 373068 603357369
512 715 372348 603357369
512 716 373715 603357369
512 717 376747 603357369
512 718 371835 603357369
512 719 375011 603357369
512 720 372316 603357369
512 721 376296 603357369
512 722 373107 603357369
512 723 371643 603357369
512 724 371359 603357369
512 725 377412 603357369
512 726 377976 603357369
512 727 374939 603357369
512 728 371623 603357369
512 729 374439 603357369
512 730 375004 603357369
512 731 372948 603357369
512 732 377603 603357369
512 733 373283 603357369
512 734 374379 603357369
512 735 376048 603357369
512 736 373564 603357369
512 737 372835 603357369
512 738 377427 603357369
512 739 374131 603357369
512 740 376591 603357369
512 741 372532 603357369
512 742 375992 603357369
512 743 372895 603357369
512 744 377167 603357369
512 745 374407 603357369
512 746 371708 603357369
512 747 373004 603357369
512 748 367723 603357369
512 749 373291 603357369
512 750 373768 603357369
512 751 370152 603357369
512 752 372512 603357369
512 753 373415 603357369
512 754 377439 603357369
512 755 373983 603357369
512 756 374602 603357369
512 757 372060 603357369
512 758 373959 603357369
512 759 369931 603357369
512 760 375907 603357369
512 761 374648 603357369
512 762 374136 603357369
512 763 374367 603357369
512 764 374751 603357369
512 765 373719 603357369
512 766 376507 603357369
512 767 372668 603357369
512 768 375192 603357369
512 769 375883 603357369
512 770 375127 603357369
512 771 369202 603357369
512 772 377716 603357369
512 773 374844 603357369
512 774 371555 603357369
512 775 374771 603357369
512 776 373911 603357369
512 777 373336 603357369
512 778 371972 603357369
512 779 370987 603357369
512 780 373955 603357369
512 781 376059 603357369
512 782 373284 603357369
512 783 372584 603357369
512 784 374455 603357369
512 785 376959 603357369
512 786 371367 603357369
512 787 371128 603357369
512 788 373908 603357369
512 789 376999 603357369
512 790 371635 603357369
512 791 374847 603357369
512 792 374035 603357369
512 793 373208 603357369
512 794 375416 603357369
512 795 371039 603357369
512 796 371599 603357369
512 797 377199 603357369
512 798 373944 603357369
512 799 376720 603357369
512 800 374219 603357369
512 801 372095 603357369
512 802 371771 603357369
512 803 374348 603357369
512 804 372600 603357369
512 805 374497 603357369
512 806 374239 603357369
512 807 376215 603357369
512 808 373792 603357369
512 809 371628 603357369
512 810 370399 603357369
512 811 375638 603357369
512 812 376759 603357369
512 813 373632 603357369
512 814 371476 603357369
512 815 375167 603357369
512 816 372771 603357369
512 817 372587 603357369
512 818 370335 603357369
512 819 372636 603357369
512 820 373452 603357369
512 821 375287 603357369
512 822 373487 603357369
512 823 376015 603357369
512 824 374084 603357369
512 825 378168 603357369
512 826 373039 603357369
512 827 374679 603357369
512 828 375234 603357369
512 829 373464 603357369
512 830 372760 603357369
512 831 375447 603357369
512 832 376279 603357369
512 833 375155 603357369
512 834 374832 603357369
512 835 376284 603357369
512 836 374167 603357369
512 837 376783 603357369
512 838 375811 603357369
512 839 373487 603357369
512 840 373628 603357369
512 841 372844 603357369
512 842 374799 603357369
512 843 373235 603357369
512 844 373647 603357369
512 845 374004 603357369
512 846 371732 603357369
512 847 373323 603357369
512 848 371939 603357369
512 849 376271 603357369
512 850 373468 603357369
512 851 373740 603357369
512 852 376731 603357369
512 853 373811 603357369
512 854 374231 603357369
512 855 370220 603357369
512 856 371140 603357369
512 857 376207 603357369
512 858 372935 603357369
512 859 373519 603357369
512 860 370924 603357369
512 861 373388 603357369
512 862 376451 603357369
512 863 374103 603357369
512 864 370903 603357369
512 865 374276 603357369
512 866 371600 603357369
512 867 370715 603357369
512 868 376959 603357369
512 869 377959 603357369
512 870 373635 603357369
512 871 373624 603357369
512 872 376873 603357369
512 873 376523 603357369
512 874 374803 603357369
512 875 369279 603357369
512 876 372591 603357369
512 877 373692 603357369
512 878 372007 603357369
512 879 371419 603357369
512 880 373427 603357369
512 881 375648 603357369
512 882 374552 603357369
512 883 376715 603357369
512 884 374499 603357369
512 885 371115 603357369
512 886 371324 603357369
512 887 372388 603357369
512 888 373747 603357369
512 889 370507 603357369
512 890 373435 603357369
512 891 372476 603357369
512 892 370140 603357369
512 893 375203 603357369
512 894 370907 603357369
512 895 375831 603357369
512 896 374735 603357369
512 897 372836 603357369
512 898 373648 603357369
512 899 373999 603357369
512 900 369275 603357369
512 901 372715 603357369
512 902 373240 603357369
512 903 371520 603357369
512 904 374275 603357369
512 905 376199 603357369
512 906 374287 603357369
512 907 373028 603357369
512 908 371928 603357369
512 909 377267 603357369
512 910 373863 603357369
512 911 373011 603357369
512 912 372596 603357369
512 913 369800 603357369
512 914 372523 603357369
512 915 376075 603357369
512 916 370583 603357369
512 917 372484 603357369
512 918 377152 603357369
512 919 369919 603357369
512 920 375023 603357369
512 921 370075 603357369
512 922 372063 603357369
512 923 371328 603357369
512 924 373663 603357369
512 925 373991 603357369
512 926 376743 603357369
512 927 375135 603357369
512 928 378220 603357369
512 929 373892 603357369
512 930 371471 603357369
512 931 377427 603357369
512 932 377939 603357369
512 933 375484 603357369
512 934 377792 603357369
512 935 375567 603357369
512 936 375319 603357369
512 937 375315 603357369
512 938 373136 603357369
512 939 372592 603357369
512 940 372903 603357369
512 941 369095 603357369
512 942 372915 603357369
512 943 371148 603357369
512 944 372340 603357369
512 945 374975 603357369
512 946 373651 603357369
512 947 375248 603357369
512 948 372740 603357369
512 949 374052 603357369
512 950 370995 603357369
512 951 372567 603357369
512 952 375595 603357369
512 953 372899 603357369
512 954 374464 603357369
512 955 376304 603357369
512 956 374750 603357369
512 957 378303 603357369
512 958 373999 603357369
512 959 372060 603357369
512 960 375808 603357369
512 961 373991 603357369
512 962 375883 603357369
512 963 372459 603357369
512 964 374772 603357369
512 965 375972 603357369
512 966 374199 603357369
512 967 372099 603357369
512 968 373731 603357369
512 969 374792 603357369
512 970 374668 603357369
512 971 373603 603357369
512 972 375779 603357369
512 973 374351 603357369
512 974 375483 603357369
512 975 376304 603357369
512 976 375720 603357369
512 977 371827 603357369
512 978 373847 603357369
512 979 373463 603357369
512 980 374724 603357369
512 981 375916 603357369
512 982 376383 603357369
512 983 375503 603357369
512 984 372343 603357369
512 985 373404 603357369
512 986 371844 603357369
512 987 374223 603357369
512 988 373091 603357369
512 989 373859 603357369
512 990 376252 603357369
512 991 374312 603357369
512 992 378715 603357369
512 993 372891 603357369
512 994 377375 603357369
512 995 373468 603357369
512 996 374188 603357369
512 997 376639 603357369
512 998 376657 603357369
512 999 374619 603357369
