128 0 100531 4237354118
128 1 100714 4237354118
128 2 100863 4237354118
128 3 100804 4237354118
128 4 100751 4237354118
128 5 101023 4237354118
128 6 100695 4237354118
128 7 100912 4237354118
128 8 101147 4237354118
128 9 100579 4237354118
128 10 100741 4237354118
128 11 100955 4237354118
128 12 100722 4237354118
128 13 101004 4237354118
128 14 100790 4237354118
128 15 100915 4237354118
128 16 100533 4237354118
128 17 100330 4237354118
128 18 100715 4237354118
128 19 100913 4237354118
128 20 100600 4237354118
128 21 100809 4237354118
128 22 101094 4237354118
128 23 100483 4237354118
128 24 100767 4237354118
128 25 100527 4237354118
128 26 101063 4237354118
128 27 100625 4237354118
128 28 100711 4237354118
128 29 100470 4237354118
128 30 100710 4237354118
128 31 101017 4237354118
128 32 100600 4237354118
128 33 100285 4237354118
128 34 101166 4237354118
128 35 100671 4237354118
128 36 100887 4237354118
128 37 100310 4237354118
128 38 101000 4237354118
128 39 100574 4237354118
128 40 100552 4237354118
128 41 100384 4237354118
128 42 100855 4237354118
128 43 101035 4237354118
128 44 100920 4237354118
128 45 100797 4237354118
128 46 101317 4237354118
128 47 100508 4237354118
128 48 100610 4237354118
128 49 100686 4237354118
128 50 100701 4237354118
128 51 101152 4237354118
128 52 100987 4237354118
128 53 101027 4237354118
128 54 100813 4237354118
128 55 101206 4237354118
128 56 100454 4237354118
128 57 100613 4237354118
128 58 100677 4237354118
128 59 100718 4237354118
128 60 100628 4237354118
128 61 101549 4237354118
128 62 100590 4237354118
128 63 101030 4237354118
128 64 100652 4237354118
128 65 100436 4237354118
128 66 100874 4237354118
128 67 101064 4237354118
128 68 100519 4237354118
128 69 100495 4237354118
128 70 100602 4237354118
128 71 100811 4237354118
128 72 100856 4237354118
128 73 100935 4237354118
128 74 100742 4237354118
128 75 100759 4237354118
128 76 101878 4237354118
128 77 100821 4237354118
128 78 100544 4237354118
128 79 100723 4237354118
128 80 100626 4237354118
128 81 100593 4237354118
128 82 101100 4237354118
128 83 100335 4237354118
128 84 100627 4237354118
128 85 100657 4237354118
128 86 100569 4237354118
128 87 100583 4237354118
128 88 100781 4237354118
128 89 100942 4237354118
128 90 100670 4237354118
128 91 101732 4237354118
128 92 101076 4237354118
128 93 101057 4237354118
128 94 100659 4237354118
128 95 100172 4237354118
128 96 100875 4237354118
128 97 100273 4237354118
128 98 101084 4237354118
128 99 100723 4237354118
128 100 100684 4237354118
128 101 101149 4237354118
128 102 100725 4237354118
128 103 101843 4237354118
128 104 100714 4237354118
128 105 100650 4237354118
128 106 100751 4237354118
128 107 100799 4237354118
128 108 100832 4237354118
128 109 100694 4237354118
128 110 100691 4237354118
128 111 101015 4237354118
128 112 100705 4237354118
128 113 100385 4237354118
128 114 100896 4237354118
128 115 100937 4237354118
128 116 101285 4237354118
128 117 100611 4237354118
128 118 100670 4237354118
128 119 100881 4237354118
128 120 100752 4237354118
128 121 100997 4237354118
128 122 100987 4237354118
128 123 100328 4237354118
128 124 100571 4237354118
128 125 100408 4237354118
128 126 101329 4237354118
128 127 100602 4237354118
128 128 100946 4237354118
128 129 101081 4237354118
128 130 100685 4237354118
128 131 100768 4237354118
128 132 100404 4237354118
128 133 100784 4237354118
128 134 101872 4237354118
128 135 100985 4237354118
128 136 100506 4237354118
128 137 100918 4237354118
128 138 100621 4237354118
128 139 100180 4237354118
128 140 100922 4237354118
128 141 100414 4237354118
128 142 100809 4237354118
128 143 100986 4237354118
128 144 100912 4237354118
128 145 100878 4237354118
128 146 100893 4237354118
128 147 100755 4237354118
128 148 100813 4237354118
128 149 100404 4237354118
128 150 100672 4237354118
128 151 100504 4237354118
128 152 101124 4237354118
128 153 101753 4237354118
128 154 100537 4237354118
128 155 100888 4237354118
128 156 100416 4237354118
128 157 100937 4237354118
128 158 100946 4237354118
128 159 100627 4237354118
128 160 100938 4237354118
128 161 100989 4237354118
128 162 100959 4237354118
128 163 100841 4237354118
128 164 100798 4237354118
128 165 100878 4237354118
128 166 100957 4237354118
128 167 100713 4237354118
128 168 100885 4237354118
128 169 100693 4237354118
128 170 100885 4237354118
128 171 100948 4237354118
128 172 101775 4237354118
128 173 100689 4237354118
128 174 100683 4237354118
128 175 100719 4237354118
128 176 100841 4237354118
128 177 100989 4237354118
128 178 100161 4237354118
128 179 100640 4237354118
128 180 100660 4237354118
128 181 101939 4237354118
128 182 100665 4237354118
128 183 100719 4237354118
128 184 100743 4237354118
128 185 100769 4237354118
128 186 100904 4237354118
128 187 100688 4237354118
128 188 100931 4237354118
128 189 101077 4237354118
128 190 100734 4237354118
128 191 100763 4237354118
128 192 100724 4237354118
128 193 101024 4237354118
128 194 100890 4237354118
128 195 100715 4237354118
128 196 100771 4237354118
128 197 100837 4237354118
128 198 100753 4237354118
128 199 100539 4237354118
128 200 100705 4237354118
128 201 101124 4237354118
128 202 100741 4237354118
128 203 100757 4237354118
128 204 100775 4237354118
128 205 101040 4237354118
128 206 100965 4237354118
128 207 100633 4237354118
128 208 100867 4237354118
128 209 100778 4237354118
128 210 100546 4237354118
128 211 101094 4237354118
128 212 101456 4237354118
128 213 100626 4237354118
128 214 100724 4237354118
128 215 100942 4237354118
128 216 100795 4237354118
128 217 100905 4237354118
128 218 101027 4237354118
128 219 100540 4237354118
128 220 101048 4237354118
128 221 100903 4237354118
128 222 100668 4237354118
128 223 101043 4237354118
128 224 101104 4237354118
128 225 100625 4237354118
128 226 100600 4237354118
128 227 100745 4237354118
128 228 100835 4237354118
128 229 100764 4237354118
128 230 100553 4237354118
128 231 101372 4237354118
128 232 100853 4237354118
128 233 100703 4237354118
128 234 100855 4237354118
128 235 100845 4237354118
128 236 100616 4237354118
128 237 100618 4237354118
128 238 100308 4237354118
128 239 100912 4237354118
128 240 100851 4237354118
128 241 100753 4237354118
128 242 100882 4237354118
128 243 100693 4237354118
128 244 101196 4237354118
128 245 100561 4237354118
128 246 100797 4237354118
128 247 101073 4237354118
128 248 100682 4237354118
128 249 101083 4237354118
128 250 101279 4237354118
128 251 100794 4237354118
128 252 100612 4237354118
128 253 100685 4237354118
128 254 101064 4237354118
128 255 100471 4237354118
128 256 100782 4237354118
128 257 100186 4237354118
128 258 100942 4237354118
128 259 101381 4237354118
128 260 100606 4237354118
128 261 100958 4237354118
128 262 100641 4237354118
128 263 100963 4237354118
128 264 100566 4237354118
128 265 100788 4237354118
128 266 100869 4237354118
128 267 101025 4237354118
128 268 100746 4237354118
128 269 100873 4237354118
128 270 101006 4237354118
128 271 101043 4237354118
128 272 100655 4237354118
128 273 100508 4237354118
128 274 100563 4237354118
128 275 101022 4237354118
128 276 100673 4237354118
128 277 101156 4237354118
128 278 100613 4237354118
128 279 100583 4237354118
128 280 100741 4237354118
128 281 101135 4237354118
128 282 100989 4237354118
128 283 100687 4237354118
128 284 100982 4237354118
128 285 100861 4237354118
128 286 100647 4237354118
128 287 100649 4237354118
128 288 100922 4237354118
128 289 100521 4237354118
128 290 101066 4237354118
128 291 100786 4237354118
128 292 100657 4237354118
128 293 100849 4237354118
128 294 100459 4237354118
128 295 100642 4237354118
128 296 100807 4237354118
128 297 100477 4237354118
128 298 100521 4237354118
128 299 100896 4237354118
128 300 100872 4237354118
128 301 100914 4237354118
128 302 100835 4237354118
128 303 100335 4237354118
128 304 100726 4237354118
128 305 100557 4237354118
128 306 100563 4237354118
128 307 100964 4237354118
128 308 100877 4237354118
128 309 101767 4237354118
128 310 100805 4237354118
128 311 100832 4237354118
128 312 100871 4237354118
128 313 100641 4237354118
128 314 100580 4237354118
128 315 100850 4237354118
128 316 100582 4237354118
128 317 100726 4237354118
128 318 100886 4237354118
128 319 100730 4237354118
128 320 100959 4237354118
128 321 100791 4237354118
128 322 100833 4237354118
128 323 100949 4237354118
128 324 100735 4237354118
128 325 101008 4237354118
128 326 100897 4237354118
128 327 101004 4237354118
128 328 101376 4237354118
128 329 100689 4237354118
128 330 100592 4237354118
128 331 100851 4237354118
128 332 101024 4237354118
128 333 100653 4237354118
128 334 100497 4237354118
128 335 100352 4237354118
128 336 100961 4237354118
128 337 101643 4237354118
128 338 100634 4237354118
128 339 101123 4237354118
128 340 100668 4237354118
128 341 100630 4237354118
128 342 100506 4237354118
128 343 100868 4237354118
128 344 101162 4237354118
128 345 100571 4237354118
128 346 100642 4237354118
128 347 100807 4237354118
128 348 100823 4237354118
128 349 100813 4237354118
128 350 100808 4237354118
128 351 100676 4237354118
128 352 100403 4237354118
128 353 100584 4237354118
128 354 100959 4237354118
128 355 100918 4237354118
128 356 100607 4237354118
128 357 100868 4237354118
128 358 100758 4237354118
128 359 101091 4237354118
128 360 100841 4237354118
128 361 100879 4237354118
128 362 100828 4237354118
128 363 101090 4237354118
128 364 100768 4237354118
128 365 100986 4237354118
128 366 100515 4237354118
128 367 100524 4237354118
128 368 102141 4237354118
128 369 100633 4237354118
128 370 100724 4237354118
128 371 100853 4237354118
128 372 100292 4237354118
128 373 100727 4237354118
128 374 101217 4237354118
128 375 100684 4237354118
128 376 100700 4237354118
128 377 100689 4237354118
128 378 101100 4237354118
128 379 101132 4237354118
128 380 100901 4237354118
128 381 100818 4237354118
128 382 100562 4237354118
128 383 100878 4237354118
128 384 100969 4237354118
128 385 100792 4237354118
128 386 101070 4237354118
128 387 101696 4237354118
128 388 100909 4237354118
128 389 100511 4237354118
128 390 100896 4237354118
128 391 101079 4237354118
128 392 100594 4237354118
128 393 100665 4237354118
128 394 100486 4237354118
128 395 101115 4237354118
128 396 101199 4237354118
128 397 100903 4237354118
128 398 100687 4237354118
128 399 100485 4237354118
128 400 100936 4237354118
128 401 100536 4237354118
128 402 100330 4237354118
128 403 100715 4237354118
128 404 100690 4237354118
128 405 100861 4237354118
128 406 101089 4237354118
128 407 100851 4237354118
128 408 100930 4237354118
128 409 100634 4237354118
128 410 101188 4237354118
128 411 100615 4237354118
128 412 100474 4237354118
128 413 100876 4237354118
128 414 100892 4237354118
128 415 101604 4237354118
128 416 100571 4237354118
128 417 101084 4237354118
128 418 100891 4237354118
128 419 100833 4237354118
128 420 100795 4237354118
128 421 101052 4237354118
128 422 100351 4237354118
128 423 100569 4237354118
128 424 100739 4237354118
128 425 100426 4237354118
128 426 100717 4237354118
128 427 100930 4237354118
128 428 100885 4237354118
128 429 100712 4237354118
128 430 100613 4237354118
128 431 100732 4237354118
128 432 100822 4237354118
128 433 100860 4237354118
128 434 100883 4237354118
128 435 100724 4237354118
128 436 100767 4237354118
128 437 100829 4237354118
128 438 100927 4237354118
128 439 100655 4237354118
128 440 101238 4237354118
128 441 101042 4237354118
128 442 100560 4237354118
128 443 100768 4237354118
128 444 100891 4237354118
128 445 100609 4237354118
128 446 102077 4237354118
128 447 100621 4237354118
128 448 100359 4237354118
128 449 100937 4237354118
128 450 100529 4237354118
128 451 101024 4237354118
128 452 101051 4237354118
128 453 100892 4237354118
128 454 100553 4237354118
128 455 101087 4237354118
128 456 101577 4237354118
128 457 101016 4237354118
128 458 101017 4237354118
128 459 100319 4237354118
128 460 100818 4237354118
128 461 100445 4237354118
128 462 100500 4237354118
128 463 101205 4237354118
128 464 100873 4237354118
128 465 101102 4237354118
128 466 100836 4237354118
128 467 100612 4237354118
128 468 101027 4237354118
128 469 100673 4237354118
128 470 100850 4237354118
128 471 100710 4237354118
128 472 100880 4237354118
128 473 100714 4237354118
128 474 101423 4237354118
128 475 100963 4237354118
128 476 100612 4237354118
128 477 100804 4237354118
128 478 100707 4237354118
128 479 100437 4237354118
128 480 100634 4237354118
128 481 100921 4237354118
128 482 100886 4237354118
128 483 100669 4237354118
128 484 101272 4237354118
128 485 100854 4237354118
128 486 100357 4237354118
128 487 100830 4237354118
128 488 100835 4237354118
128 489 100848 4237354118
128 490 101003 4237354118
128 491 100590 4237354118
128 492 100742 4237354118
128 493 101117 4237354118
128 494 100524 4237354118
128 495 100901 4237354118
128 496 100686 4237354118
128 497 100608 4237354118
128 498 101011 4237354118
128 499 101049 4237354118
128 500 100724 4237354118
128 501 101090 4237354118
128 502 100647 4237354118
128 503 100740 4237354118
128 504 100864 4237354118
128 505 101058 4237354118
128 506 100671 4237354118
128 507 100359 4237354118
128 508 100703 4237354118
128 509 100444 4237354118
128 510 100821 4237354118
128 511 100966 4237354118
128 512 100544 4237354118
128 513 101276 4237354118
128 514 100287 4237354118
128 515 100748 4237354118
128 516 100726 4237354118
128 517 101014 4237354118
128 518 101106 4237354118
128 519 100447 4237354118
128 520 100940 4237354118
128 521 100717 4237354118
128 522 100572 4237354118
128 523 100978 4237354118
128 524 101649 4237354118
128 525 100897 4237354118
128 526 100403 4237354118
128 527 100766 4237354118
128 528 100541 4237354118
128 529 100869 4237354118
128 530 101063 4237354118
128 531 100941 4237354118
128 532 100939 4237354118
128 533 100708 4237354118
128 534 100837 4237354118
128 535 101079 4237354118
128 536 101164 4237354118
128 537 100705 4237354118
128 538 101016 4237354118
128 539 100321 4237354118
128 540 100669 4237354118
128 541 100884 4237354118
128 542 101049 4237354118
128 543 101531 4237354118
128 544 100612 4237354118
128 545 101004 4237354118
128 546 100749 4237354118
128 547 100876 4237354118
128 548 100445 4237354118
128 549 100912 4237354118
128 550 100319 4237354118
128 551 100920 4237354118
128 552 100595 4237354118
128 553 100953 4237354118
128 554 100518 4237354118
128 555 100616 4237354118
128 556 101023 4237354118
128 557 100586 4237354118
128 558 101076 4237354118
128 559 100526 4237354118
128 560 100355 4237354118
128 561 101142 4237354118
128 562 101024 4237354118
128 563 100937 4237354118
128 564 100736 4237354118
128 565 100625 4237354118
128 566 100227 4237354118
128 567 100726 4237354118
128 568 100967 4237354118
128 569 101117 4237354118
128 570 100926 4237354118
128 571 101231 4237354118
128 572 100691 4237354118
128 573 101074 4237354118
128 574 100641 4237354118
128 575 100918 4237354118
128 576 100722 4237354118
128 577 100772 4237354118
128 578 100820 4237354118
128 579 101018 4237354118
128 580 100161 4237354118
128 581 100510 4237354118
128 582 100781 4237354118
128 583 101044 4237354118
128 584 100989 4237354118
128 585 100899 4237354118
128 586 100884 4237354118
128 587 100673 4237354118
128 588 100632 4237354118
128 589 100795 4237354118
128 590 100973 4237354118
128 591 100352 4237354118
128 592 100960 4237354118
128 593 100755 4237354118
128 594 100769 4237354118
128 595 100926 4237354118
128 596 101129 4237354118
128 597 100673 4237354118
128 598 100792 4237354118
128 599 100604 4237354118
128 600 100768 4237354118
128 601 100480 4237354118
128 602 101557 4237354118
128 603 100846 4237354118
128 604 100771 4237354118
128 605 100452 4237354118
128 606 100871 4237354118
128 607 100496 4237354118
128 608 100878 4237354118
128 609 100616 4237354118
128 610 101073 4237354118
128 611 100875 4237354118
128 612 100416 4237354118
128 613 100577 4237354118
128 614 100808 4237354118
128 615 100922 4237354118
128 616 100869 4237354118
128 617 100709 4237354118
128 618 100513 4237354118
128 619 100788 4237354118
128 620 101008 4237354118
128 621 101400 4237354118
128 622 100499 4237354118
128 623 100235 4237354118
128 624 100591 4237354118
128 625 101109 4237354118
128 626 100772 4237354118
128 627 100822 4237354118
128 628 100637 4237354118
128 629 100519 4237354118
128 630 100978 4237354118
128 631 100342 4237354118
128 632 100596 4237354118
128 633 100333 4237354118
128 634 101143 4237354118
128 635 100439 4237354118
128 636 100316 4237354118
128 637 101016 4237354118
128 638 100956 4237354118
128 639 101145 4237354118
128 640 101235 4237354118
128 641 100862 4237354118
128 642 100881 4237354118
128 643 100976 4237354118
128 644 100577 4237354118
128 645 100907 4237354118
128 646 100278 4237354118
128 647 100510 4237354118
128 648 100772 4237354118
128 649 101453 4237354118
128 650 100882 4237354118
128 651 100791 4237354118
128 652 100991 4237354118
128 653 100994 4237354118
128 654 101109 4237354118
128 655 100688 4237354118
128 656 100882 4237354118
128 657 100582 4237354118
128 658 100756 4237354118
128 659 100534 4237354118
128 660 100977 4237354118
128 661 100794 4237354118
128 662 100896 4237354118
128 663 100757 4237354118
128 664 100956 4237354118
128 665 100620 4237354118
128 666 100676 4237354118
128 667 100809 4237354118
128 668 100822 4237354118
128 669 100637 4237354118
128 670 100665 4237354118
128 671 100971 4237354118
128 672 100858 4237354118
128 673 100999 4237354118
128 674 101057 4237354118
128 675 100745 4237354118
128 676 100771 4237354118
128 677 100772 4237354118
128 678 100478 4237354118
128 679 100860 4237354118
128 680 101820 4237354118
128 681 100617 4237354118
128 682 100336 4237354118
128 683 100536 4237354118
128 684 100762 4237354118
128 685 100569 4237354118
128 686 101050 4237354118
128 687 100610 4237354118
128 688 100723 4237354118
128 689 100489 4237354118
128 690 100730 4237354118
128 691 100694 4237354118
128 692 100825 4237354118
128 693 100784 4237354118
128 694 101140 4237354118
128 695 100993 4237354118
128 696 100544 4237354118
128 697 100818 4237354118
128 698 100585 4237354118
128 699 101176 4237354118
128 700 100516 4237354118
128 701 100514 4237354118
128 702 100805 4237354118
128 703 101446 4237354118
128 704 101111 4237354118
128 705 100610 4237354118
128 706 100691 4237354118
128 707 100973 4237354118
128 708 101177 4237354118
128 709 100804 4237354118
128 710 100753 4237354118
128 711 100816 4237354118
128 712 100690 4237354118
128 713 100859 4237354118
128 714 100398 4237354118
128 715 100637 4237354118
128 716 100488 4237354118
128 717 100854 4237354118
128 718 101181 4237354118
128 719 100706 4237354118
128 720 100623 4237354118
128 721 100400 4237354118
128 722 100566 4237354118
128 723 100895 4237354118
128 724 100398 4237354118
128 725 100875 4237354118
128 726 100986 4237354118
128 727 101621 4237354118
128 728 100482 4237354118
128 729 100935 4237354118
128 730 100466 4237354118
128 731 100952 4237354118
128 732 101205 4237354118
128 733 100856 4237354118
128 734 100761 4237354118
128 735 100931 4237354118
128 736 100528 4237354118
128 737 100583 4237354118
128 738 100766 4237354118
128 739 100768 4237354118
128 740 100880 4237354118
128 741 100646 4237354118
128 742 101026 4237354118
128 743 100760 4237354118
128 744 100795 4237354118
128 745 100851 4237354118
128 746 100913 4237354118
128 747 100393 4237354118
128 748 100990 4237354118
128 749 100663 4237354118
128 750 100802 4237354118
128 751 100692 4237354118
128 752 100729 4237354118
128 753 100437 4237354118
128 754 100599 4237354118
128 755 100915 4237354118
128 756 100817 4237354118
128 757 101122 4237354118
128 758 101639 4237354118
128 759 100562 4237354118
128 760 100790 4237354118
128 761 100391 4237354118
128 762 100576 4237354118
128 763 101034 4237354118
128 764 100377 4237354118
128 765 100443 4237354118
128 766 100654 4237354118
128 767 100910 4237354118
128 768 100467 4237354118
128 769 101125 4237354118
128 770 100821 4237354118
128 771 100952 4237354118
128 772 100640 4237354118
128 773 100897 4237354118
128 774 100378 4237354118
128 775 100883 4237354118
128 776 100522 4237354118
128 777 101133 4237354118
128 778 100696 4237354118
128 779 100742 4237354118
128 780 100495 4237354118
128 781 100589 4237354118
128 782 100296 4237354118
128 783 100804 4237354118
128 784 100517 4237354118
128 785 100782 4237354118
128 786 101604 4237354118
128 787 101119 4237354118
128 788 100529 4237354118
128 789 100961 4237354118
128 790 100650 4237354118
128 791 100906 4237354118
128 792 100962 4237354118
128 793 100291 4237354118
128 794 101051 4237354118
128 795 100678 4237354118
128 796 101204 4237354118
128 797 100977 4237354118
128 798 100971 4237354118
128 799 100596 4237354118
128 800 100815 4237354118
128 801 100694 4237354118
128 802 100472 4237354118
128 803 100134 4237354118
128 804 100760 4237354118
128 805 101388 4237354118
128 806 100761 4237354118
128 807 100756 4237354118
128 808 100560 4237354118
128 809 100477 4237354118
128 810 100595 4237354118
128 811 100753 4237354118
128 812 100529 4237354118
128 813 100941 4237354118
128 814 100504 4237354118
128 815 100667 4237354118
128 816 101002 4237354118
128 817 101106 4237354118
128 818 100616 4237354118
128 819 100758 4237354118
128 820 100906 4237354118
128 821 100642 4237354118
128 822 100915 4237354118
128 823 101161 4237354118
128 824 100955 4237354118
128 825 101154 4237354118
128 826 100570 4237354118
128 827 101027 4237354118
128 828 101148 4237354118
128 829 100635 4237354118
128 830 100755 4237354118
128 831 100739 4237354118
128 832 100760 4237354118
128 833 100595 4237354118
128 834 101165 4237354118
128 835 100950 4237354118
128 836 101799 4237354118
128 837 100780 4237354118
128 838 100537 4237354118
128 839 101157 4237354118
128 840 100568 4237354118
128 841 100819 4237354118
128 842 100859 4237354118
128 843 100577 4237354118
128 844 100756 4237354118
128 845 101000 4237354118
128 846 100966 4237354118
128 847 100606 4237354118
128 848 101163 4237354118
128 849 100721 4237354118
128 850 100946 4237354118
128 851 100657 4237354118
128 852 100763 4237354118
128 853 100290 4237354118
128 854 100454 4237354118
128 855 101198 4237354118
128 856 100869 4237354118
128 857 100844 4237354118
128 858 100824 4237354118
128 859 100571 4237354118
128 860 100698 4237354118
128 861 101030 4237354118
128 862 100830 4237354118
128 863 100455 4237354118
128 864 100564 4237354118
128 865 101019 4237354118
128 866 100634 4237354118
128 867 100826 4237354118
128 868 100988 4237354118
128 869 100749 4237354118
128 870 100803 4237354118
128 871 100840 4237354118
128 872 100486 4237354118
128 873 100543 4237354118
128 874 101084 4237354118
128 875 100789 4237354118
128 876 100671 4237354118
128 877 100859 4237354118
128 878 100707 4237354118
128 879 100670 4237354118
128 880 100371 4237354118
128 881 100753 4237354118
128 882 100843 4237354118
128 883 101739 4237354118
128 884 100789 4237354118
128 885 100803 4237354118
128 886 100389 4237354118
128 887 100767 4237354118
128 888 100783 4237354118
128 889 100811 4237354118
128 890 100900 4237354118
128 891 100821 4237354118
128 892 100560 4237354118
128 893 100262 4237354118
128 894 100714 4237354118
128 895 100508 4237354118
128 896 100647 4237354118
128 897 100740 4237354118
128 898 100296 4237354118
128 899 100914 4237354118
128 900 100938 4237354118
128 901 100582 4237354118
128 902 100927 4237354118
128 903 100690 4237354118
128 904 100638 4237354118
128 905 101033 4237354118
128 906 100776 4237354118
128 907 100736 4237354118
128 908 100768 4237354118
128 909 100508 4237354118
128 910 100586 4237354118
128 911 100596 4237354118
128 912 100496 4237354118
128 913 100695 4237354118
128 914 101720 4237354118
128 915 100793 4237354118
128 916 101036 4237354118
128 917 101012 4237354118
128 918 100673 4237354118
128 919 100796 4237354118
128 920 100841 4237354118
128 921 100725 4237354118
128 922 100528 4237354118
128 923 101328 4237354118
128 924 100805 4237354118
128 925 101122 4237354118
128 926 101013 4237354118
128 927 100633 4237354118
128 928 100437 4237354118
128 929 100743 4237354118
128 930 100845 4237354118
128 931 101032 4237354118
128 932 100540 4237354118
128 933 101483 4237354118
128 934 100498 4237354118
128 935 101037 4237354118
128 936 100983 4237354118
128 937 100492 4237354118
128 938 100599 4237354118
128 939 100721 4237354118
128 940 100381 4237354118
128 941 100825 4237354118
128 942 101148 4237354118
128 943 100400 4237354118
128 944 100433 4237354118
128 945 100956 4237354118
128 946 101122 4237354118
128 947 100490 4237354118
128 948 100441 4237354118
128 949 100497 4237354118
128 950 100785 4237354118
128 951 100768 4237354118
128 952 101512 4237354118
128 953 100315 4237354118
128 954 100898 4237354118
128 955 100968 4237354118
128 956 100915 4237354118
128 957 100692 4237354118
128 958 100542 4237354118
128 959 100591 4237354118
128 960 100912 4237354118
128 961 101262 4237354118
128 962 100550 4237354118
128 963 100627 4237354118
128 964 100880 4237354118
128 965 100679 4237354118
128 966 100894 4237354118
128 967 101026 4237354118
128 968 100539 4237354118
128 969 100872 4237354118
128 970 100563 4237354118
128 971 100807 4237354118
128 972 100947 4237354118
128 973 100988 4237354118
128 974 100883 4237354118
128 975 100706 4237354118
128 976 100955 4237354118
128 977 100578 4237354118
128 978 100856 4237354118
128 979 100861 4237354118
128 980 100660 4237354118
128 981 100635 4237354118
128 982 100846 4237354118
128 983 100849 4237354118
128 984 101099 4237354118
128 985 100818 4237354118
128 986 100861 4237354118
128 987 101077 4237354118
128 988 100356 4237354118
128 989 100842 4237354118
128 990 101128 4237354118
128 991 100732 4237354118
128 992 101339 4237354118
128 993 100752 4237354118
128 994 100508 4237354118
128 995 100874 4237354118
128 996 100742 4237354118
128 997 100794 4237354118
128 998 100616 4237354118
128 999 101228 4237354118
