128 0 386877 4237354315
128 1 343989 4237354320
128 2 344648 4237354320
128 3 344761 4237354320
128 4 344525 4237354320
128 5 343873 4237354320
128 6 344498 4237354320
128 7 345149 4237354320
128 8 345128 4237354320
128 9 344385 4237354320
128 10 345033 4237354320
128 11 344322 4237354320
128 12 345020 4237354320
128 13 345016 4237354320
128 14 345221 4237354320
128 15 344133 4237354320
128 16 344375 4237354320
128 17 345224 4237354320
128 18 345441 4237354320
128 19 344729 4237354320
128 20 345668 4237354320
128 21 344534 4237354320
128 22 345381 4237354320
128 23 345361 4237354320
128 24 345160 4237354320
128 25 343978 4237354320
128 26 345455 4237354320
128 27 344827 4237354320
128 28 345373 4237354320
128 29 344952 4237354320
128 30 344945 4237354320
128 31 345510 4237354320
128 32 344871 4237354320
128 33 345065 4237354320
128 34 344990 4237354320
128 35 345050 4237354320
128 36 344378 4237354320
128 37 345433 4237354320
128 38 345079 4237354320
128 39 344959 4237354320
128 40 344784 4237354320
128 41 345508 4237354320
128 42 345117 4237354320
128 43 344666 4237354320
128 44 343969 4237354320
128 45 344920 4237354320
128 46 344653 4237354320
128 47 344897 4237354320
128 48 345662 4237354320
128 49 344796 4237354320
128 50 344198 4237354320
128 51 344632 4237354320
128 52 344082 4237354320
128 53 344948 4237354320
128 54 345811 4237354320
128 55 345769 4237354320
128 56 345964 4237354320
128 57 345082 4237354320
128 58 344800 4237354320
128 59 345128 4237354320
128 60 345334 4237354320
128 61 344667 4237354320
128 62 345287 4237354320
128 63 344394 4237354320
128 64 344954 4237354320
128 65 346024 4237354320
128 66 345368 4237354320
128 67 344674 4237354320
128 68 345030 4237354320
128 69 344432 4237354320
128 70 345545 4237354320
128 71 345198 4237354320
128 72 344981 4237354320
128 73 344383 4237354320
128 74 345959 4237354320
128 75 345030 4237354320
128 76 344718 4237354320
128 77 345088 4237354320
128 78 346288 4237354320
128 79 343753 4237354320
128 80 344411 4237354320
128 81 345207 4237354320
128 82 345125 4237354320
128 83 344889 4237354320
128 84 344527 4237354320
128 85 344824 4237354320
128 86 345093 4237354320
128 87 346741 4237354320
128 88 345493 4237354320
128 89 344481 4237354320
128 90 345085 4237354320
128 91 345578 4237354320
128 92 345689 4237354320
128 93 345311 4237354320
128 94 345370 4237354320
128 95 345104 4237354320
128 96 344625 4237354320
128 97 345109 4237354320
128 98 345020 4237354320
128 99 344599 4237354320
128 100 344971 4237354320
128 101 344955 4237354320
128 102 343701 4237354320
128 103 345090 4237354320
128 104 344688 4237354320
128 105 344423 4237354320
128 106 344986 4237354320
128 107 344240 4237354320
128 108 344361 4237354320
128 109 344652 4237354320
128 110 344867 4237354320
128 111 344584 4237354320
128 112 344643 4237354320
128 113 345419 4237354320
128 114 344946 4237354320
128 115 345080 4237354320
128 116 345704 4237354320
128 117 345349 4237354320
128 118 344614 4237354320
128 119 344992 4237354320
128 120 345432 4237354320
128 121 345023 4237354320
128 122 344683 4237354320
128 123 345959 4237354320
128 124 344984 4237354320
128 125 344798 4237354320
128 126 344079 4237354320
128 127 344598 4237354320
128 128 344609 4237354320
128 129 344562 4237354320
128 130 345585 4237354320
128 131 344669 4237354320
128 132 345959 4237354320
128 133 344785 4237354320
128 134 345249 4237354320
128 135 345587 4237354320
128 136 344627 4237354320
128 137 344888 4237354320
128 138 344897 4237354320
128 139 343840 4237354320
128 140 345406 4237354320
128 141 344999 4237354320
128 142 345136 4237354320
128 143 344644 4237354320
128 144 344401 4237354320
128 145 345820 4237354320
128 146 344492 4237354320
128 147 344708 4237354320
128 148 345376 4237354320
128 149 344677 4237354320
128 150 344452 4237354320
128 151 345787 4237354320
128 152 344345 4237354320
128 153 345509 4237354320
128 154 344602 4237354320
128 155 343962 4237354320
128 156 345757 4237354320
128 157 344781 4237354320
128 158 344757 4237354320
128 159 345256 4237354320
128 160 345117 4237354320
128 161 344709 4237354320
128 162 344156 4237354320
128 163 346134 4237354320
128 164 345015 4237354320
128 165 344911 4237354320
128 166 345059 4237354320
128 167 344242 4237354320
128 168 345474 4237354320
128 169 344589 4237354320
128 170 346038 4237354320
128 171 344570 4237354320
128 172 344219 4237354320
128 173 345134 4237354320
128 174 345867 4237354320
128 175 345909 4237354320
128 176 343657 4237354320
128 177 344410 4237354320
128 178 345870 4237354320
128 179 345143 4237354320
128 180 345871 4237354320
128 181 344500 4237354320
128 182 345196 4237354320
128 183 345258 4237354320
128 184 344735 4237354320
128 185 344876 4237354320
128 186 344003 4237354320
128 187 344949 4237354320
128 188 345084 4237354320
128 189 344693 4237354320
128 190 345159 4237354320
128 191 345520 4237354320
128 192 344674 4237354320
128 193 344297 4237354320
128 194 344901 4237354320
128 195 345273 4237354320
128 196 344540 4237354320
128 197 345136 4237354320
128 198 344763 4237354320
128 199 344474 4237354320
128 200 344585 4237354320
128 201 344507 4237354320
128 202 345616 4237354320
128 203 344964 4237354320
128 204 344421 4237354320
128 205 344170 4237354320
128 206 343672 4237354320
128 207 345413 4237354320
128 208 344652 4237354320
128 209 345305 4237354320
128 210 345016 4237354320
128 211 345157 4237354320
128 212 344895 4237354320
128 213 344741 4237354320
128 214 344300 4237354320
128 215 344324 4237354320
128 216 344587 4237354320
128 217 344445 4237354320
128 218 344639 4237354320
128 219 344195 4237354320
128 220 344375 4237354320
128 221 344715 4237354320
128 222 344353 4237354320
128 223 344822 4237354320
128 224 344589 4237354320
128 225 347108 4237354320
128 226 344500 4237354320
128 227 345165 4237354320
128 228 345244 4237354320
128 229 346498 4237354320
128 230 343964 4237354320
128 231 343638 4237354320
128 232 344636 4237354320
128 233 345822 4237354320
128 234 345014 4237354320
128 235 345661 4237354320
128 236 345240 4237354320
128 237 344260 4237354320
128 238 344356 4237354320
128 239 345647 4237354320
128 240 344485 4237354320
128 241 344422 4237354320
128 242 345201 4237354320
128 243 344402 4237354320
128 244 345454 4237354320
128 245 345482 4237354320
128 246 344617 4237354320
128 247 344186 4237354320
128 248 344731 4237354320
128 249 344240 4237354320
128 250 345802 4237354320
128 251 344715 4237354320
128 252 345461 4237354320
128 253 345141 4237354320
128 254 344254 4237354320
128 255 343779 4237354320
128 256 344554 4237354320
128 257 344813 4237354320
128 258 345358 4237354320
128 259 344949 4237354320
128 260 345013 4237354320
128 261 345441 4237354320
128 262 344868 4237354320
128 263 344593 4237354320
128 264 344856 4237354320
128 265 344855 4237354320
128 266 344779 4237354320
128 267 345102 4237354320
128 268 344829 4237354320
128 269 344920 4237354320
128 270 345459 4237354320
128 271 346075 4237354320
128 272 344618 4237354320
128 273 345671 4237354320
128 274 344892 4237354320
128 275 344532 4237354320
128 276 345876 4237354320
128 277 345359 4237354320
128 278 344433 4237354320
128 279 346896 4237354320
128 280 344750 4237354320
128 281 344563 4237354320
128 282 345152 4237354320
128 283 346525 4237354320
128 284 345255 4237354320
128 285 344492 4237354320
128 286 344267 4237354320
128 287 347349 4237354320
128 288 344874 4237354320
128 289 344659 4237354320
128 290 343749 4237354320
128 291 344742 4237354320
128 292 344822 4237354320
128 293 345396 4237354320
128 294 345429 4237354320
128 295 344005 4237354320
128 296 344786 4237354320
128 297 345093 4237354320
128 298 346247 4237354320
128 299 345265 4237354320
128 300 344795 4237354320
128 301 345278 4237354320
128 302 344797 4237354320
128 303 344142 4237354320
128 304 344265 4237354320
128 305 344200 4237354320
128 306 345218 4237354320
128 307 344083 4237354320
128 308 344867 4237354320
128 309 345759 4237354320
128 310 345010 4237354320
128 311 344360 4237354320
128 312 345126 4237354320
128 313 346436 4237354320
128 314 344575 4237354320
128 315 344695 4237354320
128 316 345442 4237354320
128 317 345013 4237354320
128 318 345298 4237354320
128 319 344526 4237354320
128 320 344940 4237354320
128 321 345571 4237354320
128 322 344804 4237354320
128 323 344510 4237354320
128 324 344837 4237354320
128 325 344645 4237354320
128 326 344658 4237354320
128 327 344168 4237354320
128 328 344450 4237354320
128 329 345812 4237354320
128 330 344690 4237354320
128 331 345035 4237354320
128 332 344620 4237354320
128 333 346504 4237354320
128 334 344450 4237354320
128 335 344629 4237354320
128 336 344820 4237354320
128 337 347089 4237354320
128 338 345010 4237354320
128 339 345067 4237354320
128 340 345105 4237354320
128 341 347495 4237354320
128 342 345514 4237354320
128 343 343998 4237354320
128 344 345204 4237354320
128 345 345738 4237354320
128 346 344881 4237354320
128 347 344729 4237354320
128 348 344750 4237354320
128 349 344104 4237354320
128 350 344740 4237354320
128 351 345148 4237354320
128 352 343702 4237354320
128 353 344712 4237354320
128 354 345256 4237354320
128 355 344384 4237354320
128 356 345571 4237354320
128 357 344694 4237354320
128 358 345479 4237354320
128 359 344723 4237354320
128 360 345144 4237354320
128 361 344651 4237354320
128 362 345474 4237354320
128 363 344811 4237354320
128 364 344158 4237354320
128 365 344489 4237354320
128 366 345196 4237354320
128 367 344888 4237354320
128 368 344536 4237354320
128 369 344578 4237354320
128 370 344371 4237354320
128 371 344856 4237354320
128 372 345012 4237354320
128 373 345373 4237354320
128 374 345277 4237354320
128 375 344728 4237354320
128 376 345426 4237354320
128 377 345169 4237354320
128 378 343923 4237354320
128 379 344842 4237354320
128 380 343935 4237354320
128 381 345182 4237354320
128 382 344451 4237354320
128 383 344784 4237354320
128 384 344878 4237354320
128 385 345432 4237354320
128 386 345436 4237354320
128 387 345443 4237354320
128 388 344897 4237354320
128 389 345009 4237354320
128 390 345645 4237354320
128 391 345297 4237354320
128 392 344721 4237354320
128 393 345080 4237354320
128 394 344111 4237354320
128 395 344494 4237354320
128 396 344687 4237354320
128 397 344650 4237354320
128 398 345024 4237354320
128 399 345906 4237354320
128 400 344653 4237354320
128 401 344655 4237354320
128 402 345848 4237354320
128 403 344488 4237354320
128 404 345528 4237354320
128 405 344808 4237354320
128 406 345183 4237354320
128 407 343749 4237354320
128 408 345555 4237354320
128 409 344988 4237354320
128 410 345564 4237354320
128 411 345027 4237354320
128 412 344403 4237354320
128 413 345977 4237354320
128 414 344059 4237354320
128 415 344900 4237354320
128 416 344417 4237354320
128 417 344327 4237354320
128 418 345170 4237354320
128 419 344188 4237354320
128 420 345042 4237354320
128 421 345032 4237354320
128 422 344664 4237354320
128 423 344420 4237354320
128 424 345085 4237354320
128 425 344761 4237354320
128 426 345943 4237354320
128 427 344995 4237354320
128 428 345068 4237354320
128 429 344287 4237354320
128 430 345357 4237354320
128 431 345012 4237354320
128 432 344992 4237354320
128 433 344629 4237354320
128 434 344433 4237354320
128 435 344295 4237354320
128 436 343694 4237354320
128 437 344349 4237354320
128 438 343207 4237354320
128 439 344307 4237354320
128 440 344932 4237354320
128 441 345069 4237354320
128 442 344658 4237354320
128 443 344865 4237354320
128 444 343831 4237354320
128 445 345076 4237354320
128 446 345001 4237354320
128 447 344915 4237354320
128 448 343386 4237354320
128 449 344497 4237354320
128 450 344416 4237354320
128 451 345441 4237354320
128 452 344335 4237354320
128 453 344508 4237354320
128 454 344168 4237354320
128 455 344664 4237354320
128 456 344587 4237354320
128 457 344765 4237354320
128 458 346040 4237354320
128 459 345687 4237354320
128 460 344205 4237354320
128 461 345133 4237354320
128 462 347080 4237354320
128 463 344488 4237354320
128 464 345031 4237354320
128 465 344468 4237354320
128 466 345806 4237354320
128 467 345322 4237354320
128 468 345725 4237354320
128 469 344905 4237354320
128 470 345631 4237354320
128 471 344631 4237354320
128 472 343977 4237354320
128 473 345022 4237354320
128 474 344329 4237354320
128 475 344381 4237354320
128 476 345385 4237354320
128 477 345650 4237354320
128 478 344676 4237354320
128 479 344989 4237354320
128 480 345506 4237354320
128 481 343885 4237354320
128 482 344775 4237354320
128 483 345320 4237354320
128 484 344627 4237354320
128 485 344534 4237354320
128 486 344806 4237354320
128 487 345739 4237354320
128 488 344899 4237354320
128 489 344558 4237354320
128 490 344378 4237354320
128 491 345231 4237354320
128 492 344334 4237354320
128 493 344944 4237354320
128 494 344796 4237354320
128 495 344807 4237354320
128 496 344978 4237354320
128 497 345049 4237354320
128 498 344112 4237354320
128 499 344631 4237354320
128 500 344402 4237354320
128 501 345550 4237354320
128 502 344914 4237354320
128 503 344255 4237354320
128 504 345723 4237354320
128 505 344887 4237354320
128 506 344989 4237354320
128 507 345565 4237354320
128 508 344681 4237354320
128 509 345508 4237354320
128 510 344533 4237354320
128 511 344966 4237354320
128 512 345048 4237354320
128 513 344897 4237354320
128 514 344257 4237354320
128 515 344310 4237354320
128 516 346143 4237354320
128 517 345924 4237354320
128 518 345753 4237354320
128 519 344749 4237354320
128 520 345867 4237354320
128 521 344839 4237354320
128 522 344800 4237354320
128 523 345316 4237354320
128 524 346353 4237354320
128 525 345368 4237354320
128 526 345376 4237354320
128 527 345258 4237354320
128 528 344065 4237354320
128 529 345445 4237354320
128 530 343904 4237354320
128 531 345191 4237354320
128 532 345307 4237354320
128 533 345099 4237354320
128 534 344642 4237354320
128 535 344614 4237354320
128 536 344176 4237354320
128 537 345280 4237354320
128 538 345457 4237354320
128 539 344410 4237354320
128 540 344171 4237354320
128 541 344418 4237354320
128 542 344829 4237354320
128 543 345467 4237354320
128 544 345187 4237354320
128 545 345260 4237354320
128 546 344374 4237354320
128 547 344799 4237354320
128 548 345359 4237354320
128 549 344750 4237354320
128 550 344599 4237354320
128 551 343948 4237354320
128 552 345018 4237354320
128 553 344879 4237354320
128 554 344744 4237354320
128 555 344452 4237354320
128 556 345089 4237354320
128 557 344542 4237354320
128 558 345440 4237354320
128 559 345088 4237354320
128 560 345325 4237354320
128 561 345360 4237354320
128 562 344199 4237354320
128 563 344068 4237354320
128 564 345479 4237354320
128 565 343983 4237354320
128 566 344826 4237354320
128 567 344894 4237354320
128 568 344880 4237354320
128 569 345800 4237354320
128 570 346336 4237354320
128 571 345480 4237354320
128 572 344756 4237354320
128 573 344397 4237354320
128 574 345901 4237354320
128 575 344906 4237354320
128 576 345500 4237354320
128 577 345158 4237354320
128 578 345813 4237354320
128 579 344793 4237354320
128 580 344375 4237354320
128 581 343851 4237354320
128 582 345671 4237354320
128 583 345004 4237354320
128 584 344381 4237354320
128 585 344353 4237354320
128 586 345411 4237354320
128 587 344386 4237354320
128 588 344987 4237354320
128 589 344682 4237354320
128 590 345778 4237354320
128 591 345158 4237354320
128 592 344618 4237354320
128 593 345654 4237354320
128 594 344333 4237354320
128 595 344118 4237354320
128 596 345449 4237354320
128 597 345284 4237354320
128 598 345123 4237354320
128 599 345333 4237354320
128 600 345203 4237354320
128 601 344483 4237354320
128 602 345303 4237354320
128 603 344444 4237354320
128 604 344229 4237354320
128 605 344113 4237354320
128 606 345747 4237354320
128 607 345050 4237354320
128 608 343888 4237354320
128 609 344355 4237354320
128 610 344323 4237354320
128 611 344611 4237354320
128 612 344794 4237354320
128 613 345790 4237354320
128 614 344687 4237354320
128 615 344704 4237354320
128 616 344879 4237354320
128 617 344421 4237354320
128 618 345122 4237354320
128 619 344076 4237354320
128 620 344875 4237354320
128 621 344672 4237354320
128 622 346288 4237354320
128 623 343558 4237354320
128 624 344638 4237354320
128 625 344689 4237354320
128 626 345561 4237354320
128 627 344222 4237354320
128 628 344701 4237354320
128 629 344902 4237354320
128 630 345591 4237354320
128 631 345187 4237354320
128 632 345274 4237354320
128 633 345147 4237354320
128 634 344948 4237354320
128 635 344745 4237354320
128 636 345507 4237354320
128 637 344886 4237354320
128 638 345459 4237354320
128 639 345378 4237354320
128 640 345075 4237354320
128 641 345412 4237354320
128 642 345244 4237354320
128 643 345292 4237354320
128 644 343882 4237354320
128 645 344214 4237354320
128 646 345152 4237354320
128 647 345674 4237354320
128 648 344356 4237354320
128 649 345475 4237354320
128 650 344393 4237354320
128 651 345574 4237354320
128 652 344929 4237354320
128 653 344780 4237354320
128 654 344830 4237354320
128 655 344556 4237354320
128 656 344340 4237354320
128 657 345017 4237354320
128 658 345409 4237354320
128 659 344696 4237354320
128 660 344850 4237354320
128 661 344787 4237354320
128 662 344941 4237354320
128 663 344667 4237354320
128 664 345457 4237354320
128 665 345165 4237354320
128 666 345233 4237354320
128 667 344861 4237354320
128 668 345146 4237354320
128 669 345424 4237354320
128 670 344549 4237354320
128 671 345221 4237354320
128 672 345276 4237354320
128 673 345050 4237354320
128 674 345374 4237354320
128 675 345186 4237354320
128 676 345002 4237354320
128 677 343945 4237354320
128 678 344684 4237354320
128 679 344668 4237354320
128 680 345341 4237354320
128 681 344486 4237354320
128 682 345588 4237354320
128 683 344993 4237354320
128 684 344938 4237354320
128 685 345204 4237354320
128 686 345276 4237354320
128 687 344567 4237354320
128 688 344886 4237354320
128 689 344216 4237354320
128 690 344819 4237354320
128 691 345043 4237354320
128 692 344770 4237354320
128 693 345031 4237354320
128 694 345862 4237354320
128 695 345445 4237354320
128 696 344310 4237354320
128 697 345022 4237354320
128 698 345462 4237354320
128 699 344873 4237354320
128 700 344831 4237354320
128 701 345255 4237354320
128 702 344692 4237354320
128 703 345387 4237354320
128 704 346066 4237354320
128 705 345286 4237354320
128 706 345368 4237354320
128 707 344084 4237354320
128 708 344721 4237354320
128 709 345491 4237354320
128 710 344495 4237354320
128 711 344598 4237354320
128 712 345628 4237354320
128 713 344902 4237354320
128 714 344574 4237354320
128 715 344794 4237354320
128 716 344811 4237354320
128 717 344604 4237354320
128 718 345078 4237354320
128 719 345046 4237354320
128 720 344846 4237354320
128 721 344915 4237354320
128 722 345878 4237354320
128 723 344551 4237354320
128 724 344692 4237354320
128 725 345494 4237354320
128 726 344931 4237354320
128 727 343965 4237354320
128 728 346453 4237354320
128 729 344299 4237354320
128 730 345520 4237354320
128 731 343843 4237354320
128 732 345138 4237354320
128 733 344425 4237354320
128 734 344558 4237354320
128 735 345289 4237354320
128 736 345140 4237354320
128 737 345267 4237354320
128 738 344091 4237354320
128 739 344829 4237354320
128 740 345182 4237354320
128 741 345104 4237354320
128 742 344721 4237354320
128 743 344303 4237354320
128 744 345996 4237354320
128 745 345181 4237354320
128 746 345710 4237354320
128 747 344979 4237354320
128 748 345172 4237354320
128 749 344931 4237354320
128 750 344946 4237354320
128 751 344030 4237354320
128 752 344344 4237354320
128 753 346296 4237354320
128 754 345082 4237354320
128 755 344672 4237354320
128 756 345107 4237354320
128 757 347158 4237354320
128 758 344729 4237354320
128 759 344315 4237354320
128 760 344939 4237354320
128 761 346268 4237354320
128 762 345702 4237354320
128 763 344261 4237354320
128 764 345105 4237354320
128 765 344370 4237354320
128 766 344847 4237354320
128 767 344977 4237354320
128 768 346053 4237354320
128 769 345526 4237354320
128 770 344893 4237354320
128 771 344640 4237354320
128 772 345991 4237354320
128 773 344290 4237354320
128 774 345543 4237354320
128 775 345276 4237354320
128 776 346139 4237354320
128 777 345069 4237354320
128 778 344679 4237354320
128 779 344802 4237354320
128 780 344918 4237354320
128 781 344064 4237354320
128 782 344835 4237354320
128 783 345120 4237354320
128 784 344738 4237354320
128 785 345046 4237354320
128 786 344246 4237354320
128 787 344365 4237354320
128 788 343985 4237354320
128 789 345465 4237354320
128 790 344286 4237354320
128 791 344310 4237354320
128 792 344769 4237354320
128 793 344895 4237354320
128 794 345584 4237354320
128 795 344417 4237354320
128 796 344519 4237354320
128 797 345267 4237354320
128 798 345380 4237354320
128 799 344491 4237354320
128 800 344610 4237354320
128 801 343466 4237354320
128 802 345853 4237354320
128 803 345264 4237354320
128 804 345038 4237354320
128 805 345695 4237354320
128 806 345297 4237354320
128 807 346260 4237354320
128 808 343780 4237354320
128 809 345470 4237354320
128 810 344563 4237354320
128 811 347014 4237354320
128 812 344840 4237354320
128 813 344423 4237354320
128 814 345035 4237354320
128 815 347598 4237354320
128 816 344851 4237354320
128 817 343099 4237354320
128 818 343936 4237354320
128 819 345458 4237354320
128 820 344790 4237354320
128 821 345302 4237354320
128 822 344742 4237354320
128 823 344581 4237354320
128 824 344611 4237354320
128 825 344782 4237354320
128 826 345171 4237354320
128 827 344602 4237354320
128 828 345426 4237354320
128 829 344554 4237354320
128 830 343576 4237354320
128 831 345507 4237354320
128 832 344320 4237354320
128 833 345380 4237354320
128 834 344514 4237354320
128 835 344961 4237354320
128 836 345426 4237354320
128 837 345134 4237354320
128 838 345146 4237354320
128 839 344168 4237354320
128 840 344026 4237354320
128 841 345663 4237354320
128 842 345065 4237354320
128 843 345057 4237354320
128 844 345109 4237354320
128 845 345476 4237354320
128 846 344567 4237354320
128 847 345366 4237354320
128 848 344652 4237354320
128 849 345123 4237354320
128 850 344441 4237354320
128 851 344866 4237354320
128 852 345415 4237354320
128 853 344876 4237354320
128 854 344930 4237354320
128 855 344775 4237354320
128 856 344557 4237354320
128 857 346055 4237354320
128 858 345162 4237354320
128 859 344592 4237354320
128 860 345721 4237354320
128 861 344315 4237354320
128 862 345088 4237354320
128 863 344050 4237354320
128 864 345489 4237354320
128 865 344831 4237354320
128 866 344905 4237354320
128 867 345430 4237354320
128 868 344858 4237354320
128 869 345250 4237354320
128 870 344981 4237354320
128 871 345049 4237354320
128 872 344409 4237354320
128 873 345001 4237354320
128 874 345199 4237354320
128 875 343737 4237354320
128 876 344369 4237354320
128 877 345441 4237354320
128 878 345197 4237354320
128 879 345067 4237354320
128 880 345099 4237354320
128 881 344960 4237354320
128 882 344609 4237354320
128 883 345770 4237354320
128 884 344746 4237354320
128 885 344696 4237354320
128 886 345058 4237354320
128 887 344936 4237354320
128 888 344692 4237354320
128 889 343802 4237354320
128 890 344852 4237354320
128 891 344730 4237354320
128 892 344807 4237354320
128 893 344770 4237354320
128 894 344654 4237354320
128 895 344897 4237354320
128 896 344976 4237354320
128 897 345218 4237354320
128 898 345698 4237354320
128 899 344840 4237354320
128 900 344376 4237354320
128 901 343893 4237354320
128 902 345719 4237354320
128 903 344796 4237354320
128 904 345235 4237354320
128 905 344933 4237354320
128 906 344724 4237354320
128 907 344219 4237354320
128 908 344189 4237354320
128 909 344694 4237354320
128 910 343871 4237354320
128 911 344968 4237354320
128 912 345411 4237354320
128 913 345208 4237354320
128 914 345950 4237354320
128 915 344899 4237354320
128 916 344724 4237354320
128 917 344801 4237354320
128 918 344893 4237354320
128 919 345926 4237354320
128 920 346073 4237354320
128 921 344375 4237354320
128 922 344966 4237354320
128 923 345840 4237354320
128 924 344663 4237354320
128 925 344588 4237354320
128 926 345275 4237354320
128 927 345151 4237354320
128 928 344660 4237354320
128 929 345231 4237354320
128 930 344494 4237354320
128 931 344230 4237354320
128 932 344451 4237354320
128 933 344875 4237354320
128 934 345003 4237354320
128 935 344840 4237354320
128 936 344335 4237354320
128 937 344518 4237354320
128 938 345267 4237354320
128 939 344597 4237354320
128 940 344483 4237354320
128 941 344219 4237354320
128 942 345180 4237354320
128 943 345181 4237354320
128 944 344587 4237354320
128 945 344721 4237354320
128 946 344612 4237354320
128 947 344045 4237354320
128 948 345938 4237354320
128 949 345212 4237354320
128 950 345262 4237354320
128 951 345039 4237354320
128 952 344249 4237354320
128 953 344756 4237354320
128 954 345272 4237354320
128 955 346169 4237354320
128 956 345057 4237354320
128 957 344479 4237354320
128 958 344789 4237354320
128 959 344249 4237354320
128 960 345241 4237354320
128 961 344427 4237354320
128 962 344457 4237354320
128 963 345174 4237354320
128 964 344929 4237354320
128 965 345374 4237354320
128 966 344506 4237354320
128 967 344811 4237354320
128 968 345303 4237354320
128 969 344093 4237354320
128 970 344988 4237354320
128 971 345406 4237354320
128 972 344723 4237354320
128 973 344712 4237354320
128 974 344561 4237354320
128 975 345135 4237354320
128 976 344697 4237354320
128 977 345316 4237354320
128 978 345228 4237354320
128 979 345622 4237354320
128 980 345113 4237354320
128 981 344870 4237354320
128 982 344649 4237354320
128 983 345066 4237354320
128 984 346037 4237354320
128 985 344888 4237354320
128 986 344690 4237354320
128 987 345190 4237354320
128 988 345118 4237354320
128 989 345128 4237354320
128 990 346809 4237354320
128 991 345822 4237354320
128 992 345265 4237354320
128 993 344621 4237354320
128 994 346771 4237354320
128 995 344383 4237354320
128 996 345076 4237354320
128 997 344793 4237354320
128 998 346380 4237354320
128 999 344156 4237354320
128 0 386877 4237354315
128 1 343989 4237354320
128 2 344648 4237354320
128 3 344761 4237354320
128 4 344525 4237354320
128 5 343873 4237354320
128 6 344498 4237354320
128 7 345149 4237354320
128 8 345128 4237354320
128 9 344385 4237354320
128 10 345033 4237354320
128 11 344322 4237354320
128 12 345020 4237354320
128 13 345016 4237354320
128 14 345221 4237354320
128 15 344133 4237354320
128 16 344375 4237354320
128 17 345224 4237354320
128 18 345441 4237354320
128 19 344729 4237354320
128 20 345668 4237354320
128 21 344534 4237354320
128 22 345381 4237354320
128 23 345361 4237354320
128 24 345160 4237354320
128 25 343978 4237354320
128 26 345455 4237354320
128 27 344827 4237354320
128 28 345373 4237354320
128 29 344952 4237354320
128 30 344945 4237354320
128 31 345510 4237354320
128 32 344871 4237354320
128 33 345065 4237354320
128 34 344990 4237354320
128 35 345050 4237354320
128 36 344378 4237354320
128 37 345433 4237354320
128 38 345079 4237354320
128 39 344959 4237354320
128 40 344784 4237354320
128 41 345508 4237354320
128 42 345117 4237354320
128 43 344666 4237354320
128 44 343969 4237354320
128 45 344920 4237354320
128 46 344653 4237354320
128 47 344897 4237354320
128 48 345662 4237354320
128 49 344796 4237354320
128 50 344198 4237354320
128 51 344632 4237354320
128 52 344082 4237354320
128 53 344948 4237354320
128 54 345811 4237354320
128 55 345769 4237354320
128 56 345964 4237354320
128 57 345082 4237354320
128 58 344800 4237354320
128 59 345128 4237354320
128 60 345334 4237354320
128 61 344667 4237354320
128 62 345287 4237354320
128 63 344394 4237354320
128 64 344954 4237354320
128 65 346024 4237354320
128 66 345368 4237354320
128 67 344674 4237354320
128 68 345030 4237354320
128 69 344432 4237354320
128 70 345545 4237354320
128 71 345198 4237354320
128 72 344981 4237354320
128 73 344383 4237354320
128 74 345959 4237354320
128 75 345030 4237354320
128 76 344718 4237354320
128 77 345088 4237354320
128 78 346288 4237354320
128 79 343753 4237354320
128 80 344411 4237354320
128 81 345207 4237354320
128 82 345125 4237354320
128 83 344889 4237354320
128 84 344527 4237354320
128 85 344824 4237354320
128 86 345093 4237354320
128 87 346741 4237354320
128 88 345493 4237354320
128 89 344481 4237354320
128 90 345085 4237354320
128 91 345578 4237354320
128 92 345689 4237354320
128 93 345311 4237354320
128 94 345370 4237354320
128 95 345104 4237354320
128 96 344625 4237354320
128 97 345109 4237354320
128 98 345020 4237354320
128 99 344599 4237354320
128 100 344971 4237354320
128 101 344955 4237354320
128 102 343701 4237354320
128 103 345090 4237354320
128 104 344688 4237354320
128 105 344423 4237354320
128 106 344986 4237354320
128 107 344240 4237354320
128 108 344361 4237354320
128 109 344652 4237354320
128 110 344867 4237354320
128 111 344584 4237354320
128 112 344643 4237354320
128 113 345419 4237354320
128 114 344946 4237354320
128 115 345080 4237354320
128 116 345704 4237354320
128 117 345349 4237354320
128 118 344614 4237354320
128 119 344992 4237354320
128 120 345432 4237354320
128 121 345023 4237354320
128 122 344683 4237354320
128 123 345959 4237354320
128 124 344984 4237354320
128 125 344798 4237354320
128 126 344079 4237354320
128 127 344598 4237354320
128 128 344609 4237354320
128 129 344562 4237354320
128 130 345585 4237354320
128 131 344669 4237354320
128 132 345959 4237354320
128 133 344785 4237354320
128 134 345249 4237354320
128 135 345587 4237354320
128 136 344627 4237354320
128 137 344888 4237354320
128 138 344897 4237354320
128 139 343840 4237354320
128 140 345406 4237354320
128 141 344999 4237354320
128 142 345136 4237354320
128 143 344644 4237354320
128 144 344401 4237354320
128 145 345820 4237354320
128 146 344492 4237354320
128 147 344708 4237354320
128 148 345376 4237354320
128 149 344677 4237354320
128 150 344452 4237354320
128 151 345787 4237354320
128 152 344345 4237354320
128 153 345509 4237354320
128 154 344602 4237354320
128 155 343962 4237354320
128 156 345757 4237354320
128 157 344781 4237354320
128 158 344757 4237354320
128 159 345256 4237354320
128 160 345117 4237354320
128 161 344709 4237354320
128 162 344156 4237354320
128 163 346134 4237354320
128 164 345015 4237354320
128 165 344911 4237354320
128 166 345059 4237354320
128 167 344242 4237354320
128 168 345474 4237354320
128 169 344589 4237354320
128 170 346038 4237354320
128 171 344570 4237354320
128 172 344219 4237354320
128 173 345134 4237354320
128 174 345867 4237354320
128 175 345909 4237354320
128 176 343657 4237354320
128 177 344410 4237354320
128 178 345870 4237354320
128 179 345143 4237354320
128 180 345871 4237354320
128 181 344500 4237354320
128 182 345196 4237354320
128 183 345258 4237354320
128 184 344735 4237354320
128 185 344876 4237354320
128 186 344003 4237354320
128 187 344949 4237354320
128 188 345084 4237354320
128 189 344693 4237354320
128 190 345159 4237354320
128 191 345520 4237354320
128 192 344674 4237354320
128 193 344297 4237354320
128 194 344901 4237354320
128 195 345273 4237354320
128 196 344540 4237354320
128 197 345136 4237354320
128 198 344763 4237354320
128 199 344474 4237354320
128 200 344585 4237354320
128 201 344507 4237354320
128 202 345616 4237354320
128 203 344964 4237354320
128 204 344421 4237354320
128 205 344170 4237354320
128 206 343672 4237354320
128 207 345413 4237354320
128 208 344652 4237354320
128 209 345305 4237354320
128 210 345016 4237354320
128 211 345157 4237354320
128 212 344895 4237354320
128 213 344741 4237354320
128 214 344300 4237354320
128 215 344324 4237354320
128 216 344587 4237354320
128 217 344445 4237354320
128 218 344639 4237354320
128 219 344195 4237354320
128 220 344375 4237354320
128 221 344715 4237354320
128 222 344353 4237354320
128 223 344822 4237354320
128 224 344589 4237354320
128 225 347108 4237354320
128 226 344500 4237354320
128 227 345165 4237354320
128 228 345244 4237354320
128 229 346498 4237354320
128 230 343964 4237354320
128 231 343638 4237354320
128 232 344636 4237354320
128 233 345822 4237354320
128 234 345014 4237354320
128 235 345661 4237354320
128 236 345240 4237354320
128 237 344260 4237354320
128 238 344356 4237354320
128 239 345647 4237354320
128 240 344485 4237354320
128 241 344422 4237354320
128 242 345201 4237354320
128 243 344402 4237354320
128 244 345454 4237354320
128 245 345482 4237354320
128 246 344617 4237354320
128 247 344186 4237354320
128 248 344731 4237354320
128 249 344240 4237354320
128 250 345802 4237354320
128 251 344715 4237354320
128 252 345461 4237354320
128 253 345141 4237354320
128 254 344254 4237354320
128 255 343779 4237354320
128 256 344554 4237354320
128 257 344813 4237354320
128 258 345358 4237354320
128 259 344949 4237354320
128 260 345013 4237354320
128 261 345441 4237354320
128 262 344868 4237354320
128 263 344593 4237354320
128 264 344856 4237354320
128 265 344855 4237354320
128 266 344779 4237354320
128 267 345102 4237354320
128 268 344829 4237354320
128 269 344920 4237354320
128 270 345459 4237354320
128 271 346075 4237354320
128 272 344618 4237354320
128 273 345671 4237354320
128 274 344892 4237354320
128 275 344532 4237354320
128 276 345876 4237354320
128 277 345359 4237354320
128 278 344433 4237354320
128 279 346896 4237354320
128 280 344750 4237354320
128 281 344563 4237354320
128 282 345152 4237354320
128 283 346525 4237354320
128 284 345255 4237354320
128 285 344492 4237354320
128 286 344267 4237354320
128 287 347349 4237354320
128 288 344874 4237354320
128 289 344659 4237354320
128 290 343749 4237354320
128 291 344742 4237354320
128 292 344822 4237354320
128 293 345396 4237354320
128 294 345429 4237354320
128 295 344005 4237354320
128 296 344786 4237354320
128 297 345093 4237354320
128 298 346247 4237354320
128 299 345265 4237354320
128 300 344795 4237354320
128 301 345278 4237354320
128 302 344797 4237354320
128 303 344142 4237354320
128 304 344265 4237354320
128 305 344200 4237354320
128 306 345218 4237354320
128 307 344083 4237354320
128 308 344867 4237354320
128 309 345759 4237354320
128 310 345010 4237354320
128 311 344360 4237354320
128 312 345126 4237354320
128 313 346436 4237354320
128 314 344575 4237354320
128 315 344695 4237354320
128 316 345442 4237354320
128 317 345013 4237354320
128 318 345298 4237354320
128 319 344526 4237354320
128 320 344940 4237354320
128 321 345571 4237354320
128 322 344804 4237354320
128 323 344510 4237354320
128 324 344837 4237354320
128 325 344645 4237354320
128 326 344658 4237354320
128 327 344168 4237354320
128 328 344450 4237354320
128 329 345812 4237354320
128 330 344690 4237354320
128 331 345035 4237354320
128 332 344620 4237354320
128 333 346504 4237354320
128 334 344450 4237354320
128 335 344629 4237354320
128 336 344820 4237354320
128 337 347089 4237354320
128 338 345010 4237354320
128 339 345067 4237354320
128 340 345105 4237354320
128 341 347495 4237354320
128 342 345514 4237354320
128 343 343998 4237354320
128 344 345204 4237354320
128 345 345738 4237354320
128 346 344881 4237354320
128 347 344729 4237354320
128 348 344750 4237354320
128 349 344104 4237354320
128 350 344740 4237354320
128 351 345148 4237354320
128 352 343702 4237354320
128 353 344712 4237354320
128 354 345256 4237354320
128 355 344384 4237354320
128 356 345571 4237354320
128 357 344694 4237354320
128 358 345479 4237354320
128 359 344723 4237354320
128 360 345144 4237354320
128 361 344651 4237354320
128 362 345474 4237354320
128 363 344811 4237354320
128 364 344158 4237354320
128 365 344489 4237354320
128 366 345196 4237354320
128 367 344888 4237354320
128 368 344536 4237354320
128 369 344578 4237354320
128 370 344371 4237354320
128 371 344856 4237354320
128 372 345012 4237354320
128 373 345373 4237354320
128 374 345277 4237354320
128 375 344728 4237354320
128 376 345426 4237354320
128 377 345169 4237354320
128 378 343923 4237354320
128 379 344842 4237354320
128 380 343935 4237354320
128 381 345182 4237354320
128 382 344451 4237354320
128 383 344784 4237354320
128 384 344878 4237354320
128 385 345432 4237354320
128 386 345436 4237354320
128 387 345443 4237354320
128 388 344897 4237354320
128 389 345009 4237354320
128 390 345645 4237354320
128 391 345297 4237354320
128 392 344721 4237354320
128 393 345080 4237354320
128 394 344111 4237354320
128 395 344494 4237354320
128 396 344687 4237354320
128 397 344650 4237354320
128 398 345024 4237354320
128 399 345906 4237354320
128 400 344653 4237354320
128 401 344655 4237354320
128 402 345848 4237354320
128 403 344488 4237354320
128 404 345528 4237354320
128 405 344808 4237354320
128 406 345183 4237354320
128 407 343749 4237354320
128 408 345555 4237354320
128 409 344988 4237354320
128 410 345564 4237354320
128 411 345027 4237354320
128 412 344403 4237354320
128 413 345977 4237354320
128 414 344059 4237354320
128 415 344900 4237354320
128 416 344417 4237354320
128 417 344327 4237354320
128 418 345170 4237354320
128 419 344188 4237354320
128 420 345042 4237354320
128 421 345032 4237354320
128 422 344664 4237354320
128 423 344420 4237354320
128 424 345085 4237354320
128 425 344761 4237354320
128 426 345943 4237354320
128 427 344995 4237354320
128 428 345068 4237354320
128 429 344287 4237354320
128 430 345357 4237354320
128 431 345012 4237354320
128 432 344992 4237354320
128 433 344629 4237354320
128 434 344433 4237354320
128 435 344295 4237354320
128 436 343694 4237354320
128 437 344349 4237354320
128 438 343207 4237354320
128 439 344307 4237354320
128 440 344932 4237354320
128 441 345069 4237354320
128 442 344658 4237354320
128 443 344865 4237354320
128 444 343831 4237354320
128 445 345076 4237354320
128 446 345001 4237354320
128 447 344915 4237354320
128 448 343386 4237354320
128 449 344497 4237354320
128 450 344416 4237354320
128 451 345441 4237354320
128 452 344335 4237354320
128 453 344508 4237354320
128 454 344168 4237354320
128 455 344664 4237354320
128 456 344587 4237354320
128 457 344765 4237354320
128 458 346040 4237354320
128 459 345687 4237354320
128 460 344205 4237354320
128 461 345133 4237354320
128 462 347080 4237354320
128 463 344488 4237354320
128 464 345031 4237354320
128 465 344468 4237354320
128 466 345806 4237354320
128 467 345322 4237354320
128 468 345725 4237354320
128 469 344905 4237354320
128 470 345631 4237354320
128 471 344631 4237354320
128 472 343977 4237354320
128 473 345022 4237354320
128 474 344329 4237354320
128 475 344381 4237354320
128 476 345385 4237354320
128 477 345650 4237354320
128 478 344676 4237354320
128 479 344989 4237354320
128 480 345506 4237354320
128 481 343885 4237354320
128 482 344775 4237354320
128 483 345320 4237354320
128 484 344627 4237354320
128 485 344534 4237354320
128 486 344806 4237354320
128 487 345739 4237354320
128 488 344899 4237354320
128 489 344558 4237354320
128 490 344378 4237354320
128 491 345231 4237354320
128 492 344334 4237354320
128 493 344944 4237354320
128 494 344796 4237354320
128 495 344807 4237354320
128 496 344978 4237354320
128 497 345049 4237354320
128 498 344112 4237354320
128 499 344631 4237354320
128 500 344402 4237354320
128 501 345550 4237354320
128 502 344914 4237354320
128 503 344255 4237354320
128 504 345723 4237354320
128 505 344887 4237354320
128 506 344989 4237354320
128 507 345565 4237354320
128 508 344681 4237354320
128 509 345508 4237354320
128 510 344533 4237354320
128 511 344966 4237354320
128 512 345048 4237354320
128 513 344897 4237354320
128 514 344257 4237354320
128 515 344310 4237354320
128 516 346143 4237354320
128 517 345924 4237354320
128 518 345753 4237354320
128 519 344749 4237354320
128 520 345867 4237354320
128 521 344839 4237354320
128 522 344800 4237354320
128 523 345316 4237354320
128 524 346353 4237354320
128 525 345368 4237354320
128 526 345376 4237354320
128 527 345258 4237354320
128 528 344065 4237354320
128 529 345445 4237354320
128 530 343904 4237354320
128 531 345191 4237354320
128 532 345307 4237354320
128 533 345099 4237354320
128 534 344642 4237354320
128 535 344614 4237354320
128 536 344176 4237354320
128 537 345280 4237354320
128 538 345457 4237354320
128 539 344410 4237354320
128 540 344171 4237354320
128 541 344418 4237354320
128 542 344829 4237354320
128 543 345467 4237354320
128 544 345187 4237354320
128 545 345260 4237354320
128 546 344374 4237354320
128 547 344799 4237354320
128 548 345359 4237354320
128 549 344750 4237354320
128 550 344599 4237354320
128 551 343948 4237354320
128 552 345018 4237354320
128 553 344879 4237354320
128 554 344744 4237354320
128 555 344452 4237354320
128 556 345089 4237354320
128 557 344542 4237354320
128 558 345440 4237354320
128 559 345088 4237354320
128 560 345325 4237354320
128 561 345360 4237354320
128 562 344199 4237354320
128 563 344068 4237354320
128 564 345479 4237354320
128 565 343983 4237354320
128 566 344826 4237354320
128 567 344894 4237354320
128 568 344880 4237354320
128 569 345800 4237354320
128 570 346336 4237354320
128 571 345480 4237354320
128 572 344756 4237354320
128 573 344397 4237354320
128 574 345901 4237354320
128 575 344906 4237354320
128 576 345500 4237354320
128 577 345158 4237354320
128 578 345813 4237354320
128 579 344793 4237354320
128 580 344375 4237354320
128 581 343851 4237354320
128 582 345671 4237354320
128 583 345004 4237354320
128 584 344381 4237354320
128 585 344353 4237354320
128 586 345411 4237354320
128 587 344386 4237354320
128 588 344987 4237354320
128 589 344682 4237354320
128 590 345778 4237354320
128 591 345158 4237354320
128 592 344618 4237354320
128 593 345654 4237354320
128 594 344333 4237354320
128 595 344118 4237354320
128 596 345449 4237354320
128 597 345284 4237354320
128 598 345123 4237354320
128 599 345333 4237354320
128 600 345203 4237354320
128 601 344483 4237354320
128 602 345303 4237354320
128 603 344444 4237354320
128 604 344229 4237354320
128 605 344113 4237354320
128 606 345747 4237354320
128 607 345050 4237354320
128 608 343888 4237354320
128 609 344355 4237354320
128 610 344323 4237354320
128 611 344611 4237354320
128 612 344794 4237354320
128 613 345790 4237354320
128 614 344687 4237354320
128 615 344704 4237354320
128 616 344879 4237354320
128 617 344421 4237354320
128 618 345122 4237354320
128 619 344076 4237354320
128 620 344875 4237354320
128 621 344672 4237354320
128 622 346288 4237354320
128 623 343558 4237354320
128 624 344638 4237354320
128 625 344689 4237354320
128 626 345561 4237354320
128 627 344222 4237354320
128 628 344701 4237354320
128 629 344902 4237354320
128 630 345591 4237354320
128 631 345187 4237354320
128 632 345274 4237354320
128 633 345147 4237354320
128 634 344948 4237354320
128 635 344745 4237354320
128 636 345507 4237354320
128 637 344886 4237354320
128 638 345459 4237354320
128 639 345378 4237354320
128 640 345075 4237354320
128 641 345412 4237354320
128 642 345244 4237354320
128 643 345292 4237354320
128 644 343882 4237354320
128 645 344214 4237354320
128 646 345152 4237354320
128 647 345674 4237354320
128 648 344356 4237354320
128 649 345475 4237354320
128 650 344393 4237354320
128 651 345574 4237354320
128 652 344929 4237354320
128 653 344780 4237354320
128 654 344830 4237354320
128 655 344556 4237354320
128 656 344340 4237354320
128 657 345017 4237354320
128 658 345409 4237354320
128 659 344696 4237354320
128 660 344850 4237354320
128 661 344787 4237354320
128 662 344941 4237354320
128 663 344667 4237354320
128 664 345457 4237354320
128 665 345165 4237354320
128 666 345233 4237354320
128 667 344861 4237354320
128 668 345146 4237354320
128 669 345424 4237354320
128 670 344549 4237354320
128 671 345221 4237354320
128 672 345276 4237354320
128 673 345050 4237354320
128 674 345374 4237354320
128 675 345186 4237354320
128 676 345002 4237354320
128 677 343945 4237354320
128 678 344684 4237354320
128 679 344668 4237354320
128 680 345341 4237354320
128 681 344486 4237354320
128 682 345588 4237354320
128 683 344993 4237354320
128 684 344938 4237354320
128 685 345204 4237354320
128 686 345276 4237354320
128 687 344567 4237354320
128 688 344886 4237354320
128 689 344216 4237354320
128 690 344819 4237354320
128 691 345043 4237354320
128 692 344770 4237354320
128 693 345031 4237354320
128 694 345862 4237354320
128 695 345445 4237354320
128 696 344310 4237354320
128 697 345022 4237354320
128 698 345462 4237354320
128 699 344873 4237354320
128 700 344831 4237354320
128 701 345255 4237354320
128 702 344692 4237354320
128 703 345387 4237354320
128 704 346066 4237354320
128 705 345286 4237354320
128 706 345368 4237354320
128 707 344084 4237354320
128 708 344721 4237354320
128 709 345491 4237354320
128 710 344495 4237354320
128 711 344598 4237354320
128 712 345628 4237354320
128 713 344902 4237354320
128 714 344574 4237354320
128 715 344794 4237354320
128 716 344811 4237354320
128 717 344604 4237354320
128 718 345078 4237354320
128 719 345046 4237354320
128 720 344846 4237354320
128 721 344915 4237354320
128 722 345878 4237354320
128 723 344551 4237354320
128 724 344692 4237354320
128 725 345494 4237354320
128 726 344931 4237354320
128 727 343965 4237354320
128 728 346453 4237354320
128 729 344299 4237354320
128 730 345520 4237354320
128 731 343843 4237354320
128 732 345138 4237354320
128 733 344425 4237354320
128 734 344558 4237354320
128 735 345289 4237354320
128 736 345140 4237354320
128 737 345267 4237354320
128 738 344091 4237354320
128 739 344829 4237354320
128 740 345182 4237354320
128 741 345104 4237354320
128 742 344721 4237354320
128 743 344303 4237354320
128 744 345996 4237354320
128 745 345181 4237354320
128 746 345710 4237354320
128 747 344979 4237354320
128 748 345172 4237354320
128 749 344931 4237354320
128 750 344946 4237354320
128 751 344030 4237354320
128 752 344344 4237354320
128 753 346296 4237354320
128 754 345082 4237354320
128 755 344672 4237354320
128 756 345107 4237354320
128 757 347158 4237354320
128 758 344729 4237354320
128 759 344315 4237354320
128 760 344939 4237354320
128 761 346268 4237354320
128 762 345702 4237354320
128 763 344261 4237354320
128 764 345105 4237354320
128 765 344370 4237354320
128 766 344847 4237354320
128 767 344977 4237354320
128 768 346053 4237354320
128 769 345526 4237354320
128 770 344893 4237354320
128 771 344640 4237354320
128 772 345991 4237354320
128 773 344290 4237354320
128 774 345543 4237354320
128 775 345276 4237354320
128 776 346139 4237354320
128 777 345069 4237354320
128 778 344679 4237354320
128 779 344802 4237354320
128 780 344918 4237354320
128 781 344064 4237354320
128 782 344835 4237354320
128 783 345120 4237354320
128 784 344738 4237354320
128 785 345046 4237354320
128 786 344246 4237354320
128 787 344365 4237354320
128 788 343985 4237354320
128 789 345465 4237354320
128 790 344286 4237354320
128 791 344310 4237354320
128 792 344769 4237354320
128 793 344895 4237354320
128 794 345584 4237354320
128 795 344417 4237354320
128 796 344519 4237354320
128 797 345267 4237354320
128 798 345380 4237354320
128 799 344491 4237354320
128 800 344610 4237354320
128 801 343466 4237354320
128 802 345853 4237354320
128 803 345264 4237354320
128 804 345038 4237354320
128 805 345695 4237354320
128 806 345297 4237354320
128 807 346260 4237354320
128 808 343780 4237354320
128 809 345470 4237354320
128 810 344563 4237354320
128 811 347014 4237354320
128 812 344840 4237354320
128 813 344423 4237354320
128 814 345035 4237354320
128 815 347598 4237354320
128 816 344851 4237354320
128 817 343099 4237354320
128 818 343936 4237354320
128 819 345458 4237354320
128 820 344790 4237354320
128 821 345302 4237354320
128 822 344742 4237354320
128 823 344581 4237354320
128 824 344611 4237354320
128 825 344782 4237354320
128 826 345171 4237354320
128 827 344602 4237354320
128 828 345426 4237354320
128 829 344554 4237354320
128 830 343576 4237354320
128 831 345507 4237354320
128 832 344320 4237354320
128 833 345380 4237354320
128 834 344514 4237354320
128 835 344961 4237354320
128 836 345426 4237354320
128 837 345134 4237354320
128 838 345146 4237354320
128 839 344168 4237354320
128 840 344026 4237354320
128 841 345663 4237354320
128 842 345065 4237354320
128 843 345057 4237354320
128 844 345109 4237354320
128 845 345476 4237354320
128 846 344567 4237354320
128 847 345366 4237354320
128 848 344652 4237354320
128 849 345123 4237354320
128 850 344441 4237354320
128 851 344866 4237354320
128 852 345415 4237354320
128 853 344876 4237354320
128 854 344930 4237354320
128 855 344775 4237354320
128 856 344557 4237354320
128 857 346055 4237354320
128 858 345162 4237354320
128 859 344592 4237354320
128 860 345721 4237354320
128 861 344315 4237354320
128 862 345088 4237354320
128 863 344050 4237354320
128 864 345489 4237354320
128 865 344831 4237354320
128 866 344905 4237354320
128 867 345430 4237354320
128 868 344858 4237354320
128 869 345250 4237354320
128 870 344981 4237354320
128 871 345049 4237354320
128 872 344409 4237354320
128 873 345001 4237354320
128 874 345199 4237354320
128 875 343737 4237354320
128 876 344369 4237354320
128 877 345441 4237354320
128 878 345197 4237354320
128 879 345067 4237354320
128 880 345099 4237354320
128 881 344960 4237354320
128 882 344609 4237354320
128 883 345770 4237354320
128 884 344746 4237354320
128 885 344696 4237354320
128 886 345058 4237354320
128 887 344936 4237354320
128 888 344692 4237354320
128 889 343802 4237354320
128 890 344852 4237354320
128 891 344730 4237354320
128 892 344807 4237354320
128 893 344770 4237354320
128 894 344654 4237354320
128 895 344897 4237354320
128 896 344976 4237354320
128 897 345218 4237354320
128 898 345698 4237354320
128 899 344840 4237354320
128 900 344376 4237354320
128 901 343893 4237354320
128 902 345719 4237354320
128 903 344796 4237354320
128 904 345235 4237354320
128 905 344933 4237354320
128 906 344724 4237354320
128 907 344219 4237354320
128 908 344189 4237354320
128 909 344694 4237354320
128 910 343871 4237354320
128 911 344968 4237354320
128 912 345411 4237354320
128 913 345208 4237354320
128 914 345950 4237354320
128 915 344899 4237354320
128 916 344724 4237354320
128 917 344801 4237354320
128 918 344893 4237354320
128 919 345926 4237354320
128 920 346073 4237354320
128 921 344375 4237354320
128 922 344966 4237354320
128 923 345840 4237354320
128 924 344663 4237354320
128 925 344588 4237354320
128 926 345275 4237354320
128 927 345151 4237354320
128 928 344660 4237354320
128 929 345231 4237354320
128 930 344494 4237354320
128 931 344230 4237354320
128 932 344451 4237354320
128 933 344875 4237354320
128 934 345003 4237354320
128 935 344840 4237354320
128 936 344335 4237354320
128 937 344518 4237354320
128 938 345267 4237354320
128 939 344597 4237354320
128 940 344483 4237354320
128 941 344219 4237354320
128 942 345180 4237354320
128 943 345181 4237354320
128 944 344587 4237354320
128 945 344721 4237354320
128 946 344612 4237354320
128 947 344045 4237354320
128 948 345938 4237354320
128 949 345212 4237354320
128 950 345262 4237354320
128 951 345039 4237354320
128 952 344249 4237354320
128 953 344756 4237354320
128 954 345272 4237354320
128 955 346169 4237354320
128 956 345057 4237354320
128 957 344479 4237354320
128 958 344789 4237354320
128 959 344249 4237354320
128 960 345241 4237354320
128 961 344427 4237354320
128 962 344457 4237354320
128 963 345174 4237354320
128 964 344929 4237354320
128 965 345374 4237354320
128 966 344506 4237354320
128 967 344811 4237354320
128 968 345303 4237354320
128 969 344093 4237354320
128 970 344988 4237354320
128 971 345406 4237354320
128 972 344723 4237354320
128 973 344712 4237354320
128 974 344561 4237354320
128 975 345135 4237354320
128 976 344697 4237354320
128 977 345316 4237354320
128 978 345228 4237354320
128 979 345622 4237354320
128 980 345113 4237354320
128 981 344870 4237354320
128 982 344649 4237354320
128 983 345066 4237354320
128 984 346037 4237354320
128 985 344888 4237354320
128 986 344690 4237354320
128 987 345190 4237354320
128 988 345118 4237354320
128 989 345128 4237354320
128 990 346809 4237354320
128 991 345822 4237354320
128 992 345265 4237354320
128 993 344621 4237354320
128 994 346771 4237354320
128 995 344383 4237354320
128 996 345076 4237354320
128 997 344793 4237354320
128 998 346380 4237354320
128 999 344156 4237354320
