8 0 960 2856
8 1 614 2881
8 2 584 2861
8 3 584 2861
8 4 584 2861
8 5 584 2861
8 6 584 2861
8 7 584 2861
8 8 584 2861
8 9 584 2861
8 10 584 2861
8 11 584 2861
8 12 584 2861
8 13 584 2861
8 14 584 2861
8 15 584 2861
8 16 584 2861
8 17 584 2861
8 18 584 2861
8 19 584 2861
8 20 584 2861
8 21 584 2861
8 22 584 2861
8 23 584 2861
8 24 584 2861
8 25 584 2861
8 26 584 2861
8 27 584 2861
8 28 584 2861
8 29 584 2861
8 30 584 2861
8 31 584 2861
8 32 584 2861
8 33 584 2861
8 34 584 2861
8 35 584 2861
8 36 584 2861
8 37 584 2861
8 38 584 2861
8 39 584 2861
8 40 584 2861
8 41 584 2861
8 42 584 2861
8 43 584 2861
8 44 584 2861
8 45 584 2861
8 46 584 2861
8 47 584 2861
8 48 584 2861
8 49 584 2861
8 50 584 2861
8 51 584 2861
8 52 584 2861
8 53 584 2861
8 54 584 2861
8 55 584 2861
8 56 584 2861
8 57 584 2861
8 58 584 2861
8 59 584 2861
8 60 584 2861
8 61 584 2861
8 62 584 2861
8 63 584 2861
8 64 584 2861
8 65 584 2861
8 66 584 2861
8 67 584 2861
8 68 584 2861
8 69 584 2861
8 70 584 2861
8 71 584 2861
8 72 584 2861
8 73 584 2861
8 74 584 2861
8 75 584 2861
8 76 584 2861
8 77 584 2861
8 78 584 2861
8 79 584 2861
8 80 584 2861
8 81 584 2861
8 82 584 2861
8 83 584 2861
8 84 584 2861
8 85 584 2861
8 86 584 2861
8 87 584 2861
8 88 584 2861
8 89 584 2861
8 90 584 2861
8 91 584 2861
8 92 584 2861
8 93 584 2861
8 94 584 2861
8 95 584 2861
8 96 584 2861
8 97 584 2861
8 98 584 2861
8 99 584 2861
8 100 584 2861
8 101 584 2861
8 102 584 2861
8 103 584 2861
8 104 584 2861
8 105 584 2861
8 106 584 2861
8 107 584 2861
8 108 584 2861
8 109 584 2861
8 110 584 2861
8 111 584 2861
8 112 584 2861
8 113 584 2861
8 114 584 2861
8 115 584 2861
8 116 584 2861
8 117 584 2861
8 118 584 2861
8 119 584 2861
8 120 584 2861
8 121 584 2861
8 122 584 2861
8 123 584 2861
8 124 584 2861
8 125 584 2861
8 126 584 2861
8 127 584 2861
8 128 584 2861
8 129 584 2861
8 130 584 2861
8 131 584 2861
8 132 584 2861
8 133 584 2861
8 134 584 2861
8 135 584 2861
8 136 584 2861
8 137 584 2861
8 138 584 2861
8 139 584 2861
8 140 584 2861
8 141 584 2861
8 142 584 2861
8 143 584 2861
8 144 584 2861
8 145 584 2861
8 146 584 2861
8 147 584 2861
8 148 584 2861
8 149 584 2861
8 150 584 2861
8 151 584 2861
8 152 584 2861
8 153 584 2861
8 154 584 2861
8 155 584 2861
8 156 584 2861
8 157 584 2861
8 158 584 2861
8 159 584 2861
8 160 584 2861
8 161 584 2861
8 162 584 2861
8 163 584 2861
8 164 584 2861
8 165 584 2861
8 166 584 2861
8 167 584 2861
8 168 584 2861
8 169 584 2861
8 170 584 2861
8 171 584 2861
8 172 584 2861
8 173 584 2861
8 174 584 2861
8 175 584 2861
8 176 584 2861
8 177 584 2861
8 178 584 2861
8 179 584 2861
8 180 584 2861
8 181 584 2861
8 182 584 2861
8 183 584 2861
8 184 584 2861
8 185 584 2861
8 186 584 2861
8 187 584 2861
8 188 584 2861
8 189 584 2861
8 190 584 2861
8 191 584 2861
8 192 584 2861
8 193 584 2861
8 194 584 2861
8 195 584 2861
8 196 584 2861
8 197 584 2861
8 198 584 2861
8 199 584 2861
8 200 584 2861
8 201 584 2861
8 202 584 2861
8 203 584 2861
8 204 584 2861
8 205 584 2861
8 206 584 2861
8 207 584 2861
8 208 584 2861
8 209 584 2861
8 210 584 2861
8 211 584 2861
8 212 584 2861
8 213 584 2861
8 214 584 2861
8 215 584 2861
8 216 584 2861
8 217 584 2861
8 218 584 2861
8 219 584 2861
8 220 584 2861
8 221 584 2861
8 222 584 2861
8 223 584 2861
8 224 584 2861
8 225 584 2861
8 226 584 2861
8 227 584 2861
8 228 584 2861
8 229 584 2861
8 230 584 2861
8 231 584 2861
8 232 584 2861
8 233 584 2861
8 234 584 2861
8 235 584 2861
8 236 584 2861
8 237 584 2861
8 238 584 2861
8 239 584 2861
8 240 584 2861
8 241 584 2861
8 242 584 2861
8 243 584 2861
8 244 584 2861
8 245 584 2861
8 246 584 2861
8 247 584 2861
8 248 584 2861
8 249 584 2861
8 250 584 2861
8 251 584 2861
8 252 584 2861
8 253 584 2861
8 254 584 2861
8 255 584 2861
8 256 584 2861
8 257 584 2861
8 258 584 2861
8 259 584 2861
8 260 584 2861
8 261 584 2861
8 262 584 2861
8 263 584 2861
8 264 584 2861
8 265 584 2861
8 266 584 2861
8 267 584 2861
8 268 584 2861
8 269 584 2861
8 270 584 2861
8 271 584 2861
8 272 584 2861
8 273 584 2861
8 274 584 2861
8 275 584 2861
8 276 584 2861
8 277 584 2861
8 278 584 2861
8 279 584 2861
8 280 584 2861
8 281 584 2861
8 282 584 2861
8 283 584 2861
8 284 584 2861
8 285 584 2861
8 286 584 2861
8 287 584 2861
8 288 584 2861
8 289 584 2861
8 290 584 2861
8 291 584 2861
8 292 584 2861
8 293 584 2861
8 294 584 2861
8 295 584 2861
8 296 584 2861
8 297 584 2861
8 298 584 2861
8 299 584 2861
8 300 584 2861
8 301 584 2861
8 302 584 2861
8 303 584 2861
8 304 584 2861
8 305 584 2861
8 306 584 2861
8 307 584 2861
8 308 584 2861
8 309 584 2861
8 310 584 2861
8 311 584 2861
8 312 584 2861
8 313 584 2861
8 314 584 2861
8 315 584 2861
8 316 584 2861
8 317 584 2861
8 318 584 2861
8 319 584 2861
8 320 584 2861
8 321 584 2861
8 322 584 2861
8 323 584 2861
8 324 584 2861
8 325 584 2861
8 326 584 2861
8 327 584 2861
8 328 584 2861
8 329 584 2861
8 330 584 2861
8 331 584 2861
8 332 584 2861
8 333 584 2861
8 334 584 2861
8 335 584 2861
8 336 584 2861
8 337 584 2861
8 338 584 2861
8 339 584 2861
8 340 584 2861
8 341 584 2861
8 342 584 2861
8 343 584 2861
8 344 584 2861
8 345 584 2861
8 346 584 2861
8 347 584 2861
8 348 584 2861
8 349 584 2861
8 350 584 2861
8 351 584 2861
8 352 584 2861
8 353 584 2861
8 354 584 2861
8 355 584 2861
8 356 584 2861
8 357 584 2861
8 358 584 2861
8 359 584 2861
8 360 584 2861
8 361 584 2861
8 362 584 2861
8 363 584 2861
8 364 584 2861
8 365 584 2861
8 366 584 2861
8 367 584 2861
8 368 584 2861
8 369 584 2861
8 370 584 2861
8 371 584 2861
8 372 584 2861
8 373 584 2861
8 374 584 2861
8 375 584 2861
8 376 584 2861
8 377 584 2861
8 378 584 2861
8 379 584 2861
8 380 584 2861
8 381 584 2861
8 382 584 2861
8 383 584 2861
8 384 584 2861
8 385 584 2861
8 386 584 2861
8 387 584 2861
8 388 584 2861
8 389 584 2861
8 390 584 2861
8 391 584 2861
8 392 584 2861
8 393 584 2861
8 394 584 2861
8 395 584 2861
8 396 584 2861
8 397 584 2861
8 398 584 2861
8 399 584 2861
8 400 584 2861
8 401 584 2861
8 402 584 2861
8 403 584 2861
8 404 584 2861
8 405 584 2861
8 406 584 2861
8 407 584 2861
8 408 584 2861
8 409 584 2861
8 410 584 2861
8 411 584 2861
8 412 584 2861
8 413 584 2861
8 414 584 2861
8 415 584 2861
8 416 584 2861
8 417 584 2861
8 418 584 2861
8 419 584 2861
8 420 584 2861
8 421 584 2861
8 422 584 2861
8 423 584 2861
8 424 584 2861
8 425 584 2861
8 426 584 2861
8 427 584 2861
8 428 584 2861
8 429 584 2861
8 430 584 2861
8 431 584 2861
8 432 584 2861
8 433 584 2861
8 434 584 2861
8 435 584 2861
8 436 584 2861
8 437 584 2861
8 438 584 2861
8 439 584 2861
8 440 584 2861
8 441 584 2861
8 442 584 2861
8 443 584 2861
8 444 584 2861
8 445 584 2861
8 446 584 2861
8 447 584 2861
8 448 584 2861
8 449 584 2861
8 450 584 2861
8 451 584 2861
8 452 584 2861
8 453 584 2861
8 454 584 2861
8 455 584 2861
8 456 584 2861
8 457 584 2861
8 458 584 2861
8 459 584 2861
8 460 584 2861
8 461 584 2861
8 462 584 2861
8 463 584 2861
8 464 584 2861
8 465 584 2861
8 466 584 2861
8 467 584 2861
8 468 584 2861
8 469 584 2861
8 470 584 2861
8 471 584 2861
8 472 584 2861
8 473 584 2861
8 474 584 2861
8 475 584 2861
8 476 584 2861
8 477 584 2861
8 478 584 2861
8 479 584 2861
8 480 584 2861
8 481 584 2861
8 482 584 2861
8 483 584 2861
8 484 584 2861
8 485 584 2861
8 486 584 2861
8 487 584 2861
8 488 584 2861
8 489 584 2861
8 490 584 2861
8 491 584 2861
8 492 584 2861
8 493 584 2861
8 494 584 2861
8 495 584 2861
8 496 584 2861
8 497 584 2861
8 498 584 2861
8 499 584 2861
8 500 584 2861
8 501 584 2861
8 502 584 2861
8 503 584 2861
8 504 584 2861
8 505 584 2861
8 506 584 2861
8 507 584 2861
8 508 584 2861
8 509 584 2861
8 510 584 2861
8 511 584 2861
8 512 584 2861
8 513 584 2861
8 514 584 2861
8 515 584 2861
8 516 584 2861
8 517 584 2861
8 518 584 2861
8 519 584 2861
8 520 584 2861
8 521 584 2861
8 522 584 2861
8 523 584 2861
8 524 584 2861
8 525 584 2861
8 526 584 2861
8 527 584 2861
8 528 584 2861
8 529 584 2861
8 530 584 2861
8 531 584 2861
8 532 584 2861
8 533 584 2861
8 534 584 2861
8 535 584 2861
8 536 584 2861
8 537 584 2861
8 538 584 2861
8 539 584 2861
8 540 584 2861
8 541 584 2861
8 542 584 2861
8 543 584 2861
8 544 584 2861
8 545 584 2861
8 546 584 2861
8 547 584 2861
8 548 584 2861
8 549 584 2861
8 550 584 2861
8 551 584 2861
8 552 584 2861
8 553 584 2861
8 554 584 2861
8 555 584 2861
8 556 584 2861
8 557 584 2861
8 558 584 2861
8 559 584 2861
8 560 584 2861
8 561 584 2861
8 562 584 2861
8 563 584 2861
8 564 584 2861
8 565 584 2861
8 566 584 2861
8 567 584 2861
8 568 584 2861
8 569 584 2861
8 570 584 2861
8 571 584 2861
8 572 584 2861
8 573 584 2861
8 574 584 2861
8 575 584 2861
8 576 584 2861
8 577 584 2861
8 578 584 2861
8 579 584 2861
8 580 584 2861
8 581 584 2861
8 582 584 2861
8 583 584 2861
8 584 584 2861
8 585 584 2861
8 586 584 2861
8 587 584 2861
8 588 584 2861
8 589 584 2861
8 590 584 2861
8 591 584 2861
8 592 584 2861
8 593 584 2861
8 594 584 2861
8 595 584 2861
8 596 584 2861
8 597 584 2861
8 598 584 2861
8 599 584 2861
8 600 584 2861
8 601 584 2861
8 602 584 2861
8 603 584 2861
8 604 584 2861
8 605 584 2861
8 606 584 2861
8 607 584 2861
8 608 584 2861
8 609 584 2861
8 610 584 2861
8 611 584 2861
8 612 584 2861
8 613 584 2861
8 614 584 2861
8 615 584 2861
8 616 584 2861
8 617 584 2861
8 618 584 2861
8 619 584 2861
8 620 584 2861
8 621 584 2861
8 622 584 2861
8 623 584 2861
8 624 584 2861
8 625 584 2861
8 626 584 2861
8 627 584 2861
8 628 584 2861
8 629 584 2861
8 630 584 2861
8 631 584 2861
8 632 584 2861
8 633 584 2861
8 634 584 2861
8 635 584 2861
8 636 584 2861
8 637 584 2861
8 638 584 2861
8 639 584 2861
8 640 584 2861
8 641 584 2861
8 642 584 2861
8 643 584 2861
8 644 584 2861
8 645 584 2861
8 646 584 2861
8 647 584 2861
8 648 584 2861
8 649 584 2861
8 650 584 2861
8 651 584 2861
8 652 584 2861
8 653 584 2861
8 654 584 2861
8 655 584 2861
8 656 584 2861
8 657 584 2861
8 658 584 2861
8 659 584 2861
8 660 584 2861
8 661 584 2861
8 662 584 2861
8 663 584 2861
8 664 584 2861
8 665 584 2861
8 666 584 2861
8 667 584 2861
8 668 584 2861
8 669 584 2861
8 670 584 2861
8 671 584 2861
8 672 584 2861
8 673 584 2861
8 674 584 2861
8 675 584 2861
8 676 584 2861
8 677 584 2861
8 678 584 2861
8 679 584 2861
8 680 584 2861
8 681 584 2861
8 682 584 2861
8 683 584 2861
8 684 584 2861
8 685 584 2861
8 686 584 2861
8 687 584 2861
8 688 584 2861
8 689 584 2861
8 690 584 2861
8 691 584 2861
8 692 584 2861
8 693 584 2861
8 694 584 2861
8 695 584 2861
8 696 584 2861
8 697 584 2861
8 698 584 2861
8 699 584 2861
8 700 584 2861
8 701 584 2861
8 702 584 2861
8 703 584 2861
8 704 584 2861
8 705 584 2861
8 706 584 2861
8 707 584 2861
8 708 584 2861
8 709 584 2861
8 710 584 2861
8 711 584 2861
8 712 584 2861
8 713 584 2861
8 714 584 2861
8 715 584 2861
8 716 584 2861
8 717 584 2861
8 718 584 2861
8 719 584 2861
8 720 584 2861
8 721 584 2861
8 722 584 2861
8 723 584 2861
8 724 584 2861
8 725 584 2861
8 726 584 2861
8 727 584 2861
8 728 584 2861
8 729 584 2861
8 730 584 2861
8 731 584 2861
8 732 584 2861
8 733 584 2861
8 734 584 2861
8 735 584 2861
8 736 584 2861
8 737 584 2861
8 738 584 2861
8 739 584 2861
8 740 584 2861
8 741 584 2861
8 742 584 2861
8 743 584 2861
8 744 584 2861
8 745 584 2861
8 746 584 2861
8 747 584 2861
8 748 584 2861
8 749 584 2861
8 750 584 2861
8 751 584 2861
8 752 584 2861
8 753 584 2861
8 754 584 2861
8 755 584 2861
8 756 584 2861
8 757 584 2861
8 758 584 2861
8 759 584 2861
8 760 584 2861
8 761 584 2861
8 762 584 2861
8 763 584 2861
8 764 584 2861
8 765 584 2861
8 766 584 2861
8 767 584 2861
8 768 584 2861
8 769 584 2861
8 770 584 2861
8 771 584 2861
8 772 584 2861
8 773 584 2861
8 774 584 2861
8 775 584 2861
8 776 584 2861
8 777 584 2861
8 778 584 2861
8 779 584 2861
8 780 584 2861
8 781 584 2861
8 782 584 2861
8 783 584 2861
8 784 584 2861
8 785 584 2861
8 786 584 2861
8 787 584 2861
8 788 584 2861
8 789 584 2861
8 790 584 2861
8 791 584 2861
8 792 584 2861
8 793 584 2861
8 794 584 2861
8 795 584 2861
8 796 584 2861
8 797 584 2861
8 798 584 2861
8 799 584 2861
8 800 584 2861
8 801 584 2861
8 802 584 2861
8 803 584 2861
8 804 584 2861
8 805 584 2861
8 806 584 2861
8 807 584 2861
8 808 584 2861
8 809 584 2861
8 810 584 2861
8 811 584 2861
8 812 584 2861
8 813 584 2861
8 814 584 2861
8 815 584 2861
8 816 584 2861
8 817 584 2861
8 818 584 2861
8 819 584 2861
8 820 584 2861
8 821 584 2861
8 822 584 2861
8 823 584 2861
8 824 584 2861
8 825 584 2861
8 826 584 2861
8 827 584 2861
8 828 584 2861
8 829 584 2861
8 830 584 2861
8 831 584 2861
8 832 584 2861
8 833 584 2861
8 834 584 2861
8 835 584 2861
8 836 584 2861
8 837 584 2861
8 838 584 2861
8 839 584 2861
8 840 584 2861
8 841 584 2861
8 842 584 2861
8 843 584 2861
8 844 584 2861
8 845 584 2861
8 846 584 2861
8 847 584 2861
8 848 584 2861
8 849 584 2861
8 850 584 2861
8 851 584 2861
8 852 584 2861
8 853 584 2861
8 854 584 2861
8 855 584 2861
8 856 584 2861
8 857 584 2861
8 858 584 2861
8 859 584 2861
8 860 584 2861
8 861 584 2861
8 862 584 2861
8 863 584 2861
8 864 584 2861
8 865 584 2861
8 866 584 2861
8 867 584 2861
8 868 584 2861
8 869 584 2861
8 870 584 2861
8 871 584 2861
8 872 584 2861
8 873 584 2861
8 874 584 2861
8 875 584 2861
8 876 584 2861
8 877 584 2861
8 878 584 2861
8 879 584 2861
8 880 584 2861
8 881 584 2861
8 882 584 2861
8 883 584 2861
8 884 584 2861
8 885 584 2861
8 886 584 2861
8 887 584 2861
8 888 584 2861
8 889 584 2861
8 890 584 2861
8 891 584 2861
8 892 584 2861
8 893 584 2861
8 894 584 2861
8 895 584 2861
8 896 584 2861
8 897 584 2861
8 898 584 2861
8 899 584 2861
8 900 584 2861
8 901 584 2861
8 902 584 2861
8 903 584 2861
8 904 584 2861
8 905 584 2861
8 906 584 2861
8 907 584 2861
8 908 584 2861
8 909 584 2861
8 910 584 2861
8 911 584 2861
8 912 584 2861
8 913 584 2861
8 914 584 2861
8 915 584 2861
8 916 584 2861
8 917 584 2861
8 918 584 2861
8 919 584 2861
8 920 584 2861
8 921 584 2861
8 922 584 2861
8 923 584 2861
8 924 584 2861
8 925 584 2861
8 926 584 2861
8 927 584 2861
8 928 584 2861
8 929 584 2861
8 930 584 2861
8 931 584 2861
8 932 584 2861
8 933 584 2861
8 934 584 2861
8 935 584 2861
8 936 584 2861
8 937 584 2861
8 938 584 2861
8 939 584 2861
8 940 584 2861
8 941 584 2861
8 942 584 2861
8 943 584 2861
8 944 584 2861
8 945 584 2861
8 946 584 2861
8 947 584 2861
8 948 584 2861
8 949 584 2861
8 950 584 2861
8 951 584 2861
8 952 584 2861
8 953 584 2861
8 954 584 2861
8 955 584 2861
8 956 584 2861
8 957 584 2861
8 958 584 2861
8 959 584 2861
8 960 584 2861
8 961 584 2861
8 962 584 2861
8 963 584 2861
8 964 584 2861
8 965 584 2861
8 966 584 2861
8 967 584 2861
8 968 584 2861
8 969 584 2861
8 970 584 2861
8 971 584 2861
8 972 584 2861
8 973 584 2861
8 974 584 2861
8 975 584 2861
8 976 584 2861
8 977 584 2861
8 978 584 2861
8 979 584 2861
8 980 584 2861
8 981 584 2861
8 982 584 2861
8 983 584 2861
8 984 584 2861
8 985 584 2861
8 986 584 2861
8 987 584 2861
8 988 584 2861
8 989 584 2861
8 990 584 2861
8 991 584 2861
8 992 584 2861
8 993 584 2861
8 994 584 2861
8 995 584 2861
8 996 584 2861
8 997 584 2861
8 998 584 2861
8 999 584 2861
