256 0 395135 4242606984
256 1 394834 4242606964
256 2 394931 4242606964
256 3 395099 4242606964
256 4 394861 4242606964
256 5 394938 4242606964
256 6 394593 4242606964
256 7 394921 4242606964
256 8 394902 4242606964
256 9 395056 4242606964
256 10 394885 4242606964
256 11 394978 4242606964
256 12 394998 4242606964
256 13 395107 4242606964
256 14 394894 4242606964
256 15 394985 4242606964
256 16 394818 4242606964
256 17 394935 4242606964
256 18 394863 4242606964
256 19 394939 4242606964
256 20 394882 4242606964
256 21 394859 4242606964
256 22 394892 4242606964
256 23 394589 4242606964
256 24 394900 4242606964
256 25 394943 4242606964
256 26 394818 4242606964
256 27 394450 4242606964
256 28 394781 4242606964
256 29 394744 4242606964
256 30 394832 4242606964
256 31 394901 4242606964
256 32 394491 4242606964
256 33 394882 4242606964
256 34 394878 4242606964
256 35 394742 4242606964
256 36 394828 4242606964
256 37 394789 4242606964
256 38 394845 4242606964
256 39 394951 4242606964
256 40 394729 4242606964
256 41 394915 4242606964
256 42 394904 4242606964
256 43 394974 4242606964
256 44 395111 4242606964
256 45 395068 4242606964
256 46 394920 4242606964
256 47 394935 4242606964
256 48 394919 4242606964
256 49 395155 4242606964
256 50 394880 4242606964
256 51 395017 4242606964
256 52 394844 4242606964
256 53 394490 4242606964
256 54 394765 4242606964
256 55 395114 4242606964
256 56 394768 4242606964
256 57 394319 4242606964
256 58 394705 4242606964
256 59 395152 4242606964
256 60 394847 4242606964
256 61 395016 4242606964
256 62 394395 4242606964
256 63 394671 4242606964
256 64 394913 4242606964
256 65 395039 4242606964
256 66 394917 4242606964
256 67 394723 4242606964
256 68 394782 4242606964
256 69 394822 4242606964
256 70 395111 4242606964
256 71 394881 4242606964
256 72 394896 4242606964
256 73 394883 4242606964
256 74 394841 4242606964
256 75 394836 4242606964
256 76 395053 4242606964
256 77 395044 4242606964
256 78 395015 4242606964
256 79 395000 4242606964
256 80 395074 4242606964
256 81 394935 4242606964
256 82 395239 4242606964
256 83 394802 4242606964
256 84 394992 4242606964
256 85 394795 4242606964
256 86 394862 4242606964
256 87 394513 4242606964
256 88 394686 4242606964
256 89 394743 4242606964
256 90 394823 4242606964
256 91 394955 4242606964
256 92 394416 4242606964
256 93 395058 4242606964
256 94 395027 4242606964
256 95 394923 4242606964
256 96 394788 4242606964
256 97 395034 4242606964
256 98 394842 4242606964
256 99 395073 4242606964
256 100 394778 4242606964
256 101 394859 4242606964
256 102 394956 4242606964
256 103 394880 4242606964
256 104 395192 4242606964
256 105 394918 4242606964
256 106 394742 4242606964
256 107 394988 4242606964
256 108 394801 4242606964
256 109 395155 4242606964
256 110 395056 4242606964
256 111 395053 4242606964
256 112 395093 4242606964
256 113 394588 4242606964
256 114 394690 4242606964
256 115 394618 4242606964
256 116 395094 4242606964
256 117 394721 4242606964
256 118 394764 4242606964
256 119 394721 4242606964
256 120 394941 4242606964
256 121 394784 4242606964
256 122 394533 4242606964
256 123 394962 4242606964
256 124 394959 4242606964
256 125 395036 4242606964
256 126 394649 4242606964
256 127 395002 4242606964
256 128 395056 4242606964
256 129 395089 4242606964
256 130 394803 4242606964
256 131 394999 4242606964
256 132 394895 4242606964
256 133 395049 4242606964
256 134 394825 4242606964
256 135 394954 4242606964
256 136 394819 4242606964
256 137 394911 4242606964
256 138 395202 4242606964
256 139 394760 4242606964
256 140 394917 4242606964
256 141 394818 4242606964
256 142 394779 4242606964
256 143 394480 4242606964
256 144 395053 4242606964
256 145 395135 4242606964
256 146 394917 4242606964
256 147 394823 4242606964
256 148 394515 4242606964
256 149 395289 4242606964
256 150 395051 4242606964
256 151 394862 4242606964
256 152 394337 4242606964
256 153 394886 4242606964
256 154 394993 4242606964
256 155 395314 4242606964
256 156 394804 4242606964
256 157 395073 4242606964
256 158 394804 4242606964
256 159 394861 4242606964
256 160 395019 4242606964
256 161 394777 4242606964
256 162 395034 4242606964
256 163 395013 4242606964
256 164 395025 4242606964
256 165 394854 4242606964
256 166 395086 4242606964
256 167 394821 4242606964
256 168 394957 4242606964
256 169 395055 4242606964
256 170 394980 4242606964
256 171 394992 4242606964
256 172 394936 4242606964
256 173 394300 4242606964
256 174 394862 4242606964
256 175 394898 4242606964
256 176 394900 4242606964
256 177 394725 4242606964
256 178 394508 4242606964
256 179 394687 4242606964
256 180 395089 4242606964
256 181 394945 4242606964
256 182 394589 4242606964
256 183 395030 4242606964
256 184 394902 4242606964
256 185 395039 4242606964
256 186 394919 4242606964
256 187 395154 4242606964
256 188 395015 4242606964
256 189 395203 4242606964
256 190 394847 4242606964
256 191 395073 4242606964
256 192 394874 4242606964
256 193 394903 4242606964
256 194 394783 4242606964
256 195 395017 4242606964
256 196 394839 4242606964
256 197 394783 4242606964
256 198 395037 4242606964
256 199 394803 4242606964
256 200 394919 4242606964
256 201 394893 4242606964
256 202 395104 4242606964
256 203 394296 4242606964
256 204 394837 4242606964
256 205 395088 4242606964
256 206 395027 4242606964
256 207 394702 4242606964
256 208 394591 4242606964
256 209 395116 4242606964
256 210 395233 4242606964
256 211 394959 4242606964
256 212 394704 4242606964
256 213 394688 4242606964
256 214 394958 4242606964
256 215 394832 4242606964
256 216 394910 4242606964
256 217 394856 4242606964
256 218 394844 4242606964
256 219 394994 4242606964
256 220 394939 4242606964
256 221 394978 4242606964
256 222 395185 4242606964
256 223 395307 4242606964
256 224 394954 4242606964
256 225 394708 4242606964
256 226 394743 4242606964
256 227 394865 4242606964
256 228 394841 4242606964
256 229 394779 4242606964
256 230 394934 4242606964
256 231 394686 4242606964
256 232 394668 4242606964
256 233 394434 4242606964
256 234 394918 4242606964
256 235 394781 4242606964
256 236 394876 4242606964
256 237 394916 4242606964
256 238 394510 4242606964
256 239 394820 4242606964
256 240 394881 4242606964
256 241 394896 4242606964
256 242 394552 4242606964
256 243 394762 4242606964
256 244 395424 4242606964
256 245 394935 4242606964
256 246 394766 4242606964
256 247 395070 4242606964
256 248 394912 4242606964
256 249 394917 4242606964
256 250 394820 4242606964
256 251 394936 4242606964
256 252 395132 4242606964
256 253 394964 4242606964
256 254 394722 4242606964
256 255 394824 4242606964
256 256 394824 4242606964
256 257 394762 4242606964
256 258 394606 4242606964
256 259 394666 4242606964
256 260 394857 4242606964
256 261 394725 4242606964
256 262 395020 4242606964
256 263 394460 4242606964
256 264 394742 4242606964
256 265 394727 4242606964
256 266 395091 4242606964
256 267 394862 4242606964
256 268 394396 4242606964
256 269 394822 4242606964
256 270 394864 4242606964
256 271 394880 4242606964
256 272 394748 4242606964
256 273 395047 4242606964
256 274 394958 4242606964
256 275 394823 4242606964
256 276 394910 4242606964
256 277 394901 4242606964
256 278 395356 4242606964
256 279 394972 4242606964
256 280 394879 4242606964
256 281 394933 4242606964
256 282 394883 4242606964
256 283 394859 4242606964
256 284 394787 4242606964
256 285 394805 4242606964
256 286 394822 4242606964
256 287 394671 4242606964
256 288 394867 4242606964
256 289 394548 4242606964
256 290 395045 4242606964
256 291 394920 4242606964
256 292 394883 4242606964
256 293 394492 4242606964
256 294 394741 4242606964
256 295 395151 4242606964
256 296 394922 4242606964
256 297 395000 4242606964
256 298 394299 4242606964
256 299 394725 4242606964
256 300 394882 4242606964
256 301 394917 4242606964
256 302 394823 4242606964
256 303 394870 4242606964
256 304 394859 4242606964
256 305 394895 4242606964
256 306 394937 4242606964
256 307 394686 4242606964
256 308 394921 4242606964
256 309 395015 4242606964
256 310 395010 4242606964
256 311 395249 4242606964
256 312 394898 4242606964
256 313 394878 4242606964
256 314 394886 4242606964
256 315 395050 4242606964
256 316 395259 4242606964
256 317 394960 4242606964
256 318 394918 4242606964
256 319 394432 4242606964
256 320 394786 4242606964
256 321 394921 4242606964
256 322 395146 4242606964
256 323 394548 4242606964
256 324 394609 4242606964
256 325 394963 4242606964
256 326 394980 4242606964
256 327 394905 4242606964
256 328 394554 4242606964
256 329 395077 4242606964
256 330 394841 4242606964
256 331 395011 4242606964
256 332 395110 4242606964
256 333 394746 4242606964
256 334 394923 4242606964
256 335 395011 4242606964
256 336 395073 4242606964
256 337 394897 4242606964
256 338 394952 4242606964
256 339 394857 4242606964
256 340 395073 4242606964
256 341 394936 4242606964
256 342 395071 4242606964
256 343 394953 4242606964
256 344 395014 4242606964
256 345 395055 4242606964
256 346 394953 4242606964
256 347 394758 4242606964
256 348 394975 4242606964
256 349 394477 4242606964
256 350 395353 4242606964
256 351 394954 4242606964
256 352 394975 4242606964
256 353 394491 4242606964
256 354 394668 4242606964
256 355 394627 4242606964
256 356 394973 4242606964
256 357 394661 4242606964
256 358 394448 4242606964
256 359 395057 4242606964
256 360 394896 4242606964
256 361 395057 4242606964
256 362 394958 4242606964
256 363 395107 4242606964
256 364 395073 4242606964
256 365 394783 4242606964
256 366 394797 4242606964
256 367 394861 4242606964
256 368 395053 4242606964
256 369 394802 4242606964
256 370 394955 4242606964
256 371 394803 4242606964
256 372 394974 4242606964
256 373 394665 4242606964
256 374 394932 4242606964
256 375 394720 4242606964
256 376 394837 4242606964
256 377 394845 4242606964
256 378 394931 4242606964
256 379 394376 4242606964
256 380 394859 4242606964
256 381 395049 4242606964
256 382 394938 4242606964
256 383 394644 4242606964
256 384 394925 4242606964
256 385 395055 4242606964
256 386 394960 4242606964
256 387 395026 4242606964
256 388 394589 4242606964
256 389 394953 4242606964
256 390 394933 4242606964
256 391 394976 4242606964
256 392 395033 4242606964
256 393 395194 4242606964
256 394 394828 4242606964
256 395 394860 4242606964
256 396 394629 4242606964
256 397 394878 4242606964
256 398 394668 4242606964
256 399 394940 4242606964
256 400 395185 4242606964
256 401 395012 4242606964
256 402 394977 4242606964
256 403 394826 4242606964
256 404 394972 4242606964
256 405 394940 4242606964
256 406 394629 4242606964
256 407 394818 4242606964
256 408 395008 4242606964
256 409 394494 4242606964
256 410 394884 4242606964
256 411 394861 4242606964
256 412 394725 4242606964
256 413 394510 4242606964
256 414 394281 4242606964
256 415 394918 4242606964
256 416 394801 4242606964
256 417 395072 4242606964
256 418 394574 4242606964
256 419 394765 4242606964
256 420 394901 4242606964
256 421 394937 4242606964
256 422 394918 4242606964
256 423 394798 4242606964
256 424 395098 4242606964
256 425 394800 4242606964
256 426 395037 4242606964
256 427 395134 4242606964
256 428 395016 4242606964
256 429 394757 4242606964
256 430 394937 4242606964
256 431 394914 4242606964
256 432 394763 4242606964
256 433 395015 4242606964
256 434 394898 4242606964
256 435 395098 4242606964
256 436 394872 4242606964
256 437 394764 4242606964
256 438 394785 4242606964
256 439 394301 4242606964
256 440 394861 4242606964
256 441 394993 4242606964
256 442 394864 4242606964
256 443 395010 4242606964
256 444 394396 4242606964
256 445 394780 4242606964
256 446 394874 4242606964
256 447 394685 4242606964
256 448 394627 4242606964
256 449 394877 4242606964
256 450 395131 4242606964
256 451 394880 4242606964
256 452 394759 4242606964
256 453 394898 4242606964
256 454 394769 4242606964
256 455 394953 4242606964
256 456 394904 4242606964
256 457 395037 4242606964
256 458 395165 4242606964
256 459 394822 4242606964
256 460 394718 4242606964
256 461 395133 4242606964
256 462 394998 4242606964
256 463 394980 4242606964
256 464 394996 4242606964
256 465 394627 4242606964
256 466 394728 4242606964
256 467 395011 4242606964
256 468 394862 4242606964
256 469 394453 4242606964
256 470 394719 4242606964
256 471 394898 4242606964
256 472 394567 4242606964
256 473 394649 4242606964
256 474 394433 4242606964
256 475 394979 4242606964
256 476 394955 4242606964
256 477 394741 4242606964
256 478 394710 4242606964
256 479 394932 4242606964
256 480 394704 4242606964
256 481 394857 4242606964
256 482 394878 4242606964
256 483 395146 4242606964
256 484 395054 4242606964
256 485 395126 4242606964
256 486 394936 4242606964
256 487 394913 4242606964
256 488 395051 4242606964
256 489 395026 4242606964
256 490 394972 4242606964
256 491 394844 4242606964
256 492 394970 4242606964
256 493 394843 4242606964
256 494 395169 4242606964
256 495 394630 4242606964
256 496 394920 4242606964
256 497 395114 4242606964
256 498 395070 4242606964
256 499 394398 4242606964
256 500 394764 4242606964
256 501 395028 4242606964
256 502 394821 4242606964
256 503 395138 4242606964
256 504 394398 4242606964
256 505 394862 4242606964
256 506 394895 4242606964
256 507 394847 4242606964
256 508 394779 4242606964
256 509 394920 4242606964
256 510 395004 4242606964
256 511 394940 4242606964
256 512 395016 4242606964
256 513 395054 4242606964
256 514 394801 4242606964
256 515 394976 4242606964
256 516 394880 4242606964
256 517 395017 4242606964
256 518 394940 4242606964
256 519 394824 4242606964
256 520 395002 4242606964
256 521 394896 4242606964
256 522 394744 4242606964
256 523 394785 4242606964
256 524 395516 4242606964
256 525 394418 4242606964
256 526 394996 4242606964
256 527 394803 4242606964
256 528 394768 4242606964
256 529 394708 4242606964
256 530 394654 4242606964
256 531 394939 4242606964
256 532 394879 4242606964
256 533 394939 4242606964
256 534 394515 4242606964
256 535 395015 4242606964
256 536 395050 4242606964
256 537 394983 4242606964
256 538 394878 4242606964
256 539 394995 4242606964
256 540 394821 4242606964
256 541 395146 4242606964
256 542 394817 4242606964
256 543 395094 4242606964
256 544 395048 4242606964
256 545 394839 4242606964
256 546 394822 4242606964
256 547 394999 4242606964
256 548 394917 4242606964
256 549 395090 4242606964
256 550 394782 4242606964
256 551 394920 4242606964
256 552 395080 4242606964
256 553 394962 4242606964
256 554 395014 4242606964
256 555 394419 4242606964
256 556 394961 4242606964
256 557 394764 4242606964
256 558 394921 4242606964
256 559 394610 4242606964
256 560 394557 4242606964
256 561 394985 4242606964
256 562 394747 4242606964
256 563 394765 4242606964
256 564 394453 4242606964
256 565 395084 4242606964
256 566 394999 4242606964
256 567 395136 4242606964
256 568 395016 4242606964
256 569 395055 4242606964
256 570 394915 4242606964
256 571 394822 4242606964
256 572 394805 4242606964
256 573 395049 4242606964
256 574 394971 4242606964
256 575 395087 4242606964
256 576 394746 4242606964
256 577 394724 4242606964
256 578 394668 4242606964
256 579 394998 4242606964
256 580 394979 4242606964
256 581 394919 4242606964
256 582 394747 4242606964
256 583 394632 4242606964
256 584 394935 4242606964
256 585 394434 4242606964
256 586 395116 4242606964
256 587 395052 4242606964
256 588 394993 4242606964
256 589 394610 4242606964
256 590 394496 4242606964
256 591 394819 4242606964
256 592 394898 4242606964
256 593 395115 4242606964
256 594 394585 4242606964
256 595 394666 4242606964
256 596 395016 4242606964
256 597 394698 4242606964
256 598 395130 4242606964
256 599 395210 4242606964
256 600 394842 4242606964
256 601 395080 4242606964
256 602 394901 4242606964
256 603 394864 4242606964
256 604 394939 4242606964
256 605 394781 4242606964
256 606 394956 4242606964
256 607 394897 4242606964
256 608 394805 4242606964
256 609 394949 4242606964
256 610 394989 4242606964
256 611 394724 4242606964
256 612 394878 4242606964
256 613 394877 4242606964
256 614 394876 4242606964
256 615 394416 4242606964
256 616 395029 4242606964
256 617 394700 4242606964
256 618 395151 4242606964
256 619 394570 4242606964
256 620 394376 4242606964
256 621 394899 4242606964
256 622 394861 4242606964
256 623 395116 4242606964
256 624 394740 4242606964
256 625 394953 4242606964
256 626 394750 4242606964
256 627 394704 4242606964
256 628 394955 4242606964
256 629 394980 4242606964
256 630 395382 4242606964
256 631 394856 4242606964
256 632 394957 4242606964
256 633 394942 4242606964
256 634 395036 4242606964
256 635 394684 4242606964
256 636 394958 4242606964
256 637 395040 4242606964
256 638 395149 4242606964
256 639 394833 4242606964
256 640 394934 4242606964
256 641 394818 4242606964
256 642 394608 4242606964
256 643 394960 4242606964
256 644 394803 4242606964
256 645 394340 4242606964
256 646 395034 4242606964
256 647 394898 4242606964
256 648 394858 4242606964
256 649 394818 4242606964
256 650 394469 4242606964
256 651 394919 4242606964
256 652 394971 4242606964
256 653 394977 4242606964
256 654 394631 4242606964
256 655 394707 4242606964
256 656 394920 4242606964
256 657 394917 4242606964
256 658 394858 4242606964
256 659 395114 4242606964
256 660 395014 4242606964
256 661 394808 4242606964
256 662 394800 4242606964
256 663 394960 4242606964
256 664 394978 4242606964
256 665 395106 4242606964
256 666 394780 4242606964
256 667 394764 4242606964
256 668 394981 4242606964
256 669 394962 4242606964
256 670 394821 4242606964
256 671 394671 4242606964
256 672 394859 4242606964
256 673 394752 4242606964
256 674 394977 4242606964
256 675 394454 4242606964
256 676 394590 4242606964
256 677 394744 4242606964
256 678 394975 4242606964
256 679 394979 4242606964
256 680 394455 4242606964
256 681 395071 4242606964
256 682 394875 4242606964
256 683 394995 4242606964
256 684 394834 4242606964
256 685 394991 4242606964
256 686 394747 4242606964
256 687 394883 4242606964
256 688 394959 4242606964
256 689 395012 4242606964
256 690 394842 4242606964
256 691 394744 4242606964
256 692 394977 4242606964
256 693 394845 4242606964
256 694 394865 4242606964
256 695 394974 4242606964
256 696 394904 4242606964
256 697 394782 4242606964
256 698 395008 4242606964
256 699 394881 4242606964
256 700 395231 4242606964
256 701 394573 4242606964
256 702 395000 4242606964
256 703 394782 4242606964
256 704 394705 4242606964
256 705 394439 4242606964
256 706 394780 4242606964
256 707 394899 4242606964
256 708 395030 4242606964
256 709 394804 4242606964
256 710 394376 4242606964
256 711 394998 4242606964
256 712 394746 4242606964
256 713 394880 4242606964
256 714 394824 4242606964
256 715 395018 4242606964
256 716 395240 4242606964
256 717 395057 4242606964
256 718 395032 4242606964
256 719 394955 4242606964
256 720 394760 4242606964
256 721 394723 4242606964
256 722 394956 4242606964
256 723 395015 4242606964
256 724 394826 4242606964
256 725 394952 4242606964
256 726 395118 4242606964
256 727 395012 4242606964
256 728 394859 4242606964
256 729 395015 4242606964
256 730 394693 4242606964
256 731 394516 4242606964
256 732 394887 4242606964
256 733 394922 4242606964
256 734 394906 4242606964
256 735 394320 4242606964
256 736 395185 4242606964
256 737 394917 4242606964
256 738 394704 4242606964
256 739 394787 4242606964
256 740 394301 4242606964
256 741 395012 4242606964
256 742 395092 4242606964
256 743 394960 4242606964
256 744 395093 4242606964
256 745 395109 4242606964
256 746 394610 4242606964
256 747 394863 4242606964
256 748 394933 4242606964
256 749 395111 4242606964
256 750 394764 4242606964
256 751 394858 4242606964
256 752 395106 4242606964
256 753 395062 4242606964
256 754 395014 4242606964
256 755 394684 4242606964
256 756 395127 4242606964
256 757 395259 4242606964
256 758 394744 4242606964
256 759 395036 4242606964
256 760 394783 4242606964
256 761 394358 4242606964
256 762 395185 4242606964
256 763 395108 4242606964
256 764 394959 4242606964
256 765 394491 4242606964
256 766 394781 4242606964
256 767 395022 4242606964
256 768 395051 4242606964
256 769 394878 4242606964
256 770 394586 4242606964
256 771 394823 4242606964
256 772 395071 4242606964
256 773 394932 4242606964
256 774 394705 4242606964
256 775 394839 4242606964
256 776 395070 4242606964
256 777 394863 4242606964
256 778 394917 4242606964
256 779 394765 4242606964
256 780 394874 4242606964
256 781 394833 4242606964
256 782 394839 4242606964
256 783 394783 4242606964
256 784 394783 4242606964
256 785 394704 4242606964
256 786 394875 4242606964
256 787 395201 4242606964
256 788 394920 4242606964
256 789 394977 4242606964
256 790 395025 4242606964
256 791 394530 4242606964
256 792 394885 4242606964
256 793 395072 4242606964
256 794 395074 4242606964
256 795 394651 4242606964
256 796 394589 4242606964
256 797 394898 4242606964
256 798 394973 4242606964
256 799 394880 4242606964
256 800 394379 4242606964
256 801 394944 4242606964
256 802 395017 4242606964
256 803 395076 4242606964
256 804 394997 4242606964
256 805 395021 4242606964
256 806 394724 4242606964
256 807 394818 4242606964
256 808 394630 4242606964
256 809 395380 4242606964
256 810 394990 4242606964
256 811 395150 4242606964
256 812 394869 4242606964
256 813 394685 4242606964
256 814 394820 4242606964
256 815 394780 4242606964
256 816 395033 4242606964
256 817 394974 4242606964
256 818 394777 4242606964
256 819 394725 4242606964
256 820 395066 4242606964
256 821 394795 4242606964
256 822 394956 4242606964
256 823 395132 4242606964
256 824 394819 4242606964
256 825 394775 4242606964
256 826 394557 4242606964
256 827 394743 4242606964
256 828 394783 4242606964
256 829 394877 4242606964
256 830 394554 4242606964
256 831 395092 4242606964
256 832 394904 4242606964
256 833 394975 4242606964
256 834 394959 4242606964
256 835 394880 4242606964
256 836 395016 4242606964
256 837 394956 4242606964
256 838 395013 4242606964
256 839 394741 4242606964
256 840 394805 4242606964
256 841 394746 4242606964
256 842 394990 4242606964
256 843 394938 4242606964
256 844 394819 4242606964
256 845 394668 4242606964
256 846 394913 4242606964
256 847 394941 4242606964
256 848 394854 4242606964
256 849 394977 4242606964
256 850 394870 4242606964
256 851 394361 4242606964
256 852 394898 4242606964
256 853 395075 4242606964
256 854 394836 4242606964
256 855 395207 4242606964
256 856 394356 4242606964
256 857 394852 4242606964
256 858 394768 4242606964
256 859 394766 4242606964
256 860 394568 4242606964
256 861 395205 4242606964
256 862 394743 4242606964
256 863 394919 4242606964
256 864 394963 4242606964
256 865 394820 4242606964
256 866 394973 4242606964
256 867 395251 4242606964
256 868 394999 4242606964
256 869 394820 4242606964
256 870 395069 4242606964
256 871 395030 4242606964
256 872 394997 4242606964
256 873 395057 4242606964
256 874 394845 4242606964
256 875 394861 4242606964
256 876 395297 4242606964
256 877 394783 4242606964
256 878 394742 4242606964
256 879 394879 4242606964
256 880 394779 4242606964
256 881 394432 4242606964
256 882 394999 4242606964
256 883 394885 4242606964
256 884 395011 4242606964
256 885 394959 4242606964
256 886 394508 4242606964
256 887 395017 4242606964
256 888 395073 4242606964
256 889 394965 4242606964
256 890 394628 4242606964
256 891 394896 4242606964
256 892 394931 4242606964
256 893 395090 4242606964
256 894 394824 4242606964
256 895 394896 4242606964
256 896 395075 4242606964
256 897 394940 4242606964
256 898 394919 4242606964
256 899 394745 4242606964
256 900 394825 4242606964
256 901 394979 4242606964
256 902 394978 4242606964
256 903 394915 4242606964
256 904 394990 4242606964
256 905 394647 4242606964
256 906 394801 4242606964
256 907 394630 4242606964
256 908 394920 4242606964
256 909 395109 4242606964
256 910 395167 4242606964
256 911 394512 4242606964
256 912 394700 4242606964
256 913 394803 4242606964
256 914 394778 4242606964
256 915 394646 4242606964
256 916 394413 4242606964
256 917 394959 4242606964
256 918 395029 4242606964
256 919 395106 4242606964
256 920 394590 4242606964
256 921 394649 4242606964
256 922 394914 4242606964
256 923 394820 4242606964
256 924 394687 4242606964
256 925 394883 4242606964
256 926 394960 4242606964
256 927 395185 4242606964
256 928 395076 4242606964
256 929 395110 4242606964
256 930 394976 4242606964
256 931 395125 4242606964
256 932 394880 4242606964
256 933 395075 4242606964
256 934 394901 4242606964
256 935 395002 4242606964
256 936 394724 4242606964
256 937 394571 4242606964
256 938 394733 4242606964
256 939 395129 4242606964
256 940 394976 4242606964
256 941 394397 4242606964
256 942 394915 4242606964
256 943 395190 4242606964
256 944 394917 4242606964
256 945 394863 4242606964
256 946 394297 4242606964
256 947 394781 4242606964
256 948 394863 4242606964
256 949 394919 4242606964
256 950 394878 4242606964
256 951 395010 4242606964
256 952 395007 4242606964
256 953 394842 4242606964
256 954 394920 4242606964
256 955 394843 4242606964
256 956 394976 4242606964
256 957 394804 4242606964
256 958 394843 4242606964
256 959 394821 4242606964
256 960 394884 4242606964
256 961 395367 4242606964
256 962 394728 4242606964
256 963 395263 4242606964
256 964 395054 4242606964
256 965 394857 4242606964
256 966 395010 4242606964
256 967 394686 4242606964
256 968 395058 4242606964
256 969 395035 4242606964
256 970 394896 4242606964
256 971 394662 4242606964
256 972 394688 4242606964
256 973 394820 4242606964
256 974 394881 4242606964
256 975 394955 4242606964
256 976 394377 4242606964
256 977 394760 4242606964
256 978 394900 4242606964
256 979 395071 4242606964
256 980 394940 4242606964
256 981 394815 4242606964
256 982 395012 4242606964
256 983 394798 4242606964
256 984 394970 4242606964
256 985 394996 4242606964
256 986 394645 4242606964
256 987 394822 4242606964
256 988 394895 4242606964
256 989 394876 4242606964
256 990 394672 4242606964
256 991 394855 4242606964
256 992 395176 4242606964
256 993 395143 4242606964
256 994 395031 4242606964
256 995 395339 4242606964
256 996 395050 4242606964
256 997 394420 4242606964
256 998 394961 4242606964
256 999 394861 4242606964
