256 0 55888 4242606968
256 1 17828 4242606948
256 2 5612 4242606948
256 3 1292 4242606948
256 4 528 4242606948
256 5 228 4242606948
256 6 68 4242606948
256 7 28 4242606948
256 8 27 4242606948
256 9 16 4242606948
256 10 0 4242606948
256 11 0 4242606948
256 12 0 4242606948
256 13 0 4242606948
256 14 16 4242606948
256 15 0 4242606948
256 16 0 4242606948
256 17 0 4242606948
256 18 0 4242606948
256 19 0 4242606948
256 20 0 4242606948
256 21 0 4242606948
256 22 0 4242606948
256 23 0 4242606948
256 24 8 4242606948
256 25 0 4242606948
256 26 0 4242606948
256 27 0 4242606948
256 28 0 4242606948
256 29 3 4242606948
256 30 0 4242606948
256 31 0 4242606948
256 32 0 4242606948
256 33 0 4242606948
256 34 0 4242606948
256 35 0 4242606948
256 36 0 4242606948
256 37 0 4242606948
256 38 0 4242606948
256 39 0 4242606948
256 40 0 4242606948
256 41 0 4242606948
256 42 0 4242606948
256 43 0 4242606948
256 44 0 4242606948
256 45 0 4242606948
256 46 0 4242606948
256 47 0 4242606948
256 48 0 4242606948
256 49 0 4242606948
256 50 3 4242606948
256 51 0 4242606948
256 52 0 4242606948
256 53 0 4242606948
256 54 0 4242606948
256 55 0 4242606948
256 56 0 4242606948
256 57 0 4242606948
256 58 0 4242606948
256 59 0 4242606948
256 60 0 4242606948
256 61 0 4242606948
256 62 0 4242606948
256 63 0 4242606948
256 64 0 4242606948
256 65 0 4242606948
256 66 0 4242606948
256 67 0 4242606948
256 68 0 4242606948
256 69 0 4242606948
256 70 0 4242606948
256 71 3 4242606948
256 72 0 4242606948
256 73 0 4242606948
256 74 0 4242606948
256 75 0 4242606948
256 76 0 4242606948
256 77 0 4242606948
256 78 0 4242606948
256 79 0 4242606948
256 80 0 4242606948
256 81 0 4242606948
256 82 0 4242606948
256 83 0 4242606948
256 84 0 4242606948
256 85 0 4242606948
256 86 0 4242606948
256 87 0 4242606948
256 88 0 4242606948
256 89 0 4242606948
256 90 0 4242606948
256 91 0 4242606948
256 92 3 4242606948
256 93 0 4242606948
256 94 0 4242606948
256 95 0 4242606948
256 96 0 4242606948
256 97 0 4242606948
256 98 0 4242606948
256 99 0 4242606948
256 100 0 4242606948
256 101 0 4242606948
256 102 0 4242606948
256 103 0 4242606948
256 104 0 4242606948
256 105 0 4242606948
256 106 0 4242606948
256 107 0 4242606948
256 108 0 4242606948
256 109 0 4242606948
256 110 0 4242606948
256 111 0 4242606948
256 112 0 4242606948
256 113 0 4242606948
256 114 0 4242606948
256 115 0 4242606948
256 116 0 4242606948
256 117 0 4242606948
256 118 3 4242606948
256 119 0 4242606948
256 120 0 4242606948
256 121 0 4242606948
256 122 0 4242606948
256 123 0 4242606948
256 124 0 4242606948
256 125 0 4242606948
256 126 0 4242606948
256 127 0 4242606948
256 128 0 4242606948
256 129 0 4242606948
256 130 0 4242606948
256 131 0 4242606948
256 132 0 4242606948
256 133 0 4242606948
256 134 0 4242606948
256 135 0 4242606948
256 136 0 4242606948
256 137 0 4242606948
256 138 0 4242606948
256 139 3 4242606948
256 140 0 4242606948
256 141 0 4242606948
256 142 0 4242606948
256 143 0 4242606948
256 144 0 4242606948
256 145 0 4242606948
256 146 0 4242606948
256 147 0 4242606948
256 148 0 4242606948
256 149 0 4242606948
256 150 12 4242606948
256 151 0 4242606948
256 152 0 4242606948
256 153 0 4242606948
256 154 0 4242606948
256 155 0 4242606948
256 156 0 4242606948
256 157 0 4242606948
256 158 0 4242606948
256 159 0 4242606948
256 160 0 4242606948
256 161 0 4242606948
256 162 0 4242606948
256 163 0 4242606948
256 164 0 4242606948
256 165 0 4242606948
256 166 0 4242606948
256 167 0 4242606948
256 168 0 4242606948
256 169 0 4242606948
256 170 3 4242606948
256 171 0 4242606948
256 172 0 4242606948
256 173 0 4242606948
256 174 0 4242606948
256 175 0 4242606948
256 176 0 4242606948
256 177 0 4242606948
256 178 0 4242606948
256 179 0 4242606948
256 180 0 4242606948
256 181 0 4242606948
256 182 0 4242606948
256 183 0 4242606948
256 184 0 4242606948
256 185 0 4242606948
256 186 0 4242606948
256 187 0 4242606948
256 188 0 4242606948
256 189 0 4242606948
256 190 0 4242606948
256 191 23 4242606948
256 192 0 4242606948
256 193 0 4242606948
256 194 0 4242606948
256 195 0 4242606948
256 196 3 4242606948
256 197 0 4242606948
256 198 0 4242606948
256 199 0 4242606948
256 200 0 4242606948
256 201 0 4242606948
256 202 0 4242606948
256 203 0 4242606948
256 204 0 4242606948
256 205 0 4242606948
256 206 0 4242606948
256 207 0 4242606948
256 208 0 4242606948
256 209 0 4242606948
256 210 0 4242606948
256 211 0 4242606948
256 212 0 4242606948
256 213 0 4242606948
256 214 0 4242606948
256 215 0 4242606948
256 216 0 4242606948
256 217 0 4242606948
256 218 0 4242606948
256 219 0 4242606948
256 220 0 4242606948
256 221 0 4242606948
256 222 3 4242606948
256 223 0 4242606948
256 224 0 4242606948
256 225 0 4242606948
256 226 0 4242606948
256 227 0 4242606948
256 228 0 4242606948
256 229 0 4242606948
256 230 0 4242606948
256 231 0 4242606948
256 232 0 4242606948
256 233 0 4242606948
256 234 0 4242606948
256 235 0 4242606948
256 236 0 4242606948
256 237 0 4242606948
256 238 0 4242606948
256 239 0 4242606948
256 240 0 4242606948
256 241 0 4242606948
256 242 0 4242606948
256 243 0 4242606948
256 244 0 4242606948
256 245 0 4242606948
256 246 0 4242606948
256 247 0 4242606948
256 248 3 4242606948
256 249 0 4242606948
256 250 0 4242606948
256 251 0 4242606948
256 252 0 4242606948
256 253 0 4242606948
256 254 0 4242606948
256 255 0 4242606948
256 256 0 4242606948
256 257 0 4242606948
256 258 0 4242606948
256 259 0 4242606948
256 260 0 4242606948
256 261 0 4242606948
256 262 0 4242606948
256 263 0 4242606948
256 264 0 4242606948
256 265 0 4242606948
256 266 0 4242606948
256 267 0 4242606948
256 268 0 4242606948
256 269 3 4242606948
256 270 0 4242606948
256 271 0 4242606948
256 272 0 4242606948
256 273 0 4242606948
256 274 3 4242606948
256 275 0 4242606948
256 276 0 4242606948
256 277 0 4242606948
256 278 0 4242606948
256 279 0 4242606948
256 280 0 4242606948
256 281 0 4242606948
256 282 0 4242606948
256 283 0 4242606948
256 284 0 4242606948
256 285 0 4242606948
256 286 0 4242606948
256 287 0 4242606948
256 288 0 4242606948
256 289 0 4242606948
256 290 0 4242606948
256 291 0 4242606948
256 292 0 4242606948
256 293 0 4242606948
256 294 0 4242606948
256 295 3 4242606948
256 296 0 4242606948
256 297 0 4242606948
256 298 0 4242606948
256 299 0 4242606948
256 300 0 4242606948
256 301 0 4242606948
256 302 0 4242606948
256 303 0 4242606948
256 304 0 4242606948
256 305 0 4242606948
256 306 0 4242606948
256 307 0 4242606948
256 308 0 4242606948
256 309 0 4242606948
256 310 0 4242606948
256 311 0 4242606948
256 312 0 4242606948
256 313 0 4242606948
256 314 0 4242606948
256 315 0 4242606948
256 316 0 4242606948
256 317 0 4242606948
256 318 0 4242606948
256 319 0 4242606948
256 320 0 4242606948
256 321 3 4242606948
256 322 0 4242606948
256 323 0 4242606948
256 324 0 4242606948
256 325 0 4242606948
256 326 0 4242606948
256 327 0 4242606948
256 328 0 4242606948
256 329 0 4242606948
256 330 0 4242606948
256 331 0 4242606948
256 332 0 4242606948
256 333 0 4242606948
256 334 0 4242606948
256 335 0 4242606948
256 336 0 4242606948
256 337 0 4242606948
256 338 0 4242606948
256 339 0 4242606948
256 340 0 4242606948
256 341 0 4242606948
256 342 12 4242606948
256 343 0 4242606948
256 344 0 4242606948
256 345 0 4242606948
256 346 0 4242606948
256 347 3 4242606948
256 348 0 4242606948
256 349 0 4242606948
256 350 0 4242606948
256 351 0 4242606948
256 352 0 4242606948
256 353 0 4242606948
256 354 0 4242606948
256 355 0 4242606948
256 356 0 4242606948
256 357 0 4242606948
256 358 0 4242606948
256 359 0 4242606948
256 360 0 4242606948
256 361 0 4242606948
256 362 0 4242606948
256 363 0 4242606948
256 364 0 4242606948
256 365 0 4242606948
256 366 0 4242606948
256 367 0 4242606948
256 368 0 4242606948
256 369 0 4242606948
256 370 0 4242606948
256 371 0 4242606948
256 372 0 4242606948
256 373 3 4242606948
256 374 0 4242606948
256 375 0 4242606948
256 376 0 4242606948
256 377 0 4242606948
256 378 0 4242606948
256 379 0 4242606948
256 380 0 4242606948
256 381 0 4242606948
256 382 0 4242606948
256 383 0 4242606948
256 384 0 4242606948
256 385 0 4242606948
256 386 0 4242606948
256 387 0 4242606948
256 388 0 4242606948
256 389 0 4242606948
256 390 0 4242606948
256 391 0 4242606948
256 392 0 4242606948
256 393 0 4242606948
256 394 0 4242606948
256 395 0 4242606948
256 396 0 4242606948
256 397 0 4242606948
256 398 0 4242606948
256 399 3 4242606948
256 400 0 4242606948
256 401 0 4242606948
256 402 0 4242606948
256 403 0 4242606948
256 404 0 4242606948
256 405 0 4242606948
256 406 0 4242606948
256 407 0 4242606948
256 408 0 4242606948
256 409 0 4242606948
256 410 0 4242606948
256 411 0 4242606948
256 412 0 4242606948
256 413 0 4242606948
256 414 0 4242606948
256 415 0 4242606948
256 416 0 4242606948
256 417 0 4242606948
256 418 0 4242606948
256 419 0 4242606948
256 420 3 4242606948
256 421 0 4242606948
256 422 0 4242606948
256 423 0 4242606948
256 424 0 4242606948
256 425 3 4242606948
256 426 0 4242606948
256 427 0 4242606948
256 428 0 4242606948
256 429 0 4242606948
256 430 0 4242606948
256 431 0 4242606948
256 432 0 4242606948
256 433 0 4242606948
256 434 0 4242606948
256 435 0 4242606948
256 436 0 4242606948
256 437 0 4242606948
256 438 0 4242606948
256 439 0 4242606948
256 440 0 4242606948
256 441 0 4242606948
256 442 0 4242606948
256 443 0 4242606948
256 444 0 4242606948
256 445 0 4242606948
256 446 3 4242606948
256 447 0 4242606948
256 448 0 4242606948
256 449 0 4242606948
256 450 0 4242606948
256 451 0 4242606948
256 452 0 4242606948
256 453 0 4242606948
256 454 0 4242606948
256 455 0 4242606948
256 456 0 4242606948
256 457 0 4242606948
256 458 0 4242606948
256 459 0 4242606948
256 460 0 4242606948
256 461 0 4242606948
256 462 0 4242606948
256 463 0 4242606948
256 464 0 4242606948
256 465 0 4242606948
256 466 0 4242606948
256 467 0 4242606948
256 468 0 4242606948
256 469 0 4242606948
256 470 0 4242606948
256 471 0 4242606948
256 472 3 4242606948
256 473 0 4242606948
256 474 0 4242606948
256 475 0 4242606948
256 476 0 4242606948
256 477 0 4242606948
256 478 0 4242606948
256 479 0 4242606948
256 480 0 4242606948
256 481 0 4242606948
256 482 0 4242606948
256 483 0 4242606948
256 484 0 4242606948
256 485 0 4242606948
256 486 0 4242606948
256 487 0 4242606948
256 488 0 4242606948
256 489 0 4242606948
256 490 0 4242606948
256 491 0 4242606948
256 492 0 4242606948
256 493 0 4242606948
256 494 0 4242606948
256 495 0 4242606948
256 496 0 4242606948
256 497 0 4242606948
256 498 3 4242606948
256 499 0 4242606948
256 500 0 4242606948
256 501 0 4242606948
256 502 0 4242606948
256 503 0 4242606948
256 504 0 4242606948
256 505 0 4242606948
256 506 0 4242606948
256 507 0 4242606948
256 508 0 4242606948
256 509 0 4242606948
256 510 0 4242606948
256 511 0 4242606948
256 512 0 4242606948
256 513 0 4242606948
256 514 0 4242606948
256 515 0 4242606948
256 516 0 4242606948
256 517 0 4242606948
256 518 0 4242606948
256 519 3 4242606948
256 520 0 4242606948
256 521 0 4242606948
256 522 0 4242606948
256 523 0 4242606948
256 524 0 4242606948
256 525 0 4242606948
256 526 0 4242606948
256 527 0 4242606948
256 528 0 4242606948
256 529 0 4242606948
256 530 0 4242606948
256 531 0 4242606948
256 532 0 4242606948
256 533 0 4242606948
256 534 0 4242606948
256 535 0 4242606948
256 536 0 4242606948
256 537 0 4242606948
256 538 0 4242606948
256 539 0 4242606948
256 540 0 4242606948
256 541 0 4242606948
256 542 0 4242606948
256 543 0 4242606948
256 544 0 4242606948
256 545 3 4242606948
256 546 0 4242606948
256 547 0 4242606948
256 548 0 4242606948
256 549 0 4242606948
256 550 0 4242606948
256 551 0 4242606948
256 552 0 4242606948
256 553 0 4242606948
256 554 0 4242606948
256 555 0 4242606948
256 556 0 4242606948
256 557 0 4242606948
256 558 0 4242606948
256 559 0 4242606948
256 560 0 4242606948
256 561 0 4242606948
256 562 0 4242606948
256 563 0 4242606948
256 564 0 4242606948
256 565 0 4242606948
256 566 0 4242606948
256 567 0 4242606948
256 568 0 4242606948
256 569 0 4242606948
256 570 0 4242606948
256 571 3 4242606948
256 572 0 4242606948
256 573 0 4242606948
256 574 0 4242606948
256 575 0 4242606948
256 576 0 4242606948
256 577 0 4242606948
256 578 0 4242606948
256 579 0 4242606948
256 580 0 4242606948
256 581 0 4242606948
256 582 0 4242606948
256 583 0 4242606948
256 584 0 4242606948
256 585 0 4242606948
256 586 0 4242606948
256 587 0 4242606948
256 588 0 4242606948
256 589 0 4242606948
256 590 0 4242606948
256 591 0 4242606948
256 592 3 4242606948
256 593 0 4242606948
256 594 0 4242606948
256 595 0 4242606948
256 596 0 4242606948
256 597 0 4242606948
256 598 0 4242606948
256 599 0 4242606948
256 600 0 4242606948
256 601 0 4242606948
256 602 0 4242606948
256 603 0 4242606948
256 604 0 4242606948
256 605 0 4242606948
256 606 0 4242606948
256 607 0 4242606948
256 608 0 4242606948
256 609 0 4242606948
256 610 0 4242606948
256 611 0 4242606948
256 612 0 4242606948
256 613 0 4242606948
256 614 0 4242606948
256 615 0 4242606948
256 616 0 4242606948
256 617 0 4242606948
256 618 3 4242606948
256 619 0 4242606948
256 620 0 4242606948
256 621 0 4242606948
256 622 0 4242606948
256 623 0 4242606948
256 624 0 4242606948
256 625 0 4242606948
256 626 0 4242606948
256 627 0 4242606948
256 628 0 4242606948
256 629 0 4242606948
256 630 0 4242606948
256 631 0 4242606948
256 632 0 4242606948
256 633 0 4242606948
256 634 0 4242606948
256 635 0 4242606948
256 636 0 4242606948
256 637 0 4242606948
256 638 0 4242606948
256 639 0 4242606948
256 640 0 4242606948
256 641 0 4242606948
256 642 0 4242606948
256 643 0 4242606948
256 644 3 4242606948
256 645 0 4242606948
256 646 0 4242606948
256 647 0 4242606948
256 648 0 4242606948
256 649 0 4242606948
256 650 0 4242606948
256 651 0 4242606948
256 652 0 4242606948
256 653 0 4242606948
256 654 0 4242606948
256 655 0 4242606948
256 656 0 4242606948
256 657 0 4242606948
256 658 0 4242606948
256 659 0 4242606948
256 660 0 4242606948
256 661 0 4242606948
256 662 0 4242606948
256 663 0 4242606948
256 664 0 4242606948
256 665 3 4242606948
256 666 0 4242606948
256 667 0 4242606948
256 668 0 4242606948
256 669 0 4242606948
256 670 3 4242606948
256 671 0 4242606948
256 672 0 4242606948
256 673 0 4242606948
256 674 0 4242606948
256 675 0 4242606948
256 676 0 4242606948
256 677 0 4242606948
256 678 0 4242606948
256 679 0 4242606948
256 680 0 4242606948
256 681 0 4242606948
256 682 0 4242606948
256 683 0 4242606948
256 684 0 4242606948
256 685 0 4242606948
256 686 0 4242606948
256 687 0 4242606948
256 688 0 4242606948
256 689 0 4242606948
256 690 0 4242606948
256 691 3 4242606948
256 692 0 4242606948
256 693 0 4242606948
256 694 0 4242606948
256 695 0 4242606948
256 696 0 4242606948
256 697 0 4242606948
256 698 0 4242606948
256 699 0 4242606948
256 700 0 4242606948
256 701 0 4242606948
256 702 0 4242606948
256 703 0 4242606948
256 704 0 4242606948
256 705 0 4242606948
256 706 0 4242606948
256 707 0 4242606948
256 708 0 4242606948
256 709 0 4242606948
256 710 0 4242606948
256 711 0 4242606948
256 712 8 4242606948
256 713 0 4242606948
256 714 0 4242606948
256 715 0 4242606948
256 716 0 4242606948
256 717 3 4242606948
256 718 0 4242606948
256 719 0 4242606948
256 720 0 4242606948
256 721 0 4242606948
256 722 0 4242606948
256 723 0 4242606948
256 724 0 4242606948
256 725 0 4242606948
256 726 0 4242606948
256 727 0 4242606948
256 728 0 4242606948
256 729 0 4242606948
256 730 0 4242606948
256 731 0 4242606948
256 732 0 4242606948
256 733 0 4242606948
256 734 0 4242606948
256 735 0 4242606948
256 736 0 4242606948
256 737 0 4242606948
256 738 0 4242606948
256 739 0 4242606948
256 740 0 4242606948
256 741 0 4242606948
256 742 0 4242606948
256 743 3 4242606948
256 744 0 4242606948
256 745 0 4242606948
256 746 0 4242606948
256 747 0 4242606948
256 748 0 4242606948
256 749 0 4242606948
256 750 0 4242606948
256 751 0 4242606948
256 752 0 4242606948
256 753 0 4242606948
256 754 0 4242606948
256 755 0 4242606948
256 756 0 4242606948
256 757 0 4242606948
256 758 0 4242606948
256 759 0 4242606948
256 760 0 4242606948
256 761 0 4242606948
256 762 0 4242606948
256 763 0 4242606948
256 764 3 4242606948
256 765 0 4242606948
256 766 0 4242606948
256 767 0 4242606948
256 768 0 4242606948
256 769 0 4242606948
256 770 0 4242606948
256 771 0 4242606948
256 772 0 4242606948
256 773 0 4242606948
256 774 0 4242606948
256 775 0 4242606948
256 776 0 4242606948
256 777 0 4242606948
256 778 0 4242606948
256 779 0 4242606948
256 780 0 4242606948
256 781 0 4242606948
256 782 0 4242606948
256 783 0 4242606948
256 784 0 4242606948
256 785 0 4242606948
256 786 0 4242606948
256 787 0 4242606948
256 788 0 4242606948
256 789 0 4242606948
256 790 3 4242606948
256 791 0 4242606948
256 792 0 4242606948
256 793 0 4242606948
256 794 0 4242606948
256 795 0 4242606948
256 796 0 4242606948
256 797 0 4242606948
256 798 0 4242606948
256 799 0 4242606948
256 800 0 4242606948
256 801 0 4242606948
256 802 0 4242606948
256 803 0 4242606948
256 804 0 4242606948
256 805 0 4242606948
256 806 0 4242606948
256 807 0 4242606948
256 808 0 4242606948
256 809 0 4242606948
256 810 0 4242606948
256 811 0 4242606948
256 812 0 4242606948
256 813 0 4242606948
256 814 0 4242606948
256 815 0 4242606948
256 816 3 4242606948
256 817 0 4242606948
256 818 0 4242606948
256 819 0 4242606948
256 820 0 4242606948
256 821 0 4242606948
256 822 0 4242606948
256 823 0 4242606948
256 824 0 4242606948
256 825 0 4242606948
256 826 0 4242606948
256 827 0 4242606948
256 828 0 4242606948
256 829 0 4242606948
256 830 0 4242606948
256 831 0 4242606948
256 832 0 4242606948
256 833 0 4242606948
256 834 0 4242606948
256 835 0 4242606948
256 836 0 4242606948
256 837 3 4242606948
256 838 0 4242606948
256 839 0 4242606948
256 840 0 4242606948
256 841 0 4242606948
256 842 0 4242606948
256 843 0 4242606948
256 844 0 4242606948
256 845 0 4242606948
256 846 0 4242606948
256 847 0 4242606948
256 848 0 4242606948
256 849 0 4242606948
256 850 0 4242606948
256 851 0 4242606948
256 852 0 4242606948
256 853 0 4242606948
256 854 0 4242606948
256 855 0 4242606948
256 856 0 4242606948
256 857 0 4242606948
256 858 0 4242606948
256 859 0 4242606948
256 860 0 4242606948
256 861 0 4242606948
256 862 0 4242606948
256 863 3 4242606948
256 864 0 4242606948
256 865 0 4242606948
256 866 0 4242606948
256 867 0 4242606948
256 868 0 4242606948
256 869 0 4242606948
256 870 0 4242606948
256 871 0 4242606948
256 872 0 4242606948
256 873 0 4242606948
256 874 0 4242606948
256 875 0 4242606948
256 876 0 4242606948
256 877 0 4242606948
256 878 0 4242606948
256 879 0 4242606948
256 880 0 4242606948
256 881 0 4242606948
256 882 0 4242606948
256 883 0 4242606948
256 884 0 4242606948
256 885 0 4242606948
256 886 0 4242606948
256 887 0 4242606948
256 888 0 4242606948
256 889 3 4242606948
256 890 0 4242606948
256 891 0 4242606948
256 892 0 4242606948
256 893 0 4242606948
256 894 0 4242606948
256 895 0 4242606948
256 896 0 4242606948
256 897 0 4242606948
256 898 0 4242606948
256 899 0 4242606948
256 900 0 4242606948
256 901 0 4242606948
256 902 0 4242606948
256 903 0 4242606948
256 904 0 4242606948
256 905 0 4242606948
256 906 0 4242606948
256 907 0 4242606948
256 908 0 4242606948
256 909 0 4242606948
256 910 3 4242606948
256 911 0 4242606948
256 912 0 4242606948
256 913 0 4242606948
256 914 0 4242606948
256 915 3 4242606948
256 916 0 4242606948
256 917 0 4242606948
256 918 0 4242606948
256 919 0 4242606948
256 920 0 4242606948
256 921 0 4242606948
256 922 0 4242606948
256 923 0 4242606948
256 924 0 4242606948
256 925 0 4242606948
256 926 0 4242606948
256 927 0 4242606948
256 928 0 4242606948
256 929 0 4242606948
256 930 0 4242606948
256 931 0 4242606948
256 932 0 4242606948
256 933 0 4242606948
256 934 0 4242606948
256 935 0 4242606948
256 936 3 4242606948
256 937 0 4242606948
256 938 0 4242606948
256 939 0 4242606948
256 940 0 4242606948
256 941 0 4242606948
256 942 0 4242606948
256 943 0 4242606948
256 944 0 4242606948
256 945 0 4242606948
256 946 0 4242606948
256 947 0 4242606948
256 948 0 4242606948
256 949 0 4242606948
256 950 0 4242606948
256 951 0 4242606948
256 952 0 4242606948
256 953 0 4242606948
256 954 0 4242606948
256 955 0 4242606948
256 956 0 4242606948
256 957 0 4242606948
256 958 0 4242606948
256 959 0 4242606948
256 960 0 4242606948
256 961 0 4242606948
256 962 3 4242606948
256 963 0 4242606948
256 964 0 4242606948
256 965 0 4242606948
256 966 0 4242606948
256 967 0 4242606948
256 968 0 4242606948
256 969 0 4242606948
256 970 0 4242606948
256 971 0 4242606948
256 972 0 4242606948
256 973 0 4242606948
256 974 0 4242606948
256 975 0 4242606948
256 976 0 4242606948
256 977 0 4242606948
256 978 0 4242606948
256 979 0 4242606948
256 980 0 4242606948
256 981 0 4242606948
256 982 0 4242606948
256 983 0 4242606948
256 984 0 4242606948
256 985 0 4242606948
256 986 0 4242606948
256 987 0 4242606948
256 988 3 4242606948
256 989 0 4242606948
256 990 0 4242606948
256 991 0 4242606948
256 992 0 4242606948
256 993 0 4242606948
256 994 0 4242606948
256 995 0 4242606948
256 996 0 4242606948
256 997 0 4242606948
256 998 0 4242606948
256 999 0 4242606948
