512 0 1577791 534842228
512 1 1578156 534842228
512 2 1577794 534842228
512 3 1577714 534842228
512 4 1577592 534842228
512 5 1577129 534842228
512 6 1577693 534842228
512 7 1577723 534842228
512 8 1578009 534842228
512 9 1576178 534842228
512 10 1578002 534842228
512 11 1577908 534842228
512 12 1577485 534842228
512 13 1578158 534842228
512 14 1577312 534842228
512 15 1577423 534842228
512 16 1577618 534842228
512 17 1577599 534842228
512 18 1577743 534842228
512 19 1577886 534842228
512 20 1577763 534842228
512 21 1577782 534842228
512 22 1578268 534842228
512 23 1577220 534842228
512 24 1577462 534842228
512 25 1578298 534842228
512 26 1578028 534842228
512 27 1577907 534842228
512 28 1576894 534842228
512 29 1578323 534842228
512 30 1577425 534842228
512 31 1577700 534842228
512 32 1577880 534842228
512 33 1577824 534842228
512 34 1577792 534842228
512 35 1577853 534842228
512 36 1577471 534842228
512 37 1577851 534842228
512 38 1577873 534842228
512 39 1577527 534842228
512 40 1577909 534842228
512 41 1577816 534842228
512 42 1576019 534842228
512 43 1577636 534842228
512 44 1577845 534842228
512 45 1577656 534842228
512 46 1578297 534842228
512 47 1577857 534842228
512 48 1578300 534842228
512 49 1577764 534842228
512 50 1578010 534842228
512 51 1577700 534842228
512 52 1577667 534842228
512 53 1577727 534842228
512 54 1577438 534842228
512 55 1577792 534842228
512 56 1576689 534842228
512 57 1577398 534842228
512 58 1577800 534842228
512 59 1577442 534842228
512 60 1578145 534842228
512 61 1577458 534842228
512 62 1577533 534842228
512 63 1577534 534842228
512 64 1577649 534842228
512 65 1577774 534842228
512 66 1577641 534842228
512 67 1577682 534842228
512 68 1577611 534842228
512 69 1578417 534842228
512 70 1577180 534842228
512 71 1578325 534842228
512 72 1577911 534842228
512 73 1578079 534842228
512 74 1577595 534842228
512 75 1576298 534842228
512 76 1578280 534842228
512 77 1578147 534842228
512 78 1577598 534842228
512 79 1577602 534842228
512 80 1578039 534842228
512 81 1578059 534842228
512 82 1577713 534842228
512 83 1577673 534842228
512 84 1577768 534842228
512 85 1577916 534842228
512 86 1578177 534842228
512 87 1577569 534842228
512 88 1578194 534842228
512 89 1576026 534842228
512 90 1577430 534842228
512 91 1577493 534842228
512 92 1578262 534842228
512 93 1577991 534842228
512 94 1577914 534842228
512 95 1577763 534842228
512 96 1577928 534842228
512 97 1578070 534842228
512 98 1577440 534842228
512 99 1577916 534842228
512 100 1577646 534842228
512 101 1577616 534842228
512 102 1577814 534842228
512 103 1576314 534842228
512 104 1578127 534842228
512 105 1577989 534842228
512 106 1577962 534842228
512 107 1577662 534842228
512 108 1576984 534842228
512 109 1577913 534842228
512 110 1577810 534842228
512 111 1577875 534842228
512 112 1577661 534842228
512 113 1577670 534842228
512 114 1577544 534842228
512 115 1577575 534842228
512 116 1577418 534842228
512 117 1577397 534842228
512 118 1577731 534842228
512 119 1578314 534842228
512 120 1577811 534842228
512 121 1578154 534842228
512 122 1576005 534842228
512 123 1577938 534842228
512 124 1577447 534842228
512 125 1578156 534842228
512 126 1577957 534842228
512 127 1577871 534842228
512 128 1577612 534842228
512 129 1578046 534842228
512 130 1577668 534842228
512 131 1577441 534842228
512 132 1577516 534842228
512 133 1577648 534842228
512 134 1577796 534842228
512 135 1578105 534842228
512 136 1576441 534842228
512 137 1577250 534842228
512 138 1578126 534842228
512 139 1577865 534842228
512 140 1577540 534842228
512 141 1577420 534842228
512 142 1577686 534842228
512 143 1577286 534842228
512 144 1577779 534842228
512 145 1577686 534842228
512 146 1577458 534842228
512 147 1577792 534842228
512 148 1577649 534842228
512 149 1577765 534842228
512 150 1576759 534842228
512 151 1577774 534842228
512 152 1577350 534842228
512 153 1577797 534842228
512 154 1577949 534842228
512 155 1576898 534842228
512 156 1577972 534842228
512 157 1577988 534842228
512 158 1578197 534842228
512 159 1577235 534842228
512 160 1577882 534842228
512 161 1577279 534842228
512 162 1577930 534842228
512 163 1577764 534842228
512 164 1577551 534842228
512 165 1577137 534842228
512 166 1577950 534842228
512 167 1577675 534842228
512 168 1577905 534842228
512 169 1576057 534842228
512 170 1578126 534842228
512 171 1577344 534842228
512 172 1578465 534842228
512 173 1577770 534842228
512 174 1577715 534842228
512 175 1577752 534842228
512 176 1577984 534842228
512 177 1577852 534842228
512 178 1578022 534842228
512 179 1578402 534842228
512 180 1577891 534842228
512 181 1577470 534842228
512 182 1577964 534842228
512 183 1576594 534842228
512 184 1577576 534842228
512 185 1578035 534842228
512 186 1577853 534842228
512 187 1577959 534842228
512 188 1577724 534842228
512 189 1578142 534842228
512 190 1577396 534842228
512 191 1577919 534842228
512 192 1577781 534842228
512 193 1577776 534842228
512 194 1578327 534842228
512 195 1577784 534842228
512 196 1577973 534842228
512 197 1577003 534842228
512 198 1577707 534842228
512 199 1577500 534842228
512 200 1578246 534842228
512 201 1577667 534842228
512 202 1576438 534842228
512 203 1577663 534842228
512 204 1578080 534842228
512 205 1577620 534842228
512 206 1578328 534842228
512 207 1577438 534842228
512 208 1577846 534842228
512 209 1577619 534842228
512 210 1578310 534842228
512 211 1577440 534842228
512 212 1577995 534842228
512 213 1577745 534842228
512 214 1577833 534842228
512 215 1577675 534842228
512 216 1576015 534842228
512 217 1577652 534842228
512 218 1577851 534842228
512 219 1577366 534842228
512 220 1578083 534842228
512 221 1577931 534842228
512 222 1577796 534842228
512 223 1578261 534842228
512 224 1577682 534842228
512 225 1578209 534842228
512 226 1577679 534842228
512 227 1577443 534842228
512 228 1577932 534842228
512 229 1577613 534842228
512 230 1576548 534842228
512 231 1577803 534842228
512 232 1577417 534842228
512 233 1577192 534842228
512 234 1577753 534842228
512 235 1577140 534842228
512 236 1578026 534842228
512 237 1577280 534842228
512 238 1577843 534842228
512 239 1577712 534842228
512 240 1577840 534842228
512 241 1578058 534842228
512 242 1578090 534842228
512 243 1577953 534842228
512 244 1577780 534842228
512 245 1577558 534842228
512 246 1577962 534842228
512 247 1578157 534842228
512 248 1577289 534842228
512 249 1576067 534842228
512 250 1578529 534842228
512 251 1577589 534842228
512 252 1577688 534842228
512 253 1577659 534842228
512 254 1577633 534842228
512 255 1578076 534842228
512 256 1578154 534842228
512 257 1577734 534842228
512 258 1577845 534842228
512 259 1577663 534842228
512 260 1577804 534842228
512 261 1577651 534842228
512 262 1577696 534842228
512 263 1576319 534842228
512 264 1577698 534842228
512 265 1578112 534842228
512 266 1577838 534842228
512 267 1577897 534842228
512 268 1577637 534842228
512 269 1577955 534842228
512 270 1577499 534842228
512 271 1577978 534842228
512 272 1577917 534842228
512 273 1578098 534842228
512 274 1577618 534842228
512 275 1577925 534842228
512 276 1577672 534842228
512 277 1577164 534842228
512 278 1578094 534842228
512 279 1577961 534842228
512 280 1577845 534842228
512 281 1577664 534842228
512 282 1576313 534842228
512 283 1578170 534842228
512 284 1577833 534842228
512 285 1577504 534842228
512 286 1577893 534842228
512 287 1577381 534842228
512 288 1578009 534842228
512 289 1577825 534842228
512 290 1578040 534842228
512 291 1577588 534842228
512 292 1578012 534842228
512 293 1578246 534842228
512 294 1577601 534842228
512 295 1577810 534842228
512 296 1576069 534842228
512 297 1577726 534842228
512 298 1578360 534842228
512 299 1577290 534842228
512 300 1577849 534842228
512 301 1577985 534842228
512 302 1577631 534842228
512 303 1577715 534842228
512 304 1577954 534842228
512 305 1577424 534842228
512 306 1578315 534842228
512 307 1577178 534842228
512 308 1577765 534842228
512 309 1577894 534842228
512 310 1576316 534842228
512 311 1577888 534842228
512 312 1577649 534842228
512 313 1577726 534842228
512 314 1578052 534842228
512 315 1577239 534842228
512 316 1577895 534842228
512 317 1577369 534842228
512 318 1577893 534842228
512 319 1577886 534842228
512 320 1577756 534842228
512 321 1577894 534842228
512 322 1578392 534842228
512 323 1577676 534842228
512 324 1577316 534842228
512 325 1577827 534842228
512 326 1577777 534842228
512 327 1577347 534842228
512 328 1577770 534842228
512 329 1576574 534842228
512 330 1577299 534842228
512 331 1578074 534842228
512 332 1577387 534842228
512 333 1577770 534842228
512 334 1577814 534842228
512 335 1577736 534842228
512 336 1578345 534842228
512 337 1577853 534842228
512 338 1577743 534842228
512 339 1578084 534842228
512 340 1577940 534842228
512 341 1578150 534842228
512 342 1577242 534842228
512 343 1576293 534842228
512 344 1577695 534842228
512 345 1577881 534842228
512 346 1578043 534842228
512 347 1577653 534842228
512 348 1577473 534842228
512 349 1577733 534842228
512 350 1577852 534842228
512 351 1577995 534842228
512 352 1577952 534842228
512 353 1577486 534842228
512 354 1577718 534842228
512 355 1577980 534842228
512 356 1577983 534842228
512 357 1576875 534842228
512 358 1578029 534842228
512 359 1577910 534842228
512 360 1577860 534842228
512 361 1577959 534842228
512 362 1577306 534842228
512 363 1577729 534842228
512 364 1577720 534842228
512 365 1577837 534842228
512 366 1577581 534842228
512 367 1577451 534842228
512 368 1577286 534842228
512 369 1578003 534842228
512 370 1577490 534842228
512 371 1577802 534842228
512 372 1578130 534842228
512 373 1577597 534842228
512 374 1578058 534842228
512 375 1577975 534842228
512 376 1576104 534842228
512 377 1577607 534842228
512 378 1577695 534842228
512 379 1578114 534842228
512 380 1577408 534842228
512 381 1578313 534842228
512 382 1577345 534842228
512 383 1578158 534842228
512 384 1578027 534842228
512 385 1578212 534842228
512 386 1577422 534842228
512 387 1577903 534842228
512 388 1577646 534842228
512 389 1577795 534842228
512 390 1575754 534842228
512 391 1577659 534842228
512 392 1577831 534842228
512 393 1577695 534842228
512 394 1578053 534842228
512 395 1578188 534842228
512 396 1577728 534842228
512 397 1577734 534842228
512 398 1577701 534842228
512 399 1577541 534842228
512 400 1577496 534842228
512 401 1577858 534842228
512 402 1577856 534842228
512 403 1577772 534842228
512 404 1577783 534842228
512 405 1577371 534842228
512 406 1577605 534842228
512 407 1578027 534842228
512 408 1577553 534842228
512 409 1576738 534842228
512 410 1577647 534842228
512 411 1577905 534842228
512 412 1577851 534842228
512 413 1577590 534842228
512 414 1578118 534842228
512 415 1577949 534842228
512 416 1577618 534842228
512 417 1577541 534842228
512 418 1577566 534842228
512 419 1578027 534842228
512 420 1577665 534842228
512 421 1577607 534842228
512 422 1577993 534842228
512 423 1576437 534842228
512 424 1577563 534842228
512 425 1577547 534842228
512 426 1577926 534842228
512 427 1577914 534842228
512 428 1577952 534842228
512 429 1577635 534842228
512 430 1577652 534842228
512 431 1577655 534842228
512 432 1577892 534842228
512 433 1578020 534842228
512 434 1578050 534842228
512 435 1578028 534842228
512 436 1577989 534842228
512 437 1576525 534842228
512 438 1577844 534842228
512 439 1577626 534842228
512 440 1577726 534842228
512 441 1577539 534842228
512 442 1577169 534842228
512 443 1577888 534842228
512 444 1577690 534842228
512 445 1577742 534842228
512 446 1577731 534842228
512 447 1577904 534842228
512 448 1577692 534842228
512 449 1577927 534842228
512 450 1577568 534842228
512 451 1577494 534842228
512 452 1577796 534842228
512 453 1577649 534842228
512 454 1578004 534842228
512 455 1577597 534842228
512 456 1576225 534842228
512 457 1577827 534842228
512 458 1577299 534842228
512 459 1577973 534842228
512 460 1577572 534842228
512 461 1577728 534842228
512 462 1578199 534842228
512 463 1577998 534842228
512 464 1577777 534842228
512 465 1577767 534842228
512 466 1577812 534842228
512 467 1577792 534842228
512 468 1577533 534842228
512 469 1577760 534842228
512 470 1576373 534842228
512 471 1577656 534842228
512 472 1577953 534842228
512 473 1578133 534842228
512 474 1577314 534842228
512 475 1577229 534842228
512 476 1577484 534842228
512 477 1577483 534842228
512 478 1577850 534842228
512 479 1577123 534842228
512 480 1578069 534842228
512 481 1577732 534842228
512 482 1578102 534842228
512 483 1578157 534842228
512 484 1576935 534842228
512 485 1577890 534842228
512 486 1577346 534842228
512 487 1578025 534842228
512 488 1577783 534842228
512 489 1576408 534842228
512 490 1578182 534842228
512 491 1577931 534842228
512 492 1577607 534842228
512 493 1577810 534842228
512 494 1577522 534842228
512 495 1578034 534842228
512 496 1577737 534842228
512 497 1577755 534842228
512 498 1577736 534842228
512 499 1577903 534842228
512 500 1578232 534842228
512 501 1577411 534842228
512 502 1577480 534842228
512 503 1575904 534842228
512 504 1577631 534842228
512 505 1577925 534842228
512 506 1578211 534842228
512 507 1577656 534842228
512 508 1577982 534842228
512 509 1577781 534842228
512 510 1577937 534842228
512 511 1577990 534842228
512 512 1577270 534842228
512 513 1578183 534842228
512 514 1577577 534842228
512 515 1578283 534842228
512 516 1577535 534842228
512 517 1576569 534842228
512 518 1578064 534842228
512 519 1577845 534842228
512 520 1578491 534842228
512 521 1578236 534842228
512 522 1577648 534842228
512 523 1577568 534842228
512 524 1577742 534842228
512 525 1577735 534842228
512 526 1577404 534842228
512 527 1577768 534842228
512 528 1578118 534842228
512 529 1577420 534842228
512 530 1577967 534842228
512 531 1577216 534842228
512 532 1577700 534842228
512 533 1577980 534842228
512 534 1577499 534842228
512 535 1577943 534842228
512 536 1576002 534842228
512 537 1578015 534842228
512 538 1578324 534842228
512 539 1577600 534842228
512 540 1577696 534842228
512 541 1577793 534842228
512 542 1577759 534842228
512 543 1577939 534842228
512 544 1577710 534842228
512 545 1577724 534842228
512 546 1577931 534842228
512 547 1577856 534842228
512 548 1578096 534842228
512 549 1577633 534842228
512 550 1576348 534842228
512 551 1577766 534842228
512 552 1577578 534842228
512 553 1578230 534842228
512 554 1577781 534842228
512 555 1577395 534842228
512 556 1577852 534842228
512 557 1577551 534842228
512 558 1577906 534842228
512 559 1577363 534842228
512 560 1577517 534842228
512 561 1577933 534842228
512 562 1577619 534842228
512 563 1578249 534842228
512 564 1576745 534842228
512 565 1577632 534842228
512 566 1577857 534842228
512 567 1577496 534842228
512 568 1578190 534842228
512 569 1576829 534842228
512 570 1578075 534842228
512 571 1577297 534842228
512 572 1577767 534842228
512 573 1578420 534842228
512 574 1577601 534842228
512 575 1577360 534842228
512 576 1578173 534842228
512 577 1577785 534842228
512 578 1577495 534842228
512 579 1577926 534842228
512 580 1578043 534842228
512 581 1577942 534842228
512 582 1578069 534842228
512 583 1576145 534842228
512 584 1577544 534842228
512 585 1577438 534842228
512 586 1577422 534842228
512 587 1578128 534842228
512 588 1578038 534842228
512 589 1578010 534842228
512 590 1577843 534842228
512 591 1578070 534842228
512 592 1577612 534842228
512 593 1577809 534842228
512 594 1577943 534842228
512 595 1577698 534842228
512 596 1578169 534842228
512 597 1575827 534842228
512 598 1577978 534842228
512 599 1577683 534842228
512 600 1577379 534842228
512 601 1577892 534842228
512 602 1577534 534842228
512 603 1577360 534842228
512 604 1577425 534842228
512 605 1577452 534842228
512 606 1578107 534842228
512 607 1577956 534842228
512 608 1577826 534842228
512 609 1577980 534842228
512 610 1577762 534842228
512 611 1577448 534842228
512 612 1577785 534842228
512 613 1577682 534842228
512 614 1577755 534842228
512 615 1577616 534842228
512 616 1576653 534842228
512 617 1577746 534842228
512 618 1577580 534842228
512 619 1577922 534842228
512 620 1577748 534842228
512 621 1577550 534842228
512 622 1577752 534842228
512 623 1577594 534842228
512 624 1577447 534842228
512 625 1577874 534842228
512 626 1577660 534842228
512 627 1577567 534842228
512 628 1577515 534842228
512 629 1577944 534842228
512 630 1576342 534842228
512 631 1577589 534842228
512 632 1578297 534842228
512 633 1577983 534842228
512 634 1577724 534842228
512 635 1577673 534842228
512 636 1578192 534842228
512 637 1577773 534842228
512 638 1578042 534842228
512 639 1578433 534842228
512 640 1577754 534842228
512 641 1577537 534842228
512 642 1578273 534842228
512 643 1577434 534842228
512 644 1576454 534842228
512 645 1577900 534842228
512 646 1577987 534842228
512 647 1577558 534842228
512 648 1577584 534842228
512 649 1577454 534842228
512 650 1577647 534842228
512 651 1577675 534842228
512 652 1577295 534842228
512 653 1577499 534842228
512 654 1577882 534842228
512 655 1577658 534842228
512 656 1577816 534842228
512 657 1577555 534842228
512 658 1577320 534842228
512 659 1577402 534842228
512 660 1577932 534842228
512 661 1577792 534842228
512 662 1577610 534842228
512 663 1576190 534842228
512 664 1578230 534842228
512 665 1577864 534842228
512 666 1578018 534842228
512 667 1578027 534842228
512 668 1577653 534842228
512 669 1577629 534842228
512 670 1577937 534842228
512 671 1577711 534842228
512 672 1577755 534842228
512 673 1577927 534842228
512 674 1577904 534842228
512 675 1577528 534842228
512 676 1577411 534842228
512 677 1575787 534842228
512 678 1577552 534842228
512 679 1577250 534842228
512 680 1577945 534842228
512 681 1577967 534842228
512 682 1577408 534842228
512 683 1577429 534842228
512 684 1577435 534842228
512 685 1577540 534842228
512 686 1577615 534842228
512 687 1578055 534842228
512 688 1577909 534842228
512 689 1577453 534842228
512 690 1578015 534842228
512 691 1577012 534842228
512 692 1577794 534842228
512 693 1577690 534842228
512 694 1577633 534842228
512 695 1577514 534842228
512 696 1576369 534842228
512 697 1577891 534842228
512 698 1578114 534842228
512 699 1578154 534842228
512 700 1577901 534842228
512 701 1577492 534842228
512 702 1578051 534842228
512 703 1577581 534842228
512 704 1578384 534842228
512 705 1577996 534842228
512 706 1577817 534842228
512 707 1579093 534842228
512 708 1577702 534842228
512 709 1577884 534842228
512 710 1576201 534842228
512 711 1577703 534842228
512 712 1577856 534842228
512 713 1578008 534842228
512 714 1577730 534842228
512 715 1578300 534842228
512 716 1577956 534842228
512 717 1577964 534842228
512 718 1577623 534842228
512 719 1578500 534842228
512 720 1577882 534842228
512 721 1577514 534842228
512 722 1578037 534842228
512 723 1577360 534842228
512 724 1576257 534842228
512 725 1577751 534842228
512 726 1577827 534842228
512 727 1578099 534842228
512 728 1577876 534842228
512 729 1577040 534842228
512 730 1577596 534842228
512 731 1577783 534842228
512 732 1577983 534842228
512 733 1577873 534842228
512 734 1577627 534842228
512 735 1577658 534842228
512 736 1577740 534842228
512 737 1577834 534842228
512 738 1577401 534842228
512 739 1577936 534842228
512 740 1577674 534842228
512 741 1577776 534842228
512 742 1577930 534842228
512 743 1575857 534842228
512 744 1577757 534842228
512 745 1577615 534842228
512 746 1577735 534842228
512 747 1577995 534842228
512 748 1577322 534842228
512 749 1577658 534842228
512 750 1577962 534842228
512 751 1578032 534842228
512 752 1577517 534842228
512 753 1577519 534842228
512 754 1577950 534842228
512 755 1577939 534842228
512 756 1577960 534842228
512 757 1576257 534842228
512 758 1577479 534842228
512 759 1577717 534842228
512 760 1578013 534842228
512 761 1577805 534842228
512 762 1577566 534842228
512 763 1577551 534842228
512 764 1577582 534842228
512 765 1578197 534842228
512 766 1577678 534842228
512 767 1578116 534842228
512 768 1577492 534842228
512 769 1577687 534842228
512 770 1577981 534842228
512 771 1577029 534842228
512 772 1577715 534842228
512 773 1577387 534842228
512 774 1577594 534842228
512 775 1578069 534842228
512 776 1576131 534842228
512 777 1577411 534842228
512 778 1577507 534842228
512 779 1577815 534842228
512 780 1577644 534842228
512 781 1578138 534842228
512 782 1577883 534842228
512 783 1577606 534842228
512 784 1578258 534842228
512 785 1577582 534842228
512 786 1577785 534842228
512 787 1577814 534842228
512 788 1578206 534842228
512 789 1577754 534842228
512 790 1575711 534842228
512 791 1577859 534842228
512 792 1577236 534842228
512 793 1577963 534842228
512 794 1578007 534842228
512 795 1577749 534842228
512 796 1577448 534842228
512 797 1578173 534842228
512 798 1577583 534842228
512 799 1577817 534842228
512 800 1577724 534842228
512 801 1577633 534842228
512 802 1577519 534842228
512 803 1578077 534842228
512 804 1576629 534842228
512 805 1577751 534842228
512 806 1577620 534842228
512 807 1577671 534842228
512 808 1577716 534842228
512 809 1576967 534842228
512 810 1578486 534842228
512 811 1578103 534842228
512 812 1577803 534842228
512 813 1577886 534842228
512 814 1577575 534842228
512 815 1577876 534842228
512 816 1577991 534842228
512 817 1577694 534842228
512 818 1577749 534842228
512 819 1578089 534842228
512 820 1577488 534842228
512 821 1577853 534842228
512 822 1577477 534842228
512 823 1576312 534842228
512 824 1577635 534842228
512 825 1577796 534842228
512 826 1577890 534842228
512 827 1577530 534842228
512 828 1577943 534842228
512 829 1577237 534842228
512 830 1577194 534842228
512 831 1577568 534842228
512 832 1578049 534842228
512 833 1577750 534842228
512 834 1577706 534842228
512 835 1577776 534842228
512 836 1578147 534842228
512 837 1576048 534842228
512 838 1577921 534842228
512 839 1578242 534842228
512 840 1577497 534842228
512 841 1577461 534842228
512 842 1577466 534842228
512 843 1577837 534842228
512 844 1577751 534842228
512 845 1578288 534842228
512 846 1577718 534842228
512 847 1577684 534842228
512 848 1577699 534842228
512 849 1577710 534842228
512 850 1577986 534842228
512 851 1577276 534842228
512 852 1577965 534842228
512 853 1578049 534842228
512 854 1577773 534842228
512 855 1577331 534842228
512 856 1576234 534842228
512 857 1577636 534842228
512 858 1577371 534842228
512 859 1577564 534842228
512 860 1577965 534842228
512 861 1577727 534842228
512 862 1577950 534842228
512 863 1577482 534842228
512 864 1578108 534842228
512 865 1577491 534842228
512 866 1577975 534842228
512 867 1577469 534842228
512 868 1577840 534842228
512 869 1577720 534842228
512 870 1576294 534842228
512 871 1577981 534842228
512 872 1577931 534842228
512 873 1577553 534842228
512 874 1577775 534842228
512 875 1577330 534842228
512 876 1578380 534842228
512 877 1577901 534842228
512 878 1578117 534842228
512 879 1577685 534842228
512 880 1577805 534842228
512 881 1577794 534842228
512 882 1577852 534842228
512 883 1577952 534842228
512 884 1576644 534842228
512 885 1578091 534842228
512 886 1577977 534842228
512 887 1577383 534842228
512 888 1577644 534842228
512 889 1576816 534842228
512 890 1577645 534842228
512 891 1577881 534842228
512 892 1577833 534842228
512 893 1577888 534842228
512 894 1578085 534842228
512 895 1577584 534842228
512 896 1577537 534842228
512 897 1578470 534842228
512 898 1577792 534842228
512 899 1578222 534842228
512 900 1578003 534842228
512 901 1577681 534842228
512 902 1577887 534842228
512 903 1576148 534842228
512 904 1578058 534842228
512 905 1578026 534842228
512 906 1578287 534842228
512 907 1577554 534842228
512 908 1577800 534842228
512 909 1577831 534842228
512 910 1577535 534842228
512 911 1578202 534842228
512 912 1577889 534842228
512 913 1577613 534842228
512 914 1578654 534842228
512 915 1577550 534842228
512 916 1577887 534842228
512 917 1576327 534842228
512 918 1577732 534842228
512 919 1577883 534842228
512 920 1577529 534842228
512 921 1577540 534842228
512 922 1577118 534842228
512 923 1577698 534842228
512 924 1577814 534842228
512 925 1577780 534842228
512 926 1577743 534842228
512 927 1577351 534842228
512 928 1577677 534842228
512 929 1578077 534842228
512 930 1577969 534842228
512 931 1577194 534842228
512 932 1577735 534842228
512 933 1577692 534842228
512 934 1578256 534842228
512 935 1577605 534842228
512 936 1576320 534842228
512 937 1578168 534842228
512 938 1577847 534842228
512 939 1577893 534842228
512 940 1577743 534842228
512 941 1577273 534842228
512 942 1578149 534842228
512 943 1577403 534842228
512 944 1577642 534842228
512 945 1578016 534842228
512 946 1577920 534842228
512 947 1578185 534842228
512 948 1577892 534842228
512 949 1577725 534842228
512 950 1576100 534842228
512 951 1577258 534842228
512 952 1578810 534842228
512 953 1577499 534842228
512 954 1577700 534842228
512 955 1577738 534842228
512 956 1577718 534842228
512 957 1578185 534842228
512 958 1577514 534842228
512 959 1577771 534842228
512 960 1578067 534842228
512 961 1578007 534842228
512 962 1578409 534842228
512 963 1577889 534842228
512 964 1576421 534842228
512 965 1577899 534842228
512 966 1577789 534842228
512 967 1578246 534842228
512 968 1577828 534842228
512 969 1577606 534842228
512 970 1577762 534842228
512 971 1577722 534842228
512 972 1577977 534842228
512 973 1577583 534842228
512 974 1577753 534842228
512 975 1577453 534842228
512 976 1577631 534842228
512 977 1577907 534842228
512 978 1577406 534842228
512 979 1577194 534842228
512 980 1578179 534842228
512 981 1578191 534842228
512 982 1578041 534842228
512 983 1576174 534842228
512 984 1578042 534842228
512 985 1577453 534842228
512 986 1577913 534842228
512 987 1578053 534842228
512 988 1577677 534842228
512 989 1577941 534842228
512 990 1577250 534842228
512 991 1577727 534842228
512 992 1577523 534842228
512 993 1577924 534842228
512 994 1577686 534842228
512 995 1578393 534842228
512 996 1577582 534842228
512 997 1576631 534842228
512 998 1577698 534842228
512 999 1577419 534842228
