512 0 227302 534842232
512 1 204268 534842212
512 2 203948 534842212
512 3 204067 534842212
512 4 204906 534842212
512 5 204309 534842212
512 6 204440 534842212
512 7 203564 534842212
512 8 203347 534842212
512 9 202638 534842212
512 10 202833 534842212
512 11 203545 534842212
512 12 203590 534842212
512 13 204328 534842212
512 14 204346 534842212
512 15 202638 534842212
512 16 202979 534842212
512 17 202964 534842212
512 18 203123 534842212
512 19 202834 534842212
512 20 204401 534842212
512 21 203981 534842212
512 22 204256 534842212
512 23 203466 534842212
512 24 204294 534842212
512 25 202928 534842212
512 26 202953 534842212
512 27 202596 534842212
512 28 203462 534842212
512 29 203030 534842212
512 30 204338 534842212
512 31 203789 534842212
512 32 203410 534842212
512 33 203392 534842212
512 34 203050 534842212
512 35 203198 534842212
512 36 203725 534842212
512 37 203502 534842212
512 38 204322 534842212
512 39 203886 534842212
512 40 203600 534842212
512 41 204008 534842212
512 42 202656 534842212
512 43 202426 534842212
512 44 204208 534842212
512 45 203304 534842212
512 46 203653 534842212
512 47 203268 534842212
512 48 203082 534842212
512 49 203818 534842212
512 50 203377 534842212
512 51 202837 534842212
512 52 203242 534842212
512 53 203500 534842212
512 54 203573 534842212
512 55 203644 534842212
512 56 204643 534842212
512 57 203922 534842212
512 58 202706 534842212
512 59 203522 534842212
512 60 202150 534842212
512 61 204214 534842212
512 62 203818 534842212
512 63 203552 534842212
512 64 203913 534842212
512 65 204228 534842212
512 66 202640 534842212
512 67 202968 534842212
512 68 202985 534842212
512 69 203655 534842212
512 70 204224 534842212
512 71 203134 534842212
512 72 204012 534842212
512 73 203102 534842212
512 74 204111 534842212
512 75 202574 534842212
512 76 203198 534842212
512 77 202898 534842212
512 78 204122 534842212
512 79 204259 534842212
512 80 203942 534842212
512 81 203936 534842212
512 82 203062 534842212
512 83 203056 534842212
512 84 202907 534842212
512 85 202868 534842212
512 86 203072 534842212
512 87 203782 534842212
512 88 203100 534842212
512 89 204909 534842212
512 90 203822 534842212
512 91 203498 534842212
512 92 203490 534842212
512 93 202848 534842212
512 94 202494 534842212
512 95 203768 534842212
512 96 203736 534842212
512 97 203923 534842212
512 98 204370 534842212
512 99 203721 534842212
512 100 203122 534842212
512 101 202158 534842212
512 102 202189 534842212
512 103 204464 534842212
512 104 203756 534842212
512 105 203361 534842212
512 106 203140 534842212
512 107 204014 534842212
512 108 203760 534842212
512 109 202961 534842212
512 110 203475 534842212
512 111 203677 534842212
512 112 204977 534842212
512 113 203760 534842212
512 114 203953 534842212
512 115 204172 534842212
512 116 203606 534842212
512 117 203421 534842212
512 118 203214 534842212
512 119 202954 534842212
512 120 203617 534842212
512 121 204162 534842212
512 122 204655 534842212
512 123 204300 534842212
512 124 202952 534842212
512 125 202698 534842212
512 126 203152 534842212
512 127 203009 534842212
512 128 204888 534842212
512 129 204378 534842212
512 130 203801 534842212
512 131 203586 534842212
512 132 203462 534842212
512 133 203398 534842212
512 134 202547 534842212
512 135 204573 534842212
512 136 203128 534842212
512 137 203524 534842212
512 138 203424 534842212
512 139 203782 534842212
512 140 204451 534842212
512 141 203258 534842212
512 142 202416 534842212
512 143 203804 534842212
512 144 203464 534842212
512 145 205255 534842212
512 146 203446 534842212
512 147 204040 534842212
512 148 203306 534842212
512 149 203417 534842212
512 150 203817 534842212
512 151 202715 534842212
512 152 202747 534842212
512 153 204038 534842212
512 154 203756 534842212
512 155 205016 534842212
512 156 202768 534842212
512 157 203901 534842212
512 158 203392 534842212
512 159 202934 534842212
512 160 203867 534842212
512 161 204049 534842212
512 162 204179 534842212
512 163 203377 534842212
512 164 203346 534842212
512 165 204432 534842212
512 166 202236 534842212
512 167 202858 534842212
512 168 203397 534842212
512 169 203572 534842212
512 170 203992 534842212
512 171 203833 534842212
512 172 203349 534842212
512 173 203921 534842212
512 174 203194 534842212
512 175 203190 534842212
512 176 203168 534842212
512 177 203008 534842212
512 178 204065 534842212
512 179 203704 534842212
512 180 203340 534842212
512 181 204076 534842212
512 182 203010 534842212
512 183 203647 534842212
512 184 203796 534842212
512 185 202210 534842212
512 186 203684 534842212
512 187 203776 534842212
512 188 203965 534842212
512 189 204147 534842212
512 190 203520 534842212
512 191 203902 534842212
512 192 202714 534842212
512 193 203793 534842212
512 194 203778 534842212
512 195 205040 534842212
512 196 203812 534842212
512 197 204786 534842212
512 198 204007 534842212
512 199 202932 534842212
512 200 203036 534842212
512 201 203058 534842212
512 202 203140 534842212
512 203 203648 534842212
512 204 203452 534842212
512 205 204192 534842212
512 206 204935 534842212
512 207 203188 534842212
512 208 203058 534842212
512 209 203304 534842212
512 210 202906 534842212
512 211 203853 534842212
512 212 202816 534842212
512 213 203806 534842212
512 214 204468 534842212
512 215 203670 534842212
512 216 203319 534842212
512 217 202130 534842212
512 218 202788 534842212
512 219 203414 534842212
512 220 203182 534842212
512 221 204559 534842212
512 222 204170 534842212
512 223 203108 534842212
512 224 203522 534842212
512 225 202648 534842212
512 226 204003 534842212
512 227 204256 534842212
512 228 203444 534842212
512 229 203550 534842212
512 230 202905 534842212
512 231 203709 534842212
512 232 203276 534842212
512 233 203138 534842212
512 234 202816 534842212
512 235 202893 534842212
512 236 205513 534842212
512 237 203759 534842212
512 238 203182 534842212
512 239 204428 534842212
512 240 203374 534842212
512 241 203724 534842212
512 242 202989 534842212
512 243 202404 534842212
512 244 203443 534842212
512 245 203962 534842212
512 246 203134 534842212
512 247 204298 534842212
512 248 203996 534842212
512 249 204165 534842212
512 250 203360 534842212
512 251 201980 534842212
512 252 203036 534842212
512 253 204720 534842212
512 254 203537 534842212
512 255 204388 534842212
512 256 204361 534842212
512 257 204144 534842212
512 258 203658 534842212
512 259 203475 534842212
512 260 203325 534842212
512 261 203470 534842212
512 262 204320 534842212
512 263 204308 534842212
512 264 203971 534842212
512 265 203938 534842212
512 266 203145 534842212
512 267 202518 534842212
512 268 202950 534842212
512 269 204367 534842212
512 270 203510 534842212
512 271 203512 534842212
512 272 203951 534842212
512 273 204028 534842212
512 274 203265 534842212
512 275 203205 534842212
512 276 203244 534842212
512 277 203577 534842212
512 278 204260 534842212
512 279 203342 534842212
512 280 204276 534842212
512 281 202893 534842212
512 282 203756 534842212
512 283 203350 534842212
512 284 203061 534842212
512 285 203718 534842212
512 286 202856 534842212
512 287 204727 534842212
512 288 203270 534842212
512 289 204268 534842212
512 290 203422 534842212
512 291 203280 534842212
512 292 203765 534842212
512 293 202598 534842212
512 294 203413 534842212
512 295 203950 534842212
512 296 203516 534842212
512 297 205175 534842212
512 298 203580 534842212
512 299 203510 534842212
512 300 203116 534842212
512 301 202930 534842212
512 302 203065 534842212
512 303 203817 534842212
512 304 203240 534842212
512 305 204230 534842212
512 306 203960 534842212
512 307 203371 534842212
512 308 202489 534842212
512 309 202730 534842212
512 310 202453 534842212
512 311 203859 534842212
512 312 203295 534842212
512 313 204730 534842212
512 314 203872 534842212
512 315 203569 534842212
512 316 203504 534842212
512 317 203718 534842212
512 318 202084 534842212
512 319 203398 534842212
512 320 205155 534842212
512 321 203420 534842212
512 322 203670 534842212
512 323 204180 534842212
512 324 203437 534842212
512 325 203529 534842212
512 326 202966 534842212
512 327 203234 534842212
512 328 203709 534842212
512 329 203598 534842212
512 330 204099 534842212
512 331 203838 534842212
512 332 203684 534842212
512 333 203222 534842212
512 334 202745 534842212
512 335 203149 534842212
512 336 204030 534842212
512 337 203108 534842212
512 338 204324 534842212
512 339 203608 534842212
512 340 204681 534842212
512 341 203244 534842212
512 342 203000 534842212
512 343 203244 534842212
512 344 204409 534842212
512 345 204924 534842212
512 346 203574 534842212
512 347 203576 534842212
512 348 203128 534842212
512 349 203233 534842212
512 350 202566 534842212
512 351 202600 534842212
512 352 203562 534842212
512 353 204665 534842212
512 354 203505 534842212
512 355 204066 534842212
512 356 204024 534842212
512 357 203255 534842212
512 358 203623 534842212
512 359 202658 534842212
512 360 203206 534842212
512 361 203374 534842212
512 362 203578 534842212
512 363 204043 534842212
512 364 203842 534842212
512 365 203008 534842212
512 366 203433 534842212
512 367 202956 534842212
512 368 203027 534842212
512 369 204270 534842212
512 370 204684 534842212
512 371 203428 534842212
512 372 203720 534842212
512 373 203989 534842212
512 374 202330 534842212
512 375 203244 534842212
512 376 202478 534842212
512 377 203097 534842212
512 378 203491 534842212
512 379 204444 534842212
512 380 203692 534842212
512 381 204024 534842212
512 382 203102 534842212
512 383 203506 534842212
512 384 203282 534842212
512 385 203110 534842212
512 386 204399 534842212
512 387 203310 534842212
512 388 203321 534842212
512 389 203842 534842212
512 390 202718 534842212
512 391 203537 534842212
512 392 203413 534842212
512 393 202806 534842212
512 394 204178 534842212
512 395 203153 534842212
512 396 204627 534842212
512 397 204428 534842212
512 398 203990 534842212
512 399 202968 534842212
512 400 203242 534842212
512 401 203095 534842212
512 402 203700 534842212
512 403 204002 534842212
512 404 203760 534842212
512 405 203856 534842212
512 406 204295 534842212
512 407 203726 534842212
512 408 203474 534842212
512 409 202800 534842212
512 410 203176 534842212
512 411 204637 534842212
512 412 203312 534842212
512 413 202952 534842212
512 414 203848 534842212
512 415 204004 534842212
512 416 202993 534842212
512 417 203313 534842212
512 418 202874 534842212
512 419 204161 534842212
512 420 203246 534842212
512 421 204202 534842212
512 422 203865 534842212
512 423 204004 534842212
512 424 203260 534842212
512 425 202978 534842212
512 426 202985 534842212
512 427 203950 534842212
512 428 203938 534842212
512 429 204115 534842212
512 430 203560 534842212
512 431 204146 534842212
512 432 203486 534842212
512 433 202682 534842212
512 434 203599 534842212
512 435 203154 534842212
512 436 203784 534842212
512 437 203614 534842212
512 438 204040 534842212
512 439 203877 534842212
512 440 202776 534842212
512 441 203958 534842212
512 442 203152 534842212
512 443 202884 534842212
512 444 204493 534842212
512 445 204300 534842212
512 446 203722 534842212
512 447 204688 534842212
512 448 203225 534842212
512 449 202954 534842212
512 450 202564 534842212
512 451 203328 534842212
512 452 203848 534842212
512 453 202953 534842212
512 454 204872 534842212
512 455 204114 534842212
512 456 203820 534842212
512 457 204043 534842212
512 458 203050 534842212
512 459 202982 534842212
512 460 203238 534842212
512 461 203137 534842212
512 462 204231 534842212
512 463 203916 534842212
512 464 203066 534842212
512 465 203248 534842212
512 466 203108 534842212
512 467 203216 534842212
512 468 202540 534842212
512 469 203682 534842212
512 470 203316 534842212
512 471 204096 534842212
512 472 203928 534842212
512 473 204272 534842212
512 474 202604 534842212
512 475 202554 534842212
512 476 203288 534842212
512 477 204304 534842212
512 478 203700 534842212
512 479 203517 534842212
512 480 203973 534842212
512 481 203312 534842212
512 482 203677 534842212
512 483 203102 534842212
512 484 202724 534842212
512 485 203236 534842212
512 486 204368 534842212
512 487 203118 534842212
512 488 203596 534842212
512 489 203074 534842212
512 490 204341 534842212
512 491 203086 534842212
512 492 202532 534842212
512 493 203268 534842212
512 494 204020 534842212
512 495 204091 534842212
512 496 204726 534842212
512 497 204140 534842212
512 498 203922 534842212
512 499 203557 534842212
512 500 203229 534842212
512 501 203373 534842212
512 502 203989 534842212
512 503 203678 534842212
512 504 204324 534842212
512 505 205101 534842212
512 506 204245 534842212
512 507 203610 534842212
512 508 203554 534842212
512 509 203048 534842212
512 510 203325 534842212
512 511 203733 534842212
512 512 202956 534842212
512 513 203606 534842212
512 514 203940 534842212
512 515 204196 534842212
512 516 203184 534842212
512 517 202762 534842212
512 518 203828 534842212
512 519 203492 534842212
512 520 203916 534842212
512 521 204214 534842212
512 522 203476 534842212
512 523 204611 534842212
512 524 203436 534842212
512 525 203392 534842212
512 526 203308 534842212
512 527 203576 534842212
512 528 204519 534842212
512 529 204441 534842212
512 530 204339 534842212
512 531 203877 534842212
512 532 203096 534842212
512 533 203505 534842212
512 534 202590 534842212
512 535 203514 534842212
512 536 204034 534842212
512 537 203730 534842212
512 538 204409 534842212
512 539 203442 534842212
512 540 203285 534842212
512 541 202402 534842212
512 542 202925 534842212
512 543 203729 534842212
512 544 203107 534842212
512 545 203816 534842212
512 546 204137 534842212
512 547 204177 534842212
512 548 203513 534842212
512 549 202932 534842212
512 550 202999 534842212
512 551 202633 534842212
512 552 203941 534842212
512 553 204127 534842212
512 554 203648 534842212
512 555 203646 534842212
512 556 203956 534842212
512 557 203094 534842212
512 558 203353 534842212
512 559 203312 534842212
512 560 203266 534842212
512 561 204312 534842212
512 562 204222 534842212
512 563 203500 534842212
512 564 203850 534842212
512 565 203116 534842212
512 566 202716 534842212
512 567 203838 534842212
512 568 203170 534842212
512 569 204232 534842212
512 570 203192 534842212
512 571 203875 534842212
512 572 204084 534842212
512 573 203410 534842212
512 574 202692 534842212
512 575 202450 534842212
512 576 203213 534842212
512 577 204104 534842212
512 578 204130 534842212
512 579 204278 534842212
512 580 204006 534842212
512 581 204110 534842212
512 582 204012 534842212
512 583 203416 534842212
512 584 202613 534842212
512 585 203366 534842212
512 586 204487 534842212
512 587 203370 534842212
512 588 204088 534842212
512 589 203626 534842212
512 590 203816 534842212
512 591 203693 534842212
512 592 202652 534842212
512 593 203016 534842212
512 594 204068 534842212
512 595 203492 534842212
512 596 203578 534842212
512 597 203516 534842212
512 598 203566 534842212
512 599 203535 534842212
512 600 203056 534842212
512 601 202386 534842212
512 602 203904 534842212
512 603 203434 534842212
512 604 204011 534842212
512 605 204400 534842212
512 606 204692 534842212
512 607 202992 534842212
512 608 202344 534842212
512 609 203725 534842212
512 610 203072 534842212
512 611 203769 534842212
512 612 202908 534842212
512 613 203352 534842212
512 614 204005 534842212
512 615 202538 534842212
512 616 203114 534842212
512 617 203660 534842212
512 618 202546 534842212
512 619 204043 534842212
512 620 203216 534842212
512 621 204022 534842212
512 622 204200 534842212
512 623 203912 534842212
512 624 203784 534842212
512 625 203646 534842212
512 626 202849 534842212
512 627 203404 534842212
512 628 202734 534842212
512 629 204120 534842212
512 630 204166 534842212
512 631 204068 534842212
512 632 203733 534842212
512 633 203150 534842212
512 634 203254 534842212
512 635 203902 534842212
512 636 204664 534842212
512 637 203679 534842212
512 638 203132 534842212
512 639 203046 534842212
512 640 204148 534842212
512 641 203377 534842212
512 642 202727 534842212
512 643 202356 534842212
512 644 204260 534842212
512 645 203660 534842212
512 646 204468 534842212
512 647 203369 534842212
512 648 203914 534842212
512 649 203246 534842212
512 650 203004 534842212
512 651 203320 534842212
512 652 203825 534842212
512 653 202900 534842212
512 654 204014 534842212
512 655 203745 534842212
512 656 203952 534842212
512 657 203743 534842212
512 658 203142 534842212
512 659 203130 534842212
512 660 204230 534842212
512 661 203458 534842212
512 662 204561 534842212
512 663 204288 534842212
512 664 203165 534842212
512 665 203657 534842212
512 666 202908 534842212
512 667 201801 534842212
512 668 203574 534842212
512 669 203520 534842212
512 670 203753 534842212
512 671 204086 534842212
512 672 203872 534842212
512 673 204353 534842212
512 674 202885 534842212
512 675 203209 534842212
512 676 202882 534842212
512 677 203560 534842212
512 678 203169 534842212
512 679 204148 534842212
512 680 204405 534842212
512 681 203214 534842212
512 682 203422 534842212
512 683 203394 534842212
512 684 202561 534842212
512 685 204109 534842212
512 686 203056 534842212
512 687 203162 534842212
512 688 204025 534842212
512 689 203420 534842212
512 690 204113 534842212
512 691 202390 534842212
512 692 202868 534842212
512 693 203054 534842212
512 694 204164 534842212
512 695 203731 534842212
512 696 204468 534842212
512 697 204110 534842212
512 698 203206 534842212
512 699 203488 534842212
512 700 203579 534842212
512 701 203186 534842212
512 702 203869 534842212
512 703 204117 534842212
512 704 204131 534842212
512 705 203789 534842212
512 706 203663 534842212
512 707 202763 534842212
512 708 203285 534842212
512 709 202865 534842212
512 710 203234 534842212
512 711 204562 534842212
512 712 203720 534842212
512 713 204939 534842212
512 714 204578 534842212
512 715 203226 534842212
512 716 203330 534842212
512 717 202510 534842212
512 718 204253 534842212
512 719 203993 534842212
512 720 203450 534842212
512 721 204327 534842212
512 722 203932 534842212
512 723 202947 534842212
512 724 203254 534842212
512 725 202572 534842212
512 726 202745 534842212
512 727 204109 534842212
512 728 203861 534842212
512 729 204570 534842212
512 730 202964 534842212
512 731 203822 534842212
512 732 203069 534842212
512 733 203727 534842212
512 734 203109 534842212
512 735 203886 534842212
512 736 203934 534842212
512 737 202966 534842212
512 738 203474 534842212
512 739 203878 534842212
512 740 202910 534842212
512 741 203088 534842212
512 742 203604 534842212
512 743 202779 534842212
512 744 203960 534842212
512 745 204322 534842212
512 746 204617 534842212
512 747 203438 534842212
512 748 203445 534842212
512 749 202618 534842212
512 750 203318 534842212
512 751 202847 534842212
512 752 203194 534842212
512 753 203938 534842212
512 754 204072 534842212
512 755 204069 534842212
512 756 204321 534842212
512 757 203598 534842212
512 758 203275 534842212
512 759 202890 534842212
512 760 202658 534842212
512 761 203765 534842212
512 762 203787 534842212
512 763 203354 534842212
512 764 204018 534842212
512 765 203994 534842212
512 766 202997 534842212
512 767 202866 534842212
512 768 202792 534842212
512 769 203634 534842212
512 770 203032 534842212
512 771 203797 534842212
512 772 203898 534842212
512 773 203057 534842212
512 774 203017 534842212
512 775 202468 534842212
512 776 202800 534842212
512 777 203832 534842212
512 778 204008 534842212
512 779 204593 534842212
512 780 204248 534842212
512 781 203962 534842212
512 782 204292 534842212
512 783 203586 534842212
512 784 202231 534842212
512 785 203714 534842212
512 786 203284 534842212
512 787 203564 534842212
512 788 203510 534842212
512 789 204403 534842212
512 790 204102 534842212
512 791 203178 534842212
512 792 203426 534842212
512 793 203488 534842212
512 794 205087 534842212
512 795 203842 534842212
512 796 204444 534842212
512 797 204496 534842212
512 798 203312 534842212
512 799 202641 534842212
512 800 203145 534842212
512 801 202606 534842212
512 802 203198 534842212
512 803 201918 534842212
512 804 204131 534842212
512 805 203652 534842212
512 806 204068 534842212
512 807 203420 534842212
512 808 203086 534842212
512 809 202922 534842212
512 810 203422 534842212
512 811 204486 534842212
512 812 203814 534842212
512 813 204082 534842212
512 814 203266 534842212
512 815 203392 534842212
512 816 203638 534842212
512 817 203739 534842212
512 818 203346 534842212
512 819 203616 534842212
512 820 203658 534842212
512 821 203980 534842212
512 822 203657 534842212
512 823 203976 534842212
512 824 203574 534842212
512 825 203652 534842212
512 826 202418 534842212
512 827 204175 534842212
512 828 205400 534842212
512 829 203478 534842212
512 830 203874 534842212
512 831 203857 534842212
512 832 204107 534842212
512 833 203057 534842212
512 834 203539 534842212
512 835 203300 534842212
512 836 203177 534842212
512 837 204035 534842212
512 838 203646 534842212
512 839 202870 534842212
512 840 203380 534842212
512 841 202688 534842212
512 842 202796 534842212
512 843 204000 534842212
512 844 203804 534842212
512 845 203406 534842212
512 846 204564 534842212
512 847 203558 534842212
512 848 202812 534842212
512 849 203090 534842212
512 850 203665 534842212
512 851 203146 534842212
512 852 203622 534842212
512 853 203998 534842212
512 854 203624 534842212
512 855 203763 534842212
512 856 203942 534842212
512 857 203672 534842212
512 858 202778 534842212
512 859 203225 534842212
512 860 204485 534842212
512 861 204142 534842212
512 862 203236 534842212
512 863 203348 534842212
512 864 204072 534842212
512 865 203419 534842212
512 866 202336 534842212
512 867 202298 534842212
512 868 204294 534842212
512 869 203626 534842212
512 870 204133 534842212
512 871 203592 534842212
512 872 203824 534842212
512 873 203383 534842212
512 874 203470 534842212
512 875 202947 534842212
512 876 202392 534842212
512 877 203570 534842212
512 878 204837 534842212
512 879 204178 534842212
512 880 202973 534842212
512 881 203473 534842212
512 882 202786 534842212
512 883 203345 534842212
512 884 202568 534842212
512 885 203374 534842212
512 886 203690 534842212
512 887 203746 534842212
512 888 203703 534842212
512 889 203653 534842212
512 890 202309 534842212
512 891 202622 534842212
512 892 203300 534842212
512 893 203243 534842212
512 894 204146 534842212
512 895 202956 534842212
512 896 203682 534842212
512 897 203264 534842212
512 898 204029 534842212
512 899 203824 534842212
512 900 202106 534842212
512 901 203235 534842212
512 902 204356 534842212
512 903 203395 534842212
512 904 204988 534842212
512 905 203767 534842212
512 906 204104 534842212
512 907 203262 534842212
512 908 203220 534842212
512 909 202846 534842212
512 910 203630 534842212
512 911 203297 534842212
512 912 203817 534842212
512 913 203300 534842212
512 914 202730 534842212
512 915 203152 534842212
512 916 203577 534842212
512 917 202252 534842212
512 918 203548 534842212
512 919 204266 534842212
512 920 202956 534842212
512 921 205216 534842212
512 922 203438 534842212
512 923 203786 534842212
512 924 202664 534842212
512 925 202510 534842212
512 926 203333 534842212
512 927 204033 534842212
512 928 202916 534842212
512 929 203818 534842212
512 930 203697 534842212
512 931 203593 534842212
512 932 202886 534842212
512 933 202402 534842212
512 934 204114 534842212
512 935 203196 534842212
512 936 204235 534842212
512 937 204180 534842212
512 938 203038 534842212
512 939 203150 534842212
512 940 203090 534842212
512 941 202851 534842212
512 942 203489 534842212
512 943 203728 534842212
512 944 203817 534842212
512 945 203512 534842212
512 946 204304 534842212
512 947 203598 534842212
512 948 202120 534842212
512 949 203046 534842212
512 950 202878 534842212
512 951 203782 534842212
512 952 203688 534842212
512 953 203605 534842212
512 954 204837 534842212
512 955 204521 534842212
512 956 202272 534842212
512 957 202152 534842212
512 958 203854 534842212
512 959 204069 534842212
512 960 204070 534842212
512 961 203597 534842212
512 962 205128 534842212
512 963 204678 534842212
512 964 203009 534842212
512 965 203482 534842212
512 966 202642 534842212
512 967 202342 534842212
512 968 204728 534842212
512 969 203801 534842212
512 970 204656 534842212
512 971 203300 534842212
512 972 204553 534842212
512 973 202740 534842212
512 974 203305 534842212
512 975 202345 534842212
512 976 203668 534842212
512 977 203866 534842212
512 978 204266 534842212
512 979 203904 534842212
512 980 204056 534842212
512 981 203506 534842212
512 982 202966 534842212
512 983 202910 534842212
512 984 203245 534842212
512 985 203444 534842212
512 986 203434 534842212
512 987 204236 534842212
512 988 203854 534842212
512 989 203713 534842212
512 990 203262 534842212
512 991 202269 534842212
512 992 202313 534842212
512 993 203200 534842212
512 994 203838 534842212
512 995 203534 534842212
512 996 203678 534842212
512 997 203528 534842212
512 998 203594 534842212
512 999 203000 534842212
