8 0 401 2566
8 1 397 2571
8 2 397 2566
8 3 397 2566
8 4 397 2566
8 5 397 2566
8 6 397 2566
8 7 397 2566
8 8 397 2566
8 9 397 2566
8 10 397 2566
8 11 397 2566
8 12 397 2566
8 13 397 2566
8 14 397 2566
8 15 397 2566
8 16 397 2566
8 17 397 2566
8 18 397 2566
8 19 397 2566
8 20 397 2566
8 21 397 2566
8 22 397 2566
8 23 397 2566
8 24 397 2566
8 25 397 2566
8 26 397 2566
8 27 397 2566
8 28 397 2566
8 29 397 2566
8 30 397 2566
8 31 397 2566
8 32 397 2566
8 33 397 2566
8 34 397 2566
8 35 397 2566
8 36 397 2566
8 37 397 2566
8 38 397 2566
8 39 397 2566
8 40 397 2566
8 41 397 2566
8 42 397 2566
8 43 397 2566
8 44 397 2566
8 45 397 2566
8 46 397 2566
8 47 397 2566
8 48 397 2566
8 49 397 2566
8 50 397 2566
8 51 397 2566
8 52 397 2566
8 53 397 2566
8 54 397 2566
8 55 397 2566
8 56 397 2566
8 57 397 2566
8 58 397 2566
8 59 397 2566
8 60 397 2566
8 61 397 2566
8 62 397 2566
8 63 397 2566
8 64 397 2566
8 65 397 2566
8 66 397 2566
8 67 397 2566
8 68 397 2566
8 69 397 2566
8 70 397 2566
8 71 397 2566
8 72 397 2566
8 73 397 2566
8 74 397 2566
8 75 397 2566
8 76 397 2566
8 77 397 2566
8 78 397 2566
8 79 397 2566
8 80 397 2566
8 81 397 2566
8 82 397 2566
8 83 397 2566
8 84 397 2566
8 85 397 2566
8 86 397 2566
8 87 397 2566
8 88 397 2566
8 89 397 2566
8 90 397 2566
8 91 397 2566
8 92 397 2566
8 93 397 2566
8 94 397 2566
8 95 397 2566
8 96 397 2566
8 97 397 2566
8 98 397 2566
8 99 397 2566
8 100 397 2566
8 101 397 2566
8 102 397 2566
8 103 397 2566
8 104 397 2566
8 105 397 2566
8 106 397 2566
8 107 397 2566
8 108 397 2566
8 109 397 2566
8 110 397 2566
8 111 397 2566
8 112 397 2566
8 113 397 2566
8 114 397 2566
8 115 397 2566
8 116 397 2566
8 117 397 2566
8 118 397 2566
8 119 397 2566
8 120 397 2566
8 121 397 2566
8 122 397 2566
8 123 397 2566
8 124 397 2566
8 125 397 2566
8 126 397 2566
8 127 397 2566
8 128 397 2566
8 129 397 2566
8 130 397 2566
8 131 397 2566
8 132 397 2566
8 133 397 2566
8 134 397 2566
8 135 397 2566
8 136 397 2566
8 137 397 2566
8 138 397 2566
8 139 397 2566
8 140 397 2566
8 141 397 2566
8 142 397 2566
8 143 397 2566
8 144 397 2566
8 145 397 2566
8 146 397 2566
8 147 397 2566
8 148 397 2566
8 149 397 2566
8 150 397 2566
8 151 397 2566
8 152 397 2566
8 153 397 2566
8 154 397 2566
8 155 397 2566
8 156 397 2566
8 157 397 2566
8 158 397 2566
8 159 397 2566
8 160 397 2566
8 161 397 2566
8 162 397 2566
8 163 397 2566
8 164 397 2566
8 165 397 2566
8 166 397 2566
8 167 397 2566
8 168 397 2566
8 169 397 2566
8 170 397 2566
8 171 397 2566
8 172 397 2566
8 173 397 2566
8 174 397 2566
8 175 397 2566
8 176 397 2566
8 177 397 2566
8 178 397 2566
8 179 397 2566
8 180 397 2566
8 181 397 2566
8 182 397 2566
8 183 397 2566
8 184 397 2566
8 185 397 2566
8 186 397 2566
8 187 397 2566
8 188 397 2566
8 189 397 2566
8 190 397 2566
8 191 397 2566
8 192 397 2566
8 193 397 2566
8 194 397 2566
8 195 397 2566
8 196 397 2566
8 197 397 2566
8 198 397 2566
8 199 397 2566
8 200 397 2566
8 201 397 2566
8 202 397 2566
8 203 397 2566
8 204 397 2566
8 205 397 2566
8 206 397 2566
8 207 397 2566
8 208 397 2566
8 209 397 2566
8 210 397 2566
8 211 397 2566
8 212 397 2566
8 213 397 2566
8 214 397 2566
8 215 397 2566
8 216 397 2566
8 217 397 2566
8 218 397 2566
8 219 397 2566
8 220 397 2566
8 221 397 2566
8 222 397 2566
8 223 397 2566
8 224 397 2566
8 225 397 2566
8 226 397 2566
8 227 397 2566
8 228 397 2566
8 229 397 2566
8 230 397 2566
8 231 397 2566
8 232 397 2566
8 233 397 2566
8 234 397 2566
8 235 397 2566
8 236 397 2566
8 237 397 2566
8 238 397 2566
8 239 397 2566
8 240 397 2566
8 241 397 2566
8 242 397 2566
8 243 397 2566
8 244 397 2566
8 245 397 2566
8 246 397 2566
8 247 397 2566
8 248 397 2566
8 249 397 2566
8 250 397 2566
8 251 397 2566
8 252 397 2566
8 253 397 2566
8 254 397 2566
8 255 397 2566
8 256 397 2566
8 257 397 2566
8 258 397 2566
8 259 397 2566
8 260 397 2566
8 261 397 2566
8 262 397 2566
8 263 397 2566
8 264 397 2566
8 265 397 2566
8 266 397 2566
8 267 397 2566
8 268 397 2566
8 269 397 2566
8 270 397 2566
8 271 397 2566
8 272 397 2566
8 273 397 2566
8 274 397 2566
8 275 397 2566
8 276 397 2566
8 277 397 2566
8 278 397 2566
8 279 397 2566
8 280 397 2566
8 281 397 2566
8 282 397 2566
8 283 397 2566
8 284 397 2566
8 285 397 2566
8 286 397 2566
8 287 397 2566
8 288 397 2566
8 289 397 2566
8 290 397 2566
8 291 397 2566
8 292 397 2566
8 293 397 2566
8 294 397 2566
8 295 397 2566
8 296 397 2566
8 297 397 2566
8 298 397 2566
8 299 397 2566
8 300 397 2566
8 301 397 2566
8 302 397 2566
8 303 397 2566
8 304 397 2566
8 305 397 2566
8 306 397 2566
8 307 397 2566
8 308 397 2566
8 309 397 2566
8 310 397 2566
8 311 397 2566
8 312 397 2566
8 313 397 2566
8 314 397 2566
8 315 397 2566
8 316 397 2566
8 317 397 2566
8 318 397 2566
8 319 397 2566
8 320 397 2566
8 321 397 2566
8 322 397 2566
8 323 397 2566
8 324 397 2566
8 325 397 2566
8 326 397 2566
8 327 397 2566
8 328 397 2566
8 329 397 2566
8 330 397 2566
8 331 397 2566
8 332 397 2566
8 333 397 2566
8 334 397 2566
8 335 397 2566
8 336 397 2566
8 337 397 2566
8 338 397 2566
8 339 397 2566
8 340 397 2566
8 341 397 2566
8 342 397 2566
8 343 397 2566
8 344 397 2566
8 345 397 2566
8 346 397 2566
8 347 397 2566
8 348 397 2566
8 349 397 2566
8 350 397 2566
8 351 397 2566
8 352 397 2566
8 353 397 2566
8 354 397 2566
8 355 397 2566
8 356 397 2566
8 357 397 2566
8 358 397 2566
8 359 397 2566
8 360 397 2566
8 361 397 2566
8 362 397 2566
8 363 397 2566
8 364 397 2566
8 365 397 2566
8 366 397 2566
8 367 397 2566
8 368 397 2566
8 369 397 2566
8 370 397 2566
8 371 397 2566
8 372 397 2566
8 373 397 2566
8 374 397 2566
8 375 397 2566
8 376 397 2566
8 377 397 2566
8 378 397 2566
8 379 397 2566
8 380 397 2566
8 381 397 2566
8 382 397 2566
8 383 397 2566
8 384 397 2566
8 385 397 2566
8 386 397 2566
8 387 397 2566
8 388 397 2566
8 389 397 2566
8 390 397 2566
8 391 397 2566
8 392 397 2566
8 393 397 2566
8 394 397 2566
8 395 397 2566
8 396 397 2566
8 397 397 2566
8 398 397 2566
8 399 397 2566
8 400 397 2566
8 401 397 2566
8 402 397 2566
8 403 397 2566
8 404 397 2566
8 405 397 2566
8 406 397 2566
8 407 397 2566
8 408 397 2566
8 409 397 2566
8 410 397 2566
8 411 397 2566
8 412 397 2566
8 413 397 2566
8 414 397 2566
8 415 397 2566
8 416 397 2566
8 417 397 2566
8 418 397 2566
8 419 397 2566
8 420 397 2566
8 421 397 2566
8 422 397 2566
8 423 397 2566
8 424 397 2566
8 425 397 2566
8 426 397 2566
8 427 397 2566
8 428 397 2566
8 429 397 2566
8 430 397 2566
8 431 397 2566
8 432 397 2566
8 433 397 2566
8 434 397 2566
8 435 397 2566
8 436 397 2566
8 437 397 2566
8 438 397 2566
8 439 397 2566
8 440 397 2566
8 441 397 2566
8 442 397 2566
8 443 397 2566
8 444 397 2566
8 445 397 2566
8 446 397 2566
8 447 397 2566
8 448 397 2566
8 449 397 2566
8 450 397 2566
8 451 397 2566
8 452 397 2566
8 453 397 2566
8 454 397 2566
8 455 397 2566
8 456 397 2566
8 457 397 2566
8 458 397 2566
8 459 397 2566
8 460 397 2566
8 461 397 2566
8 462 397 2566
8 463 397 2566
8 464 397 2566
8 465 397 2566
8 466 397 2566
8 467 397 2566
8 468 397 2566
8 469 397 2566
8 470 397 2566
8 471 397 2566
8 472 397 2566
8 473 397 2566
8 474 397 2566
8 475 397 2566
8 476 397 2566
8 477 397 2566
8 478 397 2566
8 479 397 2566
8 480 397 2566
8 481 397 2566
8 482 397 2566
8 483 397 2566
8 484 397 2566
8 485 397 2566
8 486 397 2566
8 487 397 2566
8 488 397 2566
8 489 397 2566
8 490 397 2566
8 491 397 2566
8 492 397 2566
8 493 397 2566
8 494 397 2566
8 495 397 2566
8 496 397 2566
8 497 397 2566
8 498 397 2566
8 499 397 2566
8 500 397 2566
8 501 397 2566
8 502 397 2566
8 503 397 2566
8 504 397 2566
8 505 397 2566
8 506 397 2566
8 507 397 2566
8 508 397 2566
8 509 397 2566
8 510 397 2566
8 511 397 2566
8 512 397 2566
8 513 397 2566
8 514 397 2566
8 515 397 2566
8 516 397 2566
8 517 397 2566
8 518 397 2566
8 519 397 2566
8 520 397 2566
8 521 397 2566
8 522 397 2566
8 523 397 2566
8 524 397 2566
8 525 397 2566
8 526 397 2566
8 527 397 2566
8 528 397 2566
8 529 397 2566
8 530 397 2566
8 531 397 2566
8 532 397 2566
8 533 397 2566
8 534 397 2566
8 535 397 2566
8 536 397 2566
8 537 397 2566
8 538 397 2566
8 539 397 2566
8 540 397 2566
8 541 397 2566
8 542 397 2566
8 543 397 2566
8 544 397 2566
8 545 397 2566
8 546 397 2566
8 547 397 2566
8 548 397 2566
8 549 397 2566
8 550 397 2566
8 551 397 2566
8 552 397 2566
8 553 397 2566
8 554 397 2566
8 555 397 2566
8 556 397 2566
8 557 397 2566
8 558 397 2566
8 559 397 2566
8 560 397 2566
8 561 397 2566
8 562 397 2566
8 563 397 2566
8 564 397 2566
8 565 397 2566
8 566 397 2566
8 567 397 2566
8 568 397 2566
8 569 397 2566
8 570 397 2566
8 571 397 2566
8 572 397 2566
8 573 397 2566
8 574 397 2566
8 575 397 2566
8 576 397 2566
8 577 397 2566
8 578 397 2566
8 579 397 2566
8 580 397 2566
8 581 397 2566
8 582 397 2566
8 583 397 2566
8 584 397 2566
8 585 397 2566
8 586 397 2566
8 587 397 2566
8 588 397 2566
8 589 397 2566
8 590 397 2566
8 591 397 2566
8 592 397 2566
8 593 397 2566
8 594 397 2566
8 595 397 2566
8 596 397 2566
8 597 397 2566
8 598 397 2566
8 599 397 2566
8 600 397 2566
8 601 397 2566
8 602 397 2566
8 603 397 2566
8 604 397 2566
8 605 397 2566
8 606 397 2566
8 607 397 2566
8 608 397 2566
8 609 397 2566
8 610 397 2566
8 611 397 2566
8 612 397 2566
8 613 397 2566
8 614 397 2566
8 615 397 2566
8 616 397 2566
8 617 397 2566
8 618 397 2566
8 619 397 2566
8 620 397 2566
8 621 397 2566
8 622 397 2566
8 623 397 2566
8 624 397 2566
8 625 397 2566
8 626 397 2566
8 627 397 2566
8 628 397 2566
8 629 397 2566
8 630 397 2566
8 631 397 2566
8 632 397 2566
8 633 397 2566
8 634 397 2566
8 635 397 2566
8 636 397 2566
8 637 397 2566
8 638 397 2566
8 639 397 2566
8 640 397 2566
8 641 397 2566
8 642 397 2566
8 643 397 2566
8 644 397 2566
8 645 397 2566
8 646 397 2566
8 647 397 2566
8 648 397 2566
8 649 397 2566
8 650 397 2566
8 651 397 2566
8 652 397 2566
8 653 397 2566
8 654 397 2566
8 655 397 2566
8 656 397 2566
8 657 397 2566
8 658 397 2566
8 659 397 2566
8 660 397 2566
8 661 397 2566
8 662 397 2566
8 663 397 2566
8 664 397 2566
8 665 397 2566
8 666 397 2566
8 667 397 2566
8 668 397 2566
8 669 397 2566
8 670 397 2566
8 671 397 2566
8 672 397 2566
8 673 397 2566
8 674 397 2566
8 675 397 2566
8 676 397 2566
8 677 397 2566
8 678 397 2566
8 679 397 2566
8 680 397 2566
8 681 397 2566
8 682 397 2566
8 683 397 2566
8 684 397 2566
8 685 397 2566
8 686 397 2566
8 687 397 2566
8 688 397 2566
8 689 397 2566
8 690 397 2566
8 691 397 2566
8 692 397 2566
8 693 397 2566
8 694 397 2566
8 695 397 2566
8 696 397 2566
8 697 397 2566
8 698 397 2566
8 699 397 2566
8 700 397 2566
8 701 397 2566
8 702 397 2566
8 703 397 2566
8 704 397 2566
8 705 397 2566
8 706 397 2566
8 707 397 2566
8 708 397 2566
8 709 397 2566
8 710 397 2566
8 711 397 2566
8 712 397 2566
8 713 397 2566
8 714 397 2566
8 715 397 2566
8 716 397 2566
8 717 397 2566
8 718 397 2566
8 719 397 2566
8 720 397 2566
8 721 397 2566
8 722 397 2566
8 723 397 2566
8 724 397 2566
8 725 397 2566
8 726 397 2566
8 727 397 2566
8 728 397 2566
8 729 397 2566
8 730 397 2566
8 731 397 2566
8 732 397 2566
8 733 397 2566
8 734 397 2566
8 735 397 2566
8 736 397 2566
8 737 397 2566
8 738 397 2566
8 739 397 2566
8 740 397 2566
8 741 397 2566
8 742 397 2566
8 743 397 2566
8 744 397 2566
8 745 397 2566
8 746 397 2566
8 747 397 2566
8 748 397 2566
8 749 397 2566
8 750 397 2566
8 751 397 2566
8 752 397 2566
8 753 397 2566
8 754 397 2566
8 755 397 2566
8 756 397 2566
8 757 397 2566
8 758 397 2566
8 759 397 2566
8 760 397 2566
8 761 397 2566
8 762 397 2566
8 763 397 2566
8 764 397 2566
8 765 397 2566
8 766 397 2566
8 767 397 2566
8 768 397 2566
8 769 397 2566
8 770 397 2566
8 771 397 2566
8 772 397 2566
8 773 397 2566
8 774 397 2566
8 775 397 2566
8 776 397 2566
8 777 397 2566
8 778 397 2566
8 779 397 2566
8 780 397 2566
8 781 397 2566
8 782 397 2566
8 783 397 2566
8 784 397 2566
8 785 397 2566
8 786 397 2566
8 787 397 2566
8 788 397 2566
8 789 397 2566
8 790 397 2566
8 791 397 2566
8 792 397 2566
8 793 397 2566
8 794 397 2566
8 795 397 2566
8 796 397 2566
8 797 397 2566
8 798 397 2566
8 799 397 2566
8 800 397 2566
8 801 397 2566
8 802 397 2566
8 803 397 2566
8 804 397 2566
8 805 397 2566
8 806 397 2566
8 807 397 2566
8 808 397 2566
8 809 397 2566
8 810 397 2566
8 811 397 2566
8 812 397 2566
8 813 397 2566
8 814 397 2566
8 815 397 2566
8 816 397 2566
8 817 397 2566
8 818 397 2566
8 819 397 2566
8 820 397 2566
8 821 397 2566
8 822 397 2566
8 823 397 2566
8 824 397 2566
8 825 397 2566
8 826 397 2566
8 827 397 2566
8 828 397 2566
8 829 397 2566
8 830 397 2566
8 831 397 2566
8 832 397 2566
8 833 397 2566
8 834 397 2566
8 835 397 2566
8 836 397 2566
8 837 397 2566
8 838 397 2566
8 839 397 2566
8 840 397 2566
8 841 397 2566
8 842 397 2566
8 843 397 2566
8 844 397 2566
8 845 397 2566
8 846 397 2566
8 847 397 2566
8 848 397 2566
8 849 397 2566
8 850 397 2566
8 851 397 2566
8 852 397 2566
8 853 397 2566
8 854 397 2566
8 855 397 2566
8 856 397 2566
8 857 397 2566
8 858 397 2566
8 859 397 2566
8 860 397 2566
8 861 397 2566
8 862 397 2566
8 863 397 2566
8 864 397 2566
8 865 397 2566
8 866 397 2566
8 867 397 2566
8 868 397 2566
8 869 397 2566
8 870 397 2566
8 871 397 2566
8 872 397 2566
8 873 397 2566
8 874 397 2566
8 875 397 2566
8 876 397 2566
8 877 397 2566
8 878 397 2566
8 879 397 2566
8 880 397 2566
8 881 397 2566
8 882 397 2566
8 883 397 2566
8 884 397 2566
8 885 397 2566
8 886 397 2566
8 887 397 2566
8 888 397 2566
8 889 397 2566
8 890 397 2566
8 891 397 2566
8 892 397 2566
8 893 397 2566
8 894 397 2566
8 895 397 2566
8 896 397 2566
8 897 397 2566
8 898 397 2566
8 899 397 2566
8 900 397 2566
8 901 397 2566
8 902 397 2566
8 903 397 2566
8 904 397 2566
8 905 397 2566
8 906 397 2566
8 907 397 2566
8 908 397 2566
8 909 397 2566
8 910 397 2566
8 911 397 2566
8 912 397 2566
8 913 397 2566
8 914 397 2566
8 915 397 2566
8 916 397 2566
8 917 397 2566
8 918 397 2566
8 919 397 2566
8 920 397 2566
8 921 397 2566
8 922 397 2566
8 923 397 2566
8 924 397 2566
8 925 397 2566
8 926 397 2566
8 927 397 2566
8 928 397 2566
8 929 397 2566
8 930 397 2566
8 931 397 2566
8 932 397 2566
8 933 397 2566
8 934 397 2566
8 935 397 2566
8 936 397 2566
8 937 397 2566
8 938 397 2566
8 939 397 2566
8 940 397 2566
8 941 397 2566
8 942 397 2566
8 943 397 2566
8 944 397 2566
8 945 397 2566
8 946 397 2566
8 947 397 2566
8 948 397 2566
8 949 397 2566
8 950 397 2566
8 951 397 2566
8 952 397 2566
8 953 397 2566
8 954 397 2566
8 955 397 2566
8 956 397 2566
8 957 397 2566
8 958 397 2566
8 959 397 2566
8 960 397 2566
8 961 397 2566
8 962 397 2566
8 963 397 2566
8 964 397 2566
8 965 397 2566
8 966 397 2566
8 967 397 2566
8 968 397 2566
8 969 397 2566
8 970 397 2566
8 971 397 2566
8 972 397 2566
8 973 397 2566
8 974 397 2566
8 975 397 2566
8 976 397 2566
8 977 397 2566
8 978 397 2566
8 979 397 2566
8 980 397 2566
8 981 397 2566
8 982 397 2566
8 983 397 2566
8 984 397 2566
8 985 397 2566
8 986 397 2566
8 987 397 2566
8 988 397 2566
8 989 397 2566
8 990 397 2566
8 991 397 2566
8 992 397 2566
8 993 397 2566
8 994 397 2566
8 995 397 2566
8 996 397 2566
8 997 397 2566
8 998 397 2566
8 999 397 2566
