128 0 98949 4169206669
128 1 98890 4169206644
128 2 98890 4169206644
128 3 98949 4169206644
128 4 99011 4169206644
128 5 98886 4169206644
128 6 98908 4169206644
128 7 98869 4169206644
128 8 98968 4169206644
128 9 98982 4169206644
128 10 98909 4169206644
128 11 98874 4169206644
128 12 98885 4169206644
128 13 98887 4169206644
128 14 98951 4169206644
128 15 98929 4169206644
128 16 98947 4169206644
128 17 98830 4169206644
128 18 98907 4169206644
128 19 98948 4169206644
128 20 98851 4169206644
128 21 98943 4169206644
128 22 98931 4169206644
128 23 98713 4169206644
128 24 98906 4169206644
128 25 98944 4169206644
128 26 98889 4169206644
128 27 98870 4169206644
128 28 98830 4169206644
128 29 98828 4169206644
128 30 98830 4169206644
128 31 99029 4169206644
128 32 98887 4169206644
128 33 98914 4169206644
128 34 98888 4169206644
128 35 98830 4169206644
128 36 98977 4169206644
128 37 98756 4169206644
128 38 98830 4169206644
128 39 98983 4169206644
128 40 98813 4169206644
128 41 98848 4169206644
128 42 98971 4169206644
128 43 99081 4169206644
128 44 98948 4169206644
128 45 98889 4169206644
128 46 99058 4169206644
128 47 98944 4169206644
128 48 98872 4169206644
128 49 99060 4169206644
128 50 99083 4169206644
128 51 98989 4169206644
128 52 98946 4169206644
128 53 99025 4169206644
128 54 99128 4169206644
128 55 98868 4169206644
128 56 98928 4169206644
128 57 98771 4169206644
128 58 98889 4169206644
128 59 98794 4169206644
128 60 98928 4169206644
128 61 98854 4169206644
128 62 98869 4169206644
128 63 99161 4169206644
128 64 98890 4169206644
128 65 98931 4169206644
128 66 98887 4169206644
128 67 98907 4169206644
128 68 98850 4169206644
128 69 98895 4169206644
128 70 98733 4169206644
128 71 98966 4169206644
128 72 98986 4169206644
128 73 98950 4169206644
128 74 98963 4169206644
128 75 99024 4169206644
128 76 98971 4169206644
128 77 99001 4169206644
128 78 98813 4169206644
128 79 98905 4169206644
128 80 98894 4169206644
128 81 98925 4169206644
128 82 98886 4169206644
128 83 98733 4169206644
128 84 99003 4169206644
128 85 98909 4169206644
128 86 98812 4169206644
128 87 98810 4169206644
128 88 98969 4169206644
128 89 98908 4169206644
128 90 98866 4169206644
128 91 98968 4169206644
128 92 98928 4169206644
128 93 98922 4169206644
128 94 98909 4169206644
128 95 99165 4169206644
128 96 98965 4169206644
128 97 99008 4169206644
128 98 98984 4169206644
128 99 98907 4169206644
128 100 98774 4169206644
128 101 98908 4169206644
128 102 98852 4169206644
128 103 98848 4169206644
128 104 98944 4169206644
128 105 98813 4169206644
128 106 98926 4169206644
128 107 99102 4169206644
128 108 98988 4169206644
128 109 98962 4169206644
128 110 98885 4169206644
128 111 98925 4169206644
128 112 98812 4169206644
128 113 98885 4169206644
128 114 98868 4169206644
128 115 98866 4169206644
128 116 98923 4169206644
128 117 99100 4169206644
128 118 98924 4169206644
128 119 98945 4169206644
128 120 98944 4169206644
128 121 99005 4169206644
128 122 98887 4169206644
128 123 99082 4169206644
128 124 99046 4169206644
128 125 98943 4169206644
128 126 99007 4169206644
128 127 98775 4169206644
128 128 98871 4169206644
128 129 98887 4169206644
128 130 98926 4169206644
128 131 98927 4169206644
128 132 98908 4169206644
128 133 98945 4169206644
128 134 99078 4169206644
128 135 99009 4169206644
128 136 98945 4169206644
128 137 98869 4169206644
128 138 98927 4169206644
128 139 98928 4169206644
128 140 99062 4169206644
128 141 98991 4169206644
128 142 98814 4169206644
128 143 98966 4169206644
128 144 98809 4169206644
128 145 98790 4169206644
128 146 98968 4169206644
128 147 98890 4169206644
128 148 98946 4169206644
128 149 98868 4169206644
128 150 98991 4169206644
128 151 98989 4169206644
128 152 98832 4169206644
128 153 99125 4169206644
128 154 98866 4169206644
128 155 99065 4169206644
128 156 98969 4169206644
128 157 98964 4169206644
128 158 98849 4169206644
128 159 98926 4169206644
128 160 98848 4169206644
128 161 99005 4169206644
128 162 99004 4169206644
128 163 98965 4169206644
128 164 98918 4169206644
128 165 98909 4169206644
128 166 99045 4169206644
128 167 98889 4169206644
128 168 98793 4169206644
128 169 98793 4169206644
128 170 99028 4169206644
128 171 98853 4169206644
128 172 98887 4169206644
128 173 98888 4169206644
128 174 98791 4169206644
128 175 98944 4169206644
128 176 98971 4169206644
128 177 98752 4169206644
128 178 98866 4169206644
128 179 99051 4169206644
128 180 98753 4169206644
128 181 98851 4169206644
128 182 98925 4169206644
128 183 98695 4169206644
128 184 98811 4169206644
128 185 98868 4169206644
128 186 98795 4169206644
128 187 99077 4169206644
128 188 98929 4169206644
128 189 98716 4169206644
128 190 98969 4169206644
128 191 98912 4169206644
128 192 98811 4169206644
128 193 98869 4169206644
128 194 98964 4169206644
128 195 98791 4169206644
128 196 98829 4169206644
128 197 98953 4169206644
128 198 98753 4169206644
128 199 98924 4169206644
128 200 98983 4169206644
128 201 98943 4169206644
128 202 98885 4169206644
128 203 98967 4169206644
128 204 98867 4169206644
128 205 98926 4169206644
128 206 99035 4169206644
128 207 98944 4169206644
128 208 98908 4169206644
128 209 98848 4169206644
128 210 98833 4169206644
128 211 98889 4169206644
128 212 98911 4169206644
128 213 98990 4169206644
128 214 98847 4169206644
128 215 98948 4169206644
128 216 98910 4169206644
128 217 98905 4169206644
128 218 99066 4169206644
128 219 98924 4169206644
128 220 98926 4169206644
128 221 98949 4169206644
128 222 98966 4169206644
128 223 98886 4169206644
128 224 98870 4169206644
128 225 98889 4169206644
128 226 98888 4169206644
128 227 98914 4169206644
128 228 98907 4169206644
128 229 98849 4169206644
128 230 98887 4169206644
128 231 98885 4169206644
128 232 99076 4169206644
128 233 98908 4169206644
128 234 98907 4169206644
128 235 98927 4169206644
128 236 98851 4169206644
128 237 98847 4169206644
128 238 98985 4169206644
128 239 98985 4169206644
128 240 98789 4169206644
128 241 98889 4169206644
128 242 98811 4169206644
128 243 98809 4169206644
128 244 98985 4169206644
128 245 98968 4169206644
128 246 98971 4169206644
128 247 99067 4169206644
128 248 98928 4169206644
128 249 98909 4169206644
128 250 98794 4169206644
128 251 98947 4169206644
128 252 98966 4169206644
128 253 98891 4169206644
128 254 98886 4169206644
128 255 98867 4169206644
128 256 98853 4169206644
128 257 98969 4169206644
128 258 98790 4169206644
128 259 98891 4169206644
128 260 98831 4169206644
128 261 98850 4169206644
128 262 98946 4169206644
128 263 98950 4169206644
128 264 98885 4169206644
128 265 98931 4169206644
128 266 98909 4169206644
128 267 98832 4169206644
128 268 98929 4169206644
128 269 98910 4169206644
128 270 98830 4169206644
128 271 98931 4169206644
128 272 98933 4169206644
128 273 98870 4169206644
128 274 98967 4169206644
128 275 98967 4169206644
128 276 98885 4169206644
128 277 98968 4169206644
128 278 98829 4169206644
128 279 99078 4169206644
128 280 98888 4169206644
128 281 98733 4169206644
128 282 98909 4169206644
128 283 98926 4169206644
128 284 98868 4169206644
128 285 98988 4169206644
128 286 99046 4169206644
128 287 98735 4169206644
128 288 99002 4169206644
128 289 98868 4169206644
128 290 98809 4169206644
128 291 98925 4169206644
128 292 98965 4169206644
128 293 98737 4169206644
128 294 98983 4169206644
128 295 98831 4169206644
128 296 98732 4169206644
128 297 98772 4169206644
128 298 98968 4169206644
128 299 98813 4169206644
128 300 98983 4169206644
128 301 98872 4169206644
128 302 99023 4169206644
128 303 98986 4169206644
128 304 98987 4169206644
128 305 98906 4169206644
128 306 98943 4169206644
128 307 98967 4169206644
128 308 98793 4169206644
128 309 98812 4169206644
128 310 98925 4169206644
128 311 98771 4169206644
128 312 99005 4169206644
128 313 98927 4169206644
128 314 98944 4169206644
128 315 99062 4169206644
128 316 98849 4169206644
128 317 98963 4169206644
128 318 98942 4169206644
128 319 99024 4169206644
128 320 98868 4169206644
128 321 98887 4169206644
128 322 99048 4169206644
128 323 98887 4169206644
128 324 98849 4169206644
128 325 98873 4169206644
128 326 98811 4169206644
128 327 98905 4169206644
128 328 98836 4169206644
128 329 98849 4169206644
128 330 98828 4169206644
128 331 98991 4169206644
128 332 98889 4169206644
128 333 98927 4169206644
128 334 98830 4169206644
128 335 98888 4169206644
128 336 98791 4169206644
128 337 98928 4169206644
128 338 99075 4169206644
128 339 98848 4169206644
128 340 98908 4169206644
128 341 99008 4169206644
128 342 98886 4169206644
128 343 99010 4169206644
128 344 98908 4169206644
128 345 98984 4169206644
128 346 98871 4169206644
128 347 98867 4169206644
128 348 98888 4169206644
128 349 98990 4169206644
128 350 98969 4169206644
128 351 99021 4169206644
128 352 98831 4169206644
128 353 98987 4169206644
128 354 98907 4169206644
128 355 98833 4169206644
128 356 98893 4169206644
128 357 98950 4169206644
128 358 98927 4169206644
128 359 98987 4169206644
128 360 98849 4169206644
128 361 98848 4169206644
128 362 98695 4169206644
128 363 98868 4169206644
128 364 98962 4169206644
128 365 98830 4169206644
128 366 98890 4169206644
128 367 98872 4169206644
128 368 99007 4169206644
128 369 98950 4169206644
128 370 98907 4169206644
128 371 98890 4169206644
128 372 98909 4169206644
128 373 98930 4169206644
128 374 98910 4169206644
128 375 98944 4169206644
128 376 98907 4169206644
128 377 98887 4169206644
128 378 98966 4169206644
128 379 98949 4169206644
128 380 98930 4169206644
128 381 98931 4169206644
128 382 98834 4169206644
128 383 98967 4169206644
128 384 99047 4169206644
128 385 98848 4169206644
128 386 98945 4169206644
128 387 98990 4169206644
128 388 98790 4169206644
128 389 98928 4169206644
128 390 98966 4169206644
128 391 98772 4169206644
128 392 98924 4169206644
128 393 99062 4169206644
128 394 98751 4169206644
128 395 98886 4169206644
128 396 99023 4169206644
128 397 98796 4169206644
128 398 99001 4169206644
128 399 98849 4169206644
128 400 98829 4169206644
128 401 98793 4169206644
128 402 99003 4169206644
128 403 98791 4169206644
128 404 98928 4169206644
128 405 98929 4169206644
128 406 98982 4169206644
128 407 98966 4169206644
128 408 98928 4169206644
128 409 98775 4169206644
128 410 99002 4169206644
128 411 99050 4169206644
128 412 98929 4169206644
128 413 98927 4169206644
128 414 98887 4169206644
128 415 98810 4169206644
128 416 98946 4169206644
128 417 99084 4169206644
128 418 98866 4169206644
128 419 99019 4169206644
128 420 98791 4169206644
128 421 98867 4169206644
128 422 98771 4169206644
128 423 98931 4169206644
128 424 98870 4169206644
128 425 98810 4169206644
128 426 98951 4169206644
128 427 98888 4169206644
128 428 98811 4169206644
128 429 98908 4169206644
128 430 98891 4169206644
128 431 98908 4169206644
128 432 98873 4169206644
128 433 98924 4169206644
128 434 98830 4169206644
128 435 98849 4169206644
128 436 98945 4169206644
128 437 98888 4169206644
128 438 98887 4169206644
128 439 98850 4169206644
128 440 98830 4169206644
128 441 98848 4169206644
128 442 98868 4169206644
128 443 98850 4169206644
128 444 98868 4169206644
128 445 98987 4169206644
128 446 98924 4169206644
128 447 98965 4169206644
128 448 98946 4169206644
128 449 98910 4169206644
128 450 99086 4169206644
128 451 98811 4169206644
128 452 98946 4169206644
128 453 98887 4169206644
128 454 99069 4169206644
128 455 98910 4169206644
128 456 98832 4169206644
128 457 98963 4169206644
128 458 98948 4169206644
128 459 98945 4169206644
128 460 99045 4169206644
128 461 99025 4169206644
128 462 98927 4169206644
128 463 98926 4169206644
128 464 98967 4169206644
128 465 99004 4169206644
128 466 98970 4169206644
128 467 98886 4169206644
128 468 98987 4169206644
128 469 98907 4169206644
128 470 98753 4169206644
128 471 98887 4169206644
128 472 98828 4169206644
128 473 98868 4169206644
128 474 98927 4169206644
128 475 98944 4169206644
128 476 98908 4169206644
128 477 98850 4169206644
128 478 98891 4169206644
128 479 98867 4169206644
128 480 98911 4169206644
128 481 98908 4169206644
128 482 98944 4169206644
128 483 98890 4169206644
128 484 98985 4169206644
128 485 98869 4169206644
128 486 98830 4169206644
128 487 98943 4169206644
128 488 98945 4169206644
128 489 98735 4169206644
128 490 98905 4169206644
128 491 98794 4169206644
128 492 98791 4169206644
128 493 98831 4169206644
128 494 98926 4169206644
128 495 98810 4169206644
128 496 98832 4169206644
128 497 99047 4169206644
128 498 98753 4169206644
128 499 98908 4169206644
128 500 98889 4169206644
128 501 98757 4169206644
128 502 98886 4169206644
128 503 98966 4169206644
128 504 98733 4169206644
128 505 98828 4169206644
128 506 98966 4169206644
128 507 98733 4169206644
128 508 98891 4169206644
128 509 98928 4169206644
128 510 98887 4169206644
128 511 98923 4169206644
128 512 98892 4169206644
128 513 98967 4169206644
128 514 98887 4169206644
128 515 98830 4169206644
128 516 99038 4169206644
128 517 98872 4169206644
128 518 98888 4169206644
128 519 98924 4169206644
128 520 98891 4169206644
128 521 98925 4169206644
128 522 98911 4169206644
128 523 98888 4169206644
128 524 98888 4169206644
128 525 98929 4169206644
128 526 98752 4169206644
128 527 98928 4169206644
128 528 98907 4169206644
128 529 98886 4169206644
128 530 98930 4169206644
128 531 98946 4169206644
128 532 98885 4169206644
128 533 98910 4169206644
128 534 98983 4169206644
128 535 98772 4169206644
128 536 98907 4169206644
128 537 98867 4169206644
128 538 98733 4169206644
128 539 98946 4169206644
128 540 98972 4169206644
128 541 98886 4169206644
128 542 98792 4169206644
128 543 99012 4169206644
128 544 99061 4169206644
128 545 98948 4169206644
128 546 98849 4169206644
128 547 98809 4169206644
128 548 98907 4169206644
128 549 98928 4169206644
128 550 98983 4169206644
128 551 98908 4169206644
128 552 98851 4169206644
128 553 98986 4169206644
128 554 98929 4169206644
128 555 99002 4169206644
128 556 98948 4169206644
128 557 98971 4169206644
128 558 98948 4169206644
128 559 99006 4169206644
128 560 98949 4169206644
128 561 98754 4169206644
128 562 98829 4169206644
128 563 98829 4169206644
128 564 98828 4169206644
128 565 98946 4169206644
128 566 98925 4169206644
128 567 98850 4169206644
128 568 99005 4169206644
128 569 99005 4169206644
128 570 98869 4169206644
128 571 98893 4169206644
128 572 99063 4169206644
128 573 98829 4169206644
128 574 98907 4169206644
128 575 98965 4169206644
128 576 98810 4169206644
128 577 98831 4169206644
128 578 99023 4169206644
128 579 98885 4169206644
128 580 98986 4169206644
128 581 98931 4169206644
128 582 98966 4169206644
128 583 99048 4169206644
128 584 99067 4169206644
128 585 98829 4169206644
128 586 98948 4169206644
128 587 98853 4169206644
128 588 98830 4169206644
128 589 98925 4169206644
128 590 98892 4169206644
128 591 98885 4169206644
128 592 98953 4169206644
128 593 98773 4169206644
128 594 98907 4169206644
128 595 98926 4169206644
128 596 98771 4169206644
128 597 98962 4169206644
128 598 99009 4169206644
128 599 98695 4169206644
128 600 98968 4169206644
128 601 98887 4169206644
128 602 98732 4169206644
128 603 98830 4169206644
128 604 98829 4169206644
128 605 98811 4169206644
128 606 98987 4169206644
128 607 99008 4169206644
128 608 98792 4169206644
128 609 98811 4169206644
128 610 99064 4169206644
128 611 98733 4169206644
128 612 99080 4169206644
128 613 98870 4169206644
128 614 98867 4169206644
128 615 98946 4169206644
128 616 98851 4169206644
128 617 98771 4169206644
128 618 98925 4169206644
128 619 98871 4169206644
128 620 98810 4169206644
128 621 99036 4169206644
128 622 98908 4169206644
128 623 98888 4169206644
128 624 99005 4169206644
128 625 98909 4169206644
128 626 98867 4169206644
128 627 98925 4169206644
128 628 98948 4169206644
128 629 98910 4169206644
128 630 98810 4169206644
128 631 98828 4169206644
128 632 98946 4169206644
128 633 98733 4169206644
128 634 98892 4169206644
128 635 98906 4169206644
128 636 98809 4169206644
128 637 98811 4169206644
128 638 98891 4169206644
128 639 98866 4169206644
128 640 98927 4169206644
128 641 98888 4169206644
128 642 98886 4169206644
128 643 98918 4169206644
128 644 98969 4169206644
128 645 98982 4169206644
128 646 99000 4169206644
128 647 98848 4169206644
128 648 98905 4169206644
128 649 98849 4169206644
128 650 98890 4169206644
128 651 98830 4169206644
128 652 99042 4169206644
128 653 98814 4169206644
128 654 98965 4169206644
128 655 98963 4169206644
128 656 98867 4169206644
128 657 98890 4169206644
128 658 98810 4169206644
128 659 98945 4169206644
128 660 98911 4169206644
128 661 98890 4169206644
128 662 98947 4169206644
128 663 98907 4169206644
128 664 98965 4169206644
128 665 98886 4169206644
128 666 98853 4169206644
128 667 99042 4169206644
128 668 98849 4169206644
128 669 98925 4169206644
128 670 98888 4169206644
128 671 98907 4169206644
128 672 98872 4169206644
128 673 98790 4169206644
128 674 98904 4169206644
128 675 98965 4169206644
128 676 98930 4169206644
128 677 98867 4169206644
128 678 98927 4169206644
128 679 99046 4169206644
128 680 98982 4169206644
128 681 98928 4169206644
128 682 98989 4169206644
128 683 98906 4169206644
128 684 98929 4169206644
128 685 98931 4169206644
128 686 98888 4169206644
128 687 98814 4169206644
128 688 98927 4169206644
128 689 98754 4169206644
128 690 98985 4169206644
128 691 98895 4169206644
128 692 98887 4169206644
128 693 99043 4169206644
128 694 98714 4169206644
128 695 98982 4169206644
128 696 98969 4169206644
128 697 98771 4169206644
128 698 98985 4169206644
128 699 98925 4169206644
128 700 98774 4169206644
128 701 98868 4169206644
128 702 98965 4169206644
128 703 98812 4169206644
128 704 98945 4169206644
128 705 98906 4169206644
128 706 98714 4169206644
128 707 98852 4169206644
128 708 98986 4169206644
128 709 98809 4169206644
128 710 98848 4169206644
128 711 98831 4169206644
128 712 98829 4169206644
128 713 99027 4169206644
128 714 98988 4169206644
128 715 98771 4169206644
128 716 98847 4169206644
128 717 99026 4169206644
128 718 98930 4169206644
128 719 98828 4169206644
128 720 98871 4169206644
128 721 98910 4169206644
128 722 98849 4169206644
128 723 98988 4169206644
128 724 99063 4169206644
128 725 98887 4169206644
128 726 98775 4169206644
128 727 98963 4169206644
128 728 98771 4169206644
128 729 98869 4169206644
128 730 98906 4169206644
128 731 98811 4169206644
128 732 99025 4169206644
128 733 98962 4169206644
128 734 98828 4169206644
128 735 98891 4169206644
128 736 98848 4169206644
128 737 98888 4169206644
128 738 98944 4169206644
128 739 98790 4169206644
128 740 98772 4169206644
128 741 98872 4169206644
128 742 98905 4169206644
128 743 98905 4169206644
128 744 98870 4169206644
128 745 98927 4169206644
128 746 98885 4169206644
128 747 98967 4169206644
128 748 99043 4169206644
128 749 98965 4169206644
128 750 98889 4169206644
128 751 98909 4169206644
128 752 98943 4169206644
128 753 98988 4169206644
128 754 98868 4169206644
128 755 98847 4169206644
128 756 98847 4169206644
128 757 98850 4169206644
128 758 99024 4169206644
128 759 99046 4169206644
128 760 98829 4169206644
128 761 98947 4169206644
128 762 98874 4169206644
128 763 98888 4169206644
128 764 98907 4169206644
128 765 98984 4169206644
128 766 98850 4169206644
128 767 98906 4169206644
128 768 98924 4169206644
128 769 98926 4169206644
128 770 98988 4169206644
128 771 98989 4169206644
128 772 98890 4169206644
128 773 98951 4169206644
128 774 98891 4169206644
128 775 98983 4169206644
128 776 98890 4169206644
128 777 99003 4169206644
128 778 98945 4169206644
128 779 98909 4169206644
128 780 99002 4169206644
128 781 98986 4169206644
128 782 98906 4169206644
128 783 98949 4169206644
128 784 98922 4169206644
128 785 98966 4169206644
128 786 99004 4169206644
128 787 99079 4169206644
128 788 98927 4169206644
128 789 98908 4169206644
128 790 99004 4169206644
128 791 98927 4169206644
128 792 98829 4169206644
128 793 98948 4169206644
128 794 98948 4169206644
128 795 98964 4169206644
128 796 98943 4169206644
128 797 98981 4169206644
128 798 98752 4169206644
128 799 98963 4169206644
128 800 98832 4169206644
128 801 98818 4169206644
128 802 98946 4169206644
128 803 98946 4169206644
128 804 98795 4169206644
128 805 98887 4169206644
128 806 98945 4169206644
128 807 98796 4169206644
128 808 98770 4169206644
128 809 99020 4169206644
128 810 98757 4169206644
128 811 98848 4169206644
128 812 98988 4169206644
128 813 98832 4169206644
128 814 98890 4169206644
128 815 98928 4169206644
128 816 98830 4169206644
128 817 98928 4169206644
128 818 98952 4169206644
128 819 98831 4169206644
128 820 98869 4169206644
128 821 98907 4169206644
128 822 98930 4169206644
128 823 98943 4169206644
128 824 98832 4169206644
128 825 99002 4169206644
128 826 98851 4169206644
128 827 98945 4169206644
128 828 98929 4169206644
128 829 98906 4169206644
128 830 98990 4169206644
128 831 98906 4169206644
128 832 98963 4169206644
128 833 98984 4169206644
128 834 98809 4169206644
128 835 98913 4169206644
128 836 98965 4169206644
128 837 98850 4169206644
128 838 98828 4169206644
128 839 99118 4169206644
128 840 98887 4169206644
128 841 98810 4169206644
128 842 98953 4169206644
128 843 98961 4169206644
128 844 98869 4169206644
128 845 98965 4169206644
128 846 98908 4169206644
128 847 98752 4169206644
128 848 98954 4169206644
128 849 98906 4169206644
128 850 98887 4169206644
128 851 98888 4169206644
128 852 98873 4169206644
128 853 98962 4169206644
128 854 98946 4169206644
128 855 98871 4169206644
128 856 98886 4169206644
128 857 98870 4169206644
128 858 98964 4169206644
128 859 98929 4169206644
128 860 98948 4169206644
128 861 98869 4169206644
128 862 99005 4169206644
128 863 99058 4169206644
128 864 98771 4169206644
128 865 98985 4169206644
128 866 98928 4169206644
128 867 98868 4169206644
128 868 98852 4169206644
128 869 98909 4169206644
128 870 98947 4169206644
128 871 98948 4169206644
128 872 98967 4169206644
128 873 98910 4169206644
128 874 98849 4169206644
128 875 98794 4169206644
128 876 99044 4169206644
128 877 98947 4169206644
128 878 98910 4169206644
128 879 98830 4169206644
128 880 98991 4169206644
128 881 98970 4169206644
128 882 98909 4169206644
128 883 98925 4169206644
128 884 98833 4169206644
128 885 99020 4169206644
128 886 98852 4169206644
128 887 98983 4169206644
128 888 98983 4169206644
128 889 98791 4169206644
128 890 99026 4169206644
128 891 98906 4169206644
128 892 98812 4169206644
128 893 98950 4169206644
128 894 98946 4169206644
128 895 98868 4169206644
128 896 98771 4169206644
128 897 98849 4169206644
128 898 99055 4169206644
128 899 98964 4169206644
128 900 98923 4169206644
128 901 98872 4169206644
128 902 98752 4169206644
128 903 98889 4169206644
128 904 98929 4169206644
128 905 98897 4169206644
128 906 98983 4169206644
128 907 98944 4169206644
128 908 98772 4169206644
128 909 98867 4169206644
128 910 98968 4169206644
128 911 98777 4169206644
128 912 98963 4169206644
128 913 98891 4169206644
128 914 98775 4169206644
128 915 98924 4169206644
128 916 99099 4169206644
128 917 98834 4169206644
128 918 98889 4169206644
128 919 98888 4169206644
128 920 98715 4169206644
128 921 98887 4169206644
128 922 98990 4169206644
128 923 98813 4169206644
128 924 98965 4169206644
128 925 99010 4169206644
128 926 98986 4169206644
128 927 98946 4169206644
128 928 98888 4169206644
128 929 98908 4169206644
128 930 98850 4169206644
128 931 98910 4169206644
128 932 98983 4169206644
128 933 98851 4169206644
128 934 98830 4169206644
128 935 98889 4169206644
128 936 99003 4169206644
128 937 98969 4169206644
128 938 98926 4169206644
128 939 99001 4169206644
128 940 98792 4169206644
128 941 98889 4169206644
128 942 98868 4169206644
128 943 98910 4169206644
128 944 99078 4169206644
128 945 98924 4169206644
128 946 98831 4169206644
128 947 99042 4169206644
128 948 98829 4169206644
128 949 98888 4169206644
128 950 98894 4169206644
128 951 98926 4169206644
128 952 98887 4169206644
128 953 98906 4169206644
128 954 98849 4169206644
128 955 99009 4169206644
128 956 98868 4169206644
128 957 98828 4169206644
128 958 99137 4169206644
128 959 98964 4169206644
128 960 98944 4169206644
128 961 98968 4169206644
128 962 98905 4169206644
128 963 98946 4169206644
128 964 98869 4169206644
128 965 98887 4169206644
128 966 98907 4169206644
128 967 98909 4169206644
128 968 98831 4169206644
128 969 99148 4169206644
128 970 98949 4169206644
128 971 98923 4169206644
128 972 98869 4169206644
128 973 98811 4169206644
128 974 98950 4169206644
128 975 99027 4169206644
128 976 98965 4169206644
128 977 99041 4169206644
128 978 99021 4169206644
128 979 98891 4169206644
128 980 98871 4169206644
128 981 98968 4169206644
128 982 99010 4169206644
128 983 98851 4169206644
128 984 99043 4169206644
128 985 98945 4169206644
128 986 98854 4169206644
128 987 98888 4169206644
128 988 98833 4169206644
128 989 98849 4169206644
128 990 98906 4169206644
128 991 98904 4169206644
128 992 98947 4169206644
128 993 98982 4169206644
128 994 98993 4169206644
128 995 99124 4169206644
128 996 98907 4169206644
128 997 98927 4169206644
128 998 98851 4169206644
128 999 98910 4169206644
