512 0 1574530 534842220
512 1 1574427 534842220
512 2 1574431 534842220
512 3 1574717 534842220
512 4 1574445 534842220
512 5 1574422 534842220
512 6 1574427 534842220
512 7 1574407 534842220
512 8 1574427 534842220
512 9 1574407 534842220
512 10 1574447 534842220
512 11 1574595 534842220
512 12 1574427 534842220
512 13 1574407 534842220
512 14 1574407 534842220
512 15 1574487 534842220
512 16 1574619 534842220
512 17 1574451 534842220
512 18 1574447 534842220
512 19 1574599 534842220
512 20 1574427 534842220
512 21 1574427 534842220
512 22 1574468 534842220
512 23 1574422 534842220
512 24 1574570 534842220
512 25 1574447 534842220
512 26 1574407 534842220
512 27 1574427 534842220
512 28 1574427 534842220
512 29 1574574 534842220
512 30 1574407 534842220
512 31 1574487 534842220
512 32 1574564 534842220
512 33 1574407 534842220
512 34 1574467 534842220
512 35 1574482 534842220
512 36 1574407 534842220
512 37 1574598 534842220
512 38 1574448 534842220
512 39 1574446 534842220
512 40 1574407 534842220
512 41 1574427 534842220
512 42 1574445 534842220
512 43 1574447 534842220
512 44 1574427 534842220
512 45 1574607 534842220
512 46 1574446 534842220
512 47 1574486 534842220
512 48 1574427 534842220
512 49 1574447 534842220
512 50 1574585 534842220
512 51 1574425 534842220
512 52 1574426 534842220
512 53 1574448 534842220
512 54 1574467 534842220
512 55 1574407 534842220
512 56 1574427 534842220
512 57 1574427 534842220
512 58 1574607 534842220
512 59 1574425 534842220
512 60 1574447 534842220
512 61 1574447 534842220
512 62 1574485 534842220
512 63 1574587 534842220
512 64 1574427 534842220
512 65 1574465 534842220
512 66 1574575 534842220
512 67 1574468 534842220
512 68 1574407 534842220
512 69 1574427 534842220
512 70 1574427 534842220
512 71 1574595 534842220
512 72 1574407 534842220
512 73 1574407 534842220
512 74 1574427 534842220
512 75 1574407 534842220
512 76 1574447 534842220
512 77 1574467 534842220
512 78 1574447 534842220
512 79 1574567 534842220
512 80 1574566 534842220
512 81 1574407 534842220
512 82 1574448 534842220
512 83 1574426 534842220
512 84 1574575 534842220
512 85 1574427 534842220
512 86 1574445 534842220
512 87 1574449 534842220
512 88 1574407 534842220
512 89 1574427 534842220
512 90 1574427 534842220
512 91 1574427 534842220
512 92 1574874 534842220
512 93 1574407 534842220
512 94 1574447 534842220
512 95 1574407 534842220
512 96 1574447 534842220
512 97 1574598 534842220
512 98 1574407 534842220
512 99 1574487 534842220
512 100 1574580 534842220
512 101 1574427 534842220
512 102 1574427 534842220
512 103 1574447 534842220
512 104 1574447 534842220
512 105 1574551 534842220
512 106 1574427 534842220
512 107 1574447 534842220
512 108 1574427 534842220
512 109 1574407 534842220
512 110 1574407 534842220
512 111 1574407 534842220
512 112 1574427 534842220
512 113 1574590 534842220
512 114 1574466 534842220
512 115 1574491 534842220
512 116 1574447 534842220
512 117 1574471 534842220
512 118 1574575 534842220
512 119 1574467 534842220
512 120 1574427 534842220
512 121 1574585 534842220
512 122 1574407 534842220
512 123 1574427 534842220
512 124 1574407 534842220
512 125 1574427 534842220
512 126 1574563 534842220
512 127 1574407 534842220
512 128 1574407 534842220
512 129 1574449 534842220
512 130 1574407 534842220
512 131 1574574 534842220
512 132 1574407 534842220
512 133 1574447 534842220
512 134 1574569 534842220
512 135 1574407 534842220
512 136 1574426 534842220
512 137 1574407 534842220
512 138 1574427 534842220
512 139 1574647 534842220
512 140 1574469 534842220
512 141 1574407 534842220
512 142 1574407 534842220
512 143 1574446 534842220
512 144 1574426 534842220
512 145 1574407 534842220
512 146 1574427 534842220
512 147 1574574 534842220
512 148 1574407 534842220
512 149 1574447 534842220
512 150 1574427 534842220
512 151 1574407 534842220
512 152 1574606 534842220
512 153 1574427 534842220
512 154 1574469 534842220
512 155 1574562 534842220
512 156 1574447 534842220
512 157 1574430 534842220
512 158 1574407 534842220
512 159 1574466 534842220
512 160 1574560 534842220
512 161 1574446 534842220
512 162 1574407 534842220
512 163 1574407 534842220
512 164 1574446 534842220
512 165 1574429 534842220
512 166 1574407 534842220
512 167 1574427 534842220
512 168 1574678 534842220
512 169 1574527 534842220
512 170 1574447 534842220
512 171 1574427 534842220
512 172 1574427 534842220
512 173 1574577 534842220
512 174 1574427 534842220
512 175 1574447 534842220
512 176 1574487 534842220
512 177 1574466 534842220
512 178 1574427 534842220
512 179 1574447 534842220
512 180 1574427 534842220
512 181 1574567 534842220
512 182 1574407 534842220
512 183 1574450 534842220
512 184 1574407 534842220
512 185 1574426 534842220
512 186 1574548 534842220
512 187 1574448 534842220
512 188 1574431 534842220
512 189 1574603 534842220
512 190 1574466 534842220
512 191 1574427 534842220
512 192 1574467 534842220
512 193 1574467 534842220
512 194 1574596 534842220
512 195 1574465 534842220
512 196 1574407 534842220
512 197 1574407 534842220
512 198 1574485 534842220
512 199 1574427 534842220
512 200 1574427 534842220
512 201 1574427 534842220
512 202 1574546 534842220
512 203 1574407 534842220
512 204 1574470 534842220
512 205 1574427 534842220
512 206 1574407 534842220
512 207 1574549 534842220
512 208 1574407 534842220
512 209 1574465 534842220
512 210 1574618 534842220
512 211 1574491 534842220
512 212 1574426 534842220
512 213 1574447 534842220
512 214 1574462 534842220
512 215 1574588 534842220
512 216 1574427 534842220
512 217 1574427 534842220
512 218 1574426 534842220
512 219 1574427 534842220
512 220 1574447 534842220
512 221 1574447 534842220
512 222 1574407 534842220
512 223 1574587 534842220
512 224 1574487 534842220
512 225 1574427 534842220
512 226 1574447 534842220
512 227 1574427 534842220
512 228 1574574 534842220
512 229 1574407 534842220
512 230 1574407 534842220
512 231 1574447 534842220
512 232 1574427 534842220
512 233 1574526 534842220
512 234 1574451 534842220
512 235 1574466 534842220
512 236 1574581 534842220
512 237 1574427 534842220
512 238 1574447 534842220
512 239 1574451 534842220
512 240 1574470 534842220
512 241 1574546 534842220
512 242 1574467 534842220
512 243 1574427 534842220
512 244 1574567 534842220
512 245 1574427 534842220
512 246 1574407 534842220
512 247 1574407 534842220
512 248 1574447 534842220
512 249 1574632 534842220
512 250 1574487 534842220
512 251 1574431 534842220
512 252 1574427 534842220
512 253 1574466 534842220
512 254 1574468 534842220
512 255 1574447 534842220
512 256 1574464 534842220
512 257 1574544 534842220
512 258 1574430 534842220
512 259 1574407 534842220
512 260 1574427 534842220
512 261 1574427 534842220
512 262 1574602 534842220
512 263 1574446 534842220
512 264 1574445 534842220
512 265 1574407 534842220
512 266 1574467 534842220
512 267 1574407 534842220
512 268 1574465 534842220
512 269 1574427 534842220
512 270 1574565 534842220
512 271 1574407 534842220
512 272 1574447 534842220
512 273 1574446 534842220
512 274 1574425 534842220
512 275 1574573 534842220
512 276 1574407 534842220
512 277 1574446 534842220
512 278 1574601 534842220
512 279 1574447 534842220
512 280 1574471 534842220
512 281 1574427 534842220
512 282 1574447 534842220
512 283 1574576 534842220
512 284 1574450 534842220
512 285 1574447 534842220
512 286 1574487 534842220
512 287 1574427 534842220
512 288 1574427 534842220
512 289 1574447 534842220
512 290 1574407 534842220
512 291 1574574 534842220
512 292 1574446 534842220
512 293 1574426 534842220
512 294 1574487 534842220
512 295 1574466 534842220
512 296 1574545 534842220
512 297 1574486 534842220
512 298 1574447 534842220
512 299 1574564 534842220
512 300 1574466 534842220
512 301 1574506 534842220
512 302 1574406 534842220
512 303 1574407 534842220
512 304 1574584 534842220
512 305 1574427 534842220
512 306 1574427 534842220
512 307 1574427 534842220
512 308 1574427 534842220
512 309 1574565 534842220
512 310 1574444 534842220
512 311 1574427 534842220
512 312 1574602 534842220
512 313 1574487 534842220
512 314 1574447 534842220
512 315 1574451 534842220
512 316 1574507 534842220
512 317 1574631 534842220
512 318 1574491 534842220
512 319 1574444 534842220
512 320 1574467 534842220
512 321 1574479 534842220
512 322 1574407 534842220
512 323 1574487 534842220
512 324 1574423 534842220
512 325 1574609 534842220
512 326 1574427 534842220
512 327 1574447 534842220
512 328 1574447 534842220
512 329 1574427 534842220
512 330 1574567 534842220
512 331 1574451 534842220
512 332 1574427 534842220
512 333 1574558 534842220
512 334 1574447 534842220
512 335 1574446 534842220
512 336 1574487 534842220
512 337 1574467 534842220
512 338 1574575 534842220
512 339 1574427 534842220
512 340 1574448 534842220
512 341 1574447 534842220
512 342 1574407 534842220
512 343 1574606 534842220
512 344 1574448 534842220
512 345 1574426 534842220
512 346 1574620 534842220
512 347 1574466 534842220
512 348 1574446 534842220
512 349 1574449 534842220
512 350 1574447 534842220
512 351 1574557 534842220
512 352 1574446 534842220
512 353 1574426 534842220
512 354 1574427 534842220
512 355 1574407 534842220
512 356 1574450 534842220
512 357 1574426 534842220
512 358 1574467 534842220
512 359 1574649 534842220
512 360 1574427 534842220
512 361 1574466 534842220
512 362 1574447 534842220
512 363 1574407 534842220
512 364 1574561 534842220
512 365 1574447 534842220
512 366 1574407 534842220
512 367 1574588 534842220
512 368 1574466 534842220
512 369 1574471 534842220
512 370 1574426 534842220
512 371 1574451 534842220
512 372 1574606 534842220
512 373 1574427 534842220
512 374 1574407 534842220
512 375 1574451 534842220
512 376 1574427 534842220
512 377 1574467 534842220
512 378 1574407 534842220
512 379 1574510 534842220
512 380 1574548 534842220
512 381 1574427 534842220
512 382 1574427 534842220
512 383 1574427 534842220
512 384 1574485 534842220
512 385 1574547 534842220
512 386 1574501 534842220
512 387 1574465 534842220
512 388 1574407 534842220
512 389 1574430 534842220
512 390 1574447 534842220
512 391 1574427 534842220
512 392 1574447 534842220
512 393 1574595 534842220
512 394 1574407 534842220
512 395 1574447 534842220
512 396 1574407 534842220
512 397 1574446 534842220
512 398 1574625 534842220
512 399 1574407 534842220
512 400 1574407 534842220
512 401 1574558 534842220
512 402 1574407 534842220
512 403 1574407 534842220
512 404 1574447 534842220
512 405 1574407 534842220
512 406 1574632 534842220
512 407 1574447 534842220
512 408 1574426 534842220
512 409 1574466 534842220
512 410 1574407 534842220
512 411 1574446 534842220
512 412 1574447 534842220
512 413 1574407 534842220
512 414 1574567 534842220
512 415 1574407 534842220
512 416 1574427 534842220
512 417 1574446 534842220
512 418 1574447 534842220
512 419 1574567 534842220
512 420 1574506 534842220
512 421 1574447 534842220
512 422 1574561 534842220
512 423 1574447 534842220
512 424 1574407 534842220
512 425 1574427 534842220
512 426 1574447 534842220
512 427 1574575 534842220
512 428 1574427 534842220
512 429 1574407 534842220
512 430 1574427 534842220
512 431 1574407 534842220
512 432 1574447 534842220
512 433 1574407 534842220
512 434 1574427 534842220
512 435 1574565 534842220
512 436 1574406 534842220
512 437 1574427 534842220
512 438 1574485 534842220
512 439 1574471 534842220
512 440 1574610 534842220
512 441 1574427 534842220
512 442 1574427 534842220
512 443 1574427 534842220
512 444 1574446 534842220
512 445 1574490 534842220
512 446 1574427 534842220
512 447 1574407 534842220
512 448 1574642 534842220
512 449 1574490 534842220
512 450 1574446 534842220
512 451 1574427 534842220
512 452 1574407 534842220
512 453 1574561 534842220
512 454 1574407 534842220
512 455 1574446 534842220
512 456 1574544 534842220
512 457 1574407 534842220
512 458 1574427 534842220
512 459 1574427 534842220
512 460 1574407 534842220
512 461 1574590 534842220
512 462 1574427 534842220
512 463 1574466 534842220
512 464 1574427 534842220
512 465 1574431 534842220
512 466 1574467 534842220
512 467 1574487 534842220
512 468 1574427 534842220
512 469 1574631 534842220
512 470 1574407 534842220
512 471 1574447 534842220
512 472 1574449 534842220
512 473 1574447 534842220
512 474 1574547 534842220
512 475 1574467 534842220
512 476 1574447 534842220
512 477 1574544 534842220
512 478 1574446 534842220
512 479 1574490 534842220
512 480 1574426 534842220
512 481 1574466 534842220
512 482 1574567 534842220
512 483 1574448 534842220
512 484 1574407 534842220
512 485 1574427 534842220
512 486 1574407 534842220
512 487 1574631 534842220
512 488 1574427 534842220
512 489 1574466 534842220
512 490 1574551 534842220
512 491 1574446 534842220
512 492 1574447 534842220
512 493 1574447 534842220
512 494 1574427 534842220
512 495 1574586 534842220
512 496 1574426 534842220
512 497 1574466 534842220
512 498 1574467 534842220
512 499 1574426 534842220
512 500 1574431 534842220
512 501 1574427 534842220
512 502 1574447 534842220
512 503 1574608 534842220
512 504 1574407 534842220
512 505 1574407 534842220
512 506 1574427 534842220
512 507 1574427 534842220
512 508 1574554 534842220
512 509 1574426 534842220
512 510 1574407 534842220
512 511 1574564 534842220
512 512 1574407 534842220
512 513 1574427 534842220
512 514 1574427 534842220
512 515 1574447 534842220
512 516 1574567 534842220
512 517 1574483 534842220
512 518 1574447 534842220
512 519 1574430 534842220
512 520 1574427 534842220
512 521 1574407 534842220
512 522 1574427 534842220
512 523 1574445 534842220
512 524 1574583 534842220
512 525 1574427 534842220
512 526 1574446 534842220
512 527 1574427 534842220
512 528 1574447 534842220
512 529 1574571 534842220
512 530 1574407 534842220
512 531 1574424 534842220
512 532 1574577 534842220
512 533 1574427 534842220
512 534 1574427 534842220
512 535 1574407 534842220
512 536 1574507 534842220
512 537 1574550 534842220
512 538 1574527 534842220
512 539 1574470 534842220
512 540 1574485 534842220
512 541 1574427 534842220
512 542 1574447 534842220
512 543 1574427 534842220
512 544 1574447 534842220
512 545 1574623 534842220
512 546 1574466 534842220
512 547 1574427 534842220
512 548 1574407 534842220
512 549 1574427 534842220
512 550 1574594 534842220
512 551 1574447 534842220
512 552 1574427 534842220
512 553 1574467 534842220
512 554 1574427 534842220
512 555 1574446 534842220
512 556 1574465 534842220
512 557 1574445 534842220
512 558 1574630 534842220
512 559 1574448 534842220
512 560 1574427 534842220
512 561 1574469 534842220
512 562 1574446 534842220
512 563 1574553 534842220
512 564 1574427 534842220
512 565 1574547 534842220
512 566 1574577 534842220
512 567 1574447 534842220
512 568 1574471 534842220
512 569 1574427 534842220
512 570 1574427 534842220
512 571 1574571 534842220
512 572 1574427 534842220
512 573 1574447 534842220
512 574 1574427 534842220
512 575 1574427 534842220
512 576 1574446 534842220
512 577 1574407 534842220
512 578 1574428 534842220
512 579 1574582 534842220
512 580 1574407 534842220
512 581 1574448 534842220
512 582 1574467 534842220
512 583 1574407 534842220
512 584 1574546 534842220
512 585 1574426 534842220
512 586 1574407 534842220
512 587 1574427 534842220
512 588 1574447 534842220
512 589 1574407 534842220
512 590 1574465 534842220
512 591 1574449 534842220
512 592 1574566 534842220
512 593 1574427 534842220
512 594 1574407 534842220
512 595 1574487 534842220
512 596 1574451 534842220
512 597 1574607 534842220
512 598 1574451 534842220
512 599 1574491 534842220
512 600 1574582 534842220
512 601 1574447 534842220
512 602 1574447 534842220
512 603 1574427 534842220
512 604 1574427 534842220
512 605 1574605 534842220
512 606 1574423 534842220
512 607 1574446 534842220
512 608 1574407 534842220
512 609 1574445 534842220
512 610 1574427 534842220
512 611 1574447 534842220
512 612 1574466 534842220
512 613 1574566 534842220
512 614 1574487 534842220
512 615 1574407 534842220
512 616 1574427 534842220
512 617 1574450 534842220
512 618 1574574 534842220
512 619 1574426 534842220
512 620 1574447 534842220
512 621 1574426 534842220
512 622 1574447 534842220
512 623 1574427 534842220
512 624 1574426 534842220
512 625 1574447 534842220
512 626 1574589 534842220
512 627 1574446 534842220
512 628 1574447 534842220
512 629 1574451 534842220
512 630 1574445 534842220
512 631 1574575 534842220
512 632 1574427 534842220
512 633 1574427 534842220
512 634 1574563 534842220
512 635 1574450 534842220
512 636 1574447 534842220
512 637 1574447 534842220
512 638 1574407 534842220
512 639 1574581 534842220
512 640 1574407 534842220
512 641 1574407 534842220
512 642 1574407 534842220
512 643 1574407 534842220
512 644 1574443 534842220
512 645 1574446 534842220
512 646 1574426 534842220
512 647 1574548 534842220
512 648 1574487 534842220
512 649 1574490 534842220
512 650 1574485 534842220
512 651 1574447 534842220
512 652 1574681 534842220
512 653 1574407 534842220
512 654 1574451 534842220
512 655 1574543 534842220
512 656 1574447 534842220
512 657 1574447 534842220
512 658 1574407 534842220
512 659 1574407 534842220
512 660 1574654 534842220
512 661 1574427 534842220
512 662 1574445 534842220
512 663 1574447 534842220
512 664 1574407 534842220
512 665 1574581 534842220
512 666 1574447 534842220
512 667 1574447 534842220
512 668 1574563 534842220
512 669 1574447 534842220
512 670 1574427 534842220
512 671 1574406 534842220
512 672 1574426 534842220
512 673 1574588 534842220
512 674 1574446 534842220
512 675 1574525 534842220
512 676 1574466 534842220
512 677 1574447 534842220
512 678 1574495 534842220
512 679 1574427 534842220
512 680 1574447 534842220
512 681 1574662 534842220
512 682 1574427 534842220
512 683 1574466 534842220
512 684 1574447 534842220
512 685 1574447 534842220
512 686 1574615 534842220
512 687 1574447 534842220
512 688 1574488 534842220
512 689 1574574 534842220
512 690 1574407 534842220
512 691 1574430 534842220
512 692 1574446 534842220
512 693 1574407 534842220
512 694 1574635 534842220
512 695 1574407 534842220
512 696 1574446 534842220
512 697 1574447 534842220
512 698 1574467 534842220
512 699 1574614 534842220
512 700 1574407 534842220
512 701 1574428 534842220
512 702 1574593 534842220
512 703 1574444 534842220
512 704 1574447 534842220
512 705 1574447 534842220
512 706 1574407 534842220
512 707 1574597 534842220
512 708 1574446 534842220
512 709 1574447 534842220
512 710 1574427 534842220
512 711 1574407 534842220
512 712 1574447 534842220
512 713 1574455 534842220
512 714 1574427 534842220
512 715 1574550 534842220
512 716 1574447 534842220
512 717 1574407 534842220
512 718 1574465 534842220
512 719 1574447 534842220
512 720 1574561 534842220
512 721 1574407 534842220
512 722 1574489 534842220
512 723 1574447 534842220
512 724 1574427 534842220
512 725 1574407 534842220
512 726 1574467 534842220
512 727 1574407 534842220
512 728 1574615 534842220
512 729 1574407 534842220
512 730 1574509 534842220
512 731 1574447 534842220
512 732 1574487 534842220
512 733 1574605 534842220
512 734 1574427 534842220
512 735 1574449 534842220
512 736 1574632 534842220
512 737 1574427 534842220
512 738 1574449 534842220
512 739 1574407 534842220
512 740 1574407 534842220
512 741 1574547 534842220
512 742 1574467 534842220
512 743 1574407 534842220
512 744 1574427 534842220
512 745 1574407 534842220
512 746 1574407 534842220
512 747 1574427 534842220
512 748 1574407 534842220
512 749 1574625 534842220
512 750 1574467 534842220
512 751 1574467 534842220
512 752 1574427 534842220
512 753 1574407 534842220
512 754 1574561 534842220
512 755 1574467 534842220
512 756 1574447 534842220
512 757 1574407 534842220
512 758 1574427 534842220
512 759 1574467 534842220
512 760 1574449 534842220
512 761 1574447 534842220
512 762 1574624 534842220
512 763 1574447 534842220
512 764 1574507 534842220
512 765 1574427 534842220
512 766 1574490 534842220
512 767 1574567 534842220
512 768 1574508 534842220
512 769 1574427 534842220
512 770 1574564 534842220
512 771 1574407 534842220
512 772 1574427 534842220
512 773 1574429 534842220
512 774 1574427 534842220
512 775 1574630 534842220
512 776 1574426 534842220
512 777 1574422 534842220
512 778 1574407 534842220
512 779 1574447 534842220
512 780 1574407 534842220
512 781 1574448 534842220
512 782 1574447 534842220
512 783 1574581 534842220
512 784 1574427 534842220
512 785 1574485 534842220
512 786 1574447 534842220
512 787 1574427 534842220
512 788 1574636 534842220
512 789 1574407 534842220
512 790 1574446 534842220
512 791 1574573 534842220
512 792 1574507 534842220
512 793 1574427 534842220
512 794 1574445 534842220
512 795 1574407 534842220
512 796 1574587 534842220
512 797 1574427 534842220
512 798 1574447 534842220
512 799 1574465 534842220
512 800 1574467 534842220
512 801 1574505 534842220
512 802 1574407 534842220
512 803 1574447 534842220
512 804 1574563 534842220
512 805 1574407 534842220
512 806 1574467 534842220
512 807 1574471 534842220
512 808 1574446 534842220
512 809 1574566 534842220
512 810 1574427 534842220
512 811 1574471 534842220
512 812 1574511 534842220
512 813 1574407 534842220
512 814 1574407 534842220
512 815 1574466 534842220
512 816 1574427 534842220
512 817 1574550 534842220
512 818 1574451 534842220
512 819 1574467 534842220
512 820 1574447 534842220
512 821 1574487 534842220
512 822 1574594 534842220
512 823 1574471 534842220
512 824 1574447 534842220
512 825 1574676 534842220
512 826 1574467 534842220
512 827 1574407 534842220
512 828 1574487 534842220
512 829 1574447 534842220
512 830 1574545 534842220
512 831 1574447 534842220
512 832 1574446 534842220
512 833 1574447 534842220
512 834 1574446 534842220
512 835 1574427 534842220
512 836 1574427 534842220
512 837 1574407 534842220
512 838 1574584 534842220
512 839 1574407 534842220
512 840 1574444 534842220
512 841 1574425 534842220
512 842 1574465 534842220
512 843 1574590 534842220
512 844 1574426 534842220
512 845 1574446 534842220
512 846 1574469 534842220
512 847 1574427 534842220
512 848 1574427 534842220
512 849 1574427 534842220
512 850 1574447 534842220
512 851 1574602 534842220
512 852 1574448 534842220
512 853 1574407 534842220
512 854 1574407 534842220
512 855 1574407 534842220
512 856 1574566 534842220
512 857 1574427 534842220
512 858 1574427 534842220
512 859 1574548 534842220
512 860 1574427 534842220
512 861 1574407 534842220
512 862 1574451 534842220
512 863 1574486 534842220
512 864 1574548 534842220
512 865 1574446 534842220
512 866 1574427 534842220
512 867 1574427 534842220
512 868 1574447 534842220
512 869 1574427 534842220
512 870 1574466 534842220
512 871 1574450 534842220
512 872 1574572 534842220
512 873 1574446 534842220
512 874 1574407 534842220
512 875 1574427 534842220
512 876 1574423 534842220
512 877 1574586 534842220
512 878 1574407 534842220
512 879 1574427 534842220
512 880 1574588 534842220
512 881 1574470 534842220
512 882 1574407 534842220
512 883 1574447 534842220
512 884 1574446 534842220
512 885 1574567 534842220
512 886 1574426 534842220
512 887 1574427 534842220
512 888 1574467 534842220
512 889 1574467 534842220
512 890 1574445 534842220
512 891 1574462 534842220
512 892 1574487 534842220
512 893 1574670 534842220
512 894 1574469 534842220
512 895 1574407 534842220
512 896 1574427 534842220
512 897 1574407 534842220
512 898 1574546 534842220
512 899 1574466 534842220
512 900 1574407 534842220
512 901 1574426 534842220
512 902 1574427 534842220
512 903 1574429 534842220
512 904 1574426 534842220
512 905 1574422 534842220
512 906 1574555 534842220
512 907 1574407 534842220
512 908 1574407 534842220
512 909 1574487 534842220
512 910 1574466 534842220
512 911 1574554 534842220
512 912 1574426 534842220
512 913 1574407 534842220
512 914 1574552 534842220
512 915 1574451 534842220
512 916 1574448 534842220
512 917 1574427 534842220
512 918 1574427 534842220
512 919 1574605 534842220
512 920 1574446 534842220
512 921 1574427 534842220
512 922 1574427 534842220
512 923 1574426 534842220
512 924 1574507 534842220
512 925 1574427 534842220
512 926 1574427 534842220
512 927 1574598 534842220
512 928 1574467 534842220
512 929 1574447 534842220
512 930 1574467 534842220
512 931 1574427 534842220
512 932 1574587 534842220
512 933 1574445 534842220
512 934 1574427 534842220
512 935 1574584 534842220
512 936 1574451 534842220
512 937 1574427 534842220
512 938 1574427 534842220
512 939 1574487 534842220
512 940 1574587 534842220
512 941 1574467 534842220
512 942 1574407 534842220
512 943 1574447 534842220
512 944 1574407 534842220
512 945 1574575 534842220
512 946 1574447 534842220
512 947 1574427 534842220
512 948 1574649 534842220
512 949 1574467 534842220
512 950 1574447 534842220
512 951 1574447 534842220
512 952 1574495 534842220
512 953 1574566 534842220
512 954 1574427 534842220
512 955 1574429 534842220
512 956 1574427 534842220
512 957 1574446 534842220
512 958 1574427 534842220
512 959 1574407 534842220
512 960 1574427 534842220
512 961 1574621 534842220
512 962 1574407 534842220
512 963 1574427 534842220
512 964 1574487 534842220
512 965 1574427 534842220
512 966 1574568 534842220
512 967 1574447 534842220
512 968 1574407 534842220
512 969 1574567 534842220
512 970 1574486 534842220
512 971 1574427 534842220
512 972 1574427 534842220
512 973 1574407 534842220
512 974 1574570 534842220
512 975 1574407 534842220
512 976 1574427 534842220
512 977 1574424 534842220
512 978 1574407 534842220
512 979 1574427 534842220
512 980 1574407 534842220
512 981 1574427 534842220
512 982 1574611 534842220
512 983 1574427 534842220
512 984 1574447 534842220
512 985 1574427 534842220
512 986 1574527 534842220
512 987 1574619 534842220
512 988 1574447 534842220
512 989 1574447 534842220
512 990 1574427 534842220
512 991 1574427 534842220
512 992 1574528 534842220
512 993 1574467 534842220
512 994 1574448 534842220
512 995 1574566 534842220
512 996 1574407 534842220
512 997 1574447 534842220
512 998 1574427 534842220
512 999 1574407 534842220
