64 0 3342 4160031436
64 1 172 4160031436
64 2 108 4160031436
64 3 244 4160031436
64 4 140 4160031436
64 5 144 4160031436
64 6 188 4160031436
64 7 188 4160031436
64 8 156 4160031436
64 9 156 4160031436
64 10 188 4160031436
64 11 140 4160031436
64 12 152 4160031436
64 13 160 4160031436
64 14 148 4160031436
64 15 200 4160031436
64 16 132 4160031436
64 17 156 4160031436
64 18 168 4160031436
64 19 172 4160031436
64 20 204 4160031436
64 21 268 4160031436
64 22 124 4160031436
64 23 176 4160031436
64 24 112 4160031436
64 25 180 4160031436
64 26 292 4160031436
64 27 104 4160031436
64 28 140 4160031436
64 29 220 4160031436
64 30 120 4160031436
64 31 296 4160031436
64 32 136 4160031436
64 33 176 4160031436
64 34 200 4160031436
64 35 128 4160031436
64 36 180 4160031436
64 37 304 4160031436
64 38 152 4160031436
64 39 240 4160031436
64 40 80 4160031436
64 41 160 4160031436
64 42 296 4160031436
64 43 128 4160031436
64 44 156 4160031436
64 45 232 4160031436
64 46 152 4160031436
64 47 324 4160031436
64 48 140 4160031436
64 49 176 4160031436
64 50 260 4160031436
64 51 152 4160031436
64 52 216 4160031436
64 53 208 4160031436
64 54 120 4160031436
64 55 248 4160031436
64 56 100 4160031436
64 57 160 4160031436
64 58 212 4160031436
64 59 164 4160031436
64 60 132 4160031436
64 61 188 4160031436
64 62 168 4160031436
64 63 348 4160031436
64 64 84 4160031436
64 65 156 4160031436
64 66 272 4160031436
64 67 116 4160031436
64 68 188 4160031436
64 69 268 4160031436
64 70 120 4160031436
64 71 160 4160031436
64 72 196 4160031436
64 73 236 4160031436
64 74 256 4160031436
64 75 136 4160031436
64 76 144 4160031436
64 77 220 4160031436
64 78 100 4160031436
64 79 152 4160031436
64 80 228 4160031436
64 81 104 4160031436
64 82 268 4160031436
64 83 144 4160031436
64 84 192 4160031436
64 85 228 4160031436
64 86 96 4160031436
64 87 152 4160031436
64 88 216 4160031436
64 89 112 4160031436
64 90 272 4160031436
64 91 164 4160031436
64 92 104 4160031436
64 93 228 4160031436
64 94 188 4160031436
64 95 164 4160031436
64 96 216 4160031436
64 97 120 4160031436
64 98 288 4160031436
64 99 120 4160031436
64 100 124 4160031436
64 101 260 4160031436
64 102 128 4160031436
64 103 228 4160031436
64 104 180 4160031436
64 105 108 4160031436
64 106 228 4160031436
64 107 92 4160031436
64 108 204 4160031436
64 109 164 4160031436
64 110 208 4160031436
64 111 116 4160031436
64 112 184 4160031436
64 113 224 4160031436
64 114 192 4160031436
64 115 128 4160031436
64 116 156 4160031436
64 117 228 4160031436
64 118 104 4160031436
64 119 312 4160031436
64 120 112 4160031436
64 121 116 4160031436
64 122 288 4160031436
64 123 68 4160031436
64 124 324 4160031436
64 125 132 4160031436
64 126 188 4160031436
64 127 160 4160031436
64 128 100 4160031436
64 129 260 4160031436
64 130 152 4160031436
64 131 200 4160031436
64 132 184 4160031436
64 133 168 4160031436
64 134 200 4160031436
64 135 196 4160031436
64 136 208 4160031436
64 137 148 4160031436
64 138 248 4160031436
64 139 112 4160031436
64 140 228 4160031436
64 141 96 4160031436
64 142 116 4160031436
64 143 256 4160031436
64 144 144 4160031436
64 145 228 4160031436
64 146 104 4160031436
64 147 168 4160031436
64 148 160 4160031436
64 149 268 4160031436
64 150 176 4160031436
64 151 120 4160031436
64 152 168 4160031436
64 153 152 4160031436
64 154 212 4160031436
64 155 136 4160031436
64 156 236 4160031436
64 157 112 4160031436
64 158 164 4160031436
64 159 256 4160031436
64 160 140 4160031436
64 161 264 4160031436
64 162 96 4160031436
64 163 236 4160031436
64 164 160 4160031436
64 165 120 4160031436
64 166 228 4160031436
64 167 52 4160031436
64 168 224 4160031436
64 169 176 4160031436
64 170 236 4160031436
64 171 164 4160031436
64 172 136 4160031436
64 173 180 4160031436
64 174 180 4160031436
64 175 156 4160031436
64 176 124 4160031436
64 177 200 4160031436
64 178 148 4160031436
64 179 304 4160031436
64 180 88 4160031436
64 181 152 4160031436
64 182 216 4160031436
64 183 116 4160031436
64 184 332 4160031436
64 185 156 4160031436
64 186 232 4160031436
64 187 172 4160031436
64 188 80 4160031436
64 189 284 4160031436
64 190 136 4160031436
64 191 212 4160031436
64 192 112 4160031436
64 193 168 4160031436
64 194 220 4160031436
64 195 168 4160031436
64 196 184 4160031436
64 197 180 4160031436
64 198 252 4160031436
64 199 172 4160031436
64 200 304 4160031436
64 201 92 4160031436
64 202 156 4160031436
64 203 228 4160031436
64 204 112 4160031436
64 205 224 4160031436
64 206 124 4160031436
64 207 224 4160031436
64 208 80 4160031436
64 209 391 4160031436
64 210 240 4160031436
64 211 140 4160031436
64 212 244 4160031436
64 213 136 4160031436
64 214 276 4160031436
64 215 176 4160031436
64 216 136 4160031436
64 217 208 4160031436
64 218 176 4160031436
64 219 248 4160031436
64 220 172 4160031436
64 221 216 4160031436
64 222 112 4160031436
64 223 300 4160031436
64 224 148 4160031436
64 225 132 4160031436
64 226 248 4160031436
64 227 56 4160031436
64 228 228 4160031436
64 229 156 4160031436
64 230 188 4160031436
64 231 92 4160031436
64 232 132 4160031436
64 233 228 4160031436
64 234 148 4160031436
64 235 220 4160031436
64 236 176 4160031436
64 237 188 4160031436
64 238 204 4160031436
64 239 411 4160031436
64 240 180 4160031436
64 241 116 4160031436
64 242 196 4160031436
64 243 124 4160031436
64 244 360 4160031436
64 245 112 4160031436
64 246 140 4160031436
64 247 276 4160031436
64 248 88 4160031436
64 249 252 4160031436
64 250 96 4160031436
64 251 192 4160031436
64 252 100 4160031436
64 253 80 4160031436
64 254 244 4160031436
64 255 80 4160031436
64 256 232 4160031436
64 257 212 4160031436
64 258 140 4160031436
64 259 208 4160031436
64 260 184 4160031436
64 261 196 4160031436
64 262 168 4160031436
64 263 172 4160031436
64 264 148 4160031436
64 265 244 4160031436
64 266 112 4160031436
64 267 112 4160031436
64 268 224 4160031436
64 269 379 4160031436
64 270 328 4160031436
64 271 140 4160031436
64 272 208 4160031436
64 273 136 4160031436
64 274 116 4160031436
64 275 356 4160031436
64 276 164 4160031436
64 277 204 4160031436
64 278 148 4160031436
64 279 244 4160031436
64 280 188 4160031436
64 281 184 4160031436
64 282 76 4160031436
64 283 140 4160031436
64 284 260 4160031436
64 285 148 4160031436
64 286 192 4160031436
64 287 92 4160031436
64 288 160 4160031436
64 289 264 4160031436
64 290 176 4160031436
64 291 256 4160031436
64 292 124 4160031436
64 293 228 4160031436
64 294 140 4160031436
64 295 224 4160031436
64 296 172 4160031436
64 297 156 4160031436
64 298 228 4160031436
64 299 411 4160031436
64 300 212 4160031436
64 301 136 4160031436
64 302 144 4160031436
64 303 164 4160031436
64 304 160 4160031436
64 305 284 4160031436
64 306 156 4160031436
64 307 180 4160031436
64 308 104 4160031436
64 309 308 4160031436
64 310 68 4160031436
64 311 100 4160031436
64 312 228 4160031436
64 313 104 4160031436
64 314 256 4160031436
64 315 68 4160031436
64 316 216 4160031436
64 317 156 4160031436
64 318 160 4160031436
64 319 248 4160031436
64 320 120 4160031436
64 321 212 4160031436
64 322 164 4160031436
64 323 232 4160031436
64 324 180 4160031436
64 325 252 4160031436
64 326 96 4160031436
64 327 160 4160031436
64 328 200 4160031436
64 329 355 4160031436
64 330 344 4160031436
64 331 96 4160031436
64 332 148 4160031436
64 333 220 4160031436
64 334 120 4160031436
64 335 368 4160031436
64 336 76 4160031436
64 337 228 4160031436
64 338 164 4160031436
64 339 68 4160031436
64 340 345 4160031436
64 341 88 4160031436
64 342 212 4160031436
64 343 216 4160031436
64 344 224 4160031436
64 345 176 4160031436
64 346 204 4160031436
64 347 200 4160031436
64 348 156 4160031436
64 349 220 4160031436
64 350 136 4160031436
64 351 248 4160031436
64 352 124 4160031436
64 353 184 4160031436
64 354 268 4160031436
64 355 160 4160031436
64 356 264 4160031436
64 357 120 4160031436
64 358 196 4160031436
64 359 132 4160031436
64 360 312 4160031436
64 361 196 4160031436
64 362 44 4160031436
64 363 188 4160031436
64 364 132 4160031436
64 365 364 4160031436
64 366 176 4160031436
64 367 244 4160031436
64 368 152 4160031436
64 369 188 4160031436
64 370 272 4160031436
64 371 192 4160031436
64 372 228 4160031436
64 373 168 4160031436
64 374 268 4160031436
64 375 120 4160031436
64 376 200 4160031436
64 377 208 4160031436
64 378 136 4160031436
64 379 236 4160031436
64 380 104 4160031436
64 381 208 4160031436
64 382 188 4160031436
64 383 188 4160031436
64 384 212 4160031436
64 385 136 4160031436
64 386 224 4160031436
64 387 136 4160031436
64 388 148 4160031436
64 389 156 4160031436
64 390 377 4160031436
64 391 148 4160031436
64 392 176 4160031436
64 393 180 4160031436
64 394 120 4160031436
64 395 340 4160031436
64 396 88 4160031436
64 397 212 4160031436
64 398 108 4160031436
64 399 164 4160031436
64 400 324 4160031436
64 401 68 4160031436
64 402 256 4160031436
64 403 108 4160031436
64 404 312 4160031436
64 405 188 4160031436
64 406 176 4160031436
64 407 176 4160031436
64 408 144 4160031436
64 409 284 4160031436
64 410 176 4160031436
64 411 240 4160031436
64 412 160 4160031436
64 413 220 4160031436
64 414 100 4160031436
64 415 156 4160031436
64 416 232 4160031436
64 417 108 4160031436
64 418 236 4160031436
64 419 132 4160031436
64 420 348 4160031436
64 421 164 4160031436
64 422 88 4160031436
64 423 220 4160031436
64 424 140 4160031436
64 425 256 4160031436
64 426 164 4160031436
64 427 124 4160031436
64 428 144 4160031436
64 429 164 4160031436
64 430 212 4160031436
64 431 184 4160031436
64 432 208 4160031436
64 433 156 4160031436
64 434 308 4160031436
64 435 128 4160031436
64 436 224 4160031436
64 437 56 4160031436
64 438 92 4160031436
64 439 296 4160031436
64 440 108 4160031436
64 441 248 4160031436
64 442 108 4160031436
64 443 120 4160031436
64 444 240 4160031436
64 445 176 4160031436
64 446 180 4160031436
64 447 188 4160031436
64 448 180 4160031436
64 449 160 4160031436
64 450 304 4160031436
64 451 180 4160031436
64 452 200 4160031436
64 453 216 4160031436
64 454 132 4160031436
64 455 356 4160031436
64 456 152 4160031436
64 457 304 4160031436
64 458 164 4160031436
64 459 196 4160031436
64 460 336 4160031436
64 461 80 4160031436
64 462 252 4160031436
64 463 108 4160031436
64 464 256 4160031436
64 465 132 4160031436
64 466 104 4160031436
64 467 240 4160031436
64 468 132 4160031436
64 469 208 4160031436
64 470 184 4160031436
64 471 216 4160031436
64 472 152 4160031436
64 473 248 4160031436
64 474 152 4160031436
64 475 140 4160031436
64 476 228 4160031436
64 477 132 4160031436
64 478 244 4160031436
64 479 84 4160031436
64 480 320 4160031436
64 481 104 4160031436
64 482 128 4160031436
64 483 240 4160031436
64 484 72 4160031436
64 485 320 4160031436
64 486 136 4160031436
64 487 192 4160031436
64 488 144 4160031436
64 489 168 4160031436
64 490 352 4160031436
64 491 152 4160031436
64 492 204 4160031436
64 493 120 4160031436
64 494 256 4160031436
64 495 88 4160031436
64 496 172 4160031436
64 497 236 4160031436
64 498 152 4160031436
64 499 296 4160031436
64 500 72 4160031436
64 501 264 4160031436
64 502 148 4160031436
64 503 140 4160031436
64 504 264 4160031436
64 505 148 4160031436
64 506 216 4160031436
64 507 144 4160031436
64 508 200 4160031436
64 509 184 4160031436
64 510 208 4160031436
64 511 216 4160031436
64 512 148 4160031436
64 513 168 4160031436
64 514 168 4160031436
64 515 292 4160031436
64 516 144 4160031436
64 517 232 4160031436
64 518 96 4160031436
64 519 176 4160031436
64 520 372 4160031436
64 521 192 4160031436
64 522 248 4160031436
64 523 136 4160031436
64 524 284 4160031436
64 525 156 4160031436
64 526 80 4160031436
64 527 220 4160031436
64 528 112 4160031436
64 529 228 4160031436
64 530 172 4160031436
64 531 180 4160031436
64 532 172 4160031436
64 533 204 4160031436
64 534 236 4160031436
64 535 172 4160031436
64 536 220 4160031436
64 537 156 4160031436
64 538 228 4160031436
64 539 116 4160031436
64 540 224 4160031436
64 541 244 4160031436
64 542 124 4160031436
64 543 272 4160031436
64 544 148 4160031436
64 545 324 4160031436
64 546 132 4160031436
64 547 164 4160031436
64 548 176 4160031436
64 549 176 4160031436
64 550 316 4160031436
64 551 84 4160031436
64 552 236 4160031436
64 553 200 4160031436
64 554 188 4160031436
64 555 132 4160031436
64 556 180 4160031436
64 557 164 4160031436
64 558 144 4160031436
64 559 248 4160031436
64 560 148 4160031436
64 561 244 4160031436
64 562 156 4160031436
64 563 140 4160031436
64 564 260 4160031436
64 565 76 4160031436
64 566 240 4160031436
64 567 148 4160031436
64 568 208 4160031436
64 569 184 4160031436
64 570 144 4160031436
64 571 212 4160031436
64 572 168 4160031436
64 573 208 4160031436
64 574 184 4160031436
64 575 260 4160031436
64 576 124 4160031436
64 577 236 4160031436
64 578 172 4160031436
64 579 164 4160031436
64 580 316 4160031436
64 581 128 4160031436
64 582 292 4160031436
64 583 96 4160031436
64 584 256 4160031436
64 585 136 4160031436
64 586 96 4160031436
64 587 216 4160031436
64 588 84 4160031436
64 589 252 4160031436
64 590 136 4160031436
64 591 128 4160031436
64 592 248 4160031436
64 593 136 4160031436
64 594 180 4160031436
64 595 168 4160031436
64 596 216 4160031436
64 597 164 4160031436
64 598 156 4160031436
64 599 108 4160031436
64 600 296 4160031436
64 601 212 4160031436
64 602 116 4160031436
64 603 248 4160031436
64 604 100 4160031436
64 605 376 4160031436
64 606 104 4160031436
64 607 128 4160031436
64 608 220 4160031436
64 609 116 4160031436
64 610 324 4160031436
64 611 176 4160031436
64 612 168 4160031436
64 613 172 4160031436
64 614 196 4160031436
64 615 128 4160031436
64 616 188 4160031436
64 617 168 4160031436
64 618 152 4160031436
64 619 260 4160031436
64 620 140 4160031436
64 621 232 4160031436
64 622 152 4160031436
64 623 168 4160031436
64 624 236 4160031436
64 625 144 4160031436
64 626 240 4160031436
64 627 144 4160031436
64 628 228 4160031436
64 629 108 4160031436
64 630 376 4160031436
64 631 180 4160031436
64 632 148 4160031436
64 633 184 4160031436
64 634 164 4160031436
64 635 328 4160031436
64 636 188 4160031436
64 637 200 4160031436
64 638 128 4160031436
64 639 168 4160031436
64 640 252 4160031436
64 641 172 4160031436
64 642 236 4160031436
64 643 156 4160031436
64 644 316 4160031436
64 645 160 4160031436
64 646 176 4160031436
64 647 100 4160031436
64 648 108 4160031436
64 649 289 4160031436
64 650 96 4160031436
64 651 220 4160031436
64 652 112 4160031436
64 653 160 4160031436
64 654 172 4160031436
64 655 156 4160031436
64 656 188 4160031436
64 657 164 4160031436
64 658 212 4160031436
64 659 200 4160031436
64 660 376 4160031436
64 661 156 4160031436
64 662 132 4160031436
64 663 192 4160031436
64 664 124 4160031436
64 665 316 4160031436
64 666 116 4160031436
64 667 208 4160031436
64 668 64 4160031436
64 669 172 4160031436
64 670 364 4160031436
64 671 108 4160031436
64 672 196 4160031436
64 673 192 4160031436
64 674 280 4160031436
64 675 196 4160031436
64 676 196 4160031436
64 677 168 4160031436
64 678 140 4160031436
64 679 172 4160031436
64 680 132 4160031436
64 681 204 4160031436
64 682 152 4160031436
64 683 288 4160031436
64 684 172 4160031436
64 685 160 4160031436
64 686 240 4160031436
64 687 104 4160031436
64 688 264 4160031436
64 689 100 4160031436
64 690 304 4160031436
64 691 156 4160031436
64 692 176 4160031436
64 693 168 4160031436
64 694 136 4160031436
64 695 244 4160031436
64 696 148 4160031436
64 697 180 4160031436
64 698 164 4160031436
64 699 236 4160031436
64 700 180 4160031436
64 701 148 4160031436
64 702 212 4160031436
64 703 152 4160031436
64 704 276 4160031436
64 705 104 4160031436
64 706 244 4160031436
64 707 120 4160031436
64 708 156 4160031436
64 709 236 4160031436
64 710 100 4160031436
64 711 232 4160031436
64 712 140 4160031436
64 713 160 4160031436
64 714 164 4160031436
64 715 168 4160031436
64 716 133 4160031436
64 717 144 4160031436
64 718 184 4160031436
64 719 156 4160031436
64 720 320 4160031436
64 721 100 4160031436
64 722 256 4160031436
64 723 124 4160031436
64 724 304 4160031436
64 725 152 4160031436
64 726 76 4160031436
64 727 228 4160031436
64 728 68 4160031436
64 729 288 4160031436
64 730 132 4160031436
64 731 132 4160031436
64 732 240 4160031436
64 733 108 4160031436
64 734 228 4160031436
64 735 173 4160031436
64 736 213 4160031436
64 737 176 4160031436
64 738 232 4160031436
64 739 212 4160031436
64 740 168 4160031436
64 741 192 4160031436
64 742 128 4160031436
64 743 204 4160031436
64 744 132 4160031436
64 745 264 4160031436
64 746 92 4160031436
64 747 140 4160031436
64 748 240 4160031436
64 749 72 4160031436
64 750 352 4160031436
64 751 140 4160031436
64 752 184 4160031436
64 753 148 4160031436
64 754 128 4160031436
64 755 304 4160031436
64 756 176 4160031436
64 757 164 4160031436
64 758 136 4160031436
64 759 196 4160031436
64 760 144 4160031436
64 761 176 4160031436
64 762 172 4160031436
64 763 128 4160031436
64 764 256 4160031436
64 765 80 4160031436
64 766 232 4160031436
64 767 116 4160031436
64 768 120 4160031436
64 769 316 4160031436
64 770 100 4160031436
64 771 236 4160031436
64 772 156 4160031436
64 773 160 4160031436
64 774 164 4160031436
64 775 220 4160031436
64 776 164 4160031436
64 777 120 4160031436
64 778 256 4160031436
64 779 140 4160031436
64 780 360 4160031436
64 781 144 4160031436
64 782 204 4160031436
64 783 172 4160031436
64 784 176 4160031436
64 785 272 4160031436
64 786 116 4160031436
64 787 216 4160031436
64 788 132 4160031436
64 789 268 4160031436
64 790 124 4160031436
64 791 236 4160031436
64 792 176 4160031436
64 793 104 4160031436
64 794 276 4160031436
64 795 168 4160031436
64 796 196 4160031436
64 797 160 4160031436
64 798 196 4160031436
64 799 188 4160031436
64 800 168 4160031436
64 801 192 4160031436
64 802 124 4160031436
64 803 252 4160031436
64 804 148 4160031436
64 805 244 4160031436
64 806 76 4160031436
64 807 136 4160031436
64 808 260 4160031436
64 809 92 4160031436
64 810 340 4160031436
64 811 148 4160031436
64 812 228 4160031436
64 813 164 4160031436
64 814 92 4160031436
64 815 332 4160031436
64 816 85 4160031436
64 817 260 4160031436
64 818 164 4160031436
64 819 216 4160031436
64 820 172 4160031436
64 821 168 4160031436
64 822 232 4160031436
64 823 136 4160031436
64 824 252 4160031436
64 825 132 4160031436
64 826 224 4160031436
64 827 88 4160031436
64 828 120 4160031436
64 829 252 4160031436
64 830 136 4160031436
64 831 288 4160031436
64 832 108 4160031436
64 833 232 4160031436
64 834 128 4160031436
64 835 76 4160031436
64 836 232 4160031436
64 837 120 4160031436
64 838 212 4160031436
64 839 100 4160031436
64 840 352 4160031436
64 841 188 4160031436
64 842 128 4160031436
64 843 208 4160031436
64 844 140 4160031436
64 845 300 4160031436
64 846 172 4160031436
64 847 248 4160031436
64 848 120 4160031436
64 849 292 4160031436
64 850 92 4160031436
64 851 152 4160031436
64 852 248 4160031436
64 853 120 4160031436
64 854 248 4160031436
64 855 84 4160031436
64 856 80 4160031436
64 857 220 4160031436
64 858 100 4160031436
64 859 240 4160031436
64 860 152 4160031436
64 861 256 4160031436
64 862 184 4160031436
64 863 88 4160031436
64 864 196 4160031436
64 865 172 4160031436
64 866 244 4160031436
64 867 160 4160031436
64 868 188 4160031436
64 869 160 4160031436
64 870 256 4160031436
64 871 204 4160031436
64 872 172 4160031436
64 873 240 4160031436
64 874 120 4160031436
64 875 364 4160031436
64 876 108 4160031436
64 877 216 4160031436
64 878 148 4160031436
64 879 116 4160031436
64 880 340 4160031436
64 881 120 4160031436
64 882 200 4160031436
64 883 172 4160031436
64 884 192 4160031436
64 885 172 4160031436
64 886 140 4160031436
64 887 200 4160031436
64 888 204 4160031436
64 889 192 4160031436
64 890 112 4160031436
64 891 252 4160031436
64 892 100 4160031436
64 893 232 4160031436
64 894 156 4160031436
64 895 116 4160031436
64 896 244 4160031436
64 897 104 4160031436
64 898 220 4160031436
64 899 100 4160031436
64 900 328 4160031436
64 901 148 4160031436
64 902 64 4160031436
64 903 172 4160031436
64 904 184 4160031436
64 905 284 4160031436
64 906 196 4160031436
64 907 188 4160031436
64 908 180 4160031436
64 909 164 4160031436
64 910 224 4160031436
64 911 88 4160031436
64 912 220 4160031436
64 913 116 4160031436
64 914 244 4160031436
64 915 116 4160031436
64 916 152 4160031436
64 917 252 4160031436
64 918 72 4160031436
64 919 248 4160031436
64 920 140 4160031436
64 921 200 4160031436
64 922 168 4160031436
64 923 152 4160031436
64 924 228 4160031436
64 925 140 4160031436
64 926 196 4160031436
64 927 160 4160031436
64 928 200 4160031436
64 929 128 4160031436
64 930 288 4160031436
64 931 140 4160031436
64 932 152 4160031436
64 933 208 4160031436
64 934 116 4160031436
64 935 340 4160031436
64 936 92 4160031436
64 937 236 4160031436
64 938 104 4160031436
64 939 128 4160031436
64 940 336 4160031436
64 941 116 4160031436
64 942 204 4160031436
64 943 176 4160031436
64 944 184 4160031436
64 945 152 4160031436
64 946 136 4160031436
64 947 172 4160031436
64 948 184 4160031436
64 949 228 4160031436
64 950 176 4160031436
64 951 240 4160031436
64 952 128 4160031436
64 953 264 4160031436
64 954 84 4160031436
64 955 144 4160031436
64 956 284 4160031436
64 957 140 4160031436
64 958 232 4160031436
64 959 112 4160031436
64 960 348 4160031436
64 961 168 4160031436
64 962 152 4160031436
64 963 240 4160031436
64 964 96 4160031436
64 965 316 4160031436
64 966 168 4160031436
64 967 164 4160031436
64 968 180 4160031436
64 969 144 4160031436
64 970 260 4160031436
64 971 180 4160031436
64 972 232 4160031436
64 973 100 4160031436
64 974 264 4160031436
64 975 64 4160031436
64 976 160 4160031436
64 977 208 4160031436
64 978 96 4160031436
64 979 280 4160031436
64 980 180 4160031436
64 981 212 4160031436
64 982 164 4160031436
64 983 120 4160031436
64 984 212 4160031436
64 985 148 4160031436
64 986 180 4160031436
64 987 108 4160031436
64 988 200 4160031436
64 989 164 4160031436
64 990 244 4160031436
64 991 148 4160031436
64 992 220 4160031436
64 993 244 4160031436
64 994 132 4160031436
64 995 392 4160031436
64 996 116 4160031436
64 997 224 4160031436
64 998 96 4160031436
64 999 148 4160031436
