16 0 149 669014732
16 1 8 669014732
16 2 0 669014732
16 3 0 669014732
16 4 0 669014732
16 5 0 669014732
16 6 0 669014732
16 7 0 669014732
16 8 0 669014732
16 9 0 669014732
16 10 0 669014732
16 11 0 669014732
16 12 0 669014732
16 13 0 669014732
16 14 0 669014732
16 15 0 669014732
16 16 0 669014732
16 17 0 669014732
16 18 0 669014732
16 19 0 669014732
16 20 0 669014732
16 21 0 669014732
16 22 0 669014732
16 23 0 669014732
16 24 0 669014732
16 25 0 669014732
16 26 0 669014732
16 27 0 669014732
16 28 0 669014732
16 29 0 669014732
16 30 0 669014732
16 31 0 669014732
16 32 0 669014732
16 33 0 669014732
16 34 0 669014732
16 35 0 669014732
16 36 0 669014732
16 37 0 669014732
16 38 0 669014732
16 39 0 669014732
16 40 0 669014732
16 41 0 669014732
16 42 0 669014732
16 43 0 669014732
16 44 0 669014732
16 45 0 669014732
16 46 0 669014732
16 47 0 669014732
16 48 0 669014732
16 49 0 669014732
16 50 0 669014732
16 51 0 669014732
16 52 0 669014732
16 53 0 669014732
16 54 0 669014732
16 55 0 669014732
16 56 0 669014732
16 57 0 669014732
16 58 0 669014732
16 59 0 669014732
16 60 0 669014732
16 61 0 669014732
16 62 0 669014732
16 63 0 669014732
16 64 0 669014732
16 65 0 669014732
16 66 0 669014732
16 67 0 669014732
16 68 0 669014732
16 69 0 669014732
16 70 0 669014732
16 71 0 669014732
16 72 0 669014732
16 73 0 669014732
16 74 0 669014732
16 75 0 669014732
16 76 0 669014732
16 77 0 669014732
16 78 0 669014732
16 79 0 669014732
16 80 0 669014732
16 81 0 669014732
16 82 0 669014732
16 83 0 669014732
16 84 0 669014732
16 85 0 669014732
16 86 0 669014732
16 87 0 669014732
16 88 0 669014732
16 89 0 669014732
16 90 0 669014732
16 91 0 669014732
16 92 0 669014732
16 93 0 669014732
16 94 0 669014732
16 95 0 669014732
16 96 0 669014732
16 97 0 669014732
16 98 0 669014732
16 99 0 669014732
16 100 0 669014732
16 101 0 669014732
16 102 0 669014732
16 103 0 669014732
16 104 0 669014732
16 105 0 669014732
16 106 0 669014732
16 107 0 669014732
16 108 0 669014732
16 109 0 669014732
16 110 0 669014732
16 111 0 669014732
16 112 0 669014732
16 113 0 669014732
16 114 0 669014732
16 115 0 669014732
16 116 0 669014732
16 117 0 669014732
16 118 0 669014732
16 119 0 669014732
16 120 0 669014732
16 121 0 669014732
16 122 0 669014732
16 123 0 669014732
16 124 0 669014732
16 125 0 669014732
16 126 0 669014732
16 127 0 669014732
16 128 0 669014732
16 129 0 669014732
16 130 0 669014732
16 131 0 669014732
16 132 0 669014732
16 133 0 669014732
16 134 0 669014732
16 135 0 669014732
16 136 0 669014732
16 137 0 669014732
16 138 0 669014732
16 139 0 669014732
16 140 0 669014732
16 141 0 669014732
16 142 0 669014732
16 143 0 669014732
16 144 0 669014732
16 145 0 669014732
16 146 0 669014732
16 147 0 669014732
16 148 0 669014732
16 149 0 669014732
16 150 0 669014732
16 151 0 669014732
16 152 0 669014732
16 153 0 669014732
16 154 0 669014732
16 155 0 669014732
16 156 0 669014732
16 157 0 669014732
16 158 0 669014732
16 159 0 669014732
16 160 0 669014732
16 161 0 669014732
16 162 0 669014732
16 163 0 669014732
16 164 0 669014732
16 165 0 669014732
16 166 0 669014732
16 167 0 669014732
16 168 0 669014732
16 169 0 669014732
16 170 0 669014732
16 171 0 669014732
16 172 0 669014732
16 173 0 669014732
16 174 0 669014732
16 175 0 669014732
16 176 0 669014732
16 177 0 669014732
16 178 0 669014732
16 179 0 669014732
16 180 0 669014732
16 181 0 669014732
16 182 0 669014732
16 183 0 669014732
16 184 0 669014732
16 185 0 669014732
16 186 0 669014732
16 187 0 669014732
16 188 0 669014732
16 189 0 669014732
16 190 0 669014732
16 191 0 669014732
16 192 0 669014732
16 193 0 669014732
16 194 0 669014732
16 195 0 669014732
16 196 0 669014732
16 197 0 669014732
16 198 0 669014732
16 199 0 669014732
16 200 0 669014732
16 201 0 669014732
16 202 0 669014732
16 203 0 669014732
16 204 0 669014732
16 205 0 669014732
16 206 0 669014732
16 207 0 669014732
16 208 0 669014732
16 209 0 669014732
16 210 0 669014732
16 211 0 669014732
16 212 0 669014732
16 213 0 669014732
16 214 0 669014732
16 215 0 669014732
16 216 0 669014732
16 217 0 669014732
16 218 0 669014732
16 219 0 669014732
16 220 0 669014732
16 221 0 669014732
16 222 0 669014732
16 223 0 669014732
16 224 0 669014732
16 225 0 669014732
16 226 0 669014732
16 227 0 669014732
16 228 0 669014732
16 229 0 669014732
16 230 0 669014732
16 231 0 669014732
16 232 0 669014732
16 233 0 669014732
16 234 0 669014732
16 235 0 669014732
16 236 0 669014732
16 237 0 669014732
16 238 0 669014732
16 239 0 669014732
16 240 0 669014732
16 241 0 669014732
16 242 0 669014732
16 243 0 669014732
16 244 0 669014732
16 245 0 669014732
16 246 0 669014732
16 247 0 669014732
16 248 0 669014732
16 249 0 669014732
16 250 0 669014732
16 251 0 669014732
16 252 0 669014732
16 253 0 669014732
16 254 0 669014732
16 255 0 669014732
16 256 0 669014732
16 257 0 669014732
16 258 0 669014732
16 259 0 669014732
16 260 0 669014732
16 261 0 669014732
16 262 0 669014732
16 263 0 669014732
16 264 0 669014732
16 265 0 669014732
16 266 0 669014732
16 267 0 669014732
16 268 0 669014732
16 269 0 669014732
16 270 0 669014732
16 271 0 669014732
16 272 0 669014732
16 273 0 669014732
16 274 0 669014732
16 275 0 669014732
16 276 0 669014732
16 277 0 669014732
16 278 0 669014732
16 279 0 669014732
16 280 0 669014732
16 281 0 669014732
16 282 0 669014732
16 283 0 669014732
16 284 0 669014732
16 285 0 669014732
16 286 0 669014732
16 287 0 669014732
16 288 0 669014732
16 289 0 669014732
16 290 0 669014732
16 291 0 669014732
16 292 0 669014732
16 293 0 669014732
16 294 0 669014732
16 295 0 669014732
16 296 0 669014732
16 297 0 669014732
16 298 0 669014732
16 299 0 669014732
16 300 0 669014732
16 301 0 669014732
16 302 0 669014732
16 303 0 669014732
16 304 0 669014732
16 305 0 669014732
16 306 0 669014732
16 307 0 669014732
16 308 0 669014732
16 309 0 669014732
16 310 0 669014732
16 311 0 669014732
16 312 0 669014732
16 313 0 669014732
16 314 0 669014732
16 315 0 669014732
16 316 0 669014732
16 317 0 669014732
16 318 0 669014732
16 319 0 669014732
16 320 0 669014732
16 321 0 669014732
16 322 0 669014732
16 323 0 669014732
16 324 0 669014732
16 325 0 669014732
16 326 0 669014732
16 327 0 669014732
16 328 0 669014732
16 329 0 669014732
16 330 0 669014732
16 331 0 669014732
16 332 0 669014732
16 333 0 669014732
16 334 0 669014732
16 335 0 669014732
16 336 0 669014732
16 337 0 669014732
16 338 0 669014732
16 339 0 669014732
16 340 0 669014732
16 341 0 669014732
16 342 0 669014732
16 343 0 669014732
16 344 0 669014732
16 345 0 669014732
16 346 0 669014732
16 347 0 669014732
16 348 0 669014732
16 349 0 669014732
16 350 0 669014732
16 351 0 669014732
16 352 0 669014732
16 353 0 669014732
16 354 0 669014732
16 355 0 669014732
16 356 0 669014732
16 357 0 669014732
16 358 0 669014732
16 359 0 669014732
16 360 0 669014732
16 361 0 669014732
16 362 0 669014732
16 363 0 669014732
16 364 0 669014732
16 365 0 669014732
16 366 0 669014732
16 367 0 669014732
16 368 0 669014732
16 369 0 669014732
16 370 0 669014732
16 371 0 669014732
16 372 0 669014732
16 373 0 669014732
16 374 0 669014732
16 375 0 669014732
16 376 0 669014732
16 377 0 669014732
16 378 0 669014732
16 379 0 669014732
16 380 0 669014732
16 381 0 669014732
16 382 0 669014732
16 383 0 669014732
16 384 0 669014732
16 385 0 669014732
16 386 0 669014732
16 387 0 669014732
16 388 0 669014732
16 389 0 669014732
16 390 0 669014732
16 391 0 669014732
16 392 0 669014732
16 393 0 669014732
16 394 0 669014732
16 395 0 669014732
16 396 0 669014732
16 397 0 669014732
16 398 0 669014732
16 399 0 669014732
16 400 0 669014732
16 401 0 669014732
16 402 0 669014732
16 403 0 669014732
16 404 0 669014732
16 405 0 669014732
16 406 0 669014732
16 407 0 669014732
16 408 0 669014732
16 409 0 669014732
16 410 0 669014732
16 411 0 669014732
16 412 0 669014732
16 413 0 669014732
16 414 0 669014732
16 415 0 669014732
16 416 0 669014732
16 417 0 669014732
16 418 0 669014732
16 419 0 669014732
16 420 0 669014732
16 421 0 669014732
16 422 0 669014732
16 423 0 669014732
16 424 0 669014732
16 425 0 669014732
16 426 0 669014732
16 427 0 669014732
16 428 0 669014732
16 429 0 669014732
16 430 0 669014732
16 431 0 669014732
16 432 0 669014732
16 433 0 669014732
16 434 0 669014732
16 435 0 669014732
16 436 0 669014732
16 437 0 669014732
16 438 0 669014732
16 439 0 669014732
16 440 0 669014732
16 441 0 669014732
16 442 0 669014732
16 443 0 669014732
16 444 0 669014732
16 445 0 669014732
16 446 0 669014732
16 447 0 669014732
16 448 0 669014732
16 449 0 669014732
16 450 0 669014732
16 451 0 669014732
16 452 0 669014732
16 453 0 669014732
16 454 0 669014732
16 455 0 669014732
16 456 0 669014732
16 457 0 669014732
16 458 0 669014732
16 459 0 669014732
16 460 0 669014732
16 461 0 669014732
16 462 0 669014732
16 463 0 669014732
16 464 0 669014732
16 465 0 669014732
16 466 0 669014732
16 467 0 669014732
16 468 0 669014732
16 469 0 669014732
16 470 0 669014732
16 471 0 669014732
16 472 0 669014732
16 473 0 669014732
16 474 0 669014732
16 475 0 669014732
16 476 0 669014732
16 477 0 669014732
16 478 0 669014732
16 479 0 669014732
16 480 0 669014732
16 481 0 669014732
16 482 0 669014732
16 483 0 669014732
16 484 0 669014732
16 485 0 669014732
16 486 0 669014732
16 487 0 669014732
16 488 0 669014732
16 489 0 669014732
16 490 0 669014732
16 491 0 669014732
16 492 0 669014732
16 493 0 669014732
16 494 0 669014732
16 495 0 669014732
16 496 0 669014732
16 497 0 669014732
16 498 0 669014732
16 499 0 669014732
16 500 0 669014732
16 501 0 669014732
16 502 0 669014732
16 503 0 669014732
16 504 0 669014732
16 505 0 669014732
16 506 0 669014732
16 507 0 669014732
16 508 0 669014732
16 509 0 669014732
16 510 0 669014732
16 511 0 669014732
16 512 0 669014732
16 513 0 669014732
16 514 0 669014732
16 515 0 669014732
16 516 0 669014732
16 517 0 669014732
16 518 0 669014732
16 519 0 669014732
16 520 0 669014732
16 521 0 669014732
16 522 0 669014732
16 523 0 669014732
16 524 0 669014732
16 525 0 669014732
16 526 0 669014732
16 527 0 669014732
16 528 0 669014732
16 529 0 669014732
16 530 0 669014732
16 531 0 669014732
16 532 0 669014732
16 533 0 669014732
16 534 0 669014732
16 535 0 669014732
16 536 0 669014732
16 537 0 669014732
16 538 0 669014732
16 539 0 669014732
16 540 0 669014732
16 541 0 669014732
16 542 0 669014732
16 543 0 669014732
16 544 0 669014732
16 545 0 669014732
16 546 0 669014732
16 547 0 669014732
16 548 0 669014732
16 549 0 669014732
16 550 0 669014732
16 551 0 669014732
16 552 0 669014732
16 553 0 669014732
16 554 0 669014732
16 555 0 669014732
16 556 0 669014732
16 557 0 669014732
16 558 0 669014732
16 559 0 669014732
16 560 0 669014732
16 561 0 669014732
16 562 0 669014732
16 563 0 669014732
16 564 0 669014732
16 565 0 669014732
16 566 0 669014732
16 567 0 669014732
16 568 0 669014732
16 569 0 669014732
16 570 0 669014732
16 571 0 669014732
16 572 0 669014732
16 573 0 669014732
16 574 0 669014732
16 575 0 669014732
16 576 0 669014732
16 577 0 669014732
16 578 0 669014732
16 579 0 669014732
16 580 0 669014732
16 581 0 669014732
16 582 0 669014732
16 583 0 669014732
16 584 0 669014732
16 585 0 669014732
16 586 0 669014732
16 587 0 669014732
16 588 0 669014732
16 589 0 669014732
16 590 0 669014732
16 591 0 669014732
16 592 0 669014732
16 593 0 669014732
16 594 0 669014732
16 595 0 669014732
16 596 0 669014732
16 597 0 669014732
16 598 0 669014732
16 599 0 669014732
16 600 0 669014732
16 601 0 669014732
16 602 0 669014732
16 603 0 669014732
16 604 0 669014732
16 605 0 669014732
16 606 0 669014732
16 607 0 669014732
16 608 0 669014732
16 609 0 669014732
16 610 0 669014732
16 611 0 669014732
16 612 0 669014732
16 613 0 669014732
16 614 0 669014732
16 615 0 669014732
16 616 0 669014732
16 617 0 669014732
16 618 0 669014732
16 619 0 669014732
16 620 0 669014732
16 621 0 669014732
16 622 0 669014732
16 623 0 669014732
16 624 0 669014732
16 625 0 669014732
16 626 0 669014732
16 627 0 669014732
16 628 0 669014732
16 629 0 669014732
16 630 0 669014732
16 631 0 669014732
16 632 0 669014732
16 633 0 669014732
16 634 0 669014732
16 635 0 669014732
16 636 0 669014732
16 637 0 669014732
16 638 0 669014732
16 639 0 669014732
16 640 0 669014732
16 641 0 669014732
16 642 0 669014732
16 643 0 669014732
16 644 0 669014732
16 645 0 669014732
16 646 0 669014732
16 647 0 669014732
16 648 0 669014732
16 649 0 669014732
16 650 0 669014732
16 651 0 669014732
16 652 0 669014732
16 653 0 669014732
16 654 0 669014732
16 655 0 669014732
16 656 0 669014732
16 657 0 669014732
16 658 0 669014732
16 659 0 669014732
16 660 0 669014732
16 661 0 669014732
16 662 0 669014732
16 663 0 669014732
16 664 0 669014732
16 665 0 669014732
16 666 0 669014732
16 667 0 669014732
16 668 0 669014732
16 669 0 669014732
16 670 0 669014732
16 671 0 669014732
16 672 0 669014732
16 673 0 669014732
16 674 0 669014732
16 675 0 669014732
16 676 0 669014732
16 677 0 669014732
16 678 0 669014732
16 679 0 669014732
16 680 0 669014732
16 681 0 669014732
16 682 0 669014732
16 683 0 669014732
16 684 0 669014732
16 685 0 669014732
16 686 0 669014732
16 687 0 669014732
16 688 0 669014732
16 689 0 669014732
16 690 0 669014732
16 691 0 669014732
16 692 0 669014732
16 693 0 669014732
16 694 0 669014732
16 695 0 669014732
16 696 0 669014732
16 697 0 669014732
16 698 0 669014732
16 699 0 669014732
16 700 0 669014732
16 701 0 669014732
16 702 0 669014732
16 703 0 669014732
16 704 0 669014732
16 705 0 669014732
16 706 0 669014732
16 707 0 669014732
16 708 0 669014732
16 709 0 669014732
16 710 0 669014732
16 711 0 669014732
16 712 0 669014732
16 713 0 669014732
16 714 0 669014732
16 715 0 669014732
16 716 0 669014732
16 717 0 669014732
16 718 0 669014732
16 719 0 669014732
16 720 0 669014732
16 721 0 669014732
16 722 0 669014732
16 723 0 669014732
16 724 0 669014732
16 725 0 669014732
16 726 0 669014732
16 727 0 669014732
16 728 0 669014732
16 729 0 669014732
16 730 0 669014732
16 731 0 669014732
16 732 0 669014732
16 733 0 669014732
16 734 0 669014732
16 735 0 669014732
16 736 0 669014732
16 737 0 669014732
16 738 0 669014732
16 739 0 669014732
16 740 0 669014732
16 741 0 669014732
16 742 0 669014732
16 743 0 669014732
16 744 0 669014732
16 745 0 669014732
16 746 0 669014732
16 747 0 669014732
16 748 0 669014732
16 749 0 669014732
16 750 0 669014732
16 751 0 669014732
16 752 0 669014732
16 753 0 669014732
16 754 0 669014732
16 755 0 669014732
16 756 0 669014732
16 757 0 669014732
16 758 0 669014732
16 759 0 669014732
16 760 0 669014732
16 761 0 669014732
16 762 0 669014732
16 763 0 669014732
16 764 0 669014732
16 765 0 669014732
16 766 0 669014732
16 767 0 669014732
16 768 0 669014732
16 769 0 669014732
16 770 0 669014732
16 771 0 669014732
16 772 0 669014732
16 773 0 669014732
16 774 0 669014732
16 775 0 669014732
16 776 0 669014732
16 777 0 669014732
16 778 0 669014732
16 779 0 669014732
16 780 0 669014732
16 781 0 669014732
16 782 0 669014732
16 783 0 669014732
16 784 3 669014732
16 785 0 669014732
16 786 0 669014732
16 787 0 669014732
16 788 0 669014732
16 789 0 669014732
16 790 0 669014732
16 791 0 669014732
16 792 0 669014732
16 793 0 669014732
16 794 0 669014732
16 795 0 669014732
16 796 0 669014732
16 797 0 669014732
16 798 0 669014732
16 799 0 669014732
16 800 0 669014732
16 801 0 669014732
16 802 0 669014732
16 803 0 669014732
16 804 0 669014732
16 805 0 669014732
16 806 0 669014732
16 807 0 669014732
16 808 0 669014732
16 809 0 669014732
16 810 0 669014732
16 811 0 669014732
16 812 0 669014732
16 813 0 669014732
16 814 0 669014732
16 815 0 669014732
16 816 0 669014732
16 817 0 669014732
16 818 0 669014732
16 819 0 669014732
16 820 0 669014732
16 821 0 669014732
16 822 0 669014732
16 823 0 669014732
16 824 0 669014732
16 825 0 669014732
16 826 0 669014732
16 827 0 669014732
16 828 0 669014732
16 829 0 669014732
16 830 0 669014732
16 831 0 669014732
16 832 0 669014732
16 833 0 669014732
16 834 0 669014732
16 835 0 669014732
16 836 0 669014732
16 837 0 669014732
16 838 0 669014732
16 839 0 669014732
16 840 0 669014732
16 841 0 669014732
16 842 0 669014732
16 843 0 669014732
16 844 0 669014732
16 845 0 669014732
16 846 0 669014732
16 847 0 669014732
16 848 0 669014732
16 849 0 669014732
16 850 0 669014732
16 851 0 669014732
16 852 0 669014732
16 853 0 669014732
16 854 0 669014732
16 855 0 669014732
16 856 0 669014732
16 857 0 669014732
16 858 0 669014732
16 859 0 669014732
16 860 0 669014732
16 861 0 669014732
16 862 0 669014732
16 863 0 669014732
16 864 0 669014732
16 865 0 669014732
16 866 0 669014732
16 867 0 669014732
16 868 0 669014732
16 869 0 669014732
16 870 0 669014732
16 871 0 669014732
16 872 0 669014732
16 873 0 669014732
16 874 0 669014732
16 875 0 669014732
16 876 0 669014732
16 877 0 669014732
16 878 0 669014732
16 879 0 669014732
16 880 0 669014732
16 881 0 669014732
16 882 0 669014732
16 883 0 669014732
16 884 0 669014732
16 885 0 669014732
16 886 0 669014732
16 887 0 669014732
16 888 0 669014732
16 889 0 669014732
16 890 0 669014732
16 891 0 669014732
16 892 0 669014732
16 893 0 669014732
16 894 0 669014732
16 895 0 669014732
16 896 0 669014732
16 897 0 669014732
16 898 0 669014732
16 899 0 669014732
16 900 0 669014732
16 901 0 669014732
16 902 0 669014732
16 903 0 669014732
16 904 0 669014732
16 905 0 669014732
16 906 0 669014732
16 907 0 669014732
16 908 0 669014732
16 909 0 669014732
16 910 0 669014732
16 911 0 669014732
16 912 0 669014732
16 913 0 669014732
16 914 0 669014732
16 915 0 669014732
16 916 0 669014732
16 917 0 669014732
16 918 0 669014732
16 919 0 669014732
16 920 0 669014732
16 921 0 669014732
16 922 0 669014732
16 923 0 669014732
16 924 0 669014732
16 925 0 669014732
16 926 0 669014732
16 927 0 669014732
16 928 0 669014732
16 929 0 669014732
16 930 0 669014732
16 931 0 669014732
16 932 0 669014732
16 933 0 669014732
16 934 0 669014732
16 935 0 669014732
16 936 0 669014732
16 937 0 669014732
16 938 0 669014732
16 939 0 669014732
16 940 0 669014732
16 941 0 669014732
16 942 0 669014732
16 943 0 669014732
16 944 0 669014732
16 945 0 669014732
16 946 0 669014732
16 947 0 669014732
16 948 0 669014732
16 949 0 669014732
16 950 0 669014732
16 951 0 669014732
16 952 0 669014732
16 953 0 669014732
16 954 0 669014732
16 955 0 669014732
16 956 0 669014732
16 957 0 669014732
16 958 0 669014732
16 959 0 669014732
16 960 0 669014732
16 961 0 669014732
16 962 0 669014732
16 963 0 669014732
16 964 0 669014732
16 965 0 669014732
16 966 0 669014732
16 967 0 669014732
16 968 0 669014732
16 969 0 669014732
16 970 0 669014732
16 971 0 669014732
16 972 0 669014732
16 973 0 669014732
16 974 0 669014732
16 975 0 669014732
16 976 0 669014732
16 977 0 669014732
16 978 0 669014732
16 979 0 669014732
16 980 0 669014732
16 981 0 669014732
16 982 0 669014732
16 983 0 669014732
16 984 0 669014732
16 985 0 669014732
16 986 0 669014732
16 987 0 669014732
16 988 0 669014732
16 989 0 669014732
16 990 0 669014732
16 991 0 669014732
16 992 0 669014732
16 993 0 669014732
16 994 0 669014732
16 995 0 669014732
16 996 0 669014732
16 997 0 669014732
16 998 0 669014732
16 999 0 669014732
