64 0 48882 4160031803
64 1 37178 4160031803
64 2 36953 4160031803
64 3 37186 4160031803
64 4 36933 4160031803
64 5 36988 4160031803
64 6 37003 4160031803
64 7 37097 4160031803
64 8 37000 4160031803
64 9 36893 4160031803
64 10 37002 4160031803
64 11 37117 4160031803
64 12 37086 4160031803
64 13 36870 4160031803
64 14 37146 4160031803
64 15 37110 4160031803
64 16 37269 4160031803
64 17 36985 4160031803
64 18 37134 4160031803
64 19 37155 4160031803
64 20 37178 4160031803
64 21 37061 4160031803
64 22 36866 4160031803
64 23 37219 4160031803
64 24 37180 4160031803
64 25 36862 4160031803
64 26 36929 4160031803
64 27 37196 4160031803
64 28 37046 4160031803
64 29 36916 4160031803
64 30 36902 4160031803
64 31 37068 4160031803
64 32 37133 4160031803
64 33 36917 4160031803
64 34 37111 4160031803
64 35 37228 4160031803
64 36 37152 4160031803
64 37 36943 4160031803
64 38 37134 4160031803
64 39 37044 4160031803
64 40 37007 4160031803
64 41 36866 4160031803
64 42 37113 4160031803
64 43 37060 4160031803
64 44 37099 4160031803
64 45 36941 4160031803
64 46 36858 4160031803
64 47 37161 4160031803
64 48 36976 4160031803
64 49 36866 4160031803
64 50 36872 4160031803
64 51 37115 4160031803
64 52 37103 4160031803
64 53 37024 4160031803
64 54 36889 4160031803
64 55 36920 4160031803
64 56 37121 4160031803
64 57 37041 4160031803
64 58 37044 4160031803
64 59 36954 4160031803
64 60 37265 4160031803
64 61 36861 4160031803
64 62 37087 4160031803
64 63 36988 4160031803
64 64 37198 4160031803
64 65 36924 4160031803
64 66 37022 4160031803
64 67 37124 4160031803
64 68 37109 4160031803
64 69 36889 4160031803
64 70 36859 4160031803
64 71 37157 4160031803
64 72 37208 4160031803
64 73 36866 4160031803
64 74 36942 4160031803
64 75 37132 4160031803
64 76 36981 4160031803
64 77 36888 4160031803
64 78 36924 4160031803
64 79 37122 4160031803
64 80 37092 4160031803
64 81 36937 4160031803
64 82 36955 4160031803
64 83 36997 4160031803
64 84 37073 4160031803
64 85 36890 4160031803
64 86 37102 4160031803
64 87 37012 4160031803
64 88 37069 4160031803
64 89 36859 4160031803
64 90 36939 4160031803
64 91 36995 4160031803
64 92 37084 4160031803
64 93 36978 4160031803
64 94 36858 4160031803
64 95 37035 4160031803
64 96 37062 4160031803
64 97 36864 4160031803
64 98 36983 4160031803
64 99 37068 4160031803
64 100 37262 4160031803
64 101 37253 4160031803
64 102 36870 4160031803
64 103 37065 4160031803
64 104 37040 4160031803
64 105 37017 4160031803
64 106 36950 4160031803
64 107 37109 4160031803
64 108 37088 4160031803
64 109 37015 4160031803
64 110 37222 4160031803
64 111 36941 4160031803
64 112 37138 4160031803
64 113 36971 4160031803
64 114 36958 4160031803
64 115 37229 4160031803
64 116 37163 4160031803
64 117 36858 4160031803
64 118 36920 4160031803
64 119 37096 4160031803
64 120 37276 4160031803
64 121 37016 4160031803
64 122 37147 4160031803
64 123 37011 4160031803
64 124 37177 4160031803
64 125 37051 4160031803
64 126 37107 4160031803
64 127 36958 4160031803
64 128 37140 4160031803
64 129 36862 4160031803
64 130 37089 4160031803
64 131 36947 4160031803
64 132 37129 4160031803
64 133 37042 4160031803
64 134 36994 4160031803
64 135 37146 4160031803
64 136 36936 4160031803
64 137 36873 4160031803
64 138 36989 4160031803
64 139 37092 4160031803
64 140 36866 4160031803
64 141 36864 4160031803
64 142 37260 4160031803
64 143 37103 4160031803
64 144 37048 4160031803
64 145 36867 4160031803
64 146 37142 4160031803
64 147 37002 4160031803
64 148 36918 4160031803
64 149 37097 4160031803
64 150 36976 4160031803
64 151 37152 4160031803
64 152 36878 4160031803
64 153 36993 4160031803
64 154 37123 4160031803
64 155 37257 4160031803
64 156 36996 4160031803
64 157 37033 4160031803
64 158 36909 4160031803
64 159 37080 4160031803
64 160 36865 4160031803
64 161 37045 4160031803
64 162 37165 4160031803
64 163 36873 4160031803
64 164 36871 4160031803
64 165 37202 4160031803
64 166 37046 4160031803
64 167 37007 4160031803
64 168 36946 4160031803
64 169 37147 4160031803
64 170 36964 4160031803
64 171 37025 4160031803
64 172 36959 4160031803
64 173 37141 4160031803
64 174 37081 4160031803
64 175 37090 4160031803
64 176 37097 4160031803
64 177 37005 4160031803
64 178 36992 4160031803
64 179 36998 4160031803
64 180 36947 4160031803
64 181 37139 4160031803
64 182 37026 4160031803
64 183 36865 4160031803
64 184 37025 4160031803
64 185 37058 4160031803
64 186 36866 4160031803
64 187 36885 4160031803
64 188 37038 4160031803
64 189 37054 4160031803
64 190 37083 4160031803
64 191 36878 4160031803
64 192 37372 4160031803
64 193 37211 4160031803
64 194 37251 4160031803
64 195 37192 4160031803
64 196 37063 4160031803
64 197 37012 4160031803
64 198 36937 4160031803
64 199 37066 4160031803
64 200 37121 4160031803
64 201 37056 4160031803
64 202 37059 4160031803
64 203 36879 4160031803
64 204 37092 4160031803
64 205 37102 4160031803
64 206 36861 4160031803
64 207 37048 4160031803
64 208 37037 4160031803
64 209 37005 4160031803
64 210 36983 4160031803
64 211 37176 4160031803
64 212 36964 4160031803
64 213 37216 4160031803
64 214 36892 4160031803
64 215 36968 4160031803
64 216 37061 4160031803
64 217 37168 4160031803
64 218 37064 4160031803
64 219 37138 4160031803
64 220 37201 4160031803
64 221 36876 4160031803
64 222 37118 4160031803
64 223 36996 4160031803
64 224 37089 4160031803
64 225 36866 4160031803
64 226 36870 4160031803
64 227 36988 4160031803
64 228 37269 4160031803
64 229 36861 4160031803
64 230 36935 4160031803
64 231 37148 4160031803
64 232 37159 4160031803
64 233 37026 4160031803
64 234 37200 4160031803
64 235 37088 4160031803
64 236 37140 4160031803
64 237 36953 4160031803
64 238 37039 4160031803
64 239 37229 4160031803
64 240 37051 4160031803
64 241 36877 4160031803
64 242 37171 4160031803
64 243 37020 4160031803
64 244 37062 4160031803
64 245 37035 4160031803
64 246 36909 4160031803
64 247 37136 4160031803
64 248 37077 4160031803
64 249 36863 4160031803
64 250 37149 4160031803
64 251 36975 4160031803
64 252 36869 4160031803
64 253 36885 4160031803
64 254 37085 4160031803
64 255 37179 4160031803
64 256 37100 4160031803
64 257 36884 4160031803
64 258 36957 4160031803
64 259 37030 4160031803
64 260 36928 4160031803
64 261 37093 4160031803
64 262 37069 4160031803
64 263 37026 4160031803
64 264 37009 4160031803
64 265 37022 4160031803
64 266 37039 4160031803
64 267 37080 4160031803
64 268 36979 4160031803
64 269 36976 4160031803
64 270 37064 4160031803
64 271 37103 4160031803
64 272 36859 4160031803
64 273 37022 4160031803
64 274 37096 4160031803
64 275 36869 4160031803
64 276 36862 4160031803
64 277 37096 4160031803
64 278 36933 4160031803
64 279 37109 4160031803
64 280 36861 4160031803
64 281 37023 4160031803
64 282 37114 4160031803
64 283 37151 4160031803
64 284 37249 4160031803
64 285 37027 4160031803
64 286 36996 4160031803
64 287 36995 4160031803
64 288 37115 4160031803
64 289 37099 4160031803
64 290 37161 4160031803
64 291 36982 4160031803
64 292 36907 4160031803
64 293 37122 4160031803
64 294 37007 4160031803
64 295 36858 4160031803
64 296 36992 4160031803
64 297 37036 4160031803
64 298 36870 4160031803
64 299 36898 4160031803
64 300 37046 4160031803
64 301 37032 4160031803
64 302 37242 4160031803
64 303 36893 4160031803
64 304 37070 4160031803
64 305 37099 4160031803
64 306 37107 4160031803
64 307 37135 4160031803
64 308 37064 4160031803
64 309 37057 4160031803
64 310 36895 4160031803
64 311 37229 4160031803
64 312 36953 4160031803
64 313 37170 4160031803
64 314 37188 4160031803
64 315 36957 4160031803
64 316 37068 4160031803
64 317 37177 4160031803
64 318 36858 4160031803
64 319 36866 4160031803
64 320 37102 4160031803
64 321 36994 4160031803
64 322 36871 4160031803
64 323 37027 4160031803
64 324 36900 4160031803
64 325 37137 4160031803
64 326 36867 4160031803
64 327 36928 4160031803
64 328 36966 4160031803
64 329 37023 4160031803
64 330 37066 4160031803
64 331 37080 4160031803
64 332 37068 4160031803
64 333 36952 4160031803
64 334 37058 4160031803
64 335 36991 4160031803
64 336 37124 4160031803
64 337 37070 4160031803
64 338 36891 4160031803
64 339 37236 4160031803
64 340 37095 4160031803
64 341 36858 4160031803
64 342 36879 4160031803
64 343 37163 4160031803
64 344 37125 4160031803
64 345 36908 4160031803
64 346 37194 4160031803
64 347 37160 4160031803
64 348 37080 4160031803
64 349 36905 4160031803
64 350 37222 4160031803
64 351 36951 4160031803
64 352 37140 4160031803
64 353 36923 4160031803
64 354 36987 4160031803
64 355 37079 4160031803
64 356 37138 4160031803
64 357 37116 4160031803
64 358 36873 4160031803
64 359 36945 4160031803
64 360 37009 4160031803
64 361 36862 4160031803
64 362 37070 4160031803
64 363 37101 4160031803
64 364 36862 4160031803
64 365 36890 4160031803
64 366 37001 4160031803
64 367 37238 4160031803
64 368 36905 4160031803
64 369 36964 4160031803
64 370 37123 4160031803
64 371 37102 4160031803
64 372 36972 4160031803
64 373 37178 4160031803
64 374 37014 4160031803
64 375 37227 4160031803
64 376 36873 4160031803
64 377 37200 4160031803
64 378 37010 4160031803
64 379 37082 4160031803
64 380 37306 4160031803
64 381 36940 4160031803
64 382 37130 4160031803
64 383 36978 4160031803
64 384 36862 4160031803
64 385 36958 4160031803
64 386 37187 4160031803
64 387 36869 4160031803
64 388 36870 4160031803
64 389 37044 4160031803
64 390 37022 4160031803
64 391 37176 4160031803
64 392 36867 4160031803
64 393 37145 4160031803
64 394 37065 4160031803
64 395 37143 4160031803
64 396 37107 4160031803
64 397 37126 4160031803
64 398 37293 4160031803
64 399 36925 4160031803
64 400 37115 4160031803
64 401 36925 4160031803
64 402 37032 4160031803
64 403 37178 4160031803
64 404 36934 4160031803
64 405 36915 4160031803
64 406 37197 4160031803
64 407 36865 4160031803
64 408 36951 4160031803
64 409 37217 4160031803
64 410 36866 4160031803
64 411 36926 4160031803
64 412 37263 4160031803
64 413 37159 4160031803
64 414 37239 4160031803
64 415 36942 4160031803
64 416 36972 4160031803
64 417 37218 4160031803
64 418 37097 4160031803
64 419 37112 4160031803
64 420 37099 4160031803
64 421 37209 4160031803
64 422 37151 4160031803
64 423 37125 4160031803
64 424 37085 4160031803
64 425 36976 4160031803
64 426 37130 4160031803
64 427 36900 4160031803
64 428 36922 4160031803
64 429 37143 4160031803
64 430 36861 4160031803
64 431 36993 4160031803
64 432 37055 4160031803
64 433 36973 4160031803
64 434 37002 4160031803
64 435 37259 4160031803
64 436 37149 4160031803
64 437 36962 4160031803
64 438 36888 4160031803
64 439 37153 4160031803
64 440 37002 4160031803
64 441 36964 4160031803
64 442 37033 4160031803
64 443 37066 4160031803
64 444 36999 4160031803
64 445 37119 4160031803
64 446 37012 4160031803
64 447 37006 4160031803
64 448 37218 4160031803
64 449 36979 4160031803
64 450 36866 4160031803
64 451 37081 4160031803
64 452 37264 4160031803
64 453 36865 4160031803
64 454 36873 4160031803
64 455 37115 4160031803
64 456 37147 4160031803
64 457 37195 4160031803
64 458 37261 4160031803
64 459 37231 4160031803
64 460 36966 4160031803
64 461 36947 4160031803
64 462 37182 4160031803
64 463 36991 4160031803
64 464 37224 4160031803
64 465 36862 4160031803
64 466 37205 4160031803
64 467 36984 4160031803
64 468 37341 4160031803
64 469 36878 4160031803
64 470 36957 4160031803
64 471 37043 4160031803
64 472 37135 4160031803
64 473 36858 4160031803
64 474 37192 4160031803
64 475 37094 4160031803
64 476 36872 4160031803
64 477 36894 4160031803
64 478 37118 4160031803
64 479 37236 4160031803
64 480 37139 4160031803
64 481 36866 4160031803
64 482 37029 4160031803
64 483 37253 4160031803
64 484 37201 4160031803
64 485 37050 4160031803
64 486 36971 4160031803
64 487 37007 4160031803
64 488 36975 4160031803
64 489 37294 4160031803
64 490 37105 4160031803
64 491 37106 4160031803
64 492 37011 4160031803
64 493 36939 4160031803
64 494 37113 4160031803
64 495 36956 4160031803
64 496 36858 4160031803
64 497 36903 4160031803
64 498 36904 4160031803
64 499 36865 4160031803
64 500 36997 4160031803
64 501 37073 4160031803
64 502 37151 4160031803
64 503 37198 4160031803
64 504 36898 4160031803
64 505 37223 4160031803
64 506 36974 4160031803
64 507 37063 4160031803
64 508 37028 4160031803
64 509 37060 4160031803
64 510 37121 4160031803
64 511 36951 4160031803
64 512 37171 4160031803
64 513 37130 4160031803
64 514 37010 4160031803
64 515 37104 4160031803
64 516 36894 4160031803
64 517 37048 4160031803
64 518 37060 4160031803
64 519 36858 4160031803
64 520 36942 4160031803
64 521 37108 4160031803
64 522 36924 4160031803
64 523 36973 4160031803
64 524 37098 4160031803
64 525 37089 4160031803
64 526 37132 4160031803
64 527 36893 4160031803
64 528 37044 4160031803
64 529 37023 4160031803
64 530 37256 4160031803
64 531 37041 4160031803
64 532 37139 4160031803
64 533 37126 4160031803
64 534 37256 4160031803
64 535 37004 4160031803
64 536 37146 4160031803
64 537 37079 4160031803
64 538 36956 4160031803
64 539 36862 4160031803
64 540 37021 4160031803
64 541 37179 4160031803
64 542 36871 4160031803
64 543 36868 4160031803
64 544 37220 4160031803
64 545 37270 4160031803
64 546 37109 4160031803
64 547 37056 4160031803
64 548 36996 4160031803
64 549 37068 4160031803
64 550 37091 4160031803
64 551 37039 4160031803
64 552 37003 4160031803
64 553 36975 4160031803
64 554 37045 4160031803
64 555 37120 4160031803
64 556 36995 4160031803
64 557 37175 4160031803
64 558 37067 4160031803
64 559 36962 4160031803
64 560 37179 4160031803
64 561 36950 4160031803
64 562 36858 4160031803
64 563 37236 4160031803
64 564 37111 4160031803
64 565 36870 4160031803
64 566 36873 4160031803
64 567 37185 4160031803
64 568 37145 4160031803
64 569 37036 4160031803
64 570 36992 4160031803
64 571 37121 4160031803
64 572 37114 4160031803
64 573 37158 4160031803
64 574 36953 4160031803
64 575 37041 4160031803
64 576 36916 4160031803
64 577 37014 4160031803
64 578 37272 4160031803
64 579 37031 4160031803
64 580 37021 4160031803
64 581 37035 4160031803
64 582 36895 4160031803
64 583 37206 4160031803
64 584 37090 4160031803
64 585 36862 4160031803
64 586 37048 4160031803
64 587 36970 4160031803
64 588 36861 4160031803
64 589 36990 4160031803
64 590 37123 4160031803
64 591 37027 4160031803
64 592 37145 4160031803
64 593 36927 4160031803
64 594 37262 4160031803
64 595 37092 4160031803
64 596 36989 4160031803
64 597 37040 4160031803
64 598 36968 4160031803
64 599 37090 4160031803
64 600 37231 4160031803
64 601 37005 4160031803
64 602 37115 4160031803
64 603 37128 4160031803
64 604 36994 4160031803
64 605 36873 4160031803
64 606 37060 4160031803
64 607 37034 4160031803
64 608 36866 4160031803
64 609 36866 4160031803
64 610 37135 4160031803
64 611 36886 4160031803
64 612 37231 4160031803
64 613 37131 4160031803
64 614 36953 4160031803
64 615 37125 4160031803
64 616 36990 4160031803
64 617 37006 4160031803
64 618 37144 4160031803
64 619 37078 4160031803
64 620 37072 4160031803
64 621 37138 4160031803
64 622 37009 4160031803
64 623 37117 4160031803
64 624 37009 4160031803
64 625 36961 4160031803
64 626 37025 4160031803
64 627 37034 4160031803
64 628 36858 4160031803
64 629 36946 4160031803
64 630 37185 4160031803
64 631 36866 4160031803
64 632 36929 4160031803
64 633 37019 4160031803
64 634 36865 4160031803
64 635 37362 4160031803
64 636 37076 4160031803
64 637 37153 4160031803
64 638 37122 4160031803
64 639 37323 4160031803
64 640 36952 4160031803
64 641 37211 4160031803
64 642 37020 4160031803
64 643 37083 4160031803
64 644 37159 4160031803
64 645 37235 4160031803
64 646 37165 4160031803
64 647 36943 4160031803
64 648 36870 4160031803
64 649 37022 4160031803
64 650 36898 4160031803
64 651 36862 4160031803
64 652 37067 4160031803
64 653 37062 4160031803
64 654 36858 4160031803
64 655 37053 4160031803
64 656 36968 4160031803
64 657 37187 4160031803
64 658 37154 4160031803
64 659 36997 4160031803
64 660 37275 4160031803
64 661 37030 4160031803
64 662 36950 4160031803
64 663 37148 4160031803
64 664 37163 4160031803
64 665 37084 4160031803
64 666 37035 4160031803
64 667 36991 4160031803
64 668 37110 4160031803
64 669 37069 4160031803
64 670 36994 4160031803
64 671 36862 4160031803
64 672 37103 4160031803
64 673 37087 4160031803
64 674 36871 4160031803
64 675 37010 4160031803
64 676 37040 4160031803
64 677 36876 4160031803
64 678 37005 4160031803
64 679 37115 4160031803
64 680 36991 4160031803
64 681 36992 4160031803
64 682 37177 4160031803
64 683 37227 4160031803
64 684 37026 4160031803
64 685 37214 4160031803
64 686 36935 4160031803
64 687 37105 4160031803
64 688 37140 4160031803
64 689 37080 4160031803
64 690 37002 4160031803
64 691 37081 4160031803
64 692 36997 4160031803
64 693 36949 4160031803
64 694 36858 4160031803
64 695 37170 4160031803
64 696 37118 4160031803
64 697 36876 4160031803
64 698 37014 4160031803
64 699 37307 4160031803
64 700 36862 4160031803
64 701 37067 4160031803
64 702 37010 4160031803
64 703 37195 4160031803
64 704 37072 4160031803
64 705 37089 4160031803
64 706 37342 4160031803
64 707 37105 4160031803
64 708 37023 4160031803
64 709 37034 4160031803
64 710 37027 4160031803
64 711 36927 4160031803
64 712 37023 4160031803
64 713 37017 4160031803
64 714 36938 4160031803
64 715 37289 4160031803
64 716 36946 4160031803
64 717 36858 4160031803
64 718 37045 4160031803
64 719 37134 4160031803
64 720 36872 4160031803
64 721 36945 4160031803
64 722 37093 4160031803
64 723 36957 4160031803
64 724 37198 4160031803
64 725 37078 4160031803
64 726 37219 4160031803
64 727 37060 4160031803
64 728 37198 4160031803
64 729 37091 4160031803
64 730 37096 4160031803
64 731 37031 4160031803
64 732 36935 4160031803
64 733 37040 4160031803
64 734 37166 4160031803
64 735 36915 4160031803
64 736 36944 4160031803
64 737 36866 4160031803
64 738 37193 4160031803
64 739 36870 4160031803
64 740 36866 4160031803
64 741 36998 4160031803
64 742 37007 4160031803
64 743 36930 4160031803
64 744 37232 4160031803
64 745 36975 4160031803
64 746 37009 4160031803
64 747 37025 4160031803
64 748 36999 4160031803
64 749 37100 4160031803
64 750 37122 4160031803
64 751 37172 4160031803
64 752 37104 4160031803
64 753 37040 4160031803
64 754 36949 4160031803
64 755 36871 4160031803
64 756 37048 4160031803
64 757 37104 4160031803
64 758 36985 4160031803
64 759 36872 4160031803
64 760 36858 4160031803
64 761 37091 4160031803
64 762 36989 4160031803
64 763 36870 4160031803
64 764 37007 4160031803
64 765 38336 4160031803
64 766 36912 4160031803
64 767 36948 4160031803
64 768 37009 4160031803
64 769 37189 4160031803
64 770 37014 4160031803
64 771 36953 4160031803
64 772 37156 4160031803
64 773 37142 4160031803
64 774 37040 4160031803
64 775 37076 4160031803
64 776 37201 4160031803
64 777 37037 4160031803
64 778 36941 4160031803
64 779 37199 4160031803
64 780 36968 4160031803
64 781 37094 4160031803
64 782 36891 4160031803
64 783 36858 4160031803
64 784 37028 4160031803
64 785 36902 4160031803
64 786 36862 4160031803
64 787 36976 4160031803
64 788 37221 4160031803
64 789 36930 4160031803
64 790 37132 4160031803
64 791 37062 4160031803
64 792 37150 4160031803
64 793 37154 4160031803
64 794 36864 4160031803
64 795 37085 4160031803
64 796 37176 4160031803
64 797 36889 4160031803
64 798 37130 4160031803
64 799 36938 4160031803
64 800 37267 4160031803
64 801 37134 4160031803
64 802 36997 4160031803
64 803 37011 4160031803
64 804 37055 4160031803
64 805 36912 4160031803
64 806 36858 4160031803
64 807 37172 4160031803
64 808 37072 4160031803
64 809 36858 4160031803
64 810 36970 4160031803
64 811 37175 4160031803
64 812 37074 4160031803
64 813 37305 4160031803
64 814 36964 4160031803
64 815 37094 4160031803
64 816 37155 4160031803
64 817 37053 4160031803
64 818 37106 4160031803
64 819 37063 4160031803
64 820 38371 4160031803
64 821 37075 4160031803
64 822 37043 4160031803
64 823 37080 4160031803
64 824 37123 4160031803
64 825 37020 4160031803
64 826 37004 4160031803
64 827 37066 4160031803
64 828 36869 4160031803
64 829 36866 4160031803
64 830 37070 4160031803
64 831 37136 4160031803
64 832 36859 4160031803
64 833 37075 4160031803
64 834 37001 4160031803
64 835 37093 4160031803
64 836 37250 4160031803
64 837 37081 4160031803
64 838 37116 4160031803
64 839 36981 4160031803
64 840 37198 4160031803
64 841 37047 4160031803
64 842 37148 4160031803
64 843 37042 4160031803
64 844 36865 4160031803
64 845 37019 4160031803
64 846 37101 4160031803
64 847 37063 4160031803
64 848 36945 4160031803
64 849 36858 4160031803
64 850 37287 4160031803
64 851 36875 4160031803
64 852 36873 4160031803
64 853 37148 4160031803
64 854 37119 4160031803
64 855 36862 4160031803
64 856 36936 4160031803
64 857 36971 4160031803
64 858 37232 4160031803
64 859 37129 4160031803
64 860 37042 4160031803
64 861 37050 4160031803
64 862 37102 4160031803
64 863 37164 4160031803
64 864 36965 4160031803
64 865 37033 4160031803
64 866 37201 4160031803
64 867 36902 4160031803
64 868 37131 4160031803
64 869 36954 4160031803
64 870 37281 4160031803
64 871 37074 4160031803
64 872 36858 4160031803
64 873 37063 4160031803
64 874 36972 4160031803
64 875 36927 4160031803
64 876 37233 4160031803
64 877 37145 4160031803
64 878 36883 4160031803
64 879 36974 4160031803
64 880 37005 4160031803
64 881 37070 4160031803
64 882 37101 4160031803
64 883 37092 4160031803
64 884 37039 4160031803
64 885 37280 4160031803
64 886 36999 4160031803
64 887 37023 4160031803
64 888 37162 4160031803
64 889 37188 4160031803
64 890 36929 4160031803
64 891 37046 4160031803
64 892 37053 4160031803
64 893 37027 4160031803
64 894 36943 4160031803
64 895 36858 4160031803
64 896 37004 4160031803
64 897 37043 4160031803
64 898 36865 4160031803
64 899 36912 4160031803
64 900 37199 4160031803
64 901 36986 4160031803
64 902 37291 4160031803
64 903 37059 4160031803
64 904 37204 4160031803
64 905 37104 4160031803
64 906 36874 4160031803
64 907 36957 4160031803
64 908 37162 4160031803
64 909 37047 4160031803
64 910 37127 4160031803
64 911 37119 4160031803
64 912 37112 4160031803
64 913 36966 4160031803
64 914 37019 4160031803
64 915 36974 4160031803
64 916 37159 4160031803
64 917 36898 4160031803
64 918 36865 4160031803
64 919 37098 4160031803
64 920 37059 4160031803
64 921 36926 4160031803
64 922 36971 4160031803
64 923 37010 4160031803
64 924 36971 4160031803
64 925 37088 4160031803
64 926 37111 4160031803
64 927 37175 4160031803
64 928 36990 4160031803
64 929 37068 4160031803
64 930 37161 4160031803
64 931 37097 4160031803
64 932 37051 4160031803
64 933 37063 4160031803
64 934 36892 4160031803
64 935 37016 4160031803
64 936 37041 4160031803
64 937 36892 4160031803
64 938 37010 4160031803
64 939 37100 4160031803
64 940 36912 4160031803
64 941 36867 4160031803
64 942 36918 4160031803
64 943 37118 4160031803
64 944 36881 4160031803
64 945 37054 4160031803
64 946 36943 4160031803
64 947 36950 4160031803
64 948 37118 4160031803
64 949 36978 4160031803
64 950 36998 4160031803
64 951 37143 4160031803
64 952 37183 4160031803
64 953 37109 4160031803
64 954 37019 4160031803
64 955 37021 4160031803
64 956 36950 4160031803
64 957 37139 4160031803
64 958 37026 4160031803
64 959 37039 4160031803
64 960 36953 4160031803
64 961 36858 4160031803
64 962 37304 4160031803
64 963 36922 4160031803
64 964 36870 4160031803
64 965 36936 4160031803
64 966 37104 4160031803
64 967 36942 4160031803
64 968 37062 4160031803
64 969 37019 4160031803
64 970 37056 4160031803
64 971 37128 4160031803
64 972 36905 4160031803
64 973 36876 4160031803
64 974 37057 4160031803
64 975 37032 4160031803
64 976 37247 4160031803
64 977 37179 4160031803
64 978 37125 4160031803
64 979 36937 4160031803
64 980 37013 4160031803
64 981 37025 4160031803
64 982 37156 4160031803
64 983 36862 4160031803
64 984 36858 4160031803
64 985 37075 4160031803
64 986 37024 4160031803
64 987 36862 4160031803
64 988 36867 4160031803
64 989 37078 4160031803
64 990 36964 4160031803
64 991 37181 4160031803
64 992 37027 4160031803
64 993 37001 4160031803
64 994 37117 4160031803
64 995 36943 4160031803
64 996 36975 4160031803
64 997 37009 4160031803
64 998 37145 4160031803
64 999 37090 4160031803
