16 0 1573 669014892
16 1 1573 669014892
16 2 1573 669014892
16 3 1573 669014892
16 4 1573 669014892
16 5 1573 669014892
16 6 1573 669014892
16 7 1573 669014892
16 8 1573 669014892
16 9 1573 669014892
16 10 1573 669014892
16 11 1573 669014892
16 12 1573 669014892
16 13 1573 669014892
16 14 1573 669014892
16 15 1573 669014892
16 16 1573 669014892
16 17 1573 669014892
16 18 1573 669014892
16 19 1573 669014892
16 20 1573 669014892
16 21 1573 669014892
16 22 1573 669014892
16 23 1573 669014892
16 24 1573 669014892
16 25 1573 669014892
16 26 1573 669014892
16 27 1573 669014892
16 28 1573 669014892
16 29 1573 669014892
16 30 1573 669014892
16 31 1573 669014892
16 32 1573 669014892
16 33 1573 669014892
16 34 1573 669014892
16 35 1573 669014892
16 36 1573 669014892
16 37 1573 669014892
16 38 1573 669014892
16 39 1573 669014892
16 40 1573 669014892
16 41 1573 669014892
16 42 1573 669014892
16 43 1573 669014892
16 44 1573 669014892
16 45 1573 669014892
16 46 1573 669014892
16 47 1573 669014892
16 48 1573 669014892
16 49 1573 669014892
16 50 1573 669014892
16 51 1573 669014892
16 52 1573 669014892
16 53 1573 669014892
16 54 1573 669014892
16 55 1573 669014892
16 56 1573 669014892
16 57 1573 669014892
16 58 1573 669014892
16 59 1573 669014892
16 60 1573 669014892
16 61 1573 669014892
16 62 1573 669014892
16 63 1573 669014892
16 64 1573 669014892
16 65 1573 669014892
16 66 1573 669014892
16 67 1573 669014892
16 68 1573 669014892
16 69 1573 669014892
16 70 1573 669014892
16 71 1573 669014892
16 72 1573 669014892
16 73 1573 669014892
16 74 1573 669014892
16 75 1573 669014892
16 76 1573 669014892
16 77 1573 669014892
16 78 1573 669014892
16 79 1573 669014892
16 80 1573 669014892
16 81 1573 669014892
16 82 1573 669014892
16 83 1573 669014892
16 84 1573 669014892
16 85 1573 669014892
16 86 1573 669014892
16 87 1573 669014892
16 88 1573 669014892
16 89 1573 669014892
16 90 1573 669014892
16 91 1573 669014892
16 92 1573 669014892
16 93 1573 669014892
16 94 1573 669014892
16 95 1573 669014892
16 96 1573 669014892
16 97 1573 669014892
16 98 1573 669014892
16 99 1573 669014892
16 100 1573 669014892
16 101 1573 669014892
16 102 1573 669014892
16 103 1573 669014892
16 104 1573 669014892
16 105 1573 669014892
16 106 1573 669014892
16 107 1573 669014892
16 108 1573 669014892
16 109 1573 669014892
16 110 1573 669014892
16 111 1573 669014892
16 112 1573 669014892
16 113 1573 669014892
16 114 1573 669014892
16 115 1573 669014892
16 116 1573 669014892
16 117 1573 669014892
16 118 1573 669014892
16 119 1573 669014892
16 120 1573 669014892
16 121 1573 669014892
16 122 1573 669014892
16 123 1573 669014892
16 124 1573 669014892
16 125 1573 669014892
16 126 1573 669014892
16 127 1573 669014892
16 128 1573 669014892
16 129 1573 669014892
16 130 1573 669014892
16 131 1573 669014892
16 132 1573 669014892
16 133 1573 669014892
16 134 1573 669014892
16 135 1573 669014892
16 136 1573 669014892
16 137 1573 669014892
16 138 1573 669014892
16 139 1573 669014892
16 140 1573 669014892
16 141 1573 669014892
16 142 1573 669014892
16 143 1573 669014892
16 144 1573 669014892
16 145 1573 669014892
16 146 1573 669014892
16 147 1573 669014892
16 148 1573 669014892
16 149 1573 669014892
16 150 1573 669014892
16 151 1573 669014892
16 152 1573 669014892
16 153 1573 669014892
16 154 1573 669014892
16 155 1573 669014892
16 156 1573 669014892
16 157 1573 669014892
16 158 1573 669014892
16 159 1573 669014892
16 160 1573 669014892
16 161 1573 669014892
16 162 1573 669014892
16 163 1573 669014892
16 164 1573 669014892
16 165 1573 669014892
16 166 1573 669014892
16 167 1573 669014892
16 168 1573 669014892
16 169 1573 669014892
16 170 1573 669014892
16 171 1573 669014892
16 172 1573 669014892
16 173 1573 669014892
16 174 1573 669014892
16 175 1573 669014892
16 176 1573 669014892
16 177 1573 669014892
16 178 1573 669014892
16 179 1573 669014892
16 180 1573 669014892
16 181 1573 669014892
16 182 1573 669014892
16 183 1573 669014892
16 184 1573 669014892
16 185 1573 669014892
16 186 1573 669014892
16 187 1573 669014892
16 188 1573 669014892
16 189 1573 669014892
16 190 1573 669014892
16 191 1573 669014892
16 192 1573 669014892
16 193 1573 669014892
16 194 1573 669014892
16 195 1573 669014892
16 196 1573 669014892
16 197 1573 669014892
16 198 1573 669014892
16 199 1573 669014892
16 200 1573 669014892
16 201 1573 669014892
16 202 1573 669014892
16 203 1573 669014892
16 204 1573 669014892
16 205 1573 669014892
16 206 1573 669014892
16 207 1573 669014892
16 208 1573 669014892
16 209 1573 669014892
16 210 1573 669014892
16 211 1573 669014892
16 212 1573 669014892
16 213 1573 669014892
16 214 1573 669014892
16 215 1573 669014892
16 216 1573 669014892
16 217 1573 669014892
16 218 1573 669014892
16 219 1573 669014892
16 220 1573 669014892
16 221 1573 669014892
16 222 1573 669014892
16 223 1573 669014892
16 224 1573 669014892
16 225 1573 669014892
16 226 1573 669014892
16 227 1573 669014892
16 228 1573 669014892
16 229 1573 669014892
16 230 1573 669014892
16 231 1573 669014892
16 232 1573 669014892
16 233 1573 669014892
16 234 1573 669014892
16 235 1573 669014892
16 236 1573 669014892
16 237 1573 669014892
16 238 1573 669014892
16 239 1573 669014892
16 240 1573 669014892
16 241 1573 669014892
16 242 1573 669014892
16 243 1573 669014892
16 244 1573 669014892
16 245 1573 669014892
16 246 1573 669014892
16 247 1573 669014892
16 248 1573 669014892
16 249 1573 669014892
16 250 1573 669014892
16 251 1573 669014892
16 252 1573 669014892
16 253 1573 669014892
16 254 1573 669014892
16 255 1573 669014892
16 256 1573 669014892
16 257 1573 669014892
16 258 1573 669014892
16 259 1573 669014892
16 260 1573 669014892
16 261 1573 669014892
16 262 1573 669014892
16 263 1573 669014892
16 264 1573 669014892
16 265 1573 669014892
16 266 1573 669014892
16 267 1573 669014892
16 268 1573 669014892
16 269 1573 669014892
16 270 1573 669014892
16 271 1573 669014892
16 272 1573 669014892
16 273 1573 669014892
16 274 1573 669014892
16 275 1573 669014892
16 276 1573 669014892
16 277 1573 669014892
16 278 1573 669014892
16 279 1573 669014892
16 280 1573 669014892
16 281 1573 669014892
16 282 1573 669014892
16 283 1573 669014892
16 284 1573 669014892
16 285 1573 669014892
16 286 1573 669014892
16 287 1573 669014892
16 288 1573 669014892
16 289 1573 669014892
16 290 1573 669014892
16 291 1573 669014892
16 292 1573 669014892
16 293 1573 669014892
16 294 1573 669014892
16 295 1573 669014892
16 296 1573 669014892
16 297 1573 669014892
16 298 1573 669014892
16 299 1573 669014892
16 300 1573 669014892
16 301 1573 669014892
16 302 1573 669014892
16 303 1573 669014892
16 304 1573 669014892
16 305 1573 669014892
16 306 1573 669014892
16 307 1573 669014892
16 308 1573 669014892
16 309 1573 669014892
16 310 1573 669014892
16 311 1573 669014892
16 312 1573 669014892
16 313 1573 669014892
16 314 1573 669014892
16 315 1573 669014892
16 316 1573 669014892
16 317 1573 669014892
16 318 1573 669014892
16 319 1573 669014892
16 320 1573 669014892
16 321 1573 669014892
16 322 1573 669014892
16 323 1573 669014892
16 324 1573 669014892
16 325 1573 669014892
16 326 1573 669014892
16 327 1573 669014892
16 328 1573 669014892
16 329 1573 669014892
16 330 1573 669014892
16 331 1573 669014892
16 332 1573 669014892
16 333 1573 669014892
16 334 1573 669014892
16 335 1573 669014892
16 336 1573 669014892
16 337 1573 669014892
16 338 1573 669014892
16 339 1573 669014892
16 340 1573 669014892
16 341 1573 669014892
16 342 1573 669014892
16 343 1573 669014892
16 344 1573 669014892
16 345 1573 669014892
16 346 1573 669014892
16 347 1573 669014892
16 348 1573 669014892
16 349 1573 669014892
16 350 1573 669014892
16 351 1573 669014892
16 352 1573 669014892
16 353 1573 669014892
16 354 1573 669014892
16 355 1573 669014892
16 356 1573 669014892
16 357 1573 669014892
16 358 1573 669014892
16 359 1573 669014892
16 360 1573 669014892
16 361 1573 669014892
16 362 1573 669014892
16 363 1573 669014892
16 364 1573 669014892
16 365 1573 669014892
16 366 1573 669014892
16 367 1573 669014892
16 368 1573 669014892
16 369 1573 669014892
16 370 1573 669014892
16 371 1573 669014892
16 372 1573 669014892
16 373 1573 669014892
16 374 1573 669014892
16 375 1573 669014892
16 376 1573 669014892
16 377 1573 669014892
16 378 1573 669014892
16 379 1573 669014892
16 380 1573 669014892
16 381 1573 669014892
16 382 1573 669014892
16 383 1573 669014892
16 384 1573 669014892
16 385 1573 669014892
16 386 1573 669014892
16 387 1573 669014892
16 388 1573 669014892
16 389 1573 669014892
16 390 1573 669014892
16 391 1573 669014892
16 392 1573 669014892
16 393 1573 669014892
16 394 1573 669014892
16 395 1573 669014892
16 396 1573 669014892
16 397 1573 669014892
16 398 1573 669014892
16 399 1573 669014892
16 400 1573 669014892
16 401 1573 669014892
16 402 1573 669014892
16 403 1573 669014892
16 404 1573 669014892
16 405 1573 669014892
16 406 1573 669014892
16 407 1573 669014892
16 408 1573 669014892
16 409 1573 669014892
16 410 1573 669014892
16 411 1573 669014892
16 412 1573 669014892
16 413 1573 669014892
16 414 1573 669014892
16 415 1573 669014892
16 416 1573 669014892
16 417 1573 669014892
16 418 1573 669014892
16 419 1573 669014892
16 420 1573 669014892
16 421 1573 669014892
16 422 1573 669014892
16 423 1573 669014892
16 424 1573 669014892
16 425 1573 669014892
16 426 1573 669014892
16 427 1573 669014892
16 428 1573 669014892
16 429 1573 669014892
16 430 1573 669014892
16 431 1573 669014892
16 432 1573 669014892
16 433 1573 669014892
16 434 1573 669014892
16 435 1573 669014892
16 436 1573 669014892
16 437 1573 669014892
16 438 1573 669014892
16 439 1573 669014892
16 440 1573 669014892
16 441 1573 669014892
16 442 1573 669014892
16 443 1573 669014892
16 444 1573 669014892
16 445 1573 669014892
16 446 1573 669014892
16 447 1573 669014892
16 448 1573 669014892
16 449 1573 669014892
16 450 1573 669014892
16 451 1573 669014892
16 452 1573 669014892
16 453 1573 669014892
16 454 1573 669014892
16 455 1573 669014892
16 456 1573 669014892
16 457 1573 669014892
16 458 1573 669014892
16 459 1573 669014892
16 460 1573 669014892
16 461 1573 669014892
16 462 1573 669014892
16 463 1573 669014892
16 464 1573 669014892
16 465 1573 669014892
16 466 1573 669014892
16 467 1573 669014892
16 468 1573 669014892
16 469 1573 669014892
16 470 1573 669014892
16 471 1573 669014892
16 472 1573 669014892
16 473 1573 669014892
16 474 1573 669014892
16 475 1573 669014892
16 476 1573 669014892
16 477 1573 669014892
16 478 1573 669014892
16 479 1573 669014892
16 480 1573 669014892
16 481 1573 669014892
16 482 1573 669014892
16 483 1573 669014892
16 484 1573 669014892
16 485 1573 669014892
16 486 1573 669014892
16 487 1573 669014892
16 488 1573 669014892
16 489 1573 669014892
16 490 1573 669014892
16 491 1573 669014892
16 492 1573 669014892
16 493 1573 669014892
16 494 1573 669014892
16 495 1573 669014892
16 496 1573 669014892
16 497 1573 669014892
16 498 1573 669014892
16 499 1573 669014892
16 500 1573 669014892
16 501 1573 669014892
16 502 1573 669014892
16 503 1573 669014892
16 504 1573 669014892
16 505 1573 669014892
16 506 1573 669014892
16 507 1573 669014892
16 508 1573 669014892
16 509 1573 669014892
16 510 1573 669014892
16 511 1573 669014892
16 512 1573 669014892
16 513 1573 669014892
16 514 1573 669014892
16 515 1573 669014892
16 516 1573 669014892
16 517 1573 669014892
16 518 1573 669014892
16 519 1573 669014892
16 520 1573 669014892
16 521 1573 669014892
16 522 1573 669014892
16 523 1573 669014892
16 524 1573 669014892
16 525 1573 669014892
16 526 1573 669014892
16 527 1573 669014892
16 528 1573 669014892
16 529 1573 669014892
16 530 1573 669014892
16 531 1573 669014892
16 532 1573 669014892
16 533 1573 669014892
16 534 1573 669014892
16 535 1573 669014892
16 536 1573 669014892
16 537 1573 669014892
16 538 1573 669014892
16 539 1573 669014892
16 540 1573 669014892
16 541 1573 669014892
16 542 1573 669014892
16 543 1573 669014892
16 544 1573 669014892
16 545 1573 669014892
16 546 1573 669014892
16 547 1573 669014892
16 548 1573 669014892
16 549 1573 669014892
16 550 1573 669014892
16 551 1573 669014892
16 552 1573 669014892
16 553 1573 669014892
16 554 1573 669014892
16 555 1573 669014892
16 556 1573 669014892
16 557 1573 669014892
16 558 1573 669014892
16 559 1573 669014892
16 560 1573 669014892
16 561 1573 669014892
16 562 1573 669014892
16 563 1573 669014892
16 564 1573 669014892
16 565 1573 669014892
16 566 1573 669014892
16 567 1573 669014892
16 568 1573 669014892
16 569 1573 669014892
16 570 1573 669014892
16 571 1573 669014892
16 572 1573 669014892
16 573 1573 669014892
16 574 1573 669014892
16 575 1573 669014892
16 576 1573 669014892
16 577 1573 669014892
16 578 1573 669014892
16 579 1573 669014892
16 580 1573 669014892
16 581 1573 669014892
16 582 1573 669014892
16 583 1573 669014892
16 584 1573 669014892
16 585 1573 669014892
16 586 1573 669014892
16 587 1573 669014892
16 588 1573 669014892
16 589 1573 669014892
16 590 1573 669014892
16 591 1573 669014892
16 592 1573 669014892
16 593 1573 669014892
16 594 1573 669014892
16 595 1573 669014892
16 596 1573 669014892
16 597 1573 669014892
16 598 1573 669014892
16 599 1573 669014892
16 600 1573 669014892
16 601 1573 669014892
16 602 1573 669014892
16 603 1573 669014892
16 604 1573 669014892
16 605 1573 669014892
16 606 1573 669014892
16 607 1573 669014892
16 608 1573 669014892
16 609 1573 669014892
16 610 1573 669014892
16 611 1573 669014892
16 612 1573 669014892
16 613 1573 669014892
16 614 1573 669014892
16 615 1573 669014892
16 616 1573 669014892
16 617 1573 669014892
16 618 1573 669014892
16 619 1573 669014892
16 620 1573 669014892
16 621 1573 669014892
16 622 1573 669014892
16 623 1573 669014892
16 624 1573 669014892
16 625 1573 669014892
16 626 1573 669014892
16 627 1573 669014892
16 628 1573 669014892
16 629 1573 669014892
16 630 1573 669014892
16 631 1573 669014892
16 632 1573 669014892
16 633 1573 669014892
16 634 1573 669014892
16 635 1573 669014892
16 636 1573 669014892
16 637 1573 669014892
16 638 1573 669014892
16 639 1573 669014892
16 640 1573 669014892
16 641 1573 669014892
16 642 1573 669014892
16 643 1573 669014892
16 644 1573 669014892
16 645 1573 669014892
16 646 1573 669014892
16 647 1573 669014892
16 648 1573 669014892
16 649 1573 669014892
16 650 1573 669014892
16 651 1573 669014892
16 652 1573 669014892
16 653 1573 669014892
16 654 1573 669014892
16 655 1573 669014892
16 656 1573 669014892
16 657 1573 669014892
16 658 1573 669014892
16 659 1573 669014892
16 660 1573 669014892
16 661 1573 669014892
16 662 1573 669014892
16 663 1573 669014892
16 664 1573 669014892
16 665 1573 669014892
16 666 1573 669014892
16 667 1573 669014892
16 668 1573 669014892
16 669 1573 669014892
16 670 1573 669014892
16 671 1573 669014892
16 672 1573 669014892
16 673 1573 669014892
16 674 1573 669014892
16 675 1573 669014892
16 676 1573 669014892
16 677 1573 669014892
16 678 1573 669014892
16 679 1573 669014892
16 680 1573 669014892
16 681 1573 669014892
16 682 1573 669014892
16 683 1573 669014892
16 684 1573 669014892
16 685 1573 669014892
16 686 1573 669014892
16 687 1573 669014892
16 688 1573 669014892
16 689 1573 669014892
16 690 1573 669014892
16 691 1573 669014892
16 692 1573 669014892
16 693 1573 669014892
16 694 1573 669014892
16 695 1573 669014892
16 696 1573 669014892
16 697 1573 669014892
16 698 1573 669014892
16 699 1573 669014892
16 700 1573 669014892
16 701 1573 669014892
16 702 1573 669014892
16 703 1573 669014892
16 704 1573 669014892
16 705 1573 669014892
16 706 1573 669014892
16 707 1573 669014892
16 708 1573 669014892
16 709 1573 669014892
16 710 1573 669014892
16 711 1573 669014892
16 712 1573 669014892
16 713 1573 669014892
16 714 1573 669014892
16 715 1573 669014892
16 716 1573 669014892
16 717 1573 669014892
16 718 1573 669014892
16 719 1573 669014892
16 720 1573 669014892
16 721 1573 669014892
16 722 1573 669014892
16 723 1573 669014892
16 724 1573 669014892
16 725 1573 669014892
16 726 1573 669014892
16 727 1573 669014892
16 728 1573 669014892
16 729 1573 669014892
16 730 1573 669014892
16 731 1573 669014892
16 732 1573 669014892
16 733 1573 669014892
16 734 1573 669014892
16 735 1573 669014892
16 736 1573 669014892
16 737 1573 669014892
16 738 1573 669014892
16 739 1573 669014892
16 740 1573 669014892
16 741 1573 669014892
16 742 1573 669014892
16 743 1573 669014892
16 744 1573 669014892
16 745 1573 669014892
16 746 1573 669014892
16 747 1573 669014892
16 748 1573 669014892
16 749 1573 669014892
16 750 1573 669014892
16 751 1573 669014892
16 752 1573 669014892
16 753 1573 669014892
16 754 1573 669014892
16 755 1573 669014892
16 756 1573 669014892
16 757 1573 669014892
16 758 1573 669014892
16 759 1573 669014892
16 760 1573 669014892
16 761 1573 669014892
16 762 1573 669014892
16 763 1573 669014892
16 764 1573 669014892
16 765 1573 669014892
16 766 1573 669014892
16 767 1573 669014892
16 768 1573 669014892
16 769 1573 669014892
16 770 1573 669014892
16 771 1573 669014892
16 772 1573 669014892
16 773 1573 669014892
16 774 1573 669014892
16 775 1573 669014892
16 776 1573 669014892
16 777 1573 669014892
16 778 1573 669014892
16 779 1573 669014892
16 780 1573 669014892
16 781 1573 669014892
16 782 1573 669014892
16 783 1573 669014892
16 784 1573 669014892
16 785 1573 669014892
16 786 1573 669014892
16 787 1573 669014892
16 788 1573 669014892
16 789 1573 669014892
16 790 1573 669014892
16 791 1573 669014892
16 792 1573 669014892
16 793 1573 669014892
16 794 1573 669014892
16 795 1573 669014892
16 796 1573 669014892
16 797 1573 669014892
16 798 1573 669014892
16 799 1573 669014892
16 800 1573 669014892
16 801 1573 669014892
16 802 1573 669014892
16 803 1573 669014892
16 804 1573 669014892
16 805 1573 669014892
16 806 1573 669014892
16 807 1573 669014892
16 808 1573 669014892
16 809 1573 669014892
16 810 1573 669014892
16 811 1573 669014892
16 812 1573 669014892
16 813 1573 669014892
16 814 1573 669014892
16 815 1573 669014892
16 816 1573 669014892
16 817 1573 669014892
16 818 1573 669014892
16 819 1573 669014892
16 820 1573 669014892
16 821 1573 669014892
16 822 1573 669014892
16 823 1573 669014892
16 824 1573 669014892
16 825 1573 669014892
16 826 1573 669014892
16 827 1573 669014892
16 828 1573 669014892
16 829 1573 669014892
16 830 1573 669014892
16 831 1573 669014892
16 832 1573 669014892
16 833 1573 669014892
16 834 1573 669014892
16 835 1573 669014892
16 836 1573 669014892
16 837 1573 669014892
16 838 1573 669014892
16 839 1573 669014892
16 840 1573 669014892
16 841 1573 669014892
16 842 1573 669014892
16 843 1573 669014892
16 844 1573 669014892
16 845 1573 669014892
16 846 1573 669014892
16 847 1573 669014892
16 848 1573 669014892
16 849 1573 669014892
16 850 1573 669014892
16 851 1573 669014892
16 852 1573 669014892
16 853 1573 669014892
16 854 1573 669014892
16 855 1573 669014892
16 856 1573 669014892
16 857 1573 669014892
16 858 1573 669014892
16 859 1573 669014892
16 860 1573 669014892
16 861 1573 669014892
16 862 1573 669014892
16 863 1573 669014892
16 864 1573 669014892
16 865 1573 669014892
16 866 1573 669014892
16 867 1573 669014892
16 868 1573 669014892
16 869 1573 669014892
16 870 1573 669014892
16 871 1573 669014892
16 872 1573 669014892
16 873 1573 669014892
16 874 1573 669014892
16 875 1573 669014892
16 876 1573 669014892
16 877 1573 669014892
16 878 1573 669014892
16 879 1573 669014892
16 880 1573 669014892
16 881 1573 669014892
16 882 1573 669014892
16 883 1573 669014892
16 884 1573 669014892
16 885 1573 669014892
16 886 1573 669014892
16 887 1573 669014892
16 888 1573 669014892
16 889 1573 669014892
16 890 1573 669014892
16 891 1573 669014892
16 892 1573 669014892
16 893 1573 669014892
16 894 1573 669014892
16 895 1573 669014892
16 896 1573 669014892
16 897 1573 669014892
16 898 1573 669014892
16 899 1573 669014892
16 900 1573 669014892
16 901 1573 669014892
16 902 1573 669014892
16 903 1573 669014892
16 904 1573 669014892
16 905 1573 669014892
16 906 1573 669014892
16 907 1573 669014892
16 908 1573 669014892
16 909 1573 669014892
16 910 1573 669014892
16 911 1573 669014892
16 912 1573 669014892
16 913 1573 669014892
16 914 1573 669014892
16 915 1573 669014892
16 916 1573 669014892
16 917 1573 669014892
16 918 1573 669014892
16 919 1573 669014892
16 920 1573 669014892
16 921 1573 669014892
16 922 1573 669014892
16 923 1573 669014892
16 924 1573 669014892
16 925 1573 669014892
16 926 1573 669014892
16 927 1573 669014892
16 928 1573 669014892
16 929 1573 669014892
16 930 1573 669014892
16 931 1573 669014892
16 932 1573 669014892
16 933 1573 669014892
16 934 1573 669014892
16 935 1573 669014892
16 936 1573 669014892
16 937 1573 669014892
16 938 1573 669014892
16 939 1573 669014892
16 940 1573 669014892
16 941 1573 669014892
16 942 1573 669014892
16 943 1573 669014892
16 944 1573 669014892
16 945 1573 669014892
16 946 1573 669014892
16 947 1573 669014892
16 948 1573 669014892
16 949 1573 669014892
16 950 1573 669014892
16 951 1573 669014892
16 952 1573 669014892
16 953 1573 669014892
16 954 1573 669014892
16 955 1573 669014892
16 956 1573 669014892
16 957 1573 669014892
16 958 1573 669014892
16 959 1573 669014892
16 960 1573 669014892
16 961 1573 669014892
16 962 1573 669014892
16 963 1573 669014892
16 964 1573 669014892
16 965 1573 669014892
16 966 1573 669014892
16 967 1573 669014892
16 968 1573 669014892
16 969 1573 669014892
16 970 1573 669014892
16 971 1573 669014892
16 972 1573 669014892
16 973 1573 669014892
16 974 1573 669014892
16 975 1573 669014892
16 976 1573 669014892
16 977 1573 669014892
16 978 1573 669014892
16 979 1573 669014892
16 980 1573 669014892
16 981 1573 669014892
16 982 1573 669014892
16 983 1573 669014892
16 984 1573 669014892
16 985 1573 669014892
16 986 1573 669014892
16 987 1573 669014892
16 988 1573 669014892
16 989 1573 669014892
16 990 1573 669014892
16 991 1573 669014892
16 992 1573 669014892
16 993 1573 669014892
16 994 1573 669014892
16 995 1573 669014892
16 996 1573 669014892
16 997 1573 669014892
16 998 1573 669014892
16 999 1573 669014892
