4 0 596 541
4 1 297 556
4 2 247 566
4 3 298 541
4 4 265 541
4 5 265 541
4 6 265 541
4 7 265 541
4 8 265 541
4 9 265 541
4 10 265 541
4 11 265 541
4 12 265 541
4 13 265 541
4 14 265 541
4 15 265 541
4 16 265 541
4 17 265 541
4 18 265 541
4 19 265 541
4 20 265 541
4 21 265 541
4 22 265 541
4 23 265 541
4 24 265 541
4 25 265 541
4 26 265 541
4 27 265 541
4 28 265 541
4 29 265 541
4 30 265 541
4 31 265 541
4 32 265 541
4 33 265 541
4 34 265 541
4 35 265 541
4 36 265 541
4 37 265 541
4 38 265 541
4 39 265 541
4 40 265 541
4 41 265 541
4 42 265 541
4 43 265 541
4 44 265 541
4 45 265 541
4 46 265 541
4 47 265 541
4 48 265 541
4 49 265 541
4 50 265 541
4 51 265 541
4 52 265 541
4 53 265 541
4 54 265 541
4 55 265 541
4 56 265 541
4 57 265 541
4 58 265 541
4 59 265 541
4 60 265 541
4 61 265 541
4 62 265 541
4 63 265 541
4 64 265 541
4 65 265 541
4 66 265 541
4 67 265 541
4 68 265 541
4 69 265 541
4 70 265 541
4 71 265 541
4 72 265 541
4 73 265 541
4 74 265 541
4 75 265 541
4 76 265 541
4 77 265 541
4 78 265 541
4 79 265 541
4 80 265 541
4 81 265 541
4 82 265 541
4 83 265 541
4 84 265 541
4 85 265 541
4 86 265 541
4 87 265 541
4 88 265 541
4 89 265 541
4 90 265 541
4 91 265 541
4 92 265 541
4 93 265 541
4 94 265 541
4 95 265 541
4 96 265 541
4 97 265 541
4 98 265 541
4 99 265 541
4 100 265 541
4 101 265 541
4 102 265 541
4 103 265 541
4 104 265 541
4 105 265 541
4 106 265 541
4 107 265 541
4 108 265 541
4 109 265 541
4 110 265 541
4 111 265 541
4 112 265 541
4 113 265 541
4 114 265 541
4 115 265 541
4 116 265 541
4 117 265 541
4 118 265 541
4 119 265 541
4 120 265 541
4 121 265 541
4 122 265 541
4 123 265 541
4 124 265 541
4 125 265 541
4 126 265 541
4 127 265 541
4 128 265 541
4 129 265 541
4 130 265 541
4 131 265 541
4 132 265 541
4 133 265 541
4 134 265 541
4 135 265 541
4 136 265 541
4 137 265 541
4 138 265 541
4 139 265 541
4 140 265 541
4 141 265 541
4 142 265 541
4 143 265 541
4 144 265 541
4 145 265 541
4 146 265 541
4 147 265 541
4 148 265 541
4 149 265 541
4 150 265 541
4 151 265 541
4 152 265 541
4 153 265 541
4 154 265 541
4 155 265 541
4 156 265 541
4 157 265 541
4 158 265 541
4 159 265 541
4 160 265 541
4 161 265 541
4 162 265 541
4 163 265 541
4 164 265 541
4 165 265 541
4 166 265 541
4 167 265 541
4 168 265 541
4 169 265 541
4 170 265 541
4 171 265 541
4 172 265 541
4 173 265 541
4 174 265 541
4 175 265 541
4 176 265 541
4 177 265 541
4 178 265 541
4 179 265 541
4 180 265 541
4 181 265 541
4 182 265 541
4 183 265 541
4 184 265 541
4 185 265 541
4 186 265 541
4 187 265 541
4 188 265 541
4 189 265 541
4 190 265 541
4 191 265 541
4 192 265 541
4 193 265 541
4 194 265 541
4 195 265 541
4 196 265 541
4 197 265 541
4 198 265 541
4 199 265 541
4 200 265 541
4 201 265 541
4 202 265 541
4 203 265 541
4 204 265 541
4 205 265 541
4 206 265 541
4 207 265 541
4 208 265 541
4 209 265 541
4 210 265 541
4 211 265 541
4 212 265 541
4 213 265 541
4 214 265 541
4 215 265 541
4 216 265 541
4 217 265 541
4 218 265 541
4 219 265 541
4 220 265 541
4 221 265 541
4 222 265 541
4 223 265 541
4 224 265 541
4 225 265 541
4 226 265 541
4 227 265 541
4 228 265 541
4 229 265 541
4 230 265 541
4 231 265 541
4 232 265 541
4 233 265 541
4 234 265 541
4 235 265 541
4 236 265 541
4 237 265 541
4 238 265 541
4 239 265 541
4 240 265 541
4 241 265 541
4 242 265 541
4 243 265 541
4 244 265 541
4 245 265 541
4 246 265 541
4 247 265 541
4 248 265 541
4 249 265 541
4 250 265 541
4 251 265 541
4 252 265 541
4 253 265 541
4 254 265 541
4 255 265 541
4 256 265 541
4 257 265 541
4 258 265 541
4 259 265 541
4 260 265 541
4 261 265 541
4 262 265 541
4 263 265 541
4 264 265 541
4 265 265 541
4 266 265 541
4 267 265 541
4 268 265 541
4 269 265 541
4 270 265 541
4 271 265 541
4 272 265 541
4 273 265 541
4 274 265 541
4 275 265 541
4 276 265 541
4 277 265 541
4 278 265 541
4 279 265 541
4 280 265 541
4 281 265 541
4 282 265 541
4 283 265 541
4 284 265 541
4 285 265 541
4 286 265 541
4 287 265 541
4 288 265 541
4 289 265 541
4 290 265 541
4 291 265 541
4 292 265 541
4 293 265 541
4 294 265 541
4 295 265 541
4 296 265 541
4 297 265 541
4 298 265 541
4 299 265 541
4 300 265 541
4 301 265 541
4 302 265 541
4 303 265 541
4 304 265 541
4 305 265 541
4 306 265 541
4 307 265 541
4 308 265 541
4 309 265 541
4 310 265 541
4 311 265 541
4 312 265 541
4 313 265 541
4 314 265 541
4 315 265 541
4 316 265 541
4 317 265 541
4 318 265 541
4 319 265 541
4 320 265 541
4 321 265 541
4 322 265 541
4 323 265 541
4 324 265 541
4 325 265 541
4 326 265 541
4 327 265 541
4 328 265 541
4 329 265 541
4 330 265 541
4 331 265 541
4 332 265 541
4 333 265 541
4 334 265 541
4 335 265 541
4 336 265 541
4 337 265 541
4 338 265 541
4 339 265 541
4 340 265 541
4 341 265 541
4 342 265 541
4 343 265 541
4 344 265 541
4 345 265 541
4 346 265 541
4 347 265 541
4 348 265 541
4 349 265 541
4 350 265 541
4 351 265 541
4 352 265 541
4 353 265 541
4 354 265 541
4 355 265 541
4 356 265 541
4 357 265 541
4 358 265 541
4 359 265 541
4 360 265 541
4 361 265 541
4 362 265 541
4 363 265 541
4 364 265 541
4 365 265 541
4 366 265 541
4 367 265 541
4 368 265 541
4 369 265 541
4 370 265 541
4 371 265 541
4 372 265 541
4 373 265 541
4 374 265 541
4 375 265 541
4 376 265 541
4 377 265 541
4 378 265 541
4 379 265 541
4 380 265 541
4 381 265 541
4 382 265 541
4 383 265 541
4 384 265 541
4 385 265 541
4 386 265 541
4 387 265 541
4 388 265 541
4 389 265 541
4 390 265 541
4 391 265 541
4 392 265 541
4 393 265 541
4 394 265 541
4 395 265 541
4 396 265 541
4 397 265 541
4 398 265 541
4 399 265 541
4 400 265 541
4 401 265 541
4 402 265 541
4 403 265 541
4 404 265 541
4 405 265 541
4 406 265 541
4 407 265 541
4 408 265 541
4 409 265 541
4 410 265 541
4 411 265 541
4 412 265 541
4 413 265 541
4 414 265 541
4 415 265 541
4 416 265 541
4 417 265 541
4 418 265 541
4 419 265 541
4 420 265 541
4 421 265 541
4 422 265 541
4 423 265 541
4 424 265 541
4 425 265 541
4 426 265 541
4 427 265 541
4 428 265 541
4 429 265 541
4 430 265 541
4 431 265 541
4 432 265 541
4 433 265 541
4 434 265 541
4 435 265 541
4 436 265 541
4 437 265 541
4 438 265 541
4 439 265 541
4 440 265 541
4 441 265 541
4 442 265 541
4 443 265 541
4 444 265 541
4 445 265 541
4 446 265 541
4 447 265 541
4 448 265 541
4 449 265 541
4 450 265 541
4 451 265 541
4 452 265 541
4 453 265 541
4 454 265 541
4 455 265 541
4 456 265 541
4 457 265 541
4 458 265 541
4 459 265 541
4 460 265 541
4 461 265 541
4 462 265 541
4 463 265 541
4 464 265 541
4 465 265 541
4 466 265 541
4 467 265 541
4 468 265 541
4 469 265 541
4 470 265 541
4 471 265 541
4 472 265 541
4 473 265 541
4 474 265 541
4 475 265 541
4 476 265 541
4 477 265 541
4 478 265 541
4 479 265 541
4 480 265 541
4 481 265 541
4 482 265 541
4 483 265 541
4 484 265 541
4 485 265 541
4 486 265 541
4 487 265 541
4 488 265 541
4 489 265 541
4 490 265 541
4 491 265 541
4 492 265 541
4 493 265 541
4 494 265 541
4 495 265 541
4 496 265 541
4 497 265 541
4 498 265 541
4 499 265 541
4 500 265 541
4 501 265 541
4 502 265 541
4 503 265 541
4 504 265 541
4 505 265 541
4 506 265 541
4 507 265 541
4 508 265 541
4 509 265 541
4 510 265 541
4 511 265 541
4 512 265 541
4 513 265 541
4 514 265 541
4 515 265 541
4 516 265 541
4 517 265 541
4 518 265 541
4 519 265 541
4 520 265 541
4 521 265 541
4 522 265 541
4 523 265 541
4 524 265 541
4 525 265 541
4 526 265 541
4 527 265 541
4 528 265 541
4 529 265 541
4 530 265 541
4 531 265 541
4 532 265 541
4 533 265 541
4 534 265 541
4 535 265 541
4 536 265 541
4 537 265 541
4 538 265 541
4 539 265 541
4 540 265 541
4 541 265 541
4 542 265 541
4 543 265 541
4 544 265 541
4 545 265 541
4 546 265 541
4 547 265 541
4 548 265 541
4 549 265 541
4 550 265 541
4 551 265 541
4 552 265 541
4 553 265 541
4 554 265 541
4 555 265 541
4 556 265 541
4 557 265 541
4 558 265 541
4 559 265 541
4 560 265 541
4 561 265 541
4 562 265 541
4 563 265 541
4 564 265 541
4 565 265 541
4 566 265 541
4 567 265 541
4 568 265 541
4 569 265 541
4 570 265 541
4 571 265 541
4 572 265 541
4 573 265 541
4 574 265 541
4 575 265 541
4 576 265 541
4 577 265 541
4 578 265 541
4 579 265 541
4 580 265 541
4 581 265 541
4 582 265 541
4 583 265 541
4 584 265 541
4 585 265 541
4 586 265 541
4 587 265 541
4 588 265 541
4 589 265 541
4 590 265 541
4 591 265 541
4 592 265 541
4 593 265 541
4 594 265 541
4 595 265 541
4 596 265 541
4 597 265 541
4 598 265 541
4 599 265 541
4 600 265 541
4 601 265 541
4 602 265 541
4 603 265 541
4 604 265 541
4 605 265 541
4 606 265 541
4 607 265 541
4 608 265 541
4 609 265 541
4 610 265 541
4 611 265 541
4 612 265 541
4 613 265 541
4 614 265 541
4 615 265 541
4 616 265 541
4 617 265 541
4 618 265 541
4 619 265 541
4 620 265 541
4 621 265 541
4 622 265 541
4 623 265 541
4 624 265 541
4 625 265 541
4 626 265 541
4 627 265 541
4 628 265 541
4 629 265 541
4 630 265 541
4 631 265 541
4 632 265 541
4 633 265 541
4 634 265 541
4 635 265 541
4 636 265 541
4 637 265 541
4 638 265 541
4 639 265 541
4 640 265 541
4 641 265 541
4 642 265 541
4 643 265 541
4 644 265 541
4 645 265 541
4 646 265 541
4 647 265 541
4 648 265 541
4 649 265 541
4 650 265 541
4 651 265 541
4 652 265 541
4 653 265 541
4 654 265 541
4 655 265 541
4 656 265 541
4 657 265 541
4 658 265 541
4 659 265 541
4 660 265 541
4 661 265 541
4 662 265 541
4 663 265 541
4 664 265 541
4 665 265 541
4 666 265 541
4 667 265 541
4 668 265 541
4 669 265 541
4 670 265 541
4 671 265 541
4 672 265 541
4 673 265 541
4 674 265 541
4 675 265 541
4 676 265 541
4 677 265 541
4 678 265 541
4 679 265 541
4 680 265 541
4 681 265 541
4 682 265 541
4 683 265 541
4 684 265 541
4 685 265 541
4 686 265 541
4 687 265 541
4 688 265 541
4 689 265 541
4 690 265 541
4 691 265 541
4 692 265 541
4 693 265 541
4 694 265 541
4 695 265 541
4 696 265 541
4 697 265 541
4 698 265 541
4 699 265 541
4 700 265 541
4 701 265 541
4 702 265 541
4 703 265 541
4 704 265 541
4 705 265 541
4 706 265 541
4 707 265 541
4 708 265 541
4 709 265 541
4 710 265 541
4 711 265 541
4 712 265 541
4 713 265 541
4 714 265 541
4 715 265 541
4 716 265 541
4 717 265 541
4 718 265 541
4 719 265 541
4 720 265 541
4 721 265 541
4 722 265 541
4 723 265 541
4 724 265 541
4 725 265 541
4 726 265 541
4 727 265 541
4 728 265 541
4 729 265 541
4 730 265 541
4 731 265 541
4 732 265 541
4 733 265 541
4 734 265 541
4 735 265 541
4 736 265 541
4 737 265 541
4 738 265 541
4 739 265 541
4 740 265 541
4 741 265 541
4 742 265 541
4 743 265 541
4 744 265 541
4 745 265 541
4 746 265 541
4 747 265 541
4 748 265 541
4 749 265 541
4 750 265 541
4 751 265 541
4 752 265 541
4 753 265 541
4 754 265 541
4 755 265 541
4 756 265 541
4 757 265 541
4 758 265 541
4 759 265 541
4 760 265 541
4 761 265 541
4 762 265 541
4 763 265 541
4 764 265 541
4 765 265 541
4 766 265 541
4 767 265 541
4 768 265 541
4 769 265 541
4 770 265 541
4 771 265 541
4 772 265 541
4 773 265 541
4 774 265 541
4 775 265 541
4 776 265 541
4 777 265 541
4 778 265 541
4 779 265 541
4 780 265 541
4 781 265 541
4 782 265 541
4 783 265 541
4 784 265 541
4 785 265 541
4 786 265 541
4 787 265 541
4 788 265 541
4 789 265 541
4 790 265 541
4 791 265 541
4 792 265 541
4 793 265 541
4 794 265 541
4 795 265 541
4 796 265 541
4 797 265 541
4 798 265 541
4 799 265 541
4 800 265 541
4 801 265 541
4 802 265 541
4 803 265 541
4 804 265 541
4 805 265 541
4 806 265 541
4 807 265 541
4 808 265 541
4 809 265 541
4 810 265 541
4 811 265 541
4 812 265 541
4 813 265 541
4 814 265 541
4 815 265 541
4 816 265 541
4 817 265 541
4 818 265 541
4 819 265 541
4 820 265 541
4 821 265 541
4 822 265 541
4 823 265 541
4 824 265 541
4 825 265 541
4 826 265 541
4 827 265 541
4 828 265 541
4 829 265 541
4 830 265 541
4 831 265 541
4 832 265 541
4 833 265 541
4 834 265 541
4 835 265 541
4 836 265 541
4 837 265 541
4 838 265 541
4 839 265 541
4 840 265 541
4 841 265 541
4 842 265 541
4 843 265 541
4 844 265 541
4 845 265 541
4 846 265 541
4 847 265 541
4 848 265 541
4 849 265 541
4 850 265 541
4 851 265 541
4 852 265 541
4 853 265 541
4 854 265 541
4 855 265 541
4 856 265 541
4 857 265 541
4 858 265 541
4 859 265 541
4 860 265 541
4 861 265 541
4 862 265 541
4 863 265 541
4 864 265 541
4 865 265 541
4 866 265 541
4 867 265 541
4 868 265 541
4 869 265 541
4 870 265 541
4 871 265 541
4 872 265 541
4 873 265 541
4 874 265 541
4 875 265 541
4 876 265 541
4 877 265 541
4 878 265 541
4 879 265 541
4 880 265 541
4 881 265 541
4 882 265 541
4 883 265 541
4 884 265 541
4 885 265 541
4 886 265 541
4 887 265 541
4 888 265 541
4 889 265 541
4 890 265 541
4 891 265 541
4 892 265 541
4 893 265 541
4 894 265 541
4 895 265 541
4 896 265 541
4 897 265 541
4 898 265 541
4 899 265 541
4 900 265 541
4 901 265 541
4 902 265 541
4 903 265 541
4 904 265 541
4 905 265 541
4 906 265 541
4 907 265 541
4 908 265 541
4 909 265 541
4 910 265 541
4 911 265 541
4 912 265 541
4 913 265 541
4 914 265 541
4 915 265 541
4 916 265 541
4 917 265 541
4 918 265 541
4 919 265 541
4 920 265 541
4 921 265 541
4 922 265 541
4 923 265 541
4 924 265 541
4 925 265 541
4 926 265 541
4 927 265 541
4 928 265 541
4 929 265 541
4 930 265 541
4 931 265 541
4 932 265 541
4 933 265 541
4 934 265 541
4 935 265 541
4 936 279 541
4 937 279 541
4 938 279 541
4 939 279 541
4 940 279 541
4 941 265 541
4 942 265 541
4 943 265 541
4 944 265 541
4 945 265 541
4 946 265 541
4 947 265 541
4 948 265 541
4 949 265 541
4 950 265 541
4 951 265 541
4 952 265 541
4 953 265 541
4 954 265 541
4 955 265 541
4 956 265 541
4 957 265 541
4 958 265 541
4 959 265 541
4 960 265 541
4 961 265 541
4 962 265 541
4 963 265 541
4 964 265 541
4 965 265 541
4 966 265 541
4 967 265 541
4 968 265 541
4 969 265 541
4 970 265 541
4 971 265 541
4 972 265 541
4 973 265 541
4 974 265 541
4 975 265 541
4 976 265 541
4 977 265 541
4 978 265 541
4 979 265 541
4 980 265 541
4 981 265 541
4 982 265 541
4 983 265 541
4 984 265 541
4 985 265 541
4 986 265 541
4 987 265 541
4 988 265 541
4 989 265 541
4 990 265 541
4 991 265 541
4 992 265 541
4 993 265 541
4 994 265 541
4 995 265 541
4 996 265 541
4 997 265 541
4 998 265 541
4 999 265 541
