256 0 60182 4242606948
256 1 30190 4242606948
256 2 18712 4242606948
256 3 14056 4242606948
256 4 10904 4242606948
256 5 8856 4242606948
256 6 7330 4242606948
256 7 5992 4242606948
256 8 5336 4242606948
256 9 4668 4242606948
256 10 4148 4242606948
256 11 3384 4242606948
256 12 2696 4242606948
256 13 2709 4242606948
256 14 2424 4242606948
256 15 2380 4242606948
256 16 1908 4242606948
256 17 2192 4242606948
256 18 1905 4242606948
256 19 1972 4242606948
256 20 1540 4242606948
256 21 1548 4242606948
256 22 1292 4242606948
256 23 1572 4242606948
256 24 1468 4242606948
256 25 1532 4242606948
256 26 1304 4242606948
256 27 1595 4242606948
256 28 1476 4242606948
256 29 1504 4242606948
256 30 1340 4242606948
256 31 1384 4242606948
256 32 1287 4242606948
256 33 1592 4242606948
256 34 1280 4242606948
256 35 1252 4242606948
256 36 968 4242606948
256 37 1180 4242606948
256 38 1312 4242606948
256 39 1176 4242606948
256 40 1136 4242606948
256 41 1064 4242606948
256 42 1388 4242606948
256 43 1244 4242606948
256 44 1284 4242606948
256 45 940 4242606948
256 46 1256 4242606948
256 47 1276 4242606948
256 48 1172 4242606948
256 49 1172 4242606948
256 50 1076 4242606948
256 51 1425 4242606948
256 52 1354 4242606948
256 53 1316 4242606948
256 54 1220 4242606948
256 55 1136 4242606948
256 56 1343 4242606948
256 57 1568 4242606948
256 58 1092 4242606948
256 59 1292 4242606948
256 60 996 4242606948
256 61 1196 4242606948
256 62 1444 4242606948
256 63 1408 4242606948
256 64 1336 4242606948
256 65 1136 4242606948
256 66 1484 4242606948
256 67 1272 4242606948
256 68 1288 4242606948
256 69 1172 4242606948
256 70 1324 4242606948
256 71 1360 4242606948
256 72 1284 4242606948
256 73 860 4242606948
256 74 1192 4242606948
256 75 1329 4242606948
256 76 1320 4242606948
256 77 1380 4242606948
256 78 1296 4242606948
256 79 1200 4242606948
256 80 1475 4242606948
256 81 1434 4242606948
256 82 1328 4242606948
256 83 1282 4242606948
256 84 1088 4242606948
256 85 1520 4242606948
256 86 1372 4242606948
256 87 1336 4242606948
256 88 1184 4242606948
256 89 1132 4242606948
256 90 1272 4242606948
256 91 1480 4242606948
256 92 1116 4242606948
256 93 1332 4242606948
256 94 1008 4242606948
256 95 1332 4242606948
256 96 1344 4242606948
256 97 1448 4242606948
256 98 944 4242606948
256 99 1480 4242606948
256 100 1368 4242606948
256 101 1276 4242606948
256 102 1156 4242606948
256 103 1403 4242606948
256 104 1392 4242606948
256 105 1242 4242606948
256 106 1252 4242606948
256 107 1266 4242606948
256 108 1328 4242606948
256 109 1340 4242606948
256 110 1248 4242606948
256 111 1156 4242606948
256 112 1208 4242606948
256 113 1344 4242606948
256 114 1300 4242606948
256 115 1116 4242606948
256 116 1399 4242606948
256 117 1296 4242606948
256 118 1352 4242606948
256 119 1304 4242606948
256 120 1065 4242606948
256 121 1504 4242606948
256 122 1392 4242606948
256 123 1334 4242606948
256 124 1108 4242606948
256 125 1388 4242606948
256 126 1224 4242606948
256 127 1180 4242606948
256 128 1100 4242606948
256 129 1472 4242606948
256 130 1388 4242606948
256 131 1332 4242606948
256 132 1112 4242606948
256 133 1380 4242606948
256 134 1368 4242606948
256 135 1416 4242606948
256 136 1128 4242606948
256 137 1547 4242606948
256 138 1400 4242606948
256 139 1468 4242606948
256 140 1044 4242606948
256 141 1088 4242606948
256 142 1276 4242606948
256 143 1496 4242606948
256 144 1268 4242606948
256 145 1276 4242606948
256 146 1380 4242606948
256 147 1532 4242606948
256 148 1320 4242606948
256 149 1384 4242606948
256 150 1188 4242606948
256 151 1308 4242606948
256 152 1178 4242606948
256 153 1368 4242606948
256 154 1032 4242606948
256 155 1488 4242606948
256 156 1424 4242606948
256 157 1364 4242606948
256 158 1252 4242606948
256 159 1444 4242606948
256 160 1256 4242606948
256 161 1204 4242606948
256 162 1172 4242606948
256 163 1438 4242606948
256 164 1384 4242606948
256 165 1376 4242606948
256 166 1272 4242606948
256 167 1448 4242606948
256 168 1356 4242606948
256 169 1364 4242606948
256 170 1196 4242606948
256 171 1327 4242606948
256 172 1212 4242606948
256 173 1224 4242606948
256 174 1196 4242606948
256 175 1240 4242606948
256 176 1412 4242606948
256 177 1300 4242606948
256 178 1196 4242606948
256 179 1196 4242606948
256 180 1160 4242606948
256 181 1372 4242606948
256 182 1300 4242606948
256 183 1132 4242606948
256 184 1244 4242606948
256 185 1480 4242606948
256 186 1208 4242606948
256 187 1116 4242606948
256 188 1347 4242606948
256 189 1556 4242606948
256 190 1548 4242606948
256 191 1396 4242606948
256 192 1312 4242606948
256 193 1368 4242606948
256 194 1352 4242606948
256 195 1228 4242606948
256 196 1192 4242606948
256 197 1372 4242606948
256 198 1396 4242606948
256 199 1428 4242606948
256 200 1352 4242606948
256 201 1276 4242606948
256 202 1226 4242606948
256 203 1314 4242606948
256 204 1148 4242606948
256 205 1348 4242606948
256 206 1328 4242606948
256 207 1324 4242606948
256 208 996 4242606948
256 209 1068 4242606948
256 210 1396 4242606948
256 211 1512 4242606948
256 212 1312 4242606948
256 213 1032 4242606948
256 214 1204 4242606948
256 215 1432 4242606948
256 216 1400 4242606948
256 217 1136 4242606948
256 218 1272 4242606948
256 219 1249 4242606948
256 220 1360 4242606948
256 221 1084 4242606948
256 222 1391 4242606948
256 223 1456 4242606948
256 224 1332 4242606948
256 225 1290 4242606948
256 226 1172 4242606948
256 227 1404 4242606948
256 228 1416 4242606948
256 229 1310 4242606948
256 230 1104 4242606948
256 231 1524 4242606948
256 232 1504 4242606948
256 233 1332 4242606948
256 234 1158 4242606948
256 235 1372 4242606948
256 236 1432 4242606948
256 237 1374 4242606948
256 238 1228 4242606948
256 239 1380 4242606948
256 240 1348 4242606948
256 241 1340 4242606948
256 242 1232 4242606948
256 243 1405 4242606948
256 244 1540 4242606948
256 245 1316 4242606948
256 246 1180 4242606948
256 247 1156 4242606948
256 248 1372 4242606948
256 249 1392 4242606948
256 250 1340 4242606948
256 251 1172 4242606948
256 252 1328 4242606948
256 253 1464 4242606948
256 254 1160 4242606948
256 255 1208 4242606948
256 256 1387 4242606948
256 257 1312 4242606948
256 258 1244 4242606948
256 259 1124 4242606948
256 260 1040 4242606948
256 261 1324 4242606948
256 262 1464 4242606948
256 263 1340 4242606948
256 264 1248 4242606948
256 265 1372 4242606948
256 266 1420 4242606948
256 267 1416 4242606948
256 268 1176 4242606948
256 269 1476 4242606948
256 270 1368 4242606948
256 271 1124 4242606948
256 272 1200 4242606948
256 273 1280 4242606948
256 274 1322 4242606948
256 275 1324 4242606948
256 276 1232 4242606948
256 277 1479 4242606948
256 278 1516 4242606948
256 279 1432 4242606948
256 280 1464 4242606948
256 281 1236 4242606948
256 282 1344 4242606948
256 283 1396 4242606948
256 284 1260 4242606948
256 285 1332 4242606948
256 286 1308 4242606948
256 287 1528 4242606948
256 288 1284 4242606948
256 289 1206 4242606948
256 290 1319 4242606948
256 291 1448 4242606948
256 292 1168 4242606948
256 293 1240 4242606948
256 294 1268 4242606948
256 295 1280 4242606948
256 296 1288 4242606948
256 297 1268 4242606948
256 298 1168 4242606948
256 299 1424 4242606948
256 300 1240 4242606948
256 301 1246 4242606948
256 302 1044 4242606948
256 303 1328 4242606948
256 304 1268 4242606948
256 305 1192 4242606948
256 306 1188 4242606948
256 307 1296 4242606948
256 308 1408 4242606948
256 309 1244 4242606948
256 310 1164 4242606948
256 311 1531 4242606948
256 312 1340 4242606948
256 313 1416 4242606948
256 314 1336 4242606948
256 315 1204 4242606948
256 316 1416 4242606948
256 317 1396 4242606948
256 318 1276 4242606948
256 319 1248 4242606948
256 320 1356 4242606948
256 321 1416 4242606948
256 322 1072 4242606948
256 323 1072 4242606948
256 324 1320 4242606948
256 325 1488 4242606948
256 326 1340 4242606948
256 327 1176 4242606948
256 328 1116 4242606948
256 329 1324 4242606948
256 330 1396 4242606948
256 331 1324 4242606948
256 332 1112 4242606948
256 333 1332 4242606948
256 334 1240 4242606948
256 335 1216 4242606948
256 336 1312 4242606948
256 337 1448 4242606948
256 338 1469 4242606948
256 339 1344 4242606948
256 340 1120 4242606948
256 341 1300 4242606948
256 342 1280 4242606948
256 343 1280 4242606948
256 344 1152 4242606948
256 345 1447 4242606948
256 346 1412 4242606948
256 347 1316 4242606948
256 348 1348 4242606948
256 349 1168 4242606948
256 350 1296 4242606948
256 351 1432 4242606948
256 352 1120 4242606948
256 353 1136 4242606948
256 354 1404 4242606948
256 355 1416 4242606948
256 356 1304 4242606948
256 357 1244 4242606948
256 358 1264 4242606948
256 359 1472 4242606948
256 360 1116 4242606948
256 361 1092 4242606948
256 362 1283 4242606948
256 363 1472 4242606948
256 364 1292 4242606948
256 365 1224 4242606948
256 366 988 4242606948
256 367 1368 4242606948
256 368 1260 4242606948
256 369 1340 4242606948
256 370 1336 4242606948
256 371 1444 4242606948
256 372 1480 4242606948
256 373 1441 4242606948
256 374 1250 4242606948
256 375 1268 4242606948
256 376 1408 4242606948
256 377 1388 4242606948
256 378 1218 4242606948
256 379 1376 4242606948
256 380 1272 4242606948
256 381 1296 4242606948
256 382 1208 4242606948
256 383 1120 4242606948
256 384 1440 4242606948
256 385 1376 4242606948
256 386 1239 4242606948
256 387 1200 4242606948
256 388 1376 4242606948
256 389 1357 4242606948
256 390 1344 4242606948
256 391 1144 4242606948
256 392 1304 4242606948
256 393 1508 4242606948
256 394 1264 4242606948
256 395 1320 4242606948
256 396 1399 4242606948
256 397 1560 4242606948
256 398 1068 4242606948
256 399 1152 4242606948
256 400 980 4242606948
256 401 1456 4242606948
256 402 1536 4242606948
256 403 1356 4242606948
256 404 1144 4242606948
256 405 1416 4242606948
256 406 1412 4242606948
256 407 1309 4242606948
256 408 1256 4242606948
256 409 1396 4242606948
256 410 1404 4242606948
256 411 1408 4242606948
256 412 1312 4242606948
256 413 1168 4242606948
256 414 1444 4242606948
256 415 1400 4242606948
256 416 1164 4242606948
256 417 1149 4242606948
256 418 1404 4242606948
256 419 1266 4242606948
256 420 1052 4242606948
256 421 1080 4242606948
256 422 1356 4242606948
256 423 1512 4242606948
256 424 1376 4242606948
256 425 1328 4242606948
256 426 1380 4242606948
256 427 1472 4242606948
256 428 1272 4242606948
256 429 1172 4242606948
256 430 1567 4242606948
256 431 1480 4242606948
256 432 1312 4242606948
256 433 1168 4242606948
256 434 1108 4242606948
256 435 1440 4242606948
256 436 1472 4242606948
256 437 1288 4242606948
256 438 1112 4242606948
256 439 1572 4242606948
256 440 1428 4242606948
256 441 1304 4242606948
256 442 1188 4242606948
256 443 1452 4242606948
256 444 1520 4242606948
256 445 1368 4242606948
256 446 1192 4242606948
256 447 1428 4242606948
256 448 1380 4242606948
256 449 1356 4242606948
256 450 1256 4242606948
256 451 1459 4242606948
256 452 1316 4242606948
256 453 1336 4242606948
256 454 1240 4242606948
256 455 1220 4242606948
256 456 1364 4242606948
256 457 1540 4242606948
256 458 1268 4242606948
256 459 1300 4242606948
256 460 1448 4242606948
256 461 1320 4242606948
256 462 1280 4242606948
256 463 1252 4242606948
256 464 1499 4242606948
256 465 1608 4242606948
256 466 1214 4242606948
256 467 1386 4242606948
256 468 1136 4242606948
256 469 1356 4242606948
256 470 1256 4242606948
256 471 1372 4242606948
256 472 1256 4242606948
256 473 1360 4242606948
256 474 1272 4242606948
256 475 1412 4242606948
256 476 1186 4242606948
256 477 1408 4242606948
256 478 1376 4242606948
256 479 1236 4242606948
256 480 1104 4242606948
256 481 1380 4242606948
256 482 1460 4242606948
256 483 1352 4242606948
256 484 1164 4242606948
256 485 1367 4242606948
256 486 1432 4242606948
256 487 1372 4242606948
256 488 1312 4242606948
256 489 1132 4242606948
256 490 1400 4242606948
256 491 1396 4242606948
256 492 1224 4242606948
256 493 1112 4242606948
256 494 1328 4242606948
256 495 1436 4242606948
256 496 1220 4242606948
256 497 1180 4242606948
256 498 1392 4242606948
256 499 1520 4242606948
256 500 1372 4242606948
256 501 1264 4242606948
256 502 1220 4242606948
256 503 1340 4242606948
256 504 1200 4242606948
256 505 1060 4242606948
256 506 1024 4242606948
256 507 1236 4242606948
256 508 1364 4242606948
256 509 1252 4242606948
256 510 1244 4242606948
256 511 1482 4242606948
256 512 1440 4242606948
256 513 1352 4242606948
256 514 1208 4242606948
256 515 1404 4242606948
256 516 1452 4242606948
256 517 1380 4242606948
256 518 1180 4242606948
256 519 1535 4242606948
256 520 1392 4242606948
256 521 1516 4242606948
256 522 1252 4242606948
256 523 1184 4242606948
256 524 1432 4242606948
256 525 1376 4242606948
256 526 1232 4242606948
256 527 1120 4242606948
256 528 1312 4242606948
256 529 1524 4242606948
256 530 1220 4242606948
256 531 1224 4242606948
256 532 1356 4242606948
256 533 1532 4242606948
256 534 1376 4242606948
256 535 1284 4242606948
256 536 1341 4242606948
256 537 1636 4242606948
256 538 1396 4242606948
256 539 1248 4242606948
256 540 1082 4242606948
256 541 1456 4242606948
256 542 1408 4242606948
256 543 1316 4242606948
256 544 1040 4242606948
256 545 1468 4242606948
256 546 1520 4242606948
256 547 1388 4242606948
256 548 1108 4242606948
256 549 1444 4242606948
256 550 1304 4242606948
256 551 1370 4242606948
256 552 1048 4242606948
256 553 1416 4242606948
256 554 1656 4242606948
256 555 1520 4242606948
256 556 1240 4242606948
256 557 1252 4242606948
256 558 1328 4242606948
256 559 1464 4242606948
256 560 1272 4242606948
256 561 1146 4242606948
256 562 1348 4242606948
256 563 1394 4242606948
256 564 1252 4242606948
256 565 1268 4242606948
256 566 1208 4242606948
256 567 1292 4242606948
256 568 1156 4242606948
256 569 1200 4242606948
256 570 1331 4242606948
256 571 1412 4242606948
256 572 1344 4242606948
256 573 1184 4242606948
256 574 1100 4242606948
256 575 1428 4242606948
256 576 1412 4242606948
256 577 1327 4242606948
256 578 1156 4242606948
256 579 1456 4242606948
256 580 1356 4242606948
256 581 1336 4242606948
256 582 1212 4242606948
256 583 1384 4242606948
256 584 1336 4242606948
256 585 1322 4242606948
256 586 1116 4242606948
256 587 1396 4242606948
256 588 1436 4242606948
256 589 1244 4242606948
256 590 1168 4242606948
256 591 1367 4242606948
256 592 1456 4242606948
256 593 1392 4242606948
256 594 1320 4242606948
256 595 1252 4242606948
256 596 1306 4242606948
256 597 1464 4242606948
256 598 1401 4242606948
256 599 1296 4242606948
256 600 1366 4242606948
256 601 1336 4242606948
256 602 1316 4242606948
256 603 1052 4242606948
256 604 1315 4242606948
256 605 1388 4242606948
256 606 1108 4242606948
256 607 1036 4242606948
256 608 1096 4242606948
256 609 1440 4242606948
256 610 1380 4242606948
256 611 1309 4242606948
256 612 1156 4242606948
256 613 1340 4242606948
256 614 1344 4242606948
256 615 1320 4242606948
256 616 1134 4242606948
256 617 1492 4242606948
256 618 1368 4242606948
256 619 1340 4242606948
256 620 1140 4242606948
256 621 1488 4242606948
256 622 1412 4242606948
256 623 1372 4242606948
256 624 1192 4242606948
256 625 1446 4242606948
256 626 1360 4242606948
256 627 1402 4242606948
256 628 1236 4242606948
256 629 1184 4242606948
256 630 1352 4242606948
256 631 1552 4242606948
256 632 1324 4242606948
256 633 1240 4242606948
256 634 1338 4242606948
256 635 1428 4242606948
256 636 1356 4242606948
256 637 1284 4242606948
256 638 1439 4242606948
256 639 1484 4242606948
256 640 1324 4242606948
256 641 1152 4242606948
256 642 1064 4242606948
256 643 1296 4242606948
256 644 1318 4242606948
256 645 1304 4242606948
256 646 1120 4242606948
256 647 1364 4242606948
256 648 1500 4242606948
256 649 1332 4242606948
256 650 1260 4242606948
256 651 1448 4242606948
256 652 1424 4242606948
256 653 1476 4242606948
256 654 1216 4242606948
256 655 1478 4242606948
256 656 1444 4242606948
256 657 1272 4242606948
256 658 1312 4242606948
256 659 1451 4242606948
256 660 1332 4242606948
256 661 1400 4242606948
256 662 1269 4242606948
256 663 1208 4242606948
256 664 1260 4242606948
256 665 1471 4242606948
256 666 1420 4242606948
256 667 1260 4242606948
256 668 1336 4242606948
256 669 1428 4242606948
256 670 1236 4242606948
256 671 1360 4242606948
256 672 1284 4242606948
256 673 1340 4242606948
256 674 1144 4242606948
256 675 1174 4242606948
256 676 1148 4242606948
256 677 1438 4242606948
256 678 1440 4242606948
256 679 1240 4242606948
256 680 1072 4242606948
256 681 1408 4242606948
256 682 1306 4242606948
256 683 1372 4242606948
256 684 1032 4242606948
256 685 1448 4242606948
256 686 1484 4242606948
256 687 1388 4242606948
256 688 1156 4242606948
256 689 1532 4242606948
256 690 1436 4242606948
256 691 1500 4242606948
256 692 1268 4242606948
256 693 1354 4242606948
256 694 1320 4242606948
256 695 1360 4242606948
256 696 1264 4242606948
256 697 1216 4242606948
256 698 1436 4242606948
256 699 1312 4242606948
256 700 1172 4242606948
256 701 1172 4242606948
256 702 1336 4242606948
256 703 1461 4242606948
256 704 1276 4242606948
256 705 1344 4242606948
256 706 1312 4242606948
256 707 1429 4242606948
256 708 1172 4242606948
256 709 1240 4242606948
256 710 1348 4242606948
256 711 1468 4242606948
256 712 1228 4242606948
256 713 1148 4242606948
256 714 1144 4242606948
256 715 1340 4242606948
256 716 1420 4242606948
256 717 1344 4242606948
256 718 1180 4242606948
256 719 1372 4242606948
256 720 1400 4242606948
256 721 1296 4242606948
256 722 1184 4242606948
256 723 1320 4242606948
256 724 1220 4242606948
256 725 1188 4242606948
256 726 1276 4242606948
256 727 1400 4242606948
256 728 1372 4242606948
256 729 1320 4242606948
256 730 1164 4242606948
256 731 1213 4242606948
256 732 1396 4242606948
256 733 1352 4242606948
256 734 1252 4242606948
256 735 1084 4242606948
256 736 1309 4242606948
256 737 1384 4242606948
256 738 1328 4242606948
256 739 1276 4242606948
256 740 1288 4242606948
256 741 1504 4242606948
256 742 1228 4242606948
256 743 1272 4242606948
256 744 1339 4242606948
256 745 1356 4242606948
256 746 1136 4242606948
256 747 1020 4242606948
256 748 816 4242606948
256 749 1292 4242606948
256 750 1352 4242606948
256 751 1320 4242606948
256 752 1120 4242606948
256 753 1492 4242606948
256 754 1420 4242606948
256 755 1396 4242606948
256 756 1348 4242606948
256 757 1392 4242606948
256 758 1366 4242606948
256 759 1344 4242606948
256 760 1228 4242606948
256 761 1344 4242606948
256 762 1404 4242606948
256 763 1364 4242606948
256 764 1336 4242606948
256 765 1375 4242606948
256 766 1372 4242606948
256 767 1408 4242606948
256 768 1224 4242606948
256 769 1044 4242606948
256 770 1332 4242606948
256 771 1548 4242606948
256 772 1428 4242606948
256 773 1284 4242606948
256 774 1248 4242606948
256 775 1436 4242606948
256 776 1292 4242606948
256 777 1220 4242606948
256 778 1363 4242606948
256 779 1444 4242606948
256 780 1252 4242606948
256 781 1168 4242606948
256 782 1142 4242606948
256 783 1351 4242606948
256 784 1416 4242606948
256 785 1092 4242606948
256 786 1168 4242606948
256 787 1388 4242606948
256 788 1406 4242606948
256 789 1364 4242606948
256 790 1080 4242606948
256 791 1432 4242606948
256 792 1388 4242606948
256 793 1440 4242606948
256 794 1212 4242606948
256 795 1360 4242606948
256 796 1421 4242606948
256 797 1220 4242606948
256 798 1164 4242606948
256 799 1543 4242606948
256 800 1368 4242606948
256 801 1384 4242606948
256 802 1096 4242606948
256 803 1168 4242606948
256 804 1380 4242606948
256 805 1340 4242606948
256 806 1232 4242606948
256 807 1220 4242606948
256 808 1300 4242606948
256 809 1484 4242606948
256 810 1292 4242606948
256 811 1116 4242606948
256 812 1332 4242606948
256 813 1304 4242606948
256 814 1152 4242606948
256 815 1256 4242606948
256 816 1128 4242606948
256 817 1664 4242606948
256 818 1464 4242606948
256 819 1228 4242606948
256 820 1116 4242606948
256 821 1332 4242606948
256 822 1360 4242606948
256 823 1312 4242606948
256 824 1225 4242606948
256 825 1256 4242606948
256 826 1348 4242606948
256 827 1356 4242606948
256 828 1284 4242606948
256 829 1432 4242606948
256 830 1488 4242606948
256 831 1252 4242606948
256 832 1280 4242606948
256 833 1267 4242606948
256 834 1364 4242606948
256 835 1436 4242606948
256 836 1220 4242606948
256 837 1184 4242606948
256 838 1496 4242606948
256 839 1456 4242606948
256 840 1316 4242606948
256 841 1308 4242606948
256 842 1456 4242606948
256 843 1492 4242606948
256 844 1284 4242606948
256 845 1192 4242606948
256 846 1372 4242606948
256 847 1480 4242606948
256 848 1380 4242606948
256 849 1196 4242606948
256 850 1323 4242606948
256 851 1532 4242606948
256 852 1264 4242606948
256 853 1176 4242606948
256 854 1172 4242606948
256 855 1530 4242606948
256 856 1484 4242606948
256 857 1508 4242606948
256 858 1280 4242606948
256 859 1508 4242606948
256 860 1484 4242606948
256 861 1468 4242606948
256 862 1500 4242606948
256 863 1368 4242606948
256 864 1360 4242606948
256 865 1320 4242606948
256 866 1000 4242606948
256 867 1132 4242606948
256 868 1324 4242606948
256 869 1352 4242606948
256 870 1248 4242606948
256 871 1194 4242606948
256 872 1512 4242606948
256 873 1468 4242606948
256 874 1318 4242606948
256 875 1240 4242606948
256 876 1372 4242606948
256 877 1376 4242606948
256 878 1204 4242606948
256 879 1196 4242606948
256 880 1444 4242606948
256 881 1492 4242606948
256 882 1192 4242606948
256 883 1172 4242606948
256 884 1377 4242606948
256 885 1432 4242606948
256 886 1136 4242606948
256 887 1276 4242606948
256 888 1048 4242606948
256 889 1324 4242606948
256 890 1328 4242606948
256 891 1280 4242606948
256 892 1220 4242606948
256 893 1220 4242606948
256 894 1360 4242606948
256 895 1408 4242606948
256 896 1280 4242606948
256 897 1356 4242606948
256 898 1360 4242606948
256 899 1320 4242606948
256 900 1198 4242606948
256 901 1404 4242606948
256 902 1510 4242606948
256 903 1344 4242606948
256 904 1304 4242606948
256 905 1343 4242606948
256 906 1404 4242606948
256 907 1268 4242606948
256 908 1124 4242606948
256 909 1192 4242606948
256 910 1488 4242606948
256 911 1476 4242606948
256 912 1448 4242606948
256 913 1256 4242606948
256 914 1500 4242606948
256 915 1560 4242606948
256 916 1480 4242606948
256 917 1316 4242606948
256 918 1363 4242606948
256 919 1428 4242606948
256 920 1292 4242606948
256 921 1312 4242606948
256 922 1060 4242606948
256 923 1372 4242606948
256 924 1364 4242606948
256 925 1284 4242606948
256 926 1144 4242606948
256 927 1431 4242606948
256 928 1448 4242606948
256 929 1484 4242606948
256 930 1256 4242606948
256 931 1492 4242606948
256 932 1344 4242606948
256 933 1296 4242606948
256 934 1180 4242606948
256 935 1196 4242606948
256 936 1328 4242606948
256 937 1204 4242606948
256 938 1096 4242606948
256 939 1403 4242606948
256 940 1504 4242606948
256 941 1424 4242606948
256 942 1260 4242606948
256 943 1072 4242606948
256 944 1460 4242606948
256 945 1444 4242606948
256 946 1316 4242606948
256 947 1260 4242606948
256 948 1304 4242606948
256 949 1345 4242606948
256 950 1092 4242606948
256 951 1208 4242606948
256 952 1387 4242606948
256 953 1308 4242606948
256 954 1412 4242606948
256 955 1300 4242606948
256 956 1174 4242606948
256 957 1376 4242606948
256 958 1398 4242606948
256 959 1268 4242606948
256 960 1148 4242606948
256 961 1400 4242606948
256 962 1320 4242606948
256 963 1304 4242606948
256 964 1224 4242606948
256 965 1296 4242606948
256 966 1240 4242606948
256 967 1316 4242606948
256 968 1126 4242606948
256 969 1276 4242606948
256 970 1340 4242606948
256 971 1368 4242606948
256 972 996 4242606948
256 973 1375 4242606948
256 974 1460 4242606948
256 975 1380 4242606948
256 976 1196 4242606948
256 977 1272 4242606948
256 978 1456 4242606948
256 979 1612 4242606948
256 980 1340 4242606948
256 981 1312 4242606948
256 982 1296 4242606948
256 983 1486 4242606948
256 984 1316 4242606948
256 985 1300 4242606948
256 986 1288 4242606948
256 987 1523 4242606948
256 988 1164 4242606948
256 989 1140 4242606948
256 990 1064 4242606948
256 991 1276 4242606948
256 992 1288 4242606948
256 993 1288 4242606948
256 994 1082 4242606948
256 995 1396 4242606948
256 996 1376 4242606948
256 997 1252 4242606948
256 998 1028 4242606948
256 999 1388 4242606948
