64 0 272 4160031460
64 1 42 4160031460
64 2 37 4160031460
64 3 37 4160031460
64 4 37 4160031460
64 5 53 4160031460
64 6 37 4160031460
64 7 37 4160031460
64 8 37 4160031460
64 9 37 4160031460
64 10 51 4160031460
64 11 37 4160031460
64 12 37 4160031460
64 13 37 4160031460
64 14 37 4160031460
64 15 37 4160031460
64 16 52 4160031460
64 17 37 4160031460
64 18 37 4160031460
64 19 37 4160031460
64 20 37 4160031460
64 21 52 4160031460
64 22 37 4160031460
64 23 37 4160031460
64 24 37 4160031460
64 25 37 4160031460
64 26 51 4160031460
64 27 37 4160031460
64 28 37 4160031460
64 29 37 4160031460
64 30 37 4160031460
64 31 37 4160031460
64 32 52 4160031460
64 33 37 4160031460
64 34 37 4160031460
64 35 37 4160031460
64 36 37 4160031460
64 37 37 4160031460
64 38 52 4160031460
64 39 37 4160031460
64 40 37 4160031460
64 41 37 4160031460
64 42 37 4160031460
64 43 52 4160031460
64 44 37 4160031460
64 45 37 4160031460
64 46 37 4160031460
64 47 37 4160031460
64 48 52 4160031460
64 49 37 4160031460
64 50 37 4160031460
64 51 37 4160031460
64 52 37 4160031460
64 53 37 4160031460
64 54 52 4160031460
64 55 37 4160031460
64 56 37 4160031460
64 57 37 4160031460
64 58 37 4160031460
64 59 52 4160031460
64 60 37 4160031460
64 61 37 4160031460
64 62 37 4160031460
64 63 37 4160031460
64 64 37 4160031460
64 65 52 4160031460
64 66 37 4160031460
64 67 37 4160031460
64 68 37 4160031460
64 69 37 4160031460
64 70 37 4160031460
64 71 52 4160031460
64 72 37 4160031460
64 73 37 4160031460
64 74 37 4160031460
64 75 37 4160031460
64 76 51 4160031460
64 77 37 4160031460
64 78 37 4160031460
64 79 37 4160031460
64 80 37 4160031460
64 81 52 4160031460
64 82 37 4160031460
64 83 37 4160031460
64 84 37 4160031460
64 85 37 4160031460
64 86 37 4160031460
64 87 52 4160031460
64 88 37 4160031460
64 89 37 4160031460
64 90 37 4160031460
64 91 37 4160031460
64 92 52 4160031460
64 93 37 4160031460
64 94 37 4160031460
64 95 37 4160031460
64 96 37 4160031460
64 97 37 4160031460
64 98 52 4160031460
64 99 37 4160031460
64 100 37 4160031460
64 101 37 4160031460
64 102 37 4160031460
64 103 52 4160031460
64 104 37 4160031460
64 105 37 4160031460
64 106 37 4160031460
64 107 37 4160031460
64 108 52 4160031460
64 109 37 4160031460
64 110 37 4160031460
64 111 37 4160031460
64 112 37 4160031460
64 113 52 4160031460
64 114 37 4160031460
64 115 37 4160031460
64 116 37 4160031460
64 117 37 4160031460
64 118 52 4160031460
64 119 37 4160031460
64 120 37 4160031460
64 121 37 4160031460
64 122 37 4160031460
64 123 37 4160031460
64 124 52 4160031460
64 125 37 4160031460
64 126 37 4160031460
64 127 37 4160031460
64 128 37 4160031460
64 129 52 4160031460
64 130 37 4160031460
64 131 37 4160031460
64 132 37 4160031460
64 133 37 4160031460
64 134 52 4160031460
64 135 37 4160031460
64 136 37 4160031460
64 137 37 4160031460
64 138 37 4160031460
64 139 37 4160031460
64 140 52 4160031460
64 141 37 4160031460
64 142 37 4160031460
64 143 37 4160031460
64 144 37 4160031460
64 145 52 4160031460
64 146 37 4160031460
64 147 37 4160031460
64 148 37 4160031460
64 149 37 4160031460
64 150 52 4160031460
64 151 37 4160031460
64 152 37 4160031460
64 153 37 4160031460
64 154 37 4160031460
64 155 58 4160031460
64 156 37 4160031460
64 157 37 4160031460
64 158 37 4160031460
64 159 37 4160031460
64 160 37 4160031460
64 161 52 4160031460
64 162 37 4160031460
64 163 37 4160031460
64 164 37 4160031460
64 165 37 4160031460
64 166 52 4160031460
64 167 37 4160031460
64 168 37 4160031460
64 169 37 4160031460
64 170 37 4160031460
64 171 52 4160031460
64 172 37 4160031460
64 173 37 4160031460
64 174 37 4160031460
64 175 37 4160031460
64 176 52 4160031460
64 177 37 4160031460
64 178 37 4160031460
64 179 37 4160031460
64 180 37 4160031460
64 181 52 4160031460
64 182 37 4160031460
64 183 37 4160031460
64 184 37 4160031460
64 185 37 4160031460
64 186 54 4160031460
64 187 39 4160031460
64 188 37 4160031460
64 189 37 4160031460
64 190 37 4160031460
64 191 37 4160031460
64 192 52 4160031460
64 193 37 4160031460
64 194 37 4160031460
64 195 37 4160031460
64 196 37 4160031460
64 197 52 4160031460
64 198 37 4160031460
64 199 37 4160031460
64 200 37 4160031460
64 201 37 4160031460
64 202 52 4160031460
64 203 37 4160031460
64 204 37 4160031460
64 205 37 4160031460
64 206 37 4160031460
64 207 52 4160031460
64 208 37 4160031460
64 209 37 4160031460
64 210 37 4160031460
64 211 37 4160031460
64 212 52 4160031460
64 213 37 4160031460
64 214 37 4160031460
64 215 37 4160031460
64 216 37 4160031460
64 217 56 4160031460
64 218 44 4160031460
64 219 37 4160031460
64 220 37 4160031460
64 221 37 4160031460
64 222 37 4160031460
64 223 52 4160031460
64 224 37 4160031460
64 225 37 4160031460
64 226 37 4160031460
64 227 37 4160031460
64 228 52 4160031460
64 229 37 4160031460
64 230 37 4160031460
64 231 37 4160031460
64 232 37 4160031460
64 233 52 4160031460
64 234 37 4160031460
64 235 37 4160031460
64 236 37 4160031460
64 237 37 4160031460
64 238 52 4160031460
64 239 37 4160031460
64 240 37 4160031460
64 241 37 4160031460
64 242 37 4160031460
64 243 37 4160031460
64 244 52 4160031460
64 245 37 4160031460
64 246 37 4160031460
64 247 37 4160031460
64 248 37 4160031460
64 249 52 4160031460
64 250 37 4160031460
64 251 37 4160031460
64 252 37 4160031460
64 253 37 4160031460
64 254 52 4160031460
64 255 37 4160031460
64 256 37 4160031460
64 257 37 4160031460
64 258 37 4160031460
64 259 37 4160031460
64 260 51 4160031460
64 261 37 4160031460
64 262 37 4160031460
64 263 37 4160031460
64 264 37 4160031460
64 265 51 4160031460
64 266 37 4160031460
64 267 37 4160031460
64 268 37 4160031460
64 269 37 4160031460
64 270 51 4160031460
64 271 37 4160031460
64 272 37 4160031460
64 273 37 4160031460
64 274 37 4160031460
64 275 52 4160031460
64 276 37 4160031460
64 277 37 4160031460
64 278 37 4160031460
64 279 37 4160031460
64 280 37 4160031460
64 281 50 4160031460
64 282 37 4160031460
64 283 37 4160031460
64 284 37 4160031460
64 285 37 4160031460
64 286 52 4160031460
64 287 37 4160031460
64 288 37 4160031460
64 289 37 4160031460
64 290 37 4160031460
64 291 52 4160031460
64 292 37 4160031460
64 293 37 4160031460
64 294 37 4160031460
64 295 37 4160031460
64 296 52 4160031460
64 297 37 4160031460
64 298 37 4160031460
64 299 37 4160031460
64 300 37 4160031460
64 301 52 4160031460
64 302 37 4160031460
64 303 37 4160031460
64 304 37 4160031460
64 305 37 4160031460
64 306 51 4160031460
64 307 37 4160031460
64 308 37 4160031460
64 309 37 4160031460
64 310 37 4160031460
64 311 37 4160031460
64 312 51 4160031460
64 313 37 4160031460
64 314 37 4160031460
64 315 37 4160031460
64 316 37 4160031460
64 317 52 4160031460
64 318 37 4160031460
64 319 37 4160031460
64 320 37 4160031460
64 321 37 4160031460
64 322 52 4160031460
64 323 37 4160031460
64 324 37 4160031460
64 325 37 4160031460
64 326 37 4160031460
64 327 51 4160031460
64 328 37 4160031460
64 329 37 4160031460
64 330 37 4160031460
64 331 37 4160031460
64 332 52 4160031460
64 333 37 4160031460
64 334 37 4160031460
64 335 37 4160031460
64 336 37 4160031460
64 337 52 4160031460
64 338 37 4160031460
64 339 37 4160031460
64 340 37 4160031460
64 341 37 4160031460
64 342 37 4160031460
64 343 52 4160031460
64 344 37 4160031460
64 345 37 4160031460
64 346 37 4160031460
64 347 37 4160031460
64 348 52 4160031460
64 349 37 4160031460
64 350 37 4160031460
64 351 37 4160031460
64 352 37 4160031460
64 353 52 4160031460
64 354 37 4160031460
64 355 37 4160031460
64 356 37 4160031460
64 357 37 4160031460
64 358 52 4160031460
64 359 37 4160031460
64 360 37 4160031460
64 361 37 4160031460
64 362 37 4160031460
64 363 37 4160031460
64 364 52 4160031460
64 365 37 4160031460
64 366 37 4160031460
64 367 37 4160031460
64 368 37 4160031460
64 369 52 4160031460
64 370 37 4160031460
64 371 37 4160031460
64 372 37 4160031460
64 373 37 4160031460
64 374 52 4160031460
64 375 37 4160031460
64 376 37 4160031460
64 377 37 4160031460
64 378 37 4160031460
64 379 37 4160031460
64 380 52 4160031460
64 381 37 4160031460
64 382 37 4160031460
64 383 37 4160031460
64 384 37 4160031460
64 385 51 4160031460
64 386 37 4160031460
64 387 37 4160031460
64 388 37 4160031460
64 389 37 4160031460
64 390 52 4160031460
64 391 37 4160031460
64 392 37 4160031460
64 393 37 4160031460
64 394 37 4160031460
64 395 52 4160031460
64 396 37 4160031460
64 397 37 4160031460
64 398 37 4160031460
64 399 37 4160031460
64 400 52 4160031460
64 401 37 4160031460
64 402 37 4160031460
64 403 37 4160031460
64 404 37 4160031460
64 405 37 4160031460
64 406 52 4160031460
64 407 37 4160031460
64 408 37 4160031460
64 409 37 4160031460
64 410 37 4160031460
64 411 51 4160031460
64 412 37 4160031460
64 413 37 4160031460
64 414 37 4160031460
64 415 37 4160031460
64 416 52 4160031460
64 417 37 4160031460
64 418 37 4160031460
64 419 37 4160031460
64 420 37 4160031460
64 421 52 4160031460
64 422 37 4160031460
64 423 37 4160031460
64 424 37 4160031460
64 425 37 4160031460
64 426 52 4160031460
64 427 37 4160031460
64 428 37 4160031460
64 429 37 4160031460
64 430 37 4160031460
64 431 52 4160031460
64 432 37 4160031460
64 433 37 4160031460
64 434 37 4160031460
64 435 37 4160031460
64 436 37 4160031460
64 437 52 4160031460
64 438 37 4160031460
64 439 37 4160031460
64 440 37 4160031460
64 441 37 4160031460
64 442 52 4160031460
64 443 37 4160031460
64 444 37 4160031460
64 445 37 4160031460
64 446 37 4160031460
64 447 51 4160031460
64 448 37 4160031460
64 449 37 4160031460
64 450 37 4160031460
64 451 37 4160031460
64 452 52 4160031460
64 453 37 4160031460
64 454 37 4160031460
64 455 37 4160031460
64 456 37 4160031460
64 457 52 4160031460
64 458 37 4160031460
64 459 37 4160031460
64 460 37 4160031460
64 461 37 4160031460
64 462 52 4160031460
64 463 37 4160031460
64 464 37 4160031460
64 465 37 4160031460
64 466 37 4160031460
64 467 37 4160031460
64 468 52 4160031460
64 469 37 4160031460
64 470 37 4160031460
64 471 37 4160031460
64 472 37 4160031460
64 473 51 4160031460
64 474 37 4160031460
64 475 37 4160031460
64 476 37 4160031460
64 477 37 4160031460
64 478 51 4160031460
64 479 37 4160031460
64 480 37 4160031460
64 481 37 4160031460
64 482 37 4160031460
64 483 37 4160031460
64 484 52 4160031460
64 485 37 4160031460
64 486 37 4160031460
64 487 37 4160031460
64 488 37 4160031460
64 489 52 4160031460
64 490 37 4160031460
64 491 37 4160031460
64 492 37 4160031460
64 493 37 4160031460
64 494 52 4160031460
64 495 37 4160031460
64 496 37 4160031460
64 497 37 4160031460
64 498 37 4160031460
64 499 37 4160031460
64 500 52 4160031460
64 501 37 4160031460
64 502 37 4160031460
64 503 37 4160031460
64 504 37 4160031460
64 505 52 4160031460
64 506 37 4160031460
64 507 37 4160031460
64 508 37 4160031460
64 509 37 4160031460
64 510 52 4160031460
64 511 37 4160031460
64 512 37 4160031460
64 513 37 4160031460
64 514 37 4160031460
64 515 52 4160031460
64 516 37 4160031460
64 517 37 4160031460
64 518 37 4160031460
64 519 37 4160031460
64 520 52 4160031460
64 521 37 4160031460
64 522 37 4160031460
64 523 37 4160031460
64 524 37 4160031460
64 525 52 4160031460
64 526 37 4160031460
64 527 37 4160031460
64 528 37 4160031460
64 529 37 4160031460
64 530 37 4160031460
64 531 52 4160031460
64 532 37 4160031460
64 533 37 4160031460
64 534 37 4160031460
64 535 37 4160031460
64 536 52 4160031460
64 537 37 4160031460
64 538 37 4160031460
64 539 37 4160031460
64 540 37 4160031460
64 541 51 4160031460
64 542 37 4160031460
64 543 37 4160031460
64 544 37 4160031460
64 545 37 4160031460
64 546 52 4160031460
64 547 37 4160031460
64 548 37 4160031460
64 549 37 4160031460
64 550 37 4160031460
64 551 52 4160031460
64 552 37 4160031460
64 553 37 4160031460
64 554 37 4160031460
64 555 37 4160031460
64 556 52 4160031460
64 557 37 4160031460
64 558 37 4160031460
64 559 37 4160031460
64 560 37 4160031460
64 561 37 4160031460
64 562 52 4160031460
64 563 37 4160031460
64 564 37 4160031460
64 565 37 4160031460
64 566 37 4160031460
64 567 51 4160031460
64 568 37 4160031460
64 569 37 4160031460
64 570 37 4160031460
64 571 37 4160031460
64 572 52 4160031460
64 573 37 4160031460
64 574 37 4160031460
64 575 37 4160031460
64 576 37 4160031460
64 577 52 4160031460
64 578 37 4160031460
64 579 37 4160031460
64 580 37 4160031460
64 581 37 4160031460
64 582 52 4160031460
64 583 37 4160031460
64 584 37 4160031460
64 585 37 4160031460
64 586 37 4160031460
64 587 37 4160031460
64 588 52 4160031460
64 589 37 4160031460
64 590 37 4160031460
64 591 37 4160031460
64 592 37 4160031460
64 593 51 4160031460
64 594 37 4160031460
64 595 37 4160031460
64 596 37 4160031460
64 597 37 4160031460
64 598 52 4160031460
64 599 37 4160031460
64 600 37 4160031460
64 601 37 4160031460
64 602 37 4160031460
64 603 37 4160031460
64 604 52 4160031460
64 605 37 4160031460
64 606 37 4160031460
64 607 37 4160031460
64 608 37 4160031460
64 609 52 4160031460
64 610 37 4160031460
64 611 37 4160031460
64 612 37 4160031460
64 613 37 4160031460
64 614 52 4160031460
64 615 37 4160031460
64 616 37 4160031460
64 617 37 4160031460
64 618 37 4160031460
64 619 52 4160031460
64 620 37 4160031460
64 621 37 4160031460
64 622 37 4160031460
64 623 37 4160031460
64 624 37 4160031460
64 625 52 4160031460
64 626 37 4160031460
64 627 37 4160031460
64 628 37 4160031460
64 629 37 4160031460
64 630 51 4160031460
64 631 37 4160031460
64 632 37 4160031460
64 633 37 4160031460
64 634 37 4160031460
64 635 51 4160031460
64 636 37 4160031460
64 637 37 4160031460
64 638 37 4160031460
64 639 37 4160031460
64 640 52 4160031460
64 641 37 4160031460
64 642 37 4160031460
64 643 37 4160031460
64 644 37 4160031460
64 645 52 4160031460
64 646 37 4160031460
64 647 37 4160031460
64 648 37 4160031460
64 649 37 4160031460
64 650 52 4160031460
64 651 37 4160031460
64 652 37 4160031460
64 653 37 4160031460
64 654 37 4160031460
64 655 37 4160031460
64 656 52 4160031460
64 657 37 4160031460
64 658 37 4160031460
64 659 37 4160031460
64 660 37 4160031460
64 661 52 4160031460
64 662 37 4160031460
64 663 37 4160031460
64 664 37 4160031460
64 665 37 4160031460
64 666 52 4160031460
64 667 37 4160031460
64 668 37 4160031460
64 669 37 4160031460
64 670 37 4160031460
64 671 52 4160031460
64 672 37 4160031460
64 673 37 4160031460
64 674 37 4160031460
64 675 37 4160031460
64 676 52 4160031460
64 677 37 4160031460
64 678 37 4160031460
64 679 37 4160031460
64 680 37 4160031460
64 681 52 4160031460
64 682 37 4160031460
64 683 37 4160031460
64 684 37 4160031460
64 685 37 4160031460
64 686 37 4160031460
64 687 52 4160031460
64 688 37 4160031460
64 689 37 4160031460
64 690 37 4160031460
64 691 37 4160031460
64 692 52 4160031460
64 693 37 4160031460
64 694 37 4160031460
64 695 37 4160031460
64 696 37 4160031460
64 697 51 4160031460
64 698 37 4160031460
64 699 37 4160031460
64 700 37 4160031460
64 701 37 4160031460
64 702 52 4160031460
64 703 37 4160031460
64 704 37 4160031460
64 705 37 4160031460
64 706 37 4160031460
64 707 37 4160031460
64 708 52 4160031460
64 709 37 4160031460
64 710 37 4160031460
64 711 37 4160031460
64 712 37 4160031460
64 713 52 4160031460
64 714 37 4160031460
64 715 37 4160031460
64 716 37 4160031460
64 717 37 4160031460
64 718 52 4160031460
64 719 37 4160031460
64 720 37 4160031460
64 721 37 4160031460
64 722 37 4160031460
64 723 37 4160031460
64 724 52 4160031460
64 725 37 4160031460
64 726 37 4160031460
64 727 37 4160031460
64 728 37 4160031460
64 729 52 4160031460
64 730 37 4160031460
64 731 37 4160031460
64 732 37 4160031460
64 733 37 4160031460
64 734 52 4160031460
64 735 37 4160031460
64 736 37 4160031460
64 737 37 4160031460
64 738 37 4160031460
64 739 52 4160031460
64 740 37 4160031460
64 741 37 4160031460
64 742 37 4160031460
64 743 37 4160031460
64 744 51 4160031460
64 745 37 4160031460
64 746 37 4160031460
64 747 37 4160031460
64 748 37 4160031460
64 749 37 4160031460
64 750 51 4160031460
64 751 37 4160031460
64 752 37 4160031460
64 753 37 4160031460
64 754 37 4160031460
64 755 52 4160031460
64 756 37 4160031460
64 757 37 4160031460
64 758 37 4160031460
64 759 37 4160031460
64 760 52 4160031460
64 761 37 4160031460
64 762 37 4160031460
64 763 37 4160031460
64 764 37 4160031460
64 765 52 4160031460
64 766 37 4160031460
64 767 37 4160031460
64 768 37 4160031460
64 769 37 4160031460
64 770 52 4160031460
64 771 37 4160031460
64 772 37 4160031460
64 773 37 4160031460
64 774 37 4160031460
64 775 52 4160031460
64 776 37 4160031460
64 777 37 4160031460
64 778 37 4160031460
64 779 37 4160031460
64 780 37 4160031460
64 781 52 4160031460
64 782 37 4160031460
64 783 37 4160031460
64 784 37 4160031460
64 785 37 4160031460
64 786 51 4160031460
64 787 37 4160031460
64 788 37 4160031460
64 789 37 4160031460
64 790 37 4160031460
64 791 51 4160031460
64 792 37 4160031460
64 793 37 4160031460
64 794 37 4160031460
64 795 37 4160031460
64 796 52 4160031460
64 797 37 4160031460
64 798 37 4160031460
64 799 37 4160031460
64 800 37 4160031460
64 801 52 4160031460
64 802 37 4160031460
64 803 37 4160031460
64 804 37 4160031460
64 805 37 4160031460
64 806 52 4160031460
64 807 37 4160031460
64 808 37 4160031460
64 809 37 4160031460
64 810 37 4160031460
64 811 37 4160031460
64 812 52 4160031460
64 813 37 4160031460
64 814 37 4160031460
64 815 37 4160031460
64 816 37 4160031460
64 817 52 4160031460
64 818 37 4160031460
64 819 37 4160031460
64 820 37 4160031460
64 821 37 4160031460
64 822 52 4160031460
64 823 37 4160031460
64 824 37 4160031460
64 825 37 4160031460
64 826 37 4160031460
64 827 37 4160031460
64 828 52 4160031460
64 829 37 4160031460
64 830 37 4160031460
64 831 37 4160031460
64 832 37 4160031460
64 833 52 4160031460
64 834 37 4160031460
64 835 37 4160031460
64 836 37 4160031460
64 837 37 4160031460
64 838 51 4160031460
64 839 37 4160031460
64 840 37 4160031460
64 841 37 4160031460
64 842 37 4160031460
64 843 37 4160031460
64 844 51 4160031460
64 845 37 4160031460
64 846 37 4160031460
64 847 37 4160031460
64 848 37 4160031460
64 849 52 4160031460
64 850 37 4160031460
64 851 37 4160031460
64 852 37 4160031460
64 853 37 4160031460
64 854 52 4160031460
64 855 37 4160031460
64 856 37 4160031460
64 857 37 4160031460
64 858 37 4160031460
64 859 51 4160031460
64 860 37 4160031460
64 861 37 4160031460
64 862 37 4160031460
64 863 37 4160031460
64 864 53 4160031460
64 865 37 4160031460
64 866 37 4160031460
64 867 37 4160031460
64 868 37 4160031460
64 869 51 4160031460
64 870 37 4160031460
64 871 37 4160031460
64 872 37 4160031460
64 873 37 4160031460
64 874 37 4160031460
64 875 52 4160031460
64 876 37 4160031460
64 877 37 4160031460
64 878 37 4160031460
64 879 37 4160031460
64 880 52 4160031460
64 881 37 4160031460
64 882 37 4160031460
64 883 37 4160031460
64 884 37 4160031460
64 885 52 4160031460
64 886 37 4160031460
64 887 37 4160031460
64 888 37 4160031460
64 889 37 4160031460
64 890 51 4160031460
64 891 37 4160031460
64 892 37 4160031460
64 893 37 4160031460
64 894 37 4160031460
64 895 52 4160031460
64 896 37 4160031460
64 897 37 4160031460
64 898 37 4160031460
64 899 37 4160031460
64 900 52 4160031460
64 901 37 4160031460
64 902 37 4160031460
64 903 37 4160031460
64 904 37 4160031460
64 905 37 4160031460
64 906 52 4160031460
64 907 37 4160031460
64 908 37 4160031460
64 909 37 4160031460
64 910 37 4160031460
64 911 52 4160031460
64 912 37 4160031460
64 913 37 4160031460
64 914 37 4160031460
64 915 37 4160031460
64 916 51 4160031460
64 917 37 4160031460
64 918 37 4160031460
64 919 37 4160031460
64 920 37 4160031460
64 921 52 4160031460
64 922 37 4160031460
64 923 37 4160031460
64 924 37 4160031460
64 925 37 4160031460
64 926 53 4160031460
64 927 37 4160031460
64 928 37 4160031460
64 929 37 4160031460
64 930 37 4160031460
64 931 37 4160031460
64 932 52 4160031460
64 933 37 4160031460
64 934 37 4160031460
64 935 37 4160031460
64 936 37 4160031460
64 937 52 4160031460
64 938 37 4160031460
64 939 37 4160031460
64 940 37 4160031460
64 941 37 4160031460
64 942 53 4160031460
64 943 37 4160031460
64 944 37 4160031460
64 945 37 4160031460
64 946 37 4160031460
64 947 37 4160031460
64 948 52 4160031460
64 949 37 4160031460
64 950 37 4160031460
64 951 37 4160031460
64 952 37 4160031460
64 953 52 4160031460
64 954 37 4160031460
64 955 37 4160031460
64 956 37 4160031460
64 957 37 4160031460
64 958 52 4160031460
64 959 37 4160031460
64 960 37 4160031460
64 961 37 4160031460
64 962 37 4160031460
64 963 52 4160031460
64 964 37 4160031460
64 965 37 4160031460
64 966 37 4160031460
64 967 37 4160031460
64 968 37 4160031460
64 969 52 4160031460
64 970 37 4160031460
64 971 37 4160031460
64 972 37 4160031460
64 973 37 4160031460
64 974 52 4160031460
64 975 37 4160031460
64 976 37 4160031460
64 977 37 4160031460
64 978 37 4160031460
64 979 52 4160031460
64 980 37 4160031460
64 981 37 4160031460
64 982 37 4160031460
64 983 37 4160031460
64 984 52 4160031460
64 985 37 4160031460
64 986 37 4160031460
64 987 37 4160031460
64 988 37 4160031460
64 989 51 4160031460
64 990 37 4160031460
64 991 37 4160031460
64 992 37 4160031460
64 993 37 4160031460
64 994 52 4160031460
64 995 37 4160031460
64 996 37 4160031460
64 997 37 4160031460
64 998 37 4160031460
64 999 37 4160031460
