64 0 46879 4160031659
64 1 36873 4160031659
64 2 36874 4160031659
64 3 36874 4160031659
64 4 36873 4160031659
64 5 36885 4160031659
64 6 36874 4160031659
64 7 36874 4160031659
64 8 36874 4160031659
64 9 36885 4160031659
64 10 36874 4160031659
64 11 36874 4160031659
64 12 36874 4160031659
64 13 36874 4160031659
64 14 36886 4160031659
64 15 36874 4160031659
64 16 36874 4160031659
64 17 36874 4160031659
64 18 36874 4160031659
64 19 36886 4160031659
64 20 36874 4160031659
64 21 36874 4160031659
64 22 36874 4160031659
64 23 36886 4160031659
64 24 36874 4160031659
64 25 36874 4160031659
64 26 36874 4160031659
64 27 36874 4160031659
64 28 36874 4160031659
64 29 36886 4160031659
64 30 36874 4160031659
64 31 36874 4160031659
64 32 36874 4160031659
64 33 36886 4160031659
64 34 36874 4160031659
64 35 36874 4160031659
64 36 36874 4160031659
64 37 36874 4160031659
64 38 36880 4160031659
64 39 36873 4160031659
64 40 36874 4160031659
64 41 36874 4160031659
64 42 36874 4160031659
64 43 36880 4160031659
64 44 36874 4160031659
64 45 36874 4160031659
64 46 36874 4160031659
64 47 36880 4160031659
64 48 36874 4160031659
64 49 36874 4160031659
64 50 36874 4160031659
64 51 36874 4160031659
64 52 36880 4160031659
64 53 36874 4160031659
64 54 36874 4160031659
64 55 36874 4160031659
64 56 36874 4160031659
64 57 36880 4160031659
64 58 36874 4160031659
64 59 36874 4160031659
64 60 36874 4160031659
64 61 36874 4160031659
64 62 36880 4160031659
64 63 36874 4160031659
64 64 36874 4160031659
64 65 36874 4160031659
64 66 36874 4160031659
64 67 36880 4160031659
64 68 36874 4160031659
64 69 36874 4160031659
64 70 36874 4160031659
64 71 36880 4160031659
64 72 36874 4160031659
64 73 36874 4160031659
64 74 36874 4160031659
64 75 36874 4160031659
64 76 36880 4160031659
64 77 36874 4160031659
64 78 36874 4160031659
64 79 36874 4160031659
64 80 36874 4160031659
64 81 36880 4160031659
64 82 36874 4160031659
64 83 36874 4160031659
64 84 36874 4160031659
64 85 36874 4160031659
64 86 36880 4160031659
64 87 36874 4160031659
64 88 36874 4160031659
64 89 36874 4160031659
64 90 36874 4160031659
64 91 36880 4160031659
64 92 36874 4160031659
64 93 36874 4160031659
64 94 36874 4160031659
64 95 36880 4160031659
64 96 36874 4160031659
64 97 36874 4160031659
64 98 36874 4160031659
64 99 36874 4160031659
64 100 36880 4160031659
64 101 36874 4160031659
64 102 36874 4160031659
64 103 36874 4160031659
64 104 36874 4160031659
64 105 36880 4160031659
64 106 36874 4160031659
64 107 36874 4160031659
64 108 36874 4160031659
64 109 36880 4160031659
64 110 36874 4160031659
64 111 36874 4160031659
64 112 36874 4160031659
64 113 36874 4160031659
64 114 36880 4160031659
64 115 36874 4160031659
64 116 36874 4160031659
64 117 36874 4160031659
64 118 36874 4160031659
64 119 36880 4160031659
64 120 36874 4160031659
64 121 36874 4160031659
64 122 36874 4160031659
64 123 36880 4160031659
64 124 36874 4160031659
64 125 36874 4160031659
64 126 36874 4160031659
64 127 36874 4160031659
64 128 36880 4160031659
64 129 36874 4160031659
64 130 36874 4160031659
64 131 36874 4160031659
64 132 36880 4160031659
64 133 36874 4160031659
64 134 36874 4160031659
64 135 36874 4160031659
64 136 36874 4160031659
64 137 36880 4160031659
64 138 36874 4160031659
64 139 36874 4160031659
64 140 36874 4160031659
64 141 36874 4160031659
64 142 36880 4160031659
64 143 36874 4160031659
64 144 36874 4160031659
64 145 36874 4160031659
64 146 36880 4160031659
64 147 36874 4160031659
64 148 36874 4160031659
64 149 36874 4160031659
64 150 36874 4160031659
64 151 36880 4160031659
64 152 36874 4160031659
64 153 36874 4160031659
64 154 36874 4160031659
64 155 36880 4160031659
64 156 36874 4160031659
64 157 36874 4160031659
64 158 36874 4160031659
64 159 36874 4160031659
64 160 36880 4160031659
64 161 36873 4160031659
64 162 36874 4160031659
64 163 36874 4160031659
64 164 36880 4160031659
64 165 36874 4160031659
64 166 36874 4160031659
64 167 36874 4160031659
64 168 36874 4160031659
64 169 36880 4160031659
64 170 36874 4160031659
64 171 36874 4160031659
64 172 36874 4160031659
64 173 36874 4160031659
64 174 36880 4160031659
64 175 36874 4160031659
64 176 36874 4160031659
64 177 36874 4160031659
64 178 36880 4160031659
64 179 36874 4160031659
64 180 36874 4160031659
64 181 36874 4160031659
64 182 36874 4160031659
64 183 36880 4160031659
64 184 36874 4160031659
64 185 36874 4160031659
64 186 36874 4160031659
64 187 36880 4160031659
64 188 36874 4160031659
64 189 36874 4160031659
64 190 36874 4160031659
64 191 36874 4160031659
64 192 36880 4160031659
64 193 36874 4160031659
64 194 36874 4160031659
64 195 36874 4160031659
64 196 36874 4160031659
64 197 36880 4160031659
64 198 36874 4160031659
64 199 36874 4160031659
64 200 36874 4160031659
64 201 36880 4160031659
64 202 36874 4160031659
64 203 36874 4160031659
64 204 36874 4160031659
64 205 36874 4160031659
64 206 36880 4160031659
64 207 36874 4160031659
64 208 36874 4160031659
64 209 36874 4160031659
64 210 36880 4160031659
64 211 36874 4160031659
64 212 36874 4160031659
64 213 36874 4160031659
64 214 36874 4160031659
64 215 36880 4160031659
64 216 36874 4160031659
64 217 36874 4160031659
64 218 36874 4160031659
64 219 38503 4160031659
64 220 36880 4160031659
64 221 36874 4160031659
64 222 36874 4160031659
64 223 36874 4160031659
64 224 36880 4160031659
64 225 36874 4160031659
64 226 36874 4160031659
64 227 36874 4160031659
64 228 36874 4160031659
64 229 36880 4160031659
64 230 36874 4160031659
64 231 36874 4160031659
64 232 36874 4160031659
64 233 36880 4160031659
64 234 36874 4160031659
64 235 36874 4160031659
64 236 36874 4160031659
64 237 36874 4160031659
64 238 36880 4160031659
64 239 36874 4160031659
64 240 36874 4160031659
64 241 36874 4160031659
64 242 36880 4160031659
64 243 36874 4160031659
64 244 36874 4160031659
64 245 36874 4160031659
64 246 36874 4160031659
64 247 36880 4160031659
64 248 36874 4160031659
64 249 36874 4160031659
64 250 36874 4160031659
64 251 36874 4160031659
64 252 36880 4160031659
64 253 36874 4160031659
64 254 36874 4160031659
64 255 36874 4160031659
64 256 36880 4160031659
64 257 36874 4160031659
64 258 36874 4160031659
64 259 36874 4160031659
64 260 36874 4160031659
64 261 36880 4160031659
64 262 36873 4160031659
64 263 36874 4160031659
64 264 36874 4160031659
64 265 36880 4160031659
64 266 36874 4160031659
64 267 36874 4160031659
64 268 36874 4160031659
64 269 36874 4160031659
64 270 36880 4160031659
64 271 36874 4160031659
64 272 36874 4160031659
64 273 36874 4160031659
64 274 38470 4160031659
64 275 36880 4160031659
64 276 36874 4160031659
64 277 36874 4160031659
64 278 36874 4160031659
64 279 36880 4160031659
64 280 36874 4160031659
64 281 36874 4160031659
64 282 36874 4160031659
64 283 36874 4160031659
64 284 36880 4160031659
64 285 36874 4160031659
64 286 36874 4160031659
64 287 36874 4160031659
64 288 36880 4160031659
64 289 36874 4160031659
64 290 36874 4160031659
64 291 36874 4160031659
64 292 36874 4160031659
64 293 36880 4160031659
64 294 36873 4160031659
64 295 36874 4160031659
64 296 36874 4160031659
64 297 36880 4160031659
64 298 36874 4160031659
64 299 36874 4160031659
64 300 36874 4160031659
64 301 36874 4160031659
64 302 36880 4160031659
64 303 36874 4160031659
64 304 36874 4160031659
64 305 36874 4160031659
64 306 36874 4160031659
64 307 36880 4160031659
64 308 36874 4160031659
64 309 36874 4160031659
64 310 36874 4160031659
64 311 36880 4160031659
64 312 36874 4160031659
64 313 36874 4160031659
64 314 36874 4160031659
64 315 36874 4160031659
64 316 36880 4160031659
64 317 36874 4160031659
64 318 36874 4160031659
64 319 36874 4160031659
64 320 36880 4160031659
64 321 36874 4160031659
64 322 36874 4160031659
64 323 36874 4160031659
64 324 36874 4160031659
64 325 36880 4160031659
64 326 36874 4160031659
64 327 36874 4160031659
64 328 36874 4160031659
64 329 36874 4160031659
64 330 36880 4160031659
64 331 36874 4160031659
64 332 36874 4160031659
64 333 36874 4160031659
64 334 36880 4160031659
64 335 36874 4160031659
64 336 36874 4160031659
64 337 36874 4160031659
64 338 36874 4160031659
64 339 36880 4160031659
64 340 36874 4160031659
64 341 36874 4160031659
64 342 36874 4160031659
64 343 36880 4160031659
64 344 36874 4160031659
64 345 36874 4160031659
64 346 36874 4160031659
64 347 36874 4160031659
64 348 36880 4160031659
64 349 36874 4160031659
64 350 36874 4160031659
64 351 36874 4160031659
64 352 36880 4160031659
64 353 36874 4160031659
64 354 36874 4160031659
64 355 36874 4160031659
64 356 36874 4160031659
64 357 36880 4160031659
64 358 36874 4160031659
64 359 36874 4160031659
64 360 36874 4160031659
64 361 36874 4160031659
64 362 36880 4160031659
64 363 36874 4160031659
64 364 36874 4160031659
64 365 36874 4160031659
64 366 36880 4160031659
64 367 36874 4160031659
64 368 36874 4160031659
64 369 36874 4160031659
64 370 36874 4160031659
64 371 36880 4160031659
64 372 36874 4160031659
64 373 36874 4160031659
64 374 36874 4160031659
64 375 36880 4160031659
64 376 36874 4160031659
64 377 36874 4160031659
64 378 36874 4160031659
64 379 36874 4160031659
64 380 36880 4160031659
64 381 36874 4160031659
64 382 36874 4160031659
64 383 36874 4160031659
64 384 36874 4160031659
64 385 36880 4160031659
64 386 36874 4160031659
64 387 36874 4160031659
64 388 36874 4160031659
64 389 36880 4160031659
64 390 36874 4160031659
64 391 36874 4160031659
64 392 36874 4160031659
64 393 36874 4160031659
64 394 36880 4160031659
64 395 36874 4160031659
64 396 36874 4160031659
64 397 36874 4160031659
64 398 36880 4160031659
64 399 36874 4160031659
64 400 36874 4160031659
64 401 36874 4160031659
64 402 36874 4160031659
64 403 36880 4160031659
64 404 36874 4160031659
64 405 36874 4160031659
64 406 36874 4160031659
64 407 36880 4160031659
64 408 36874 4160031659
64 409 36874 4160031659
64 410 36874 4160031659
64 411 36874 4160031659
64 412 36880 4160031659
64 413 36874 4160031659
64 414 36874 4160031659
64 415 36874 4160031659
64 416 36874 4160031659
64 417 36880 4160031659
64 418 36874 4160031659
64 419 36874 4160031659
64 420 36874 4160031659
64 421 36880 4160031659
64 422 36874 4160031659
64 423 36874 4160031659
64 424 36874 4160031659
64 425 36874 4160031659
64 426 36880 4160031659
64 427 36874 4160031659
64 428 36874 4160031659
64 429 36874 4160031659
64 430 36880 4160031659
64 431 36874 4160031659
64 432 36874 4160031659
64 433 36874 4160031659
64 434 36874 4160031659
64 435 36880 4160031659
64 436 36874 4160031659
64 437 36874 4160031659
64 438 36874 4160031659
64 439 36874 4160031659
64 440 36880 4160031659
64 441 36874 4160031659
64 442 36874 4160031659
64 443 36874 4160031659
64 444 36880 4160031659
64 445 36874 4160031659
64 446 36874 4160031659
64 447 36874 4160031659
64 448 36874 4160031659
64 449 36880 4160031659
64 450 36873 4160031659
64 451 36874 4160031659
64 452 36874 4160031659
64 453 36880 4160031659
64 454 36874 4160031659
64 455 36874 4160031659
64 456 36874 4160031659
64 457 36874 4160031659
64 458 36880 4160031659
64 459 36874 4160031659
64 460 36874 4160031659
64 461 36874 4160031659
64 462 36880 4160031659
64 463 36874 4160031659
64 464 36874 4160031659
64 465 36874 4160031659
64 466 36874 4160031659
64 467 36880 4160031659
64 468 36874 4160031659
64 469 36874 4160031659
64 470 36874 4160031659
64 471 36874 4160031659
64 472 36880 4160031659
64 473 36874 4160031659
64 474 36874 4160031659
64 475 36874 4160031659
64 476 36880 4160031659
64 477 36874 4160031659
64 478 36874 4160031659
64 479 36874 4160031659
64 480 36874 4160031659
64 481 36880 4160031659
64 482 36874 4160031659
64 483 36874 4160031659
64 484 36874 4160031659
64 485 36880 4160031659
64 486 36874 4160031659
64 487 36874 4160031659
64 488 36874 4160031659
64 489 36874 4160031659
64 490 36880 4160031659
64 491 36874 4160031659
64 492 36874 4160031659
64 493 36874 4160031659
64 494 36874 4160031659
64 495 36880 4160031659
64 496 36874 4160031659
64 497 36874 4160031659
64 498 36874 4160031659
64 499 36880 4160031659
64 500 36874 4160031659
64 501 36874 4160031659
64 502 36874 4160031659
64 503 36874 4160031659
64 504 36880 4160031659
64 505 36874 4160031659
64 506 36874 4160031659
64 507 36874 4160031659
64 508 36880 4160031659
64 509 36874 4160031659
64 510 36874 4160031659
64 511 36874 4160031659
64 512 36874 4160031659
64 513 36880 4160031659
64 514 36874 4160031659
64 515 36874 4160031659
64 516 36874 4160031659
64 517 36880 4160031659
64 518 36874 4160031659
64 519 36874 4160031659
64 520 36874 4160031659
64 521 36874 4160031659
64 522 36874 4160031659
64 523 36880 4160031659
64 524 36874 4160031659
64 525 36874 4160031659
64 526 36874 4160031659
64 527 36880 4160031659
64 528 36873 4160031659
64 529 36874 4160031659
64 530 36874 4160031659
64 531 36880 4160031659
64 532 36874 4160031659
64 533 36874 4160031659
64 534 36874 4160031659
64 535 36874 4160031659
64 536 36880 4160031659
64 537 36874 4160031659
64 538 36874 4160031659
64 539 36874 4160031659
64 540 36880 4160031659
64 541 36874 4160031659
64 542 36874 4160031659
64 543 36874 4160031659
64 544 36874 4160031659
64 545 36880 4160031659
64 546 36874 4160031659
64 547 36874 4160031659
64 548 36874 4160031659
64 549 36874 4160031659
64 550 36880 4160031659
64 551 36874 4160031659
64 552 36874 4160031659
64 553 36874 4160031659
64 554 36874 4160031659
64 555 36880 4160031659
64 556 36874 4160031659
64 557 36874 4160031659
64 558 36874 4160031659
64 559 36880 4160031659
64 560 36874 4160031659
64 561 36874 4160031659
64 562 36874 4160031659
64 563 36880 4160031659
64 564 36874 4160031659
64 565 36874 4160031659
64 566 36874 4160031659
64 567 36874 4160031659
64 568 36880 4160031659
64 569 36874 4160031659
64 570 36874 4160031659
64 571 36874 4160031659
64 572 36880 4160031659
64 573 36874 4160031659
64 574 36874 4160031659
64 575 36874 4160031659
64 576 36874 4160031659
64 577 36874 4160031659
64 578 36880 4160031659
64 579 36874 4160031659
64 580 36874 4160031659
64 581 36874 4160031659
64 582 36880 4160031659
64 583 36874 4160031659
64 584 36874 4160031659
64 585 36874 4160031659
64 586 36874 4160031659
64 587 36880 4160031659
64 588 36874 4160031659
64 589 36874 4160031659
64 590 36874 4160031659
64 591 36880 4160031659
64 592 36874 4160031659
64 593 36874 4160031659
64 594 36874 4160031659
64 595 36880 4160031659
64 596 36874 4160031659
64 597 36874 4160031659
64 598 36874 4160031659
64 599 36874 4160031659
64 600 36880 4160031659
64 601 36874 4160031659
64 602 36874 4160031659
64 603 36874 4160031659
64 604 36874 4160031659
64 605 36880 4160031659
64 606 36874 4160031659
64 607 36874 4160031659
64 608 36874 4160031659
64 609 36874 4160031659
64 610 36880 4160031659
64 611 36874 4160031659
64 612 36874 4160031659
64 613 36874 4160031659
64 614 36880 4160031659
64 615 36874 4160031659
64 616 36874 4160031659
64 617 36874 4160031659
64 618 36874 4160031659
64 619 36880 4160031659
64 620 36874 4160031659
64 621 36874 4160031659
64 622 36874 4160031659
64 623 36880 4160031659
64 624 36874 4160031659
64 625 36874 4160031659
64 626 36874 4160031659
64 627 36880 4160031659
64 628 36874 4160031659
64 629 36874 4160031659
64 630 36874 4160031659
64 631 36874 4160031659
64 632 36874 4160031659
64 633 36880 4160031659
64 634 36873 4160031659
64 635 36874 4160031659
64 636 36874 4160031659
64 637 36880 4160031659
64 638 36874 4160031659
64 639 36874 4160031659
64 640 36874 4160031659
64 641 36874 4160031659
64 642 36880 4160031659
64 643 36874 4160031659
64 644 36874 4160031659
64 645 36874 4160031659
64 646 36880 4160031659
64 647 36874 4160031659
64 648 36874 4160031659
64 649 36874 4160031659
64 650 36874 4160031659
64 651 36880 4160031659
64 652 36874 4160031659
64 653 36874 4160031659
64 654 36874 4160031659
64 655 36880 4160031659
64 656 36874 4160031659
64 657 36874 4160031659
64 658 36874 4160031659
64 659 36874 4160031659
64 660 36880 4160031659
64 661 36874 4160031659
64 662 36874 4160031659
64 663 36874 4160031659
64 664 36874 4160031659
64 665 36880 4160031659
64 666 36873 4160031659
64 667 36874 4160031659
64 668 36874 4160031659
64 669 36880 4160031659
64 670 36874 4160031659
64 671 36874 4160031659
64 672 36874 4160031659
64 673 36874 4160031659
64 674 36880 4160031659
64 675 36874 4160031659
64 676 36874 4160031659
64 677 36874 4160031659
64 678 36880 4160031659
64 679 36874 4160031659
64 680 36874 4160031659
64 681 36874 4160031659
64 682 36874 4160031659
64 683 36880 4160031659
64 684 36874 4160031659
64 685 36874 4160031659
64 686 36874 4160031659
64 687 36874 4160031659
64 688 36880 4160031659
64 689 36874 4160031659
64 690 36874 4160031659
64 691 36874 4160031659
64 692 36880 4160031659
64 693 36874 4160031659
64 694 36874 4160031659
64 695 36874 4160031659
64 696 36874 4160031659
64 697 36880 4160031659
64 698 36873 4160031659
64 699 36874 4160031659
64 700 36874 4160031659
64 701 36880 4160031659
64 702 36874 4160031659
64 703 36874 4160031659
64 704 36874 4160031659
64 705 36874 4160031659
64 706 36880 4160031659
64 707 36874 4160031659
64 708 36874 4160031659
64 709 36874 4160031659
64 710 36880 4160031659
64 711 36874 4160031659
64 712 36874 4160031659
64 713 36874 4160031659
64 714 36874 4160031659
64 715 36880 4160031659
64 716 36874 4160031659
64 717 36874 4160031659
64 718 36874 4160031659
64 719 36874 4160031659
64 720 36880 4160031659
64 721 36873 4160031659
64 722 36874 4160031659
64 723 36874 4160031659
64 724 36880 4160031659
64 725 36874 4160031659
64 726 36874 4160031659
64 727 36874 4160031659
64 728 36874 4160031659
64 729 36880 4160031659
64 730 36874 4160031659
64 731 36874 4160031659
64 732 36874 4160031659
64 733 36880 4160031659
64 734 36874 4160031659
64 735 36874 4160031659
64 736 36874 4160031659
64 737 36874 4160031659
64 738 36880 4160031659
64 739 36874 4160031659
64 740 36874 4160031659
64 741 36874 4160031659
64 742 36874 4160031659
64 743 36880 4160031659
64 744 36874 4160031659
64 745 36874 4160031659
64 746 36874 4160031659
64 747 36880 4160031659
64 748 36874 4160031659
64 749 36874 4160031659
64 750 36874 4160031659
64 751 36874 4160031659
64 752 36880 4160031659
64 753 36874 4160031659
64 754 36874 4160031659
64 755 36874 4160031659
64 756 36880 4160031659
64 757 36873 4160031659
64 758 36874 4160031659
64 759 36874 4160031659
64 760 36874 4160031659
64 761 36880 4160031659
64 762 36874 4160031659
64 763 36874 4160031659
64 764 36874 4160031659
64 765 36880 4160031659
64 766 36874 4160031659
64 767 36874 4160031659
64 768 36874 4160031659
64 769 36874 4160031659
64 770 36880 4160031659
64 771 36874 4160031659
64 772 36874 4160031659
64 773 36874 4160031659
64 774 36874 4160031659
64 775 36880 4160031659
64 776 36874 4160031659
64 777 36874 4160031659
64 778 36874 4160031659
64 779 36880 4160031659
64 780 36874 4160031659
64 781 36874 4160031659
64 782 36874 4160031659
64 783 36874 4160031659
64 784 36880 4160031659
64 785 36874 4160031659
64 786 36874 4160031659
64 787 36874 4160031659
64 788 36880 4160031659
64 789 36874 4160031659
64 790 36874 4160031659
64 791 36874 4160031659
64 792 36874 4160031659
64 793 36880 4160031659
64 794 36874 4160031659
64 795 36874 4160031659
64 796 36874 4160031659
64 797 36874 4160031659
64 798 36880 4160031659
64 799 36874 4160031659
64 800 36874 4160031659
64 801 36874 4160031659
64 802 36880 4160031659
64 803 36874 4160031659
64 804 36874 4160031659
64 805 36874 4160031659
64 806 36874 4160031659
64 807 36880 4160031659
64 808 36874 4160031659
64 809 36874 4160031659
64 810 36874 4160031659
64 811 36880 4160031659
64 812 36874 4160031659
64 813 36874 4160031659
64 814 36874 4160031659
64 815 36874 4160031659
64 816 36880 4160031659
64 817 36874 4160031659
64 818 36874 4160031659
64 819 36874 4160031659
64 820 36880 4160031659
64 821 36874 4160031659
64 822 36874 4160031659
64 823 36874 4160031659
64 824 36874 4160031659
64 825 36880 4160031659
64 826 36874 4160031659
64 827 36874 4160031659
64 828 36874 4160031659
64 829 36874 4160031659
64 830 36880 4160031659
64 831 36874 4160031659
64 832 36874 4160031659
64 833 36874 4160031659
64 834 36880 4160031659
64 835 36874 4160031659
64 836 36874 4160031659
64 837 36874 4160031659
64 838 36874 4160031659
64 839 36880 4160031659
64 840 36874 4160031659
64 841 36874 4160031659
64 842 36874 4160031659
64 843 36880 4160031659
64 844 36874 4160031659
64 845 36874 4160031659
64 846 36874 4160031659
64 847 36874 4160031659
64 848 36880 4160031659
64 849 36874 4160031659
64 850 36874 4160031659
64 851 36874 4160031659
64 852 36874 4160031659
64 853 36880 4160031659
64 854 36874 4160031659
64 855 36874 4160031659
64 856 36874 4160031659
64 857 36880 4160031659
64 858 36874 4160031659
64 859 36874 4160031659
64 860 36874 4160031659
64 861 36874 4160031659
64 862 36880 4160031659
64 863 36874 4160031659
64 864 36874 4160031659
64 865 36874 4160031659
64 866 36880 4160031659
64 867 36874 4160031659
64 868 36874 4160031659
64 869 36874 4160031659
64 870 36874 4160031659
64 871 36880 4160031659
64 872 36874 4160031659
64 873 36874 4160031659
64 874 36874 4160031659
64 875 36880 4160031659
64 876 36874 4160031659
64 877 36874 4160031659
64 878 36874 4160031659
64 879 36874 4160031659
64 880 36880 4160031659
64 881 36874 4160031659
64 882 36874 4160031659
64 883 36874 4160031659
64 884 36874 4160031659
64 885 36880 4160031659
64 886 36874 4160031659
64 887 36874 4160031659
64 888 36874 4160031659
64 889 36880 4160031659
64 890 36874 4160031659
64 891 36874 4160031659
64 892 36874 4160031659
64 893 36874 4160031659
64 894 36880 4160031659
64 895 36874 4160031659
64 896 36874 4160031659
64 897 36874 4160031659
64 898 36880 4160031659
64 899 36874 4160031659
64 900 36874 4160031659
64 901 36874 4160031659
64 902 36874 4160031659
64 903 36880 4160031659
64 904 36874 4160031659
64 905 36874 4160031659
64 906 36874 4160031659
64 907 36874 4160031659
64 908 36880 4160031659
64 909 36874 4160031659
64 910 36874 4160031659
64 911 36874 4160031659
64 912 36880 4160031659
64 913 36874 4160031659
64 914 36874 4160031659
64 915 36874 4160031659
64 916 36874 4160031659
64 917 36880 4160031659
64 918 36874 4160031659
64 919 36874 4160031659
64 920 36874 4160031659
64 921 36880 4160031659
64 922 36874 4160031659
64 923 36874 4160031659
64 924 36874 4160031659
64 925 36874 4160031659
64 926 36880 4160031659
64 927 36874 4160031659
64 928 36874 4160031659
64 929 36874 4160031659
64 930 36880 4160031659
64 931 36874 4160031659
64 932 36874 4160031659
64 933 36874 4160031659
64 934 36874 4160031659
64 935 36880 4160031659
64 936 36874 4160031659
64 937 36874 4160031659
64 938 36874 4160031659
64 939 36874 4160031659
64 940 36880 4160031659
64 941 36874 4160031659
64 942 36874 4160031659
64 943 36874 4160031659
64 944 36880 4160031659
64 945 36874 4160031659
64 946 36874 4160031659
64 947 36874 4160031659
64 948 36874 4160031659
64 949 36880 4160031659
64 950 36874 4160031659
64 951 36874 4160031659
64 952 36874 4160031659
64 953 36880 4160031659
64 954 36874 4160031659
64 955 36874 4160031659
64 956 36874 4160031659
64 957 36874 4160031659
64 958 36880 4160031659
64 959 36874 4160031659
64 960 36874 4160031659
64 961 36874 4160031659
64 962 36874 4160031659
64 963 36880 4160031659
64 964 36874 4160031659
64 965 36874 4160031659
64 966 36874 4160031659
64 967 36880 4160031659
64 968 36874 4160031659
64 969 36874 4160031659
64 970 36874 4160031659
64 971 36874 4160031659
64 972 36880 4160031659
64 973 36874 4160031659
64 974 36874 4160031659
64 975 36874 4160031659
64 976 36880 4160031659
64 977 36874 4160031659
64 978 36874 4160031659
64 979 36874 4160031659
64 980 36874 4160031659
64 981 36880 4160031659
64 982 36874 4160031659
64 983 36874 4160031659
64 984 36874 4160031659
64 985 36880 4160031659
64 986 36874 4160031659
64 987 36874 4160031659
64 988 36874 4160031659
64 989 36874 4160031659
64 990 36880 4160031659
64 991 36874 4160031659
64 992 36874 4160031659
64 993 36874 4160031659
64 994 36874 4160031659
64 995 36880 4160031659
64 996 36874 4160031659
64 997 36874 4160031659
64 998 36874 4160031659
64 999 36880 4160031659
