128 0 1069 4169206492
128 1 1053 4169206492
128 2 1068 4169206492
128 3 1072 4169206492
128 4 1053 4169206492
128 5 1063 4169206492
128 6 1053 4169206492
128 7 1058 4169206492
128 8 1048 4169206492
128 9 1069 4169206492
128 10 1084 4169206492
128 11 1063 4169206492
128 12 1073 4169206492
128 13 1042 4169206492
128 14 1078 4169206492
128 15 1053 4169206492
128 16 1064 4169206492
128 17 1053 4169206492
128 18 1078 4169206492
128 19 1042 4169206492
128 20 1053 4169206492
128 21 1062 4169206492
128 22 1072 4169206492
128 23 1063 4169206492
128 24 1083 4169206492
128 25 1042 4169206492
128 26 1078 4169206492
128 27 1047 4169206492
128 28 1088 4169206492
128 29 1048 4169206492
128 30 1068 4169206492
128 31 1064 4169206492
128 32 1083 4169206492
128 33 1054 4169206492
128 34 1088 4169206492
128 35 1053 4169206492
128 36 1078 4169206492
128 37 1060 4169206492
128 38 1078 4169206492
128 39 1064 4169206492
128 40 1078 4169206492
128 41 1048 4169206492
128 42 1063 4169206492
128 43 1049 4169206492
128 44 1063 4169206492
128 45 1058 4169206492
128 46 1073 4169206492
128 47 1053 4169206492
128 48 1058 4169206492
128 49 1048 4169206492
128 50 1068 4169206492
128 51 1058 4169206492
128 52 1073 4169206492
128 53 1053 4169206492
128 54 1063 4169206492
128 55 1068 4169206492
128 56 1078 4169206492
128 57 1048 4169206492
128 58 1042 4169206492
128 59 1049 4169206492
128 60 1073 4169206492
128 61 1088 4169206492
128 62 1073 4169206492
128 63 1048 4169206492
128 64 1068 4169206492
128 65 1054 4169206492
128 66 1068 4169206492
128 67 1053 4169206492
128 68 1083 4169206492
128 69 1063 4169206492
128 70 1068 4169206492
128 71 1048 4169206492
128 72 1068 4169206492
128 73 1053 4169206492
128 74 1068 4169206492
128 75 1053 4169206492
128 76 1068 4169206492
128 77 1048 4169206492
128 78 1077 4169206492
128 79 1072 4169206492
128 80 1068 4169206492
128 81 1047 4169206492
128 82 1073 4169206492
128 83 1042 4169206492
128 84 1078 4169206492
128 85 1057 4169206492
128 86 1063 4169206492
128 87 1048 4169206492
128 88 1068 4169206492
128 89 1042 4169206492
128 90 1079 4169206492
128 91 1053 4169206492
128 92 1073 4169206492
128 93 1063 4169206492
128 94 1085 4169206492
128 95 1042 4169206492
128 96 1078 4169206492
128 97 1048 4169206492
128 98 1078 4169206492
128 99 1053 4169206492
128 100 1073 4169206492
128 101 1048 4169206492
128 102 1078 4169206492
128 103 1058 4169206492
128 104 1057 4169206492
128 105 1078 4169206492
128 106 1083 4169206492
128 107 1063 4169206492
128 108 1058 4169206492
128 109 1073 4169206492
128 110 1048 4169206492
128 111 1073 4169206492
128 112 1048 4169206492
128 113 1072 4169206492
128 114 1063 4169206492
128 115 1068 4169206492
128 116 1042 4169206492
128 117 1063 4169206492
128 118 1048 4169206492
128 119 1073 4169206492
128 120 1049 4169206492
128 121 1073 4169206492
128 122 1074 4169206492
128 123 1063 4169206492
128 124 1053 4169206492
128 125 1068 4169206492
128 126 1058 4169206492
128 127 1093 4169206492
128 128 1067 4169206492
128 129 1073 4169206492
128 130 1049 4169206492
128 131 1058 4169206492
128 132 1053 4169206492
128 133 1073 4169206492
128 134 1048 4169206492
128 135 1074 4169206492
128 136 1063 4169206492
128 137 1078 4169206492
128 138 1053 4169206492
128 139 1078 4169206492
128 140 1048 4169206492
128 141 1088 4169206492
128 142 1058 4169206492
128 143 1068 4169206492
128 144 1059 4169206492
128 145 1068 4169206492
128 146 1053 4169206492
128 147 1063 4169206492
128 148 1063 4169206492
128 149 1073 4169206492
128 150 1048 4169206492
128 151 1058 4169206492
128 152 1053 4169206492
128 153 1063 4169206492
128 154 1048 4169206492
128 155 1067 4169206492
128 156 1053 4169206492
128 157 1068 4169206492
128 158 1057 4169206492
128 159 1108 4169206492
128 160 1053 4169206492
128 161 1077 4169206492
128 162 1053 4169206492
128 163 1073 4169206492
128 164 1068 4169206492
128 165 1068 4169206492
128 166 1054 4169206492
128 167 1073 4169206492
128 168 1059 4169206492
128 169 1083 4169206492
128 170 1042 4169206492
128 171 1073 4169206492
128 172 1053 4169206492
128 173 1063 4169206492
128 174 1042 4169206492
128 175 1063 4169206492
128 176 1047 4169206492
128 177 1063 4169206492
128 178 1053 4169206492
128 179 1063 4169206492
128 180 1042 4169206492
128 181 1063 4169206492
128 182 1063 4169206492
128 183 1084 4169206492
128 184 1058 4169206492
128 185 1068 4169206492
128 186 1068 4169206492
128 187 1078 4169206492
128 188 1053 4169206492
128 189 1078 4169206492
128 190 1058 4169206492
128 191 1077 4169206492
128 192 1048 4169206492
128 193 1053 4169206492
128 194 1042 4169206492
128 195 1058 4169206492
128 196 1048 4169206492
128 197 1052 4169206492
128 198 1047 4169206492
128 199 1068 4169206492
128 200 1066 4169206492
128 201 1068 4169206492
128 202 1042 4169206492
128 203 1063 4169206492
128 204 1048 4169206492
128 205 1083 4169206492
128 206 1059 4169206492
128 207 1077 4169206492
128 208 1062 4169206492
128 209 1062 4169206492
128 210 1048 4169206492
128 211 1053 4169206492
128 212 1063 4169206492
128 213 1088 4169206492
128 214 1058 4169206492
128 215 1068 4169206492
128 216 1042 4169206492
128 217 1063 4169206492
128 218 1048 4169206492
128 219 1077 4169206492
128 220 1063 4169206492
128 221 1073 4169206492
128 222 1064 4169206492
128 223 1078 4169206492
128 224 1053 4169206492
128 225 1083 4169206492
128 226 1047 4169206492
128 227 1083 4169206492
128 228 1042 4169206492
128 229 1068 4169206492
128 230 1053 4169206492
128 231 1058 4169206492
128 232 1049 4169206492
128 233 1073 4169206492
128 234 1053 4169206492
128 235 1072 4169206492
128 236 1058 4169206492
128 237 1068 4169206492
128 238 1049 4169206492
128 239 1053 4169206492
128 240 1048 4169206492
128 241 1073 4169206492
128 242 1053 4169206492
128 243 1073 4169206492
128 244 1073 4169206492
128 245 1063 4169206492
128 246 1053 4169206492
128 247 1073 4169206492
128 248 1048 4169206492
128 249 1077 4169206492
128 250 1048 4169206492
128 251 1078 4169206492
128 252 1063 4169206492
128 253 1083 4169206492
128 254 1042 4169206492
128 255 1073 4169206492
128 256 1053 4169206492
128 257 1068 4169206492
128 258 1042 4169206492
128 259 1083 4169206492
128 260 1058 4169206492
128 261 1068 4169206492
128 262 1048 4169206492
128 263 1068 4169206492
128 264 1059 4169206492
128 265 1054 4169206492
128 266 1063 4169206492
128 267 1042 4169206492
128 268 1083 4169206492
128 269 1058 4169206492
128 270 1083 4169206492
128 271 1048 4169206492
128 272 1058 4169206492
128 273 1067 4169206492
128 274 1068 4169206492
128 275 1063 4169206492
128 276 1068 4169206492
128 277 1053 4169206492
128 278 1083 4169206492
128 279 1053 4169206492
128 280 1068 4169206492
128 281 1068 4169206492
128 282 1063 4169206492
128 283 1048 4169206492
128 284 1053 4169206492
128 285 1048 4169206492
128 286 1067 4169206492
128 287 1042 4169206492
128 288 1078 4169206492
128 289 1058 4169206492
128 290 1078 4169206492
128 291 1057 4169206492
128 292 1068 4169206492
128 293 1053 4169206492
128 294 1069 4169206492
128 295 1063 4169206492
128 296 1063 4169206492
128 297 1068 4169206492
128 298 1053 4169206492
128 299 1058 4169206492
128 300 1053 4169206492
128 301 1068 4169206492
128 302 1063 4169206492
128 303 1068 4169206492
128 304 1054 4169206492
128 305 1073 4169206492
128 306 1048 4169206492
128 307 1074 4169206492
128 308 1042 4169206492
128 309 1073 4169206492
128 310 1079 4169206492
128 311 1078 4169206492
128 312 1048 4169206492
128 313 1080 4169206492
128 314 1048 4169206492
128 315 1073 4169206492
128 316 1065 4169206492
128 317 1083 4169206492
128 318 1053 4169206492
128 319 1062 4169206492
128 320 1063 4169206492
128 321 1063 4169206492
128 322 1058 4169206492
128 323 1098 4169206492
128 324 1078 4169206492
128 325 1078 4169206492
128 326 1058 4169206492
128 327 1088 4169206492
128 328 1053 4169206492
128 329 1068 4169206492
128 330 1054 4169206492
128 331 1072 4169206492
128 332 1042 4169206492
128 333 1074 4169206492
128 334 1048 4169206492
128 335 1068 4169206492
128 336 1070 4169206492
128 337 1057 4169206492
128 338 1068 4169206492
128 339 1073 4169206492
128 340 1058 4169206492
128 341 1078 4169206492
128 342 1047 4169206492
128 343 1078 4169206492
128 344 1042 4169206492
128 345 1068 4169206492
128 346 1092 4169206492
128 347 1078 4169206492
128 348 1058 4169206492
128 349 1078 4169206492
128 350 1053 4169206492
128 351 1080 4169206492
128 352 1053 4169206492
128 353 1053 4169206492
128 354 1053 4169206492
128 355 1078 4169206492
128 356 1053 4169206492
128 357 1072 4169206492
128 358 1068 4169206492
128 359 1073 4169206492
128 360 1063 4169206492
128 361 1083 4169206492
128 362 1063 4169206492
128 363 1078 4169206492
128 364 1064 4169206492
128 365 1072 4169206492
128 366 1054 4169206492
128 367 1048 4169206492
128 368 1053 4169206492
128 369 1068 4169206492
128 370 1053 4169206492
128 371 1079 4169206492
128 372 1053 4169206492
128 373 1063 4169206492
128 374 1048 4169206492
128 375 1068 4169206492
128 376 1042 4169206492
128 377 1083 4169206492
128 378 1071 4169206492
128 379 1069 4169206492
128 380 1049 4169206492
128 381 1042 4169206492
128 382 1074 4169206492
128 383 1048 4169206492
128 384 1061 4169206492
128 385 1046 4169206492
128 386 1063 4169206492
128 387 1042 4169206492
128 388 1063 4169206492
128 389 1068 4169206492
128 390 1068 4169206492
128 391 1048 4169206492
128 392 1063 4169206492
128 393 1048 4169206492
128 394 1083 4169206492
128 395 1048 4169206492
128 396 1078 4169206492
128 397 1048 4169206492
128 398 1073 4169206492
128 399 1053 4169206492
128 400 1073 4169206492
128 401 1048 4169206492
128 402 1078 4169206492
128 403 1053 4169206492
128 404 1073 4169206492
128 405 1042 4169206492
128 406 1063 4169206492
128 407 1058 4169206492
128 408 1073 4169206492
128 409 1052 4169206492
128 410 1042 4169206492
128 411 1073 4169206492
128 412 1042 4169206492
128 413 1093 4169206492
128 414 1048 4169206492
128 415 1073 4169206492
128 416 1053 4169206492
128 417 1058 4169206492
128 418 1078 4169206492
128 419 1058 4169206492
128 420 1058 4169206492
128 421 1073 4169206492
128 422 1052 4169206492
128 423 1053 4169206492
128 424 1058 4169206492
128 425 1090 4169206492
128 426 1070 4169206492
128 427 1063 4169206492
128 428 1048 4169206492
128 429 1083 4169206492
128 430 1059 4169206492
128 431 1058 4169206492
128 432 1053 4169206492
128 433 1073 4169206492
128 434 1076 4169206492
128 435 1073 4169206492
128 436 1042 4169206492
128 437 1078 4169206492
128 438 1042 4169206492
128 439 1042 4169206492
128 440 1063 4169206492
128 441 1057 4169206492
128 442 1081 4169206492
128 443 1063 4169206492
128 444 1063 4169206492
128 445 1042 4169206492
128 446 1063 4169206492
128 447 1058 4169206492
128 448 1073 4169206492
128 449 1053 4169206492
128 450 1063 4169206492
128 451 1048 4169206492
128 452 1073 4169206492
128 453 1053 4169206492
128 454 1064 4169206492
128 455 1042 4169206492
128 456 1073 4169206492
128 457 1058 4169206492
128 458 1063 4169206492
128 459 1053 4169206492
128 460 1079 4169206492
128 461 1045 4169206492
128 462 1063 4169206492
128 463 1058 4169206492
128 464 1073 4169206492
128 465 1063 4169206492
128 466 1068 4169206492
128 467 1042 4169206492
128 468 1047 4169206492
128 469 1059 4169206492
128 470 1053 4169206492
128 471 1068 4169206492
128 472 1048 4169206492
128 473 1078 4169206492
128 474 1054 4169206492
128 475 1073 4169206492
128 476 1093 4169206492
128 477 1053 4169206492
128 478 1048 4169206492
128 479 1083 4169206492
128 480 1063 4169206492
128 481 1073 4169206492
128 482 1058 4169206492
128 483 1058 4169206492
128 484 1078 4169206492
128 485 1075 4169206492
128 486 1053 4169206492
128 487 1068 4169206492
128 488 1048 4169206492
128 489 1068 4169206492
128 490 1062 4169206492
128 491 1054 4169206492
128 492 1053 4169206492
128 493 1063 4169206492
128 494 1042 4169206492
128 495 1068 4169206492
128 496 1047 4169206492
128 497 1068 4169206492
128 498 1063 4169206492
128 499 1079 4169206492
128 500 1053 4169206492
128 501 1078 4169206492
128 502 1047 4169206492
128 503 1094 4169206492
128 504 1042 4169206492
128 505 1073 4169206492
128 506 1053 4169206492
128 507 1063 4169206492
128 508 1058 4169206492
128 509 1063 4169206492
128 510 1063 4169206492
128 511 1068 4169206492
128 512 1054 4169206492
128 513 1099 4169206492
128 514 1049 4169206492
128 515 1082 4169206492
128 516 1048 4169206492
128 517 1063 4169206492
128 518 1048 4169206492
128 519 1065 4169206492
128 520 1073 4169206492
128 521 1068 4169206492
128 522 1048 4169206492
128 523 1063 4169206492
128 524 1048 4169206492
128 525 1078 4169206492
128 526 1058 4169206492
128 527 1083 4169206492
128 528 1048 4169206492
128 529 1073 4169206492
128 530 1048 4169206492
128 531 1073 4169206492
128 532 1047 4169206492
128 533 1058 4169206492
128 534 1048 4169206492
128 535 1073 4169206492
128 536 1058 4169206492
128 537 1068 4169206492
128 538 1058 4169206492
128 539 1063 4169206492
128 540 1042 4169206492
128 541 1088 4169206492
128 542 1063 4169206492
128 543 1053 4169206492
128 544 1072 4169206492
128 545 1078 4169206492
128 546 1042 4169206492
128 547 1075 4169206492
128 548 1053 4169206492
128 549 1069 4169206492
128 550 1042 4169206492
128 551 1098 4169206492
128 552 1042 4169206492
128 553 1064 4169206492
128 554 1048 4169206492
128 555 1073 4169206492
128 556 1069 4169206492
128 557 1058 4169206492
128 558 1086 4169206492
128 559 1053 4169206492
128 560 1084 4169206492
128 561 1063 4169206492
128 562 1063 4169206492
128 563 1068 4169206492
128 564 1064 4169206492
128 565 1063 4169206492
128 566 1069 4169206492
128 567 1042 4169206492
128 568 1068 4169206492
128 569 1042 4169206492
128 570 1073 4169206492
128 571 1063 4169206492
128 572 1088 4169206492
128 573 1064 4169206492
128 574 1068 4169206492
128 575 1058 4169206492
128 576 1073 4169206492
128 577 1042 4169206492
128 578 1068 4169206492
128 579 1048 4169206492
128 580 1079 4169206492
128 581 1048 4169206492
128 582 1073 4169206492
128 583 1048 4169206492
128 584 1074 4169206492
128 585 1063 4169206492
128 586 1068 4169206492
128 587 1048 4169206492
128 588 1068 4169206492
128 589 1042 4169206492
128 590 1068 4169206492
128 591 1042 4169206492
128 592 1063 4169206492
128 593 1048 4169206492
128 594 1067 4169206492
128 595 1048 4169206492
128 596 1069 4169206492
128 597 1050 4169206492
128 598 1068 4169206492
128 599 1048 4169206492
128 600 1068 4169206492
128 601 1063 4169206492
128 602 1068 4169206492
128 603 1048 4169206492
128 604 1078 4169206492
128 605 1054 4169206492
128 606 1068 4169206492
128 607 1073 4169206492
128 608 1072 4169206492
128 609 1048 4169206492
128 610 1069 4169206492
128 611 1047 4169206492
128 612 1053 4169206492
128 613 1058 4169206492
128 614 1063 4169206492
128 615 1058 4169206492
128 616 1068 4169206492
128 617 1058 4169206492
128 618 1042 4169206492
128 619 1068 4169206492
128 620 1059 4169206492
128 621 1073 4169206492
128 622 1063 4169206492
128 623 1063 4169206492
128 624 1054 4169206492
128 625 1073 4169206492
128 626 1053 4169206492
128 627 1053 4169206492
128 628 1058 4169206492
128 629 1073 4169206492
128 630 1053 4169206492
128 631 1083 4169206492
128 632 1053 4169206492
128 633 1058 4169206492
128 634 1058 4169206492
128 635 1068 4169206492
128 636 1068 4169206492
128 637 1072 4169206492
128 638 1053 4169206492
128 639 1073 4169206492
128 640 1063 4169206492
128 641 1083 4169206492
128 642 1053 4169206492
128 643 1093 4169206492
128 644 1048 4169206492
128 645 1077 4169206492
128 646 1053 4169206492
128 647 1090 4169206492
128 648 1048 4169206492
128 649 1078 4169206492
128 650 1060 4169206492
128 651 1073 4169206492
128 652 1042 4169206492
128 653 1094 4169206492
128 654 1058 4169206492
128 655 1058 4169206492
128 656 1053 4169206492
128 657 1073 4169206492
128 658 1058 4169206492
128 659 1083 4169206492
128 660 1063 4169206492
128 661 1069 4169206492
128 662 1048 4169206492
128 663 1042 4169206492
128 664 1074 4169206492
128 665 1069 4169206492
128 666 1073 4169206492
128 667 1053 4169206492
128 668 1072 4169206492
128 669 1053 4169206492
128 670 1058 4169206492
128 671 1063 4169206492
128 672 1062 4169206492
128 673 1063 4169206492
128 674 1063 4169206492
128 675 1053 4169206492
128 676 1053 4169206492
128 677 1080 4169206492
128 678 1063 4169206492
128 679 1069 4169206492
128 680 1073 4169206492
128 681 1054 4169206492
128 682 1078 4169206492
128 683 1053 4169206492
128 684 1058 4169206492
128 685 1048 4169206492
128 686 1073 4169206492
128 687 1063 4169206492
128 688 1078 4169206492
128 689 1054 4169206492
128 690 1078 4169206492
128 691 1076 4169206492
128 692 1058 4169206492
128 693 1058 4169206492
128 694 1086 4169206492
128 695 1064 4169206492
128 696 1047 4169206492
128 697 1067 4169206492
128 698 1042 4169206492
128 699 1081 4169206492
128 700 1048 4169206492
128 701 1098 4169206492
128 702 1042 4169206492
128 703 1068 4169206492
128 704 1058 4169206492
128 705 1068 4169206492
128 706 1068 4169206492
128 707 1068 4169206492
128 708 1058 4169206492
128 709 1088 4169206492
128 710 1059 4169206492
128 711 1083 4169206492
128 712 1053 4169206492
128 713 1083 4169206492
128 714 1058 4169206492
128 715 1093 4169206492
128 716 1048 4169206492
128 717 1068 4169206492
128 718 1042 4169206492
128 719 1062 4169206492
128 720 1052 4169206492
128 721 1078 4169206492
128 722 1053 4169206492
128 723 1070 4169206492
128 724 1059 4169206492
128 725 1073 4169206492
128 726 1048 4169206492
128 727 1054 4169206492
128 728 1058 4169206492
128 729 1075 4169206492
128 730 1058 4169206492
128 731 1047 4169206492
128 732 1058 4169206492
128 733 1063 4169206492
128 734 1048 4169206492
128 735 1058 4169206492
128 736 1058 4169206492
128 737 1078 4169206492
128 738 1058 4169206492
128 739 1063 4169206492
128 740 1042 4169206492
128 741 1073 4169206492
128 742 1042 4169206492
128 743 1083 4169206492
128 744 1063 4169206492
128 745 1086 4169206492
128 746 1048 4169206492
128 747 1063 4169206492
128 748 1042 4169206492
128 749 1083 4169206492
128 750 1070 4169206492
128 751 1048 4169206492
128 752 1068 4169206492
128 753 1048 4169206492
128 754 1063 4169206492
128 755 1066 4169206492
128 756 1083 4169206492
128 757 1057 4169206492
128 758 1083 4169206492
128 759 1068 4169206492
128 760 1080 4169206492
128 761 1053 4169206492
128 762 1058 4169206492
128 763 1063 4169206492
128 764 1073 4169206492
128 765 1053 4169206492
128 766 1088 4169206492
128 767 1053 4169206492
128 768 1083 4169206492
128 769 1058 4169206492
128 770 1088 4169206492
128 771 1048 4169206492
128 772 1058 4169206492
128 773 1047 4169206492
128 774 1067 4169206492
128 775 1063 4169206492
128 776 1076 4169206492
128 777 1042 4169206492
128 778 1073 4169206492
128 779 1063 4169206492
128 780 1063 4169206492
128 781 1067 4169206492
128 782 1069 4169206492
128 783 1078 4169206492
128 784 1042 4169206492
128 785 1083 4169206492
128 786 1068 4169206492
128 787 1084 4169206492
128 788 1078 4169206492
128 789 1068 4169206492
128 790 1059 4169206492
128 791 1053 4169206492
128 792 1048 4169206492
128 793 1058 4169206492
128 794 1053 4169206492
128 795 1058 4169206492
128 796 1073 4169206492
128 797 1063 4169206492
128 798 1042 4169206492
128 799 1063 4169206492
128 800 1047 4169206492
128 801 1074 4169206492
128 802 1064 4169206492
128 803 1068 4169206492
128 804 1058 4169206492
128 805 1074 4169206492
128 806 1042 4169206492
128 807 1083 4169206492
128 808 1053 4169206492
128 809 1078 4169206492
128 810 1078 4169206492
128 811 1058 4169206492
128 812 1053 4169206492
128 813 1078 4169206492
128 814 1068 4169206492
128 815 1073 4169206492
128 816 1054 4169206492
128 817 1058 4169206492
128 818 1053 4169206492
128 819 1068 4169206492
128 820 1048 4169206492
128 821 1070 4169206492
128 822 1042 4169206492
128 823 1083 4169206492
128 824 1042 4169206492
128 825 1078 4169206492
128 826 1058 4169206492
128 827 1068 4169206492
128 828 1053 4169206492
128 829 1068 4169206492
128 830 1042 4169206492
128 831 1054 4169206492
128 832 1058 4169206492
128 833 1048 4169206492
128 834 1078 4169206492
128 835 1058 4169206492
128 836 1058 4169206492
128 837 1058 4169206492
128 838 1063 4169206492
128 839 1074 4169206492
128 840 1072 4169206492
128 841 1048 4169206492
128 842 1073 4169206492
128 843 1058 4169206492
128 844 1083 4169206492
128 845 1058 4169206492
128 846 1053 4169206492
128 847 1047 4169206492
128 848 1078 4169206492
128 849 1042 4169206492
128 850 1063 4169206492
128 851 1058 4169206492
128 852 1063 4169206492
128 853 1042 4169206492
128 854 1068 4169206492
128 855 1042 4169206492
128 856 1073 4169206492
128 857 1048 4169206492
128 858 1053 4169206492
128 859 1047 4169206492
128 860 1053 4169206492
128 861 1078 4169206492
128 862 1060 4169206492
128 863 1073 4169206492
128 864 1042 4169206492
128 865 1074 4169206492
128 866 1059 4169206492
128 867 1078 4169206492
128 868 1058 4169206492
128 869 1078 4169206492
128 870 1058 4169206492
128 871 1063 4169206492
128 872 1048 4169206492
128 873 1063 4169206492
128 874 1048 4169206492
128 875 1078 4169206492
128 876 1048 4169206492
128 877 1068 4169206492
128 878 1059 4169206492
128 879 1058 4169206492
128 880 1048 4169206492
128 881 1084 4169206492
128 882 1053 4169206492
128 883 1073 4169206492
128 884 1048 4169206492
128 885 1083 4169206492
128 886 1048 4169206492
128 887 1068 4169206492
128 888 1058 4169206492
128 889 1058 4169206492
128 890 1067 4169206492
128 891 1053 4169206492
128 892 1053 4169206492
128 893 1042 4169206492
128 894 1058 4169206492
128 895 1048 4169206492
128 896 1084 4169206492
128 897 1058 4169206492
128 898 1068 4169206492
128 899 1048 4169206492
128 900 1063 4169206492
128 901 1042 4169206492
128 902 1083 4169206492
128 903 1052 4169206492
128 904 1068 4169206492
128 905 1058 4169206492
128 906 1078 4169206492
128 907 1054 4169206492
128 908 1083 4169206492
128 909 1053 4169206492
128 910 1070 4169206492
128 911 1048 4169206492
128 912 1060 4169206492
128 913 1058 4169206492
128 914 1082 4169206492
128 915 1053 4169206492
128 916 1108 4169206492
128 917 1048 4169206492
128 918 1053 4169206492
128 919 1077 4169206492
128 920 1048 4169206492
128 921 1068 4169206492
128 922 1047 4169206492
128 923 1063 4169206492
128 924 1048 4169206492
128 925 1078 4169206492
128 926 1078 4169206492
128 927 1073 4169206492
128 928 1053 4169206492
128 929 1068 4169206492
128 930 1058 4169206492
128 931 1068 4169206492
128 932 1053 4169206492
128 933 1068 4169206492
128 934 1098 4169206492
128 935 1059 4169206492
128 936 1053 4169206492
128 937 1073 4169206492
128 938 1042 4169206492
128 939 1063 4169206492
128 940 1042 4169206492
128 941 1068 4169206492
128 942 1058 4169206492
128 943 1068 4169206492
128 944 1053 4169206492
128 945 1053 4169206492
128 946 1080 4169206492
128 947 1048 4169206492
128 948 1076 4169206492
128 949 1053 4169206492
128 950 1068 4169206492
128 951 1053 4169206492
128 952 1058 4169206492
128 953 1058 4169206492
128 954 1068 4169206492
128 955 1068 4169206492
128 956 1058 4169206492
128 957 1049 4169206492
128 958 1048 4169206492
128 959 1053 4169206492
128 960 1063 4169206492
128 961 1048 4169206492
128 962 1083 4169206492
128 963 1063 4169206492
128 964 1058 4169206492
128 965 1053 4169206492
128 966 1068 4169206492
128 967 1042 4169206492
128 968 1058 4169206492
128 969 1048 4169206492
128 970 1063 4169206492
128 971 1042 4169206492
128 972 1064 4169206492
128 973 1058 4169206492
128 974 1073 4169206492
128 975 1053 4169206492
128 976 1069 4169206492
128 977 1070 4169206492
128 978 1058 4169206492
128 979 1042 4169206492
128 980 1072 4169206492
128 981 1048 4169206492
128 982 1077 4169206492
128 983 1053 4169206492
128 984 1058 4169206492
128 985 1073 4169206492
128 986 1048 4169206492
128 987 1068 4169206492
128 988 1048 4169206492
128 989 1068 4169206492
128 990 1042 4169206492
128 991 1092 4169206492
128 992 1053 4169206492
128 993 1072 4169206492
128 994 1058 4169206492
128 995 1078 4169206492
128 996 1063 4169206492
128 997 1063 4169206492
128 998 1048 4169206492
128 999 1068 4169206492
