128 0 13661 4169206476
128 1 6524 4169206476
128 2 6600 4169206476
128 3 9688 4169206476
128 4 7003 4169206476
128 5 9738 4169206476
128 6 6548 4169206476
128 7 9816 4169206476
128 8 6400 4169206476
128 9 5408 4169206476
128 10 9768 4169206476
128 11 6292 4169206476
128 12 9640 4169206476
128 13 6824 4169206476
128 14 9772 4169206476
128 15 6496 4169206476
128 16 9904 4169206476
128 17 6792 4169206476
128 18 9902 4169206476
128 19 6684 4169206476
128 20 9844 4169206476
128 21 6220 4169206476
128 22 9901 4169206476
128 23 6488 4169206476
128 24 9180 4169206476
128 25 6732 4169206476
128 26 9664 4169206476
128 27 6776 4169206476
128 28 9888 4169206476
128 29 6384 4169206476
128 30 9736 4169206476
128 31 6036 4169206476
128 32 9156 4169206476
128 33 6776 4169206476
128 34 9512 4169206476
128 35 6396 4169206476
128 36 10036 4169206476
128 37 6396 4169206476
128 38 9756 4169206476
128 39 4620 4169206476
128 40 10098 4169206476
128 41 6528 4169206476
128 42 9644 4169206476
128 43 6764 4169206476
128 44 10154 4169206476
128 45 6644 4169206476
128 46 10126 4169206476
128 47 10232 4169206476
128 48 6968 4169206476
128 49 9692 4169206476
128 50 7228 4169206476
128 51 6404 4169206476
128 52 9672 4169206476
128 53 6756 4169206476
128 54 9332 4169206476
128 55 6800 4169206476
128 56 9770 4169206476
128 57 6848 4169206476
128 58 9940 4169206476
128 59 6600 4169206476
128 60 9812 4169206476
128 61 6652 4169206476
128 62 8800 4169206476
128 63 6816 4169206476
128 64 9641 4169206476
128 65 6616 4169206476
128 66 9852 4169206476
128 67 6468 4169206476
128 68 9904 4169206476
128 69 4936 4169206476
128 70 9928 4169206476
128 71 6792 4169206476
128 72 9620 4169206476
128 73 6676 4169206476
128 74 10160 4169206476
128 75 9964 4169206476
128 76 5640 4169206476
128 77 6200 4169206476
128 78 9924 4169206476
128 79 6448 4169206476
128 80 9796 4169206476
128 81 6500 4169206476
128 82 9844 4169206476
128 83 7004 4169206476
128 84 9640 4169206476
128 85 6516 4169206476
128 86 9724 4169206476
128 87 7016 4169206476
128 88 9824 4169206476
128 89 6356 4169206476
128 90 9748 4169206476
128 91 6736 4169206476
128 92 8740 4169206476
128 93 6800 4169206476
128 94 9560 4169206476
128 95 6692 4169206476
128 96 9912 4169206476
128 97 6656 4169206476
128 98 9864 4169206476
128 99 5156 4169206476
128 100 9718 4169206476
128 101 10132 4169206476
128 102 6760 4169206476
128 103 9748 4169206476
128 104 6492 4169206476
128 105 10032 4169206476
128 106 6172 4169206476
128 107 8976 4169206476
128 108 10072 4169206476
128 109 6652 4169206476
128 110 9864 4169206476
128 111 6494 4169206476
128 112 9928 4169206476
128 113 6380 4169206476
128 114 9268 4169206476
128 115 6832 4169206476
128 116 9956 4169206476
128 117 9992 4169206476
128 118 7068 4169206476
128 119 9840 4169206476
128 120 7032 4169206476
128 121 8936 4169206476
128 122 7204 4169206476
128 123 9872 4169206476
128 124 7176 4169206476
128 125 9992 4169206476
128 126 6968 4169206476
128 127 10124 4169206476
128 128 5940 4169206476
128 129 9944 4169206476
128 130 6764 4169206476
128 131 9784 4169206476
128 132 6608 4169206476
128 133 9728 4169206476
128 134 6820 4169206476
128 135 10228 4169206476
128 136 10172 4169206476
128 137 6240 4169206476
128 138 9724 4169206476
128 139 6696 4169206476
128 140 9832 4169206476
128 141 9684 4169206476
128 142 6068 4169206476
128 143 9712 4169206476
128 144 7396 4169206476
128 145 9760 4169206476
128 146 7264 4169206476
128 147 9764 4169206476
128 148 7352 4169206476
128 149 9624 4169206476
128 150 6608 4169206476
128 151 9668 4169206476
128 152 6756 4169206476
128 153 9768 4169206476
128 154 6734 4169206476
128 155 9836 4169206476
128 156 7536 4169206476
128 157 8980 4169206476
128 158 7220 4169206476
128 159 9904 4169206476
128 160 6864 4169206476
128 161 9692 4169206476
128 162 6848 4169206476
128 163 9656 4169206476
128 164 5724 4169206476
128 165 10072 4169206476
128 166 7464 4169206476
128 167 9772 4169206476
128 168 6520 4169206476
128 169 10126 4169206476
128 170 6244 4169206476
128 171 10196 4169206476
128 172 9924 4169206476
128 173 7312 4169206476
128 174 9848 4169206476
128 175 6864 4169206476
128 176 9936 4169206476
128 177 7363 4169206476
128 178 10300 4169206476
128 179 7012 4169206476
128 180 9892 4169206476
128 181 6500 4169206476
128 182 9876 4169206476
128 183 6895 4169206476
128 184 9716 4169206476
128 185 6832 4169206476
128 186 9232 4169206476
128 187 9840 4169206476
128 188 6960 4169206476
128 189 9696 4169206476
128 190 6968 4169206476
128 191 9872 4169206476
128 192 7464 4169206476
128 193 9589 4169206476
128 194 7138 4169206476
128 195 9648 4169206476
128 196 6712 4169206476
128 197 9740 4169206476
128 198 7340 4169206476
128 199 9784 4169206476
128 200 5840 4169206476
128 201 10050 4169206476
128 202 7104 4169206476
128 203 9888 4169206476
128 204 6704 4169206476
128 205 9828 4169206476
128 206 6627 4169206476
128 207 9904 4169206476
128 208 6088 4169206476
128 209 9840 4169206476
128 210 9732 4169206476
128 211 7072 4169206476
128 212 9760 4169206476
128 213 7140 4169206476
128 214 9764 4169206476
128 215 6382 4169206476
128 216 9668 4169206476
128 217 7120 4169206476
128 218 9960 4169206476
128 219 7252 4169206476
128 220 10060 4169206476
128 221 6944 4169206476
128 222 9420 4169206476
128 223 6624 4169206476
128 224 9832 4169206476
128 225 6944 4169206476
128 226 9796 4169206476
128 227 6474 4169206476
128 228 9668 4169206476
128 229 9724 4169206476
128 230 7272 4169206476
128 231 9728 4169206476
128 232 6776 4169206476
128 233 9784 4169206476
128 234 6904 4169206476
128 235 9712 4169206476
128 236 6128 4169206476
128 237 9730 4169206476
128 238 7096 4169206476
128 239 9764 4169206476
128 240 7428 4169206476
128 241 9832 4169206476
128 242 7152 4169206476
128 243 9936 4169206476
128 244 6960 4169206476
128 245 9832 4169206476
128 246 7024 4169206476
128 247 9768 4169206476
128 248 7044 4169206476
128 249 9632 4169206476
128 250 6856 4169206476
128 251 9408 4169206476
128 252 7241 4169206476
128 253 9948 4169206476
128 254 6836 4169206476
128 255 9784 4169206476
128 256 6804 4169206476
128 257 9960 4169206476
128 258 4984 4169206476
128 259 10032 4169206476
128 260 6452 4169206476
128 261 9964 4169206476
128 262 9972 4169206476
128 263 7100 4169206476
128 264 10008 4169206476
128 265 5940 4169206476
128 266 9708 4169206476
128 267 6456 4169206476
128 268 9588 4169206476
128 269 6537 4169206476
128 270 9788 4169206476
128 271 6516 4169206476
128 272 9354 4169206476
128 273 9220 4169206476
128 274 7704 4169206476
128 275 9876 4169206476
128 276 7160 4169206476
128 277 10176 4169206476
128 278 7100 4169206476
128 279 9228 4169206476
128 280 5484 4169206476
128 281 9953 4169206476
128 282 6444 4169206476
128 283 9812 4169206476
128 284 6680 4169206476
128 285 9808 4169206476
128 286 9756 4169206476
128 287 5004 4169206476
128 288 9868 4169206476
128 289 6992 4169206476
128 290 9904 4169206476
128 291 6916 4169206476
128 292 9952 4169206476
128 293 7144 4169206476
128 294 9332 4169206476
128 295 7012 4169206476
128 296 9846 4169206476
128 297 7112 4169206476
128 298 10060 4169206476
128 299 7052 4169206476
128 300 9812 4169206476
128 301 6086 4169206476
128 302 9028 4169206476
128 303 6640 4169206476
128 304 9708 4169206476
128 305 6484 4169206476
128 306 9836 4169206476
128 307 9732 4169206476
128 308 6968 4169206476
128 309 8570 4169206476
128 310 7208 4169206476
128 311 9916 4169206476
128 312 7088 4169206476
128 313 9844 4169206476
128 314 7104 4169206476
128 315 10060 4169206476
128 316 5032 4169206476
128 317 10184 4169206476
128 318 6404 4169206476
128 319 9824 4169206476
128 320 6792 4169206476
128 321 9744 4169206476
128 322 9804 4169206476
128 323 5216 4169206476
128 324 9924 4169206476
128 325 7302 4169206476
128 326 9824 4169206476
128 327 7152 4169206476
128 328 9488 4169206476
128 329 6820 4169206476
128 330 9856 4169206476
128 331 7132 4169206476
128 332 9736 4169206476
128 333 7260 4169206476
128 334 9968 4169206476
128 335 7140 4169206476
128 336 9688 4169206476
128 337 7484 4169206476
128 338 8788 4169206476
128 339 7240 4169206476
128 340 9640 4169206476
128 341 7096 4169206476
128 342 10216 4169206476
128 343 7412 4169206476
128 344 9820 4169206476
128 345 4516 4169206476
128 346 9992 4169206476
128 347 6552 4169206476
128 348 9660 4169206476
128 349 6144 4169206476
128 350 9760 4169206476
128 351 9810 4169206476
128 352 5320 4169206476
128 353 10064 4169206476
128 354 7156 4169206476
128 355 9792 4169206476
128 356 6118 4169206476
128 357 9636 4169206476
128 358 6312 4169206476
128 359 10496 4169206476
128 360 9932 4169206476
128 361 7000 4169206476
128 362 9652 4169206476
128 363 6720 4169206476
128 364 9752 4169206476
128 365 6876 4169206476
128 366 10076 4169206476
128 367 7580 4169206476
128 368 9844 4169206476
128 369 6448 4169206476
128 370 9668 4169206476
128 371 6557 4169206476
128 372 9472 4169206476
128 373 6372 4169206476
128 374 9492 4169206476
128 375 10172 4169206476
128 376 6840 4169206476
128 377 9568 4169206476
128 378 6588 4169206476
128 379 9956 4169206476
128 380 6772 4169206476
128 381 9904 4169206476
128 382 6716 4169206476
128 383 9752 4169206476
128 384 9880 4169206476
128 385 7408 4169206476
128 386 9841 4169206476
128 387 7350 4169206476
128 388 9828 4169206476
128 389 7416 4169206476
128 390 9926 4169206476
128 391 7285 4169206476
128 392 9924 4169206476
128 393 7398 4169206476
128 394 9912 4169206476
128 395 6400 4169206476
128 396 9092 4169206476
128 397 6980 4169206476
128 398 9592 4169206476
128 399 7100 4169206476
128 400 9856 4169206476
128 401 7192 4169206476
128 402 9352 4169206476
128 403 6596 4169206476
128 404 9934 4169206476
128 405 6908 4169206476
128 406 9916 4169206476
128 407 6844 4169206476
128 408 9732 4169206476
128 409 7220 4169206476
128 410 9413 4169206476
128 411 7505 4169206476
128 412 9640 4169206476
128 413 7252 4169206476
128 414 9932 4169206476
128 415 7535 4169206476
128 416 9720 4169206476
128 417 5728 4169206476
128 418 10144 4169206476
128 419 6942 4169206476
128 420 9776 4169206476
128 421 6480 4169206476
128 422 9896 4169206476
128 423 6808 4169206476
128 424 9868 4169206476
128 425 6460 4169206476
128 426 9792 4169206476
128 427 9824 4169206476
128 428 7188 4169206476
128 429 9920 4169206476
128 430 6925 4169206476
128 431 9640 4169206476
128 432 5552 4169206476
128 433 10044 4169206476
128 434 6756 4169206476
128 435 9966 4169206476
128 436 6928 4169206476
128 437 9896 4169206476
128 438 9832 4169206476
128 439 5088 4169206476
128 440 9832 4169206476
128 441 7020 4169206476
128 442 10154 4169206476
128 443 7276 4169206476
128 444 9924 4169206476
128 445 6620 4169206476
128 446 9536 4169206476
128 447 6724 4169206476
128 448 9688 4169206476
128 449 6836 4169206476
128 450 9664 4169206476
128 451 9768 4169206476
128 452 7192 4169206476
128 453 10100 4169206476
128 454 7120 4169206476
128 455 9744 4169206476
128 456 6700 4169206476
128 457 9888 4169206476
128 458 6892 4169206476
128 459 9828 4169206476
128 460 7008 4169206476
128 461 9304 4169206476
128 462 9937 4169206476
128 463 6988 4169206476
128 464 9482 4169206476
128 465 6945 4169206476
128 466 10152 4169206476
128 467 7492 4169206476
128 468 9104 4169206476
128 469 6324 4169206476
128 470 9676 4169206476
128 471 6232 4169206476
128 472 9864 4169206476
128 473 6576 4169206476
128 474 9484 4169206476
128 475 9836 4169206476
128 476 7508 4169206476
128 477 9784 4169206476
128 478 7062 4169206476
128 479 10312 4169206476
128 480 7020 4169206476
128 481 9656 4169206476
128 482 5436 4169206476
128 483 9292 4169206476
128 484 6852 4169206476
128 485 9832 4169206476
128 486 6504 4169206476
128 487 10184 4169206476
128 488 10056 4169206476
128 489 6208 4169206476
128 490 8828 4169206476
128 491 6728 4169206476
128 492 9776 4169206476
128 493 9832 4169206476
128 494 7008 4169206476
128 495 9840 4169206476
128 496 7384 4169206476
128 497 8576 4169206476
128 498 7080 4169206476
128 499 9964 4169206476
128 500 6952 4169206476
128 501 9640 4169206476
128 502 7126 4169206476
128 503 9940 4169206476
128 504 5636 4169206476
128 505 9861 4169206476
128 506 6792 4169206476
128 507 9854 4169206476
128 508 7052 4169206476
128 509 9788 4169206476
128 510 7113 4169206476
128 511 9736 4169206476
128 512 7100 4169206476
128 513 9568 4169206476
128 514 6980 4169206476
128 515 9896 4169206476
128 516 6816 4169206476
128 517 9936 4169206476
128 518 7116 4169206476
128 519 8556 4169206476
128 520 6868 4169206476
128 521 9588 4169206476
128 522 7052 4169206476
128 523 9708 4169206476
128 524 7376 4169206476
128 525 9736 4169206476
128 526 4696 4169206476
128 527 9600 4169206476
128 528 6593 4169206476
128 529 9804 4169206476
128 530 6780 4169206476
128 531 9984 4169206476
128 532 9944 4169206476
128 533 4864 4169206476
128 534 10018 4169206476
128 535 6930 4169206476
128 536 9896 4169206476
128 537 6204 4169206476
128 538 9732 4169206476
128 539 6576 4169206476
128 540 10196 4169206476
128 541 10348 4169206476
128 542 6896 4169206476
128 543 9728 4169206476
128 544 6652 4169206476
128 545 9736 4169206476
128 546 6376 4169206476
128 547 9876 4169206476
128 548 6556 4169206476
128 549 10082 4169206476
128 550 9948 4169206476
128 551 6376 4169206476
128 552 9852 4169206476
128 553 6672 4169206476
128 554 9726 4169206476
128 555 4364 4169206476
128 556 10264 4169206476
128 557 9992 4169206476
128 558 6600 4169206476
128 559 9732 4169206476
128 560 6660 4169206476
128 561 9612 4169206476
128 562 4836 4169206476
128 563 10044 4169206476
128 564 9752 4169206476
128 565 6512 4169206476
128 566 9940 4169206476
128 567 6744 4169206476
128 568 9708 4169206476
128 569 5476 4169206476
128 570 9768 4169206476
128 571 9972 4169206476
128 572 7106 4169206476
128 573 9968 4169206476
128 574 7176 4169206476
128 575 9520 4169206476
128 576 6092 4169206476
128 577 9452 4169206476
128 578 7245 4169206476
128 579 9792 4169206476
128 580 6740 4169206476
128 581 9760 4169206476
128 582 7043 4169206476
128 583 10012 4169206476
128 584 6716 4169206476
128 585 9750 4169206476
128 586 6680 4169206476
128 587 9992 4169206476
128 588 6464 4169206476
128 589 10308 4169206476
128 590 9836 4169206476
128 591 5948 4169206476
128 592 9892 4169206476
128 593 7108 4169206476
128 594 9954 4169206476
128 595 6920 4169206476
128 596 9808 4169206476
128 597 6824 4169206476
128 598 9624 4169206476
128 599 7216 4169206476
128 600 9792 4169206476
128 601 6856 4169206476
128 602 9792 4169206476
128 603 7334 4169206476
128 604 9852 4169206476
128 605 5680 4169206476
128 606 10276 4169206476
128 607 7411 4169206476
128 608 9896 4169206476
128 609 6400 4169206476
128 610 9896 4169206476
128 611 6936 4169206476
128 612 9888 4169206476
128 613 6232 4169206476
128 614 10004 4169206476
128 615 9896 4169206476
128 616 6788 4169206476
128 617 9784 4169206476
128 618 6600 4169206476
128 619 9808 4169206476
128 620 3932 4169206476
128 621 10368 4169206476
128 622 10048 4169206476
128 623 6432 4169206476
128 624 9788 4169206476
128 625 6452 4169206476
128 626 9892 4169206476
128 627 9060 4169206476
128 628 7280 4169206476
128 629 9808 4169206476
128 630 6884 4169206476
128 631 9668 4169206476
128 632 6828 4169206476
128 633 9872 4169206476
128 634 5328 4169206476
128 635 10284 4169206476
128 636 7428 4169206476
128 637 9732 4169206476
128 638 6428 4169206476
128 639 10036 4169206476
128 640 6536 4169206476
128 641 10472 4169206476
128 642 10168 4169206476
128 643 7036 4169206476
128 644 10012 4169206476
128 645 6604 4169206476
128 646 9664 4169206476
128 647 6532 4169206476
128 648 9584 4169206476
128 649 9732 4169206476
128 650 7140 4169206476
128 651 9884 4169206476
128 652 7232 4169206476
128 653 9944 4169206476
128 654 6956 4169206476
128 655 9780 4169206476
128 656 6904 4169206476
128 657 9896 4169206476
128 658 7092 4169206476
128 659 9990 4169206476
128 660 7116 4169206476
128 661 9656 4169206476
128 662 6912 4169206476
128 663 9344 4169206476
128 664 7052 4169206476
128 665 9608 4169206476
128 666 7404 4169206476
128 667 10090 4169206476
128 668 7000 4169206476
128 669 9830 4169206476
128 670 4532 4169206476
128 671 10116 4169206476
128 672 6320 4169206476
128 673 9692 4169206476
128 674 9972 4169206476
128 675 6820 4169206476
128 676 9884 4169206476
128 677 6016 4169206476
128 678 9912 4169206476
128 679 7304 4169206476
128 680 9648 4169206476
128 681 6880 4169206476
128 682 9512 4169206476
128 683 7048 4169206476
128 684 10572 4169206476
128 685 7564 4169206476
128 686 9884 4169206476
128 687 6408 4169206476
128 688 10068 4169206476
128 689 6670 4169206476
128 690 9718 4169206476
128 691 9708 4169206476
128 692 6020 4169206476
128 693 9924 4169206476
128 694 6660 4169206476
128 695 9724 4169206476
128 696 6872 4169206476
128 697 10004 4169206476
128 698 7260 4169206476
128 699 9392 4169206476
128 700 6568 4169206476
128 701 9812 4169206476
128 702 6512 4169206476
128 703 9808 4169206476
128 704 6376 4169206476
128 705 9880 4169206476
128 706 9932 4169206476
128 707 7174 4169206476
128 708 9669 4169206476
128 709 7328 4169206476
128 710 9620 4169206476
128 711 7304 4169206476
128 712 9764 4169206476
128 713 6540 4169206476
128 714 9200 4169206476
128 715 7296 4169206476
128 716 9820 4169206476
128 717 7468 4169206476
128 718 9984 4169206476
128 719 7304 4169206476
128 720 9364 4169206476
128 721 5649 4169206476
128 722 9748 4169206476
128 723 6436 4169206476
128 724 9812 4169206476
128 725 6340 4169206476
128 726 9972 4169206476
128 727 9896 4169206476
128 728 4720 4169206476
128 729 10172 4169206476
128 730 7068 4169206476
128 731 9692 4169206476
128 732 6536 4169206476
128 733 9936 4169206476
128 734 6448 4169206476
128 735 10160 4169206476
128 736 9824 4169206476
128 737 6852 4169206476
128 738 9644 4169206476
128 739 6820 4169206476
128 740 9948 4169206476
128 741 7104 4169206476
128 742 10376 4169206476
128 743 7308 4169206476
128 744 9836 4169206476
128 745 6725 4169206476
128 746 10282 4169206476
128 747 6752 4169206476
128 748 9888 4169206476
128 749 10124 4169206476
128 750 6760 4169206476
128 751 9792 4169206476
128 752 6492 4169206476
128 753 9928 4169206476
128 754 6852 4169206476
128 755 9744 4169206476
128 756 6864 4169206476
128 757 9812 4169206476
128 758 10052 4169206476
128 759 7088 4169206476
128 760 9388 4169206476
128 761 6840 4169206476
128 762 9576 4169206476
128 763 6564 4169206476
128 764 9752 4169206476
128 765 6828 4169206476
128 766 9812 4169206476
128 767 10212 4169206476
128 768 7020 4169206476
128 769 9792 4169206476
128 770 6344 4169206476
128 771 10108 4169206476
128 772 6592 4169206476
128 773 9934 4169206476
128 774 9703 4169206476
128 775 6728 4169206476
128 776 9728 4169206476
128 777 7192 4169206476
128 778 10584 4169206476
128 779 7605 4169206476
128 780 10004 4169206476
128 781 6332 4169206476
128 782 10116 4169206476
128 783 6796 4169206476
128 784 9572 4169206476
128 785 9524 4169206476
128 786 6620 4169206476
128 787 10000 4169206476
128 788 6692 4169206476
128 789 9840 4169206476
128 790 6432 4169206476
128 791 9696 4169206476
128 792 9910 4169206476
128 793 5060 4169206476
128 794 9784 4169206476
128 795 6712 4169206476
128 796 9714 4169206476
128 797 7220 4169206476
128 798 9764 4169206476
128 799 7220 4169206476
128 800 9308 4169206476
128 801 7440 4169206476
128 802 9660 4169206476
128 803 7144 4169206476
128 804 9872 4169206476
128 805 7080 4169206476
128 806 9368 4169206476
128 807 6008 4169206476
128 808 9800 4169206476
128 809 7372 4169206476
128 810 9936 4169206476
128 811 7164 4169206476
128 812 9668 4169206476
128 813 7184 4169206476
128 814 10112 4169206476
128 815 6756 4169206476
128 816 9768 4169206476
128 817 6843 4169206476
128 818 9632 4169206476
128 819 6664 4169206476
128 820 9984 4169206476
128 821 6580 4169206476
128 822 9892 4169206476
128 823 10076 4169206476
128 824 6852 4169206476
128 825 9920 4169206476
128 826 6400 4169206476
128 827 9800 4169206476
128 828 6072 4169206476
128 829 9992 4169206476
128 830 6644 4169206476
128 831 10092 4169206476
128 832 9838 4169206476
128 833 6696 4169206476
128 834 9760 4169206476
128 835 6620 4169206476
128 836 10428 4169206476
128 837 10232 4169206476
128 838 6832 4169206476
128 839 9588 4169206476
128 840 6488 4169206476
128 841 9748 4169206476
128 842 6510 4169206476
128 843 9660 4169206476
128 844 5956 4169206476
128 845 9720 4169206476
128 846 9824 4169206476
128 847 7116 4169206476
128 848 9808 4169206476
128 849 7224 4169206476
128 850 9360 4169206476
128 851 5086 4169206476
128 852 10064 4169206476
128 853 6456 4169206476
128 854 9796 4169206476
128 855 6540 4169206476
128 856 9707 4169206476
128 857 9860 4169206476
128 858 5173 4169206476
128 859 9832 4169206476
128 860 7400 4169206476
128 861 9596 4169206476
128 862 7108 4169206476
128 863 9828 4169206476
128 864 7256 4169206476
128 865 9676 4169206476
128 866 7336 4169206476
128 867 9812 4169206476
128 868 7392 4169206476
128 869 10032 4169206476
128 870 7060 4169206476
128 871 9760 4169206476
128 872 6326 4169206476
128 873 8956 4169206476
128 874 6756 4169206476
128 875 10016 4169206476
128 876 10200 4169206476
128 877 6792 4169206476
128 878 9656 4169206476
128 879 6732 4169206476
128 880 8804 4169206476
128 881 6952 4169206476
128 882 10040 4169206476
128 883 9976 4169206476
128 884 6792 4169206476
128 885 10279 4169206476
128 886 7292 4169206476
128 887 9432 4169206476
128 888 6978 4169206476
128 889 9634 4169206476
128 890 6560 4169206476
128 891 9880 4169206476
128 892 6596 4169206476
128 893 9924 4169206476
128 894 9520 4169206476
128 895 7388 4169206476
128 896 9684 4169206476
128 897 7112 4169206476
128 898 10084 4169206476
128 899 7767 4169206476
128 900 10060 4169206476
128 901 5560 4169206476
128 902 9712 4169206476
128 903 6330 4169206476
128 904 9836 4169206476
128 905 9920 4169206476
128 906 7060 4169206476
128 907 9786 4169206476
128 908 6452 4169206476
128 909 9572 4169206476
128 910 7232 4169206476
128 911 9692 4169206476
128 912 6760 4169206476
128 913 9984 4169206476
128 914 6941 4169206476
128 915 9392 4169206476
128 916 5584 4169206476
128 917 10224 4169206476
128 918 6162 4169206476
128 919 9664 4169206476
128 920 6768 4169206476
128 921 9792 4169206476
128 922 10088 4169206476
128 923 5000 4169206476
128 924 10152 4169206476
128 925 6316 4169206476
128 926 9736 4169206476
128 927 6780 4169206476
128 928 9920 4169206476
128 929 10020 4169206476
128 930 5376 4169206476
128 931 10036 4169206476
128 932 6604 4169206476
128 933 9868 4169206476
128 934 6668 4169206476
128 935 10060 4169206476
128 936 9904 4169206476
128 937 6052 4169206476
128 938 10056 4169206476
128 939 7132 4169206476
128 940 9848 4169206476
128 941 6508 4169206476
128 942 9976 4169206476
128 943 6664 4169206476
128 944 9878 4169206476
128 945 5956 4169206476
128 946 9776 4169206476
128 947 9840 4169206476
128 948 7172 4169206476
128 949 10016 4169206476
128 950 7472 4169206476
128 951 9676 4169206476
128 952 5616 4169206476
128 953 9612 4169206476
128 954 6216 4169206476
128 955 9936 4169206476
128 956 6504 4169206476
128 957 9700 4169206476
128 958 10107 4169206476
128 959 4992 4169206476
128 960 10128 4169206476
128 961 6532 4169206476
128 962 9588 4169206476
128 963 6775 4169206476
128 964 9780 4169206476
128 965 9824 4169206476
128 966 5084 4169206476
128 967 10036 4169206476
128 968 6972 4169206476
128 969 9764 4169206476
128 970 6624 4169206476
128 971 10104 4169206476
128 972 5988 4169206476
128 973 10212 4169206476
128 974 10092 4169206476
128 975 7152 4169206476
128 976 9644 4169206476
128 977 6766 4169206476
128 978 10088 4169206476
128 979 6404 4169206476
128 980 9836 4169206476
128 981 9788 4169206476
128 982 6736 4169206476
128 983 9648 4169206476
128 984 6948 4169206476
128 985 9736 4169206476
128 986 7032 4169206476
128 987 9677 4169206476
128 988 6556 4169206476
128 989 10100 4169206476
128 990 7276 4169206476
128 991 10012 4169206476
128 992 6596 4169206476
128 993 10008 4169206476
128 994 6528 4169206476
128 995 9240 4169206476
128 996 9996 4169206476
128 997 7260 4169206476
128 998 9594 4169206476
128 999 7266 4169206476
