64 0 47745 4160031659
64 1 36874 4160031659
64 2 36874 4160031659
64 3 36878 4160031659
64 4 36874 4160031659
64 5 36880 4160031659
64 6 36877 4160031659
64 7 36874 4160031659
64 8 36874 4160031659
64 9 36881 4160031659
64 10 36870 4160031659
64 11 36874 4160031659
64 12 36874 4160031659
64 13 36870 4160031659
64 14 36874 4160031659
64 15 36870 4160031659
64 16 36870 4160031659
64 17 36866 4160031659
64 18 36874 4160031659
64 19 36874 4160031659
64 20 36874 4160031659
64 21 36874 4160031659
64 22 36870 4160031659
64 23 36878 4160031659
64 24 36870 4160031659
64 25 36874 4160031659
64 26 36874 4160031659
64 27 36874 4160031659
64 28 36870 4160031659
64 29 36878 4160031659
64 30 36870 4160031659
64 31 36874 4160031659
64 32 36874 4160031659
64 33 36878 4160031659
64 34 36870 4160031659
64 35 36870 4160031659
64 36 36870 4160031659
64 37 36866 4160031659
64 38 36874 4160031659
64 39 36870 4160031659
64 40 36870 4160031659
64 41 36874 4160031659
64 42 36877 4160031659
64 43 36870 4160031659
64 44 36870 4160031659
64 45 36874 4160031659
64 46 36874 4160031659
64 47 36874 4160031659
64 48 36870 4160031659
64 49 36874 4160031659
64 50 36870 4160031659
64 51 36874 4160031659
64 52 36874 4160031659
64 53 36874 4160031659
64 54 36870 4160031659
64 55 36874 4160031659
64 56 36870 4160031659
64 57 36874 4160031659
64 58 36885 4160031659
64 59 36873 4160031659
64 60 36870 4160031659
64 61 36874 4160031659
64 62 36874 4160031659
64 63 36874 4160031659
64 64 36870 4160031659
64 65 36870 4160031659
64 66 36875 4160031659
64 67 36874 4160031659
64 68 36862 4160031659
64 69 36874 4160031659
64 70 36874 4160031659
64 71 36878 4160031659
64 72 36874 4160031659
64 73 36870 4160031659
64 74 36866 4160031659
64 75 36874 4160031659
64 76 36875 4160031659
64 77 36874 4160031659
64 78 36874 4160031659
64 79 36874 4160031659
64 80 36874 4160031659
64 81 36870 4160031659
64 82 36866 4160031659
64 83 36870 4160031659
64 84 36874 4160031659
64 85 36874 4160031659
64 86 36874 4160031659
64 87 36870 4160031659
64 88 36874 4160031659
64 89 36874 4160031659
64 90 36870 4160031659
64 91 36878 4160031659
64 92 36870 4160031659
64 93 36870 4160031659
64 94 36874 4160031659
64 95 36874 4160031659
64 96 36870 4160031659
64 97 36874 4160031659
64 98 36874 4160031659
64 99 36874 4160031659
64 100 36878 4160031659
64 101 36870 4160031659
64 102 36870 4160031659
64 103 36874 4160031659
64 104 36870 4160031659
64 105 36874 4160031659
64 106 36866 4160031659
64 107 36870 4160031659
64 108 36874 4160031659
64 109 36870 4160031659
64 110 36866 4160031659
64 111 36870 4160031659
64 112 36870 4160031659
64 113 36866 4160031659
64 114 36874 4160031659
64 115 36874 4160031659
64 116 36874 4160031659
64 117 36866 4160031659
64 118 36874 4160031659
64 119 36874 4160031659
64 120 36874 4160031659
64 121 36874 4160031659
64 122 36870 4160031659
64 123 36878 4160031659
64 124 36870 4160031659
64 125 36870 4160031659
64 126 36866 4160031659
64 127 36874 4160031659
64 128 36870 4160031659
64 129 36870 4160031659
64 130 36870 4160031659
64 131 36874 4160031659
64 132 36878 4160031659
64 133 36870 4160031659
64 134 36862 4160031659
64 135 36874 4160031659
64 136 36870 4160031659
64 137 36878 4160031659
64 138 36870 4160031659
64 139 36874 4160031659
64 140 36874 4160031659
64 141 36866 4160031659
64 142 36878 4160031659
64 143 36874 4160031659
64 144 36870 4160031659
64 145 36874 4160031659
64 146 36874 4160031659
64 147 36866 4160031659
64 148 36874 4160031659
64 149 36870 4160031659
64 150 36866 4160031659
64 151 36870 4160031659
64 152 36869 4160031659
64 153 36870 4160031659
64 154 36870 4160031659
64 155 36874 4160031659
64 156 36874 4160031659
64 157 36874 4160031659
64 158 36870 4160031659
64 159 36874 4160031659
64 160 36874 4160031659
64 161 36870 4160031659
64 162 36874 4160031659
64 163 36874 4160031659
64 164 36878 4160031659
64 165 36870 4160031659
64 166 36874 4160031659
64 167 36874 4160031659
64 168 36874 4160031659
64 169 36874 4160031659
64 170 36866 4160031659
64 171 36870 4160031659
64 172 36870 4160031659
64 173 36874 4160031659
64 174 36874 4160031659
64 175 36874 4160031659
64 176 36866 4160031659
64 177 36870 4160031659
64 178 36878 4160031659
64 179 36874 4160031659
64 180 36870 4160031659
64 181 36870 4160031659
64 182 36874 4160031659
64 183 36874 4160031659
64 184 36870 4160031659
64 185 36874 4160031659
64 186 36874 4160031659
64 187 36874 4160031659
64 188 36874 4160031659
64 189 36870 4160031659
64 190 36874 4160031659
64 191 36870 4160031659
64 192 36874 4160031659
64 193 36866 4160031659
64 194 36870 4160031659
64 195 36870 4160031659
64 196 36874 4160031659
64 197 36877 4160031659
64 198 36874 4160031659
64 199 36870 4160031659
64 200 36866 4160031659
64 201 36874 4160031659
64 202 36874 4160031659
64 203 36870 4160031659
64 204 36870 4160031659
64 205 36874 4160031659
64 206 36870 4160031659
64 207 36873 4160031659
64 208 36874 4160031659
64 209 36874 4160031659
64 210 36874 4160031659
64 211 36874 4160031659
64 212 36870 4160031659
64 213 36874 4160031659
64 214 36870 4160031659
64 215 36874 4160031659
64 216 36865 4160031659
64 217 36866 4160031659
64 218 36866 4160031659
64 219 36870 4160031659
64 220 36866 4160031659
64 221 36874 4160031659
64 222 36870 4160031659
64 223 36870 4160031659
64 224 36878 4160031659
64 225 36870 4160031659
64 226 36874 4160031659
64 227 36870 4160031659
64 228 36870 4160031659
64 229 36874 4160031659
64 230 36870 4160031659
64 231 36874 4160031659
64 232 36874 4160031659
64 233 36874 4160031659
64 234 36870 4160031659
64 235 36874 4160031659
64 236 36874 4160031659
64 237 36874 4160031659
64 238 36874 4160031659
64 239 36874 4160031659
64 240 36871 4160031659
64 241 36870 4160031659
64 242 36874 4160031659
64 243 36870 4160031659
64 244 36874 4160031659
64 245 36874 4160031659
64 246 36874 4160031659
64 247 36878 4160031659
64 248 36874 4160031659
64 249 36874 4160031659
64 250 36874 4160031659
64 251 36875 4160031659
64 252 36870 4160031659
64 253 36870 4160031659
64 254 36870 4160031659
64 255 36874 4160031659
64 256 36929 4160031659
64 257 36866 4160031659
64 258 36874 4160031659
64 259 36874 4160031659
64 260 36870 4160031659
64 261 36874 4160031659
64 262 36870 4160031659
64 263 36870 4160031659
64 264 36862 4160031659
64 265 36878 4160031659
64 266 36874 4160031659
64 267 36870 4160031659
64 268 36870 4160031659
64 269 36874 4160031659
64 270 36878 4160031659
64 271 36874 4160031659
64 272 36874 4160031659
64 273 36870 4160031659
64 274 38263 4160031659
64 275 36870 4160031659
64 276 36874 4160031659
64 277 36866 4160031659
64 278 36874 4160031659
64 279 36874 4160031659
64 280 36870 4160031659
64 281 36870 4160031659
64 282 36870 4160031659
64 283 36870 4160031659
64 284 36874 4160031659
64 285 36862 4160031659
64 286 36874 4160031659
64 287 36870 4160031659
64 288 36878 4160031659
64 289 36870 4160031659
64 290 36870 4160031659
64 291 36874 4160031659
64 292 36870 4160031659
64 293 36878 4160031659
64 294 36874 4160031659
64 295 36874 4160031659
64 296 36874 4160031659
64 297 36874 4160031659
64 298 36870 4160031659
64 299 36874 4160031659
64 300 36870 4160031659
64 301 36866 4160031659
64 302 36878 4160031659
64 303 36870 4160031659
64 304 36870 4160031659
64 305 36870 4160031659
64 306 36874 4160031659
64 307 36878 4160031659
64 308 36874 4160031659
64 309 36870 4160031659
64 310 36874 4160031659
64 311 36874 4160031659
64 312 36874 4160031659
64 313 36870 4160031659
64 314 36870 4160031659
64 315 36874 4160031659
64 316 36870 4160031659
64 317 36874 4160031659
64 318 36874 4160031659
64 319 36870 4160031659
64 320 36874 4160031659
64 321 36877 4160031659
64 322 36874 4160031659
64 323 36862 4160031659
64 324 36874 4160031659
64 325 36878 4160031659
64 326 36874 4160031659
64 327 36870 4160031659
64 328 36870 4160031659
64 329 38668 4160031659
64 330 36874 4160031659
64 331 36873 4160031659
64 332 36870 4160031659
64 333 36870 4160031659
64 334 36874 4160031659
64 335 36874 4160031659
64 336 36870 4160031659
64 337 36870 4160031659
64 338 36870 4160031659
64 339 36888 4160031659
64 340 36874 4160031659
64 341 36874 4160031659
64 342 36866 4160031659
64 343 36870 4160031659
64 344 36874 4160031659
64 345 36874 4160031659
64 346 36870 4160031659
64 347 36870 4160031659
64 348 36878 4160031659
64 349 36870 4160031659
64 350 36874 4160031659
64 351 36874 4160031659
64 352 36874 4160031659
64 353 36874 4160031659
64 354 36874 4160031659
64 355 36874 4160031659
64 356 36870 4160031659
64 357 36878 4160031659
64 358 36875 4160031659
64 359 36874 4160031659
64 360 36874 4160031659
64 361 36870 4160031659
64 362 36878 4160031659
64 363 36870 4160031659
64 364 36870 4160031659
64 365 36866 4160031659
64 366 36878 4160031659
64 367 36870 4160031659
64 368 36874 4160031659
64 369 36874 4160031659
64 370 36870 4160031659
64 371 36878 4160031659
64 372 36873 4160031659
64 373 36874 4160031659
64 374 36874 4160031659
64 375 36878 4160031659
64 376 36873 4160031659
64 377 36870 4160031659
64 378 36870 4160031659
64 379 36874 4160031659
64 380 36878 4160031659
64 381 36874 4160031659
64 382 36870 4160031659
64 383 36870 4160031659
64 384 38682 4160031659
64 385 36874 4160031659
64 386 36866 4160031659
64 387 36870 4160031659
64 388 36866 4160031659
64 389 36870 4160031659
64 390 36870 4160031659
64 391 36870 4160031659
64 392 36870 4160031659
64 393 36862 4160031659
64 394 36870 4160031659
64 395 36874 4160031659
64 396 36874 4160031659
64 397 36870 4160031659
64 398 36878 4160031659
64 399 36866 4160031659
64 400 36874 4160031659
64 401 36870 4160031659
64 402 36874 4160031659
64 403 36874 4160031659
64 404 36874 4160031659
64 405 36874 4160031659
64 406 36870 4160031659
64 407 36874 4160031659
64 408 36866 4160031659
64 409 36870 4160031659
64 410 36870 4160031659
64 411 36874 4160031659
64 412 36874 4160031659
64 413 36874 4160031659
64 414 36862 4160031659
64 415 36870 4160031659
64 416 36874 4160031659
64 417 36878 4160031659
64 418 36869 4160031659
64 419 36870 4160031659
64 420 36874 4160031659
64 421 36877 4160031659
64 422 36870 4160031659
64 423 36874 4160031659
64 424 36874 4160031659
64 425 36874 4160031659
64 426 36878 4160031659
64 427 36869 4160031659
64 428 36874 4160031659
64 429 36870 4160031659
64 430 36874 4160031659
64 431 36866 4160031659
64 432 36870 4160031659
64 433 36866 4160031659
64 434 36870 4160031659
64 435 36874 4160031659
64 436 36874 4160031659
64 437 36870 4160031659
64 438 36866 4160031659
64 439 36874 4160031659
64 440 36874 4160031659
64 441 36874 4160031659
64 442 36870 4160031659
64 443 36877 4160031659
64 444 36878 4160031659
64 445 36874 4160031659
64 446 36874 4160031659
64 447 36874 4160031659
64 448 36870 4160031659
64 449 36874 4160031659
64 450 36870 4160031659
64 451 36870 4160031659
64 452 36870 4160031659
64 453 36870 4160031659
64 454 36866 4160031659
64 455 36874 4160031659
64 456 36862 4160031659
64 457 36870 4160031659
64 458 36874 4160031659
64 459 36870 4160031659
64 460 36874 4160031659
64 461 36870 4160031659
64 462 36878 4160031659
64 463 36870 4160031659
64 464 36874 4160031659
64 465 36874 4160031659
64 466 36870 4160031659
64 467 36874 4160031659
64 468 36870 4160031659
64 469 36870 4160031659
64 470 36874 4160031659
64 471 36866 4160031659
64 472 36878 4160031659
64 473 36870 4160031659
64 474 36874 4160031659
64 475 36870 4160031659
64 476 36866 4160031659
64 477 36866 4160031659
64 478 36866 4160031659
64 479 36866 4160031659
64 480 36874 4160031659
64 481 36878 4160031659
64 482 36874 4160031659
64 483 36874 4160031659
64 484 36874 4160031659
64 485 36878 4160031659
64 486 36874 4160031659
64 487 36874 4160031659
64 488 36874 4160031659
64 489 36875 4160031659
64 490 36878 4160031659
64 491 36870 4160031659
64 492 36870 4160031659
64 493 36874 4160031659
64 494 36866 4160031659
64 495 36874 4160031659
64 496 36870 4160031659
64 497 36870 4160031659
64 498 36870 4160031659
64 499 36870 4160031659
64 500 36870 4160031659
64 501 36870 4160031659
64 502 36866 4160031659
64 503 36874 4160031659
64 504 36878 4160031659
64 505 36874 4160031659
64 506 36870 4160031659
64 507 36874 4160031659
64 508 36878 4160031659
64 509 36874 4160031659
64 510 36874 4160031659
64 511 36870 4160031659
64 512 36874 4160031659
64 513 36870 4160031659
64 514 36870 4160031659
64 515 36870 4160031659
64 516 36874 4160031659
64 517 36870 4160031659
64 518 36870 4160031659
64 519 36870 4160031659
64 520 36870 4160031659
64 521 36871 4160031659
64 522 36874 4160031659
64 523 36870 4160031659
64 524 36874 4160031659
64 525 36866 4160031659
64 526 36874 4160031659
64 527 36874 4160031659
64 528 36874 4160031659
64 529 36870 4160031659
64 530 36870 4160031659
64 531 36878 4160031659
64 532 36874 4160031659
64 533 36874 4160031659
64 534 36874 4160031659
64 535 36870 4160031659
64 536 36878 4160031659
64 537 36869 4160031659
64 538 36874 4160031659
64 539 36870 4160031659
64 540 36874 4160031659
64 541 36867 4160031659
64 542 36870 4160031659
64 543 36866 4160031659
64 544 36870 4160031659
64 545 36874 4160031659
64 546 36870 4160031659
64 547 36874 4160031659
64 548 36870 4160031659
64 549 36873 4160031659
64 550 36874 4160031659
64 551 36874 4160031659
64 552 36874 4160031659
64 553 36870 4160031659
64 554 36874 4160031659
64 555 36878 4160031659
64 556 36874 4160031659
64 557 36870 4160031659
64 558 36870 4160031659
64 559 36870 4160031659
64 560 36870 4160031659
64 561 36874 4160031659
64 562 36870 4160031659
64 563 36866 4160031659
64 564 36866 4160031659
64 565 36870 4160031659
64 566 36870 4160031659
64 567 36874 4160031659
64 568 36878 4160031659
64 569 36870 4160031659
64 570 36874 4160031659
64 571 36874 4160031659
64 572 36878 4160031659
64 573 36870 4160031659
64 574 36876 4160031659
64 575 36874 4160031659
64 576 36874 4160031659
64 577 36874 4160031659
64 578 36878 4160031659
64 579 36870 4160031659
64 580 36874 4160031659
64 581 36870 4160031659
64 582 36874 4160031659
64 583 36870 4160031659
64 584 36870 4160031659
64 585 36874 4160031659
64 586 36870 4160031659
64 587 36870 4160031659
64 588 36874 4160031659
64 589 36871 4160031659
64 590 36874 4160031659
64 591 36878 4160031659
64 592 36874 4160031659
64 593 36874 4160031659
64 594 36866 4160031659
64 595 36878 4160031659
64 596 36874 4160031659
64 597 36874 4160031659
64 598 36875 4160031659
64 599 36870 4160031659
64 600 36878 4160031659
64 601 36870 4160031659
64 602 36874 4160031659
64 603 36866 4160031659
64 604 36870 4160031659
64 605 36870 4160031659
64 606 36874 4160031659
64 607 36870 4160031659
64 608 36874 4160031659
64 609 36870 4160031659
64 610 36874 4160031659
64 611 36874 4160031659
64 612 36874 4160031659
64 613 36870 4160031659
64 614 36878 4160031659
64 615 36870 4160031659
64 616 36874 4160031659
64 617 36870 4160031659
64 618 36874 4160031659
64 619 36878 4160031659
64 620 36870 4160031659
64 621 36874 4160031659
64 622 36874 4160031659
64 623 36874 4160031659
64 624 36874 4160031659
64 625 36870 4160031659
64 626 36870 4160031659
64 627 36878 4160031659
64 628 36875 4160031659
64 629 36870 4160031659
64 630 36874 4160031659
64 631 36874 4160031659
64 632 36870 4160031659
64 633 36874 4160031659
64 634 36870 4160031659
64 635 36874 4160031659
64 636 36870 4160031659
64 637 36878 4160031659
64 638 36870 4160031659
64 639 36874 4160031659
64 640 36870 4160031659
64 641 36870 4160031659
64 642 36878 4160031659
64 643 36874 4160031659
64 644 36870 4160031659
64 645 36870 4160031659
64 646 36874 4160031659
64 647 36874 4160031659
64 648 36870 4160031659
64 649 36866 4160031659
64 650 36874 4160031659
64 651 36932 4160031659
64 652 36870 4160031659
64 653 36870 4160031659
64 654 36874 4160031659
64 655 36874 4160031659
64 656 36870 4160031659
64 657 36870 4160031659
64 658 36874 4160031659
64 659 36874 4160031659
64 660 36876 4160031659
64 661 36870 4160031659
64 662 36874 4160031659
64 663 36870 4160031659
64 664 36874 4160031659
64 665 36878 4160031659
64 666 36870 4160031659
64 667 36866 4160031659
64 668 36874 4160031659
64 669 36874 4160031659
64 670 36874 4160031659
64 671 36870 4160031659
64 672 36870 4160031659
64 673 36874 4160031659
64 674 36870 4160031659
64 675 36874 4160031659
64 676 36874 4160031659
64 677 36874 4160031659
64 678 36874 4160031659
64 679 36870 4160031659
64 680 36874 4160031659
64 681 36874 4160031659
64 682 36870 4160031659
64 683 36874 4160031659
64 684 36873 4160031659
64 685 36870 4160031659
64 686 36874 4160031659
64 687 36874 4160031659
64 688 36870 4160031659
64 689 36870 4160031659
64 690 36874 4160031659
64 691 36874 4160031659
64 692 36870 4160031659
64 693 36866 4160031659
64 694 36874 4160031659
64 695 36870 4160031659
64 696 36866 4160031659
64 697 36874 4160031659
64 698 36877 4160031659
64 699 36874 4160031659
64 700 36874 4160031659
64 701 36874 4160031659
64 702 36874 4160031659
64 703 36874 4160031659
64 704 36874 4160031659
64 705 36874 4160031659
64 706 36878 4160031659
64 707 36870 4160031659
64 708 36874 4160031659
64 709 36866 4160031659
64 710 36874 4160031659
64 711 36873 4160031659
64 712 36870 4160031659
64 713 36870 4160031659
64 714 36870 4160031659
64 715 36874 4160031659
64 716 36866 4160031659
64 717 36869 4160031659
64 718 36874 4160031659
64 719 36870 4160031659
64 720 36870 4160031659
64 721 36874 4160031659
64 722 36874 4160031659
64 723 36870 4160031659
64 724 36878 4160031659
64 725 36874 4160031659
64 726 36874 4160031659
64 727 36875 4160031659
64 728 36874 4160031659
64 729 36874 4160031659
64 730 36870 4160031659
64 731 36874 4160031659
64 732 36870 4160031659
64 733 36874 4160031659
64 734 36870 4160031659
64 735 36870 4160031659
64 736 36870 4160031659
64 737 36873 4160031659
64 738 36878 4160031659
64 739 36870 4160031659
64 740 36862 4160031659
64 741 36874 4160031659
64 742 36870 4160031659
64 743 36878 4160031659
64 744 36870 4160031659
64 745 36874 4160031659
64 746 36874 4160031659
64 747 36878 4160031659
64 748 36877 4160031659
64 749 36874 4160031659
64 750 36874 4160031659
64 751 36874 4160031659
64 752 36878 4160031659
64 753 36874 4160031659
64 754 36874 4160031659
64 755 36866 4160031659
64 756 36874 4160031659
64 757 36874 4160031659
64 758 36866 4160031659
64 759 36870 4160031659
64 760 36866 4160031659
64 761 36874 4160031659
64 762 36870 4160031659
64 763 36866 4160031659
64 764 36874 4160031659
64 765 36878 4160031659
64 766 36874 4160031659
64 767 36870 4160031659
64 768 36876 4160031659
64 769 36874 4160031659
64 770 36874 4160031659
64 771 36874 4160031659
64 772 36870 4160031659
64 773 36870 4160031659
64 774 36870 4160031659
64 775 36874 4160031659
64 776 36866 4160031659
64 777 36870 4160031659
64 778 36870 4160031659
64 779 36870 4160031659
64 780 36925 4160031659
64 781 36866 4160031659
64 782 36870 4160031659
64 783 36866 4160031659
64 784 36874 4160031659
64 785 36874 4160031659
64 786 36870 4160031659
64 787 36874 4160031659
64 788 36874 4160031659
64 789 36874 4160031659
64 790 36870 4160031659
64 791 36874 4160031659
64 792 36874 4160031659
64 793 36870 4160031659
64 794 36874 4160031659
64 795 36870 4160031659
64 796 36870 4160031659
64 797 36874 4160031659
64 798 36874 4160031659
64 799 36865 4160031659
64 800 36870 4160031659
64 801 36870 4160031659
64 802 36874 4160031659
64 803 36870 4160031659
64 804 36866 4160031659
64 805 36876 4160031659
64 806 36862 4160031659
64 807 36878 4160031659
64 808 36874 4160031659
64 809 36874 4160031659
64 810 36870 4160031659
64 811 36874 4160031659
64 812 36874 4160031659
64 813 36874 4160031659
64 814 36874 4160031659
64 815 36874 4160031659
64 816 36874 4160031659
64 817 36874 4160031659
64 818 36870 4160031659
64 819 36874 4160031659
64 820 36870 4160031659
64 821 36870 4160031659
64 822 36866 4160031659
64 823 36873 4160031659
64 824 36868 4160031659
64 825 36874 4160031659
64 826 36870 4160031659
64 827 36870 4160031659
64 828 36874 4160031659
64 829 36866 4160031659
64 830 36878 4160031659
64 831 36874 4160031659
64 832 36874 4160031659
64 833 36870 4160031659
64 834 36878 4160031659
64 835 36874 4160031659
64 836 36870 4160031659
64 837 36874 4160031659
64 838 36874 4160031659
64 839 36874 4160031659
64 840 36870 4160031659
64 841 36874 4160031659
64 842 36870 4160031659
64 843 36874 4160031659
64 844 36870 4160031659
64 845 36870 4160031659
64 846 36870 4160031659
64 847 36874 4160031659
64 848 36874 4160031659
64 849 36874 4160031659
64 850 36870 4160031659
64 851 36874 4160031659
64 852 36877 4160031659
64 853 36874 4160031659
64 854 36870 4160031659
64 855 36870 4160031659
64 856 36875 4160031659
64 857 36878 4160031659
64 858 36874 4160031659
64 859 36874 4160031659
64 860 36870 4160031659
64 861 36870 4160031659
64 862 36870 4160031659
64 863 36870 4160031659
64 864 36870 4160031659
64 865 36870 4160031659
64 866 36874 4160031659
64 867 36873 4160031659
64 868 36874 4160031659
64 869 36875 4160031659
64 870 36870 4160031659
64 871 36874 4160031659
64 872 36866 4160031659
64 873 36874 4160031659
64 874 36870 4160031659
64 875 36878 4160031659
64 876 36870 4160031659
64 877 36875 4160031659
64 878 36870 4160031659
64 879 36874 4160031659
64 880 36878 4160031659
64 881 36874 4160031659
64 882 36870 4160031659
64 883 36870 4160031659
64 884 36870 4160031659
64 885 36874 4160031659
64 886 36874 4160031659
64 887 36862 4160031659
64 888 36870 4160031659
64 889 36874 4160031659
64 890 36874 4160031659
64 891 36870 4160031659
64 892 36866 4160031659
64 893 36874 4160031659
64 894 36878 4160031659
64 895 36874 4160031659
64 896 36870 4160031659
64 897 36870 4160031659
64 898 36874 4160031659
64 899 36870 4160031659
64 900 36875 4160031659
64 901 36874 4160031659
64 902 36874 4160031659
64 903 36874 4160031659
64 904 36870 4160031659
64 905 36874 4160031659
64 906 36866 4160031659
64 907 36874 4160031659
64 908 36874 4160031659
64 909 36866 4160031659
64 910 36870 4160031659
64 911 36866 4160031659
64 912 36874 4160031659
64 913 36870 4160031659
64 914 36870 4160031659
64 915 36870 4160031659
64 916 36870 4160031659
64 917 36878 4160031659
64 918 36870 4160031659
64 919 36874 4160031659
64 920 36874 4160031659
64 921 36878 4160031659
64 922 36870 4160031659
64 923 36874 4160031659
64 924 36870 4160031659
64 925 36874 4160031659
64 926 36874 4160031659
64 927 36870 4160031659
64 928 36870 4160031659
64 929 36874 4160031659
64 930 36874 4160031659
64 931 36874 4160031659
64 932 36866 4160031659
64 933 36870 4160031659
64 934 36870 4160031659
64 935 36870 4160031659
64 936 36870 4160031659
64 937 36870 4160031659
64 938 36870 4160031659
64 939 36870 4160031659
64 940 36874 4160031659
64 941 36874 4160031659
64 942 36870 4160031659
64 943 36870 4160031659
64 944 36874 4160031659
64 945 36870 4160031659
64 946 36870 4160031659
64 947 36884 4160031659
64 948 36866 4160031659
64 949 36870 4160031659
64 950 36874 4160031659
64 951 36874 4160031659
64 952 36870 4160031659
64 953 36870 4160031659
64 954 36866 4160031659
64 955 36866 4160031659
64 956 36874 4160031659
64 957 36874 4160031659
64 958 36874 4160031659
64 959 36874 4160031659
64 960 36874 4160031659
64 961 36874 4160031659
64 962 36870 4160031659
64 963 36878 4160031659
64 964 36874 4160031659
64 965 36874 4160031659
64 966 36874 4160031659
64 967 36874 4160031659
64 968 36870 4160031659
64 969 36870 4160031659
64 970 36874 4160031659
64 971 36866 4160031659
64 972 36878 4160031659
64 973 36870 4160031659
64 974 36870 4160031659
64 975 36874 4160031659
64 976 36870 4160031659
64 977 36870 4160031659
64 978 36870 4160031659
64 979 36874 4160031659
64 980 36874 4160031659
64 981 36878 4160031659
64 982 36873 4160031659
64 983 36866 4160031659
64 984 36874 4160031659
64 985 36874 4160031659
64 986 36874 4160031659
64 987 36874 4160031659
64 988 36870 4160031659
64 989 36870 4160031659
64 990 36870 4160031659
64 991 36870 4160031659
64 992 36870 4160031659
64 993 36874 4160031659
64 994 36866 4160031659
64 995 36878 4160031659
64 996 36874 4160031659
64 997 36874 4160031659
64 998 36870 4160031659
64 999 36874 4160031659
