8 0 1017 2781
8 1 663 2781
8 2 636 2781
8 3 636 2781
8 4 636 2781
8 5 636 2781
8 6 636 2781
8 7 636 2781
8 8 636 2781
8 9 636 2781
8 10 636 2781
8 11 636 2781
8 12 636 2781
8 13 636 2781
8 14 636 2781
8 15 636 2781
8 16 636 2781
8 17 636 2781
8 18 636 2781
8 19 636 2781
8 20 636 2781
8 21 636 2781
8 22 636 2781
8 23 636 2781
8 24 636 2781
8 25 636 2781
8 26 636 2781
8 27 636 2781
8 28 636 2781
8 29 636 2781
8 30 636 2781
8 31 636 2781
8 32 636 2781
8 33 636 2781
8 34 636 2781
8 35 636 2781
8 36 636 2781
8 37 636 2781
8 38 636 2781
8 39 636 2781
8 40 636 2781
8 41 636 2781
8 42 636 2781
8 43 636 2781
8 44 636 2781
8 45 636 2781
8 46 636 2781
8 47 636 2781
8 48 636 2781
8 49 636 2781
8 50 636 2781
8 51 636 2781
8 52 636 2781
8 53 636 2781
8 54 636 2781
8 55 636 2781
8 56 636 2781
8 57 636 2781
8 58 636 2781
8 59 636 2781
8 60 636 2781
8 61 636 2781
8 62 636 2781
8 63 636 2781
8 64 636 2781
8 65 636 2781
8 66 636 2781
8 67 636 2781
8 68 636 2781
8 69 636 2781
8 70 636 2781
8 71 636 2781
8 72 636 2781
8 73 636 2781
8 74 636 2781
8 75 636 2781
8 76 636 2781
8 77 636 2781
8 78 636 2781
8 79 636 2781
8 80 636 2781
8 81 636 2781
8 82 636 2781
8 83 636 2781
8 84 636 2781
8 85 636 2781
8 86 636 2781
8 87 636 2781
8 88 636 2781
8 89 636 2781
8 90 636 2781
8 91 636 2781
8 92 636 2781
8 93 636 2781
8 94 636 2781
8 95 636 2781
8 96 636 2781
8 97 636 2781
8 98 636 2781
8 99 636 2781
8 100 636 2781
8 101 636 2781
8 102 636 2781
8 103 636 2781
8 104 683 2776
8 105 636 2781
8 106 636 2781
8 107 636 2781
8 108 636 2781
8 109 636 2781
8 110 636 2781
8 111 636 2781
8 112 636 2781
8 113 636 2781
8 114 636 2781
8 115 636 2781
8 116 636 2781
8 117 636 2781
8 118 664 2776
8 119 636 2781
8 120 636 2781
8 121 636 2781
8 122 636 2781
8 123 636 2781
8 124 636 2781
8 125 652 2776
8 126 636 2781
8 127 636 2781
8 128 636 2781
8 129 636 2781
8 130 636 2781
8 131 636 2781
8 132 636 2781
8 133 636 2781
8 134 636 2781
8 135 636 2781
8 136 636 2781
8 137 636 2781
8 138 636 2781
8 139 636 2781
8 140 636 2781
8 141 636 2781
8 142 636 2781
8 143 636 2781
8 144 636 2781
8 145 636 2781
8 146 636 2781
8 147 636 2781
8 148 636 2781
8 149 636 2781
8 150 636 2781
8 151 636 2781
8 152 636 2781
8 153 636 2781
8 154 636 2776
8 155 636 2781
8 156 636 2781
8 157 636 2781
8 158 636 2781
8 159 636 2781
8 160 636 2781
8 161 636 2781
8 162 636 2781
8 163 636 2781
8 164 636 2781
8 165 636 2781
8 166 636 2781
8 167 636 2776
8 168 636 2781
8 169 636 2781
8 170 636 2781
8 171 636 2781
8 172 636 2781
8 173 636 2781
8 174 636 2781
8 175 636 2781
8 176 636 2781
8 177 636 2781
8 178 636 2781
8 179 636 2781
8 180 636 2781
8 181 636 2781
8 182 636 2781
8 183 636 2781
8 184 636 2781
8 185 636 2781
8 186 636 2781
8 187 636 2781
8 188 636 2781
8 189 636 2781
8 190 636 2781
8 191 636 2781
8 192 636 2781
8 193 636 2781
8 194 636 2781
8 195 636 2781
8 196 636 2781
8 197 636 2781
8 198 636 2776
8 199 636 2781
8 200 636 2781
8 201 636 2781
8 202 636 2781
8 203 636 2781
8 204 636 2781
8 205 636 2781
8 206 636 2781
8 207 636 2781
8 208 636 2781
8 209 636 2781
8 210 636 2781
8 211 636 2781
8 212 636 2781
8 213 636 2781
8 214 636 2781
8 215 636 2781
8 216 636 2781
8 217 636 2781
8 218 636 2781
8 219 636 2781
8 220 636 2781
8 221 636 2781
8 222 636 2781
8 223 636 2781
8 224 636 2781
8 225 636 2781
8 226 636 2781
8 227 636 2781
8 228 636 2781
8 229 636 2781
8 230 636 2781
8 231 636 2781
8 232 636 2781
8 233 636 2781
8 234 636 2781
8 235 636 2781
8 236 636 2781
8 237 636 2781
8 238 636 2781
8 239 636 2781
8 240 636 2781
8 241 636 2781
8 242 636 2781
8 243 636 2781
8 244 636 2781
8 245 636 2781
8 246 636 2781
8 247 636 2781
8 248 636 2781
8 249 636 2781
8 250 636 2781
8 251 636 2781
8 252 636 2781
8 253 636 2781
8 254 636 2781
8 255 636 2781
8 256 636 2781
8 257 636 2781
8 258 636 2781
8 259 636 2781
8 260 636 2781
8 261 636 2781
8 262 636 2781
8 263 636 2781
8 264 636 2781
8 265 636 2781
8 266 636 2781
8 267 636 2781
8 268 636 2781
8 269 636 2781
8 270 636 2781
8 271 636 2781
8 272 636 2781
8 273 636 2781
8 274 636 2781
8 275 636 2781
8 276 636 2781
8 277 636 2781
8 278 636 2781
8 279 636 2781
8 280 636 2781
8 281 636 2781
8 282 636 2781
8 283 636 2781
8 284 636 2781
8 285 636 2781
8 286 636 2781
8 287 636 2781
8 288 636 2781
8 289 636 2781
8 290 636 2781
8 291 636 2781
8 292 636 2781
8 293 636 2781
8 294 636 2781
8 295 636 2781
8 296 636 2781
8 297 636 2781
8 298 636 2781
8 299 636 2781
8 300 636 2781
8 301 636 2781
8 302 636 2781
8 303 636 2781
8 304 636 2781
8 305 636 2781
8 306 636 2781
8 307 636 2781
8 308 636 2781
8 309 636 2781
8 310 636 2781
8 311 636 2781
8 312 636 2781
8 313 636 2781
8 314 636 2781
8 315 636 2781
8 316 636 2781
8 317 636 2781
8 318 636 2781
8 319 636 2781
8 320 636 2781
8 321 636 2781
8 322 636 2781
8 323 636 2781
8 324 636 2781
8 325 636 2781
8 326 636 2781
8 327 636 2781
8 328 636 2781
8 329 636 2781
8 330 636 2781
8 331 636 2781
8 332 636 2781
8 333 636 2781
8 334 636 2776
8 335 636 2781
8 336 636 2781
8 337 636 2781
8 338 636 2781
8 339 636 2781
8 340 636 2781
8 341 636 2781
8 342 636 2781
8 343 636 2781
8 344 636 2781
8 345 636 2781
8 346 636 2781
8 347 636 2781
8 348 636 2781
8 349 636 2781
8 350 636 2781
8 351 636 2781
8 352 636 2781
8 353 636 2781
8 354 636 2781
8 355 636 2781
8 356 636 2781
8 357 636 2781
8 358 636 2781
8 359 636 2781
8 360 636 2781
8 361 636 2781
8 362 636 2781
8 363 636 2781
8 364 636 2781
8 365 636 2781
8 366 636 2781
8 367 636 2781
8 368 636 2781
8 369 636 2781
8 370 636 2781
8 371 636 2781
8 372 636 2781
8 373 636 2781
8 374 636 2781
8 375 636 2781
8 376 636 2781
8 377 636 2781
8 378 636 2781
8 379 636 2781
8 380 636 2781
8 381 636 2781
8 382 636 2781
8 383 636 2781
8 384 636 2781
8 385 636 2781
8 386 636 2781
8 387 636 2781
8 388 636 2781
8 389 636 2781
8 390 636 2781
8 391 636 2781
8 392 636 2781
8 393 636 2781
8 394 636 2781
8 395 636 2781
8 396 636 2781
8 397 636 2781
8 398 636 2781
8 399 636 2781
8 400 636 2781
8 401 636 2781
8 402 636 2781
8 403 636 2781
8 404 636 2781
8 405 636 2781
8 406 636 2781
8 407 636 2781
8 408 636 2781
8 409 636 2781
8 410 636 2781
8 411 636 2781
8 412 636 2781
8 413 636 2781
8 414 636 2781
8 415 636 2781
8 416 636 2781
8 417 636 2781
8 418 636 2781
8 419 636 2781
8 420 636 2781
8 421 636 2781
8 422 636 2781
8 423 636 2781
8 424 636 2781
8 425 636 2781
8 426 636 2781
8 427 636 2781
8 428 636 2781
8 429 636 2781
8 430 636 2781
8 431 636 2781
8 432 636 2781
8 433 636 2781
8 434 636 2781
8 435 636 2781
8 436 636 2781
8 437 636 2781
8 438 636 2781
8 439 636 2781
8 440 636 2781
8 441 636 2781
8 442 636 2781
8 443 636 2781
8 444 636 2781
8 445 636 2781
8 446 636 2781
8 447 636 2781
8 448 636 2781
8 449 636 2781
8 450 636 2781
8 451 636 2781
8 452 636 2781
8 453 636 2781
8 454 636 2781
8 455 636 2781
8 456 636 2781
8 457 636 2781
8 458 636 2781
8 459 636 2781
8 460 636 2781
8 461 636 2776
8 462 636 2781
8 463 636 2781
8 464 636 2781
8 465 636 2781
8 466 636 2781
8 467 636 2781
8 468 636 2781
8 469 636 2781
8 470 636 2781
8 471 636 2781
8 472 636 2781
8 473 636 2781
8 474 636 2781
8 475 636 2781
8 476 636 2781
8 477 636 2781
8 478 636 2781
8 479 636 2781
8 480 636 2781
8 481 636 2781
8 482 636 2781
8 483 636 2781
8 484 636 2781
8 485 636 2781
8 486 636 2781
8 487 636 2781
8 488 636 2781
8 489 636 2781
8 490 636 2781
8 491 636 2781
8 492 636 2781
8 493 636 2781
8 494 636 2781
8 495 636 2781
8 496 636 2781
8 497 636 2781
8 498 636 2781
8 499 636 2781
8 500 636 2781
8 501 636 2781
8 502 636 2781
8 503 636 2781
8 504 636 2781
8 505 636 2781
8 506 636 2781
8 507 636 2781
8 508 636 2781
8 509 636 2781
8 510 636 2781
8 511 636 2781
8 512 636 2781
8 513 636 2781
8 514 636 2781
8 515 636 2781
8 516 636 2781
8 517 636 2781
8 518 636 2781
8 519 636 2781
8 520 636 2781
8 521 636 2781
8 522 636 2781
8 523 636 2781
8 524 636 2781
8 525 636 2781
8 526 636 2781
8 527 636 2781
8 528 636 2781
8 529 636 2781
8 530 636 2781
8 531 636 2781
8 532 636 2781
8 533 636 2781
8 534 636 2781
8 535 636 2781
8 536 636 2781
8 537 636 2781
8 538 636 2781
8 539 636 2781
8 540 636 2781
8 541 636 2781
8 542 636 2781
8 543 636 2781
8 544 636 2781
8 545 636 2781
8 546 636 2781
8 547 636 2781
8 548 636 2781
8 549 636 2781
8 550 636 2781
8 551 636 2781
8 552 636 2781
8 553 636 2781
8 554 636 2781
8 555 636 2781
8 556 636 2781
8 557 636 2781
8 558 636 2781
8 559 636 2781
8 560 636 2781
8 561 636 2781
8 562 636 2781
8 563 636 2781
8 564 636 2781
8 565 636 2781
8 566 636 2781
8 567 636 2781
8 568 636 2781
8 569 636 2781
8 570 636 2781
8 571 636 2781
8 572 636 2781
8 573 636 2781
8 574 636 2781
8 575 636 2781
8 576 636 2781
8 577 636 2781
8 578 636 2781
8 579 636 2781
8 580 636 2781
8 581 636 2781
8 582 636 2781
8 583 636 2781
8 584 636 2781
8 585 636 2781
8 586 636 2781
8 587 636 2781
8 588 636 2781
8 589 636 2781
8 590 636 2781
8 591 636 2781
8 592 636 2781
8 593 636 2781
8 594 636 2781
8 595 636 2781
8 596 636 2781
8 597 636 2781
8 598 636 2781
8 599 636 2781
8 600 636 2781
8 601 636 2781
8 602 636 2781
8 603 636 2781
8 604 636 2781
8 605 636 2781
8 606 636 2781
8 607 636 2781
8 608 636 2781
8 609 636 2781
8 610 636 2781
8 611 636 2781
8 612 636 2781
8 613 636 2781
8 614 636 2781
8 615 636 2781
8 616 636 2781
8 617 636 2781
8 618 636 2781
8 619 636 2781
8 620 636 2781
8 621 636 2781
8 622 636 2781
8 623 636 2781
8 624 636 2781
8 625 636 2781
8 626 636 2781
8 627 636 2781
8 628 636 2781
8 629 636 2781
8 630 636 2781
8 631 636 2781
8 632 636 2781
8 633 636 2781
8 634 636 2781
8 635 636 2781
8 636 636 2781
8 637 636 2781
8 638 636 2781
8 639 636 2781
8 640 636 2781
8 641 636 2781
8 642 636 2781
8 643 636 2781
8 644 636 2781
8 645 636 2781
8 646 636 2781
8 647 636 2781
8 648 636 2781
8 649 636 2781
8 650 636 2781
8 651 636 2781
8 652 636 2781
8 653 636 2776
8 654 636 2781
8 655 636 2781
8 656 636 2781
8 657 636 2781
8 658 636 2781
8 659 636 2781
8 660 636 2781
8 661 636 2781
8 662 636 2781
8 663 636 2781
8 664 636 2781
8 665 636 2781
8 666 636 2781
8 667 636 2781
8 668 636 2781
8 669 636 2781
8 670 636 2781
8 671 636 2781
8 672 636 2781
8 673 636 2781
8 674 636 2781
8 675 636 2781
8 676 636 2781
8 677 636 2781
8 678 636 2781
8 679 636 2781
8 680 636 2781
8 681 636 2781
8 682 636 2781
8 683 636 2781
8 684 636 2781
8 685 636 2781
8 686 636 2781
8 687 636 2781
8 688 636 2781
8 689 636 2781
8 690 636 2781
8 691 636 2781
8 692 636 2781
8 693 636 2781
8 694 636 2781
8 695 636 2781
8 696 636 2781
8 697 636 2781
8 698 636 2781
8 699 636 2781
8 700 636 2781
8 701 636 2781
8 702 636 2781
8 703 636 2781
8 704 636 2781
8 705 636 2781
8 706 636 2781
8 707 636 2781
8 708 636 2781
8 709 636 2781
8 710 636 2781
8 711 636 2781
8 712 636 2781
8 713 636 2781
8 714 636 2781
8 715 636 2781
8 716 636 2781
8 717 636 2781
8 718 636 2781
8 719 636 2781
8 720 636 2781
8 721 636 2776
8 722 636 2781
8 723 636 2781
8 724 636 2781
8 725 636 2781
8 726 636 2781
8 727 636 2781
8 728 636 2781
8 729 636 2781
8 730 636 2781
8 731 636 2781
8 732 636 2781
8 733 636 2781
8 734 636 2781
8 735 636 2781
8 736 636 2781
8 737 636 2781
8 738 636 2781
8 739 636 2781
8 740 636 2781
8 741 636 2781
8 742 636 2781
8 743 636 2781
8 744 636 2781
8 745 636 2781
8 746 636 2781
8 747 636 2781
8 748 636 2781
8 749 636 2781
8 750 636 2781
8 751 636 2781
8 752 636 2781
8 753 636 2781
8 754 636 2781
8 755 636 2781
8 756 636 2776
8 757 636 2781
8 758 636 2781
8 759 636 2781
8 760 636 2781
8 761 636 2781
8 762 636 2781
8 763 636 2781
8 764 636 2781
8 765 636 2781
8 766 636 2781
8 767 636 2781
8 768 636 2781
8 769 636 2781
8 770 636 2781
8 771 636 2781
8 772 636 2781
8 773 636 2781
8 774 636 2781
8 775 636 2781
8 776 636 2781
8 777 636 2781
8 778 636 2781
8 779 636 2781
8 780 636 2781
8 781 636 2781
8 782 636 2781
8 783 636 2781
8 784 636 2781
8 785 636 2781
8 786 636 2781
8 787 636 2781
8 788 636 2781
8 789 636 2781
8 790 636 2781
8 791 636 2781
8 792 636 2781
8 793 636 2781
8 794 636 2781
8 795 636 2781
8 796 636 2781
8 797 636 2781
8 798 636 2781
8 799 636 2781
8 800 636 2781
8 801 636 2781
8 802 636 2781
8 803 636 2781
8 804 636 2781
8 805 636 2781
8 806 636 2781
8 807 636 2781
8 808 636 2781
8 809 636 2781
8 810 636 2781
8 811 636 2781
8 812 636 2776
8 813 636 2781
8 814 636 2781
8 815 636 2781
8 816 636 2781
8 817 636 2781
8 818 636 2781
8 819 636 2781
8 820 636 2781
8 821 636 2781
8 822 636 2781
8 823 636 2781
8 824 636 2781
8 825 636 2781
8 826 636 2781
8 827 636 2781
8 828 636 2781
8 829 636 2781
8 830 636 2781
8 831 636 2781
8 832 636 2781
8 833 636 2781
8 834 636 2781
8 835 636 2781
8 836 636 2781
8 837 636 2781
8 838 636 2781
8 839 636 2776
8 840 636 2781
8 841 636 2781
8 842 636 2781
8 843 636 2781
8 844 636 2781
8 845 636 2781
8 846 636 2781
8 847 636 2781
8 848 636 2781
8 849 636 2781
8 850 636 2781
8 851 636 2781
8 852 636 2781
8 853 636 2781
8 854 636 2781
8 855 636 2781
8 856 636 2781
8 857 636 2781
8 858 636 2781
8 859 636 2781
8 860 636 2781
8 861 636 2781
8 862 636 2781
8 863 636 2781
8 864 636 2781
8 865 636 2781
8 866 636 2781
8 867 636 2781
8 868 636 2781
8 869 636 2781
8 870 636 2781
8 871 636 2781
8 872 636 2781
8 873 636 2781
8 874 636 2781
8 875 636 2781
8 876 636 2781
8 877 636 2781
8 878 636 2781
8 879 636 2781
8 880 636 2781
8 881 636 2781
8 882 636 2781
8 883 636 2781
8 884 636 2781
8 885 636 2781
8 886 636 2781
8 887 636 2781
8 888 636 2781
8 889 636 2781
8 890 636 2781
8 891 636 2781
8 892 636 2781
8 893 636 2781
8 894 636 2781
8 895 636 2781
8 896 636 2781
8 897 636 2781
8 898 636 2781
8 899 636 2781
8 900 636 2781
8 901 636 2781
8 902 636 2781
8 903 636 2781
8 904 636 2781
8 905 636 2781
8 906 636 2781
8 907 636 2781
8 908 636 2781
8 909 636 2781
8 910 636 2781
8 911 636 2781
8 912 636 2781
8 913 636 2781
8 914 636 2781
8 915 636 2781
8 916 636 2781
8 917 636 2781
8 918 636 2781
8 919 636 2781
8 920 636 2781
8 921 636 2781
8 922 636 2781
8 923 636 2781
8 924 636 2781
8 925 636 2781
8 926 636 2781
8 927 636 2781
8 928 636 2781
8 929 636 2781
8 930 636 2781
8 931 636 2781
8 932 636 2781
8 933 636 2781
8 934 636 2781
8 935 636 2781
8 936 636 2781
8 937 636 2781
8 938 636 2781
8 939 636 2781
8 940 636 2781
8 941 636 2781
8 942 636 2781
8 943 636 2781
8 944 636 2781
8 945 636 2781
8 946 636 2781
8 947 636 2781
8 948 636 2781
8 949 636 2781
8 950 636 2781
8 951 636 2781
8 952 636 2781
8 953 636 2781
8 954 636 2781
8 955 636 2781
8 956 636 2781
8 957 636 2781
8 958 636 2781
8 959 636 2781
8 960 636 2781
8 961 636 2781
8 962 636 2781
8 963 636 2781
8 964 636 2781
8 965 636 2781
8 966 636 2781
8 967 636 2781
8 968 636 2781
8 969 636 2781
8 970 636 2781
8 971 636 2781
8 972 636 2781
8 973 636 2781
8 974 636 2781
8 975 636 2781
8 976 636 2781
8 977 636 2781
8 978 636 2781
8 979 636 2781
8 980 636 2781
8 981 636 2781
8 982 636 2781
8 983 636 2781
8 984 636 2781
8 985 636 2781
8 986 636 2781
8 987 636 2781
8 988 636 2781
8 989 636 2781
8 990 636 2781
8 991 636 2781
8 992 636 2781
8 993 636 2781
8 994 636 2781
8 995 636 2781
8 996 636 2781
8 997 636 2781
8 998 636 2781
8 999 636 2781
