512 0 1574448 534842084
512 1 1574471 534842084
512 2 1574448 534842084
512 3 1574566 534842084
512 4 1574407 534842084
512 5 1574427 534842084
512 6 1574407 534842084
512 7 1574447 534842084
512 8 1574407 534842084
512 9 1574407 534842084
512 10 1574467 534842084
512 11 1574631 534842084
512 12 1574447 534842084
512 13 1574427 534842084
512 14 1574446 534842084
512 15 1574427 534842084
512 16 1574553 534842084
512 17 1574427 534842084
512 18 1574447 534842084
512 19 1574427 534842084
512 20 1574427 534842084
512 21 1574407 534842084
512 22 1574447 534842084
512 23 1574447 534842084
512 24 1574566 534842084
512 25 1574426 534842084
512 26 1574407 534842084
512 27 1574427 534842084
512 28 1574407 534842084
512 29 1574597 534842084
512 30 1574427 534842084
512 31 1574467 534842084
512 32 1574576 534842084
512 33 1574407 534842084
512 34 1574447 534842084
512 35 1574450 534842084
512 36 1574425 534842084
512 37 1574608 534842084
512 38 1574447 534842084
512 39 1574467 534842084
512 40 1574467 534842084
512 41 1574487 534842084
512 42 1574427 534842084
512 43 1574446 534842084
512 44 1574427 534842084
512 45 1574566 534842084
512 46 1574447 534842084
512 47 1574487 534842084
512 48 1574448 534842084
512 49 1574447 534842084
512 50 1574642 534842084
512 51 1574427 534842084
512 52 1574407 534842084
512 53 1574576 534842084
512 54 1574466 534842084
512 55 1574475 534842084
512 56 1574427 534842084
512 57 1574427 534842084
512 58 1574666 534842084
512 59 1574485 534842084
512 60 1574451 534842084
512 61 1574426 534842084
512 62 1574489 534842084
512 63 1574447 534842084
512 64 1574456 534842084
512 65 1574446 534842084
512 66 1574573 534842084
512 67 1574448 534842084
512 68 1574467 534842084
512 69 1574467 534842084
512 70 1574491 534842084
512 71 1574593 534842084
512 72 1574466 534842084
512 73 1574471 534842084
512 74 1574626 534842084
512 75 1574427 534842084
512 76 1574427 534842084
512 77 1574465 534842084
512 78 1574464 534842084
512 79 1574567 534842084
512 80 1574427 534842084
512 81 1574467 534842084
512 82 1574427 534842084
512 83 1574427 534842084
512 84 1574426 534842084
512 85 1574407 534842084
512 86 1574427 534842084
512 87 1574589 534842084
512 88 1574467 534842084
512 89 1574407 534842084
512 90 1574407 534842084
512 91 1574407 534842084
512 92 1574565 534842084
512 93 1574445 534842084
512 94 1574471 534842084
512 95 1574624 534842084
512 96 1574427 534842084
512 97 1574427 534842084
512 98 1574407 534842084
512 99 1574427 534842084
512 100 1574587 534842084
512 101 1574427 534842084
512 102 1574447 534842084
512 103 1574444 534842084
512 104 1574430 534842084
512 105 1574578 534842084
512 106 1574467 534842084
512 107 1574427 534842084
512 108 1574561 534842084
512 109 1574447 534842084
512 110 1574427 534842084
512 111 1574467 534842084
512 112 1574407 534842084
512 113 1574550 534842084
512 114 1574427 534842084
512 115 1574427 534842084
512 116 1574427 534842084
512 117 1574451 534842084
512 118 1574407 534842084
512 119 1574447 534842084
512 120 1574407 534842084
512 121 1574585 534842084
512 122 1574447 534842084
512 123 1574474 534842084
512 124 1574427 534842084
512 125 1574475 534842084
512 126 1574627 534842084
512 127 1574407 534842084
512 128 1574525 534842084
512 129 1574591 534842084
512 130 1574447 534842084
512 131 1574445 534842084
512 132 1574485 534842084
512 133 1574447 534842084
512 134 1574568 534842084
512 135 1574451 534842084
512 136 1574447 534842084
512 137 1574491 534842084
512 138 1574429 534842084
512 139 1574646 534842084
512 140 1574427 534842084
512 141 1574427 534842084
512 142 1574588 534842084
512 143 1574446 534842084
512 144 1574431 534842084
512 145 1574427 534842084
512 146 1574447 534842084
512 147 1574607 534842084
512 148 1574449 534842084
512 149 1574470 534842084
512 150 1574447 534842084
512 151 1574427 534842084
512 152 1574427 534842084
512 153 1574487 534842084
512 154 1574407 534842084
512 155 1574597 534842084
512 156 1574447 534842084
512 157 1574427 534842084
512 158 1574446 534842084
512 159 1574427 534842084
512 160 1574587 534842084
512 161 1574466 534842084
512 162 1574407 534842084
512 163 1574582 534842084
512 164 1574407 534842084
512 165 1574487 534842084
512 166 1574427 534842084
512 167 1574486 534842084
512 168 1574610 534842084
512 169 1574407 534842084
512 170 1574427 534842084
512 171 1574427 534842084
512 172 1574447 534842084
512 173 1574407 534842084
512 174 1574464 534842084
512 175 1574427 534842084
512 176 1574546 534842084
512 177 1574446 534842084
512 178 1574427 534842084
512 179 1574446 534842084
512 180 1574487 534842084
512 181 1574546 534842084
512 182 1574467 534842084
512 183 1574427 534842084
512 184 1574466 534842084
512 185 1574451 534842084
512 186 1574448 534842084
512 187 1574407 534842084
512 188 1574427 534842084
512 189 1574616 534842084
512 190 1574468 534842084
512 191 1574487 534842084
512 192 1574407 534842084
512 193 1574447 534842084
512 194 1574586 534842084
512 195 1574449 534842084
512 196 1574427 534842084
512 197 1574564 534842084
512 198 1574427 534842084
512 199 1574447 534842084
512 200 1574427 534842084
512 201 1574407 534842084
512 202 1574635 534842084
512 203 1574427 534842084
512 204 1574487 534842084
512 205 1574407 534842084
512 206 1574446 534842084
512 207 1574447 534842084
512 208 1574470 534842084
512 209 1574486 534842084
512 210 1574557 534842084
512 211 1574427 534842084
512 212 1574467 534842084
512 213 1574427 534842084
512 214 1574448 534842084
512 215 1574629 534842084
512 216 1574447 534842084
512 217 1574407 534842084
512 218 1574407 534842084
512 219 1574467 534842084
512 220 1574446 534842084
512 221 1574463 534842084
512 222 1574407 534842084
512 223 1574575 534842084
512 224 1574429 534842084
512 225 1574447 534842084
512 226 1574487 534842084
512 227 1574407 534842084
512 228 1574602 534842084
512 229 1574446 534842084
512 230 1574407 534842084
512 231 1574564 534842084
512 232 1574407 534842084
512 233 1574487 534842084
512 234 1574407 534842084
512 235 1574468 534842084
512 236 1574572 534842084
512 237 1574427 534842084
512 238 1574407 534842084
512 239 1574426 534842084
512 240 1574502 534842084
512 241 1574407 534842084
512 242 1574407 534842084
512 243 1574407 534842084
512 244 1574610 534842084
512 245 1574486 534842084
512 246 1574447 534842084
512 247 1574472 534842084
512 248 1574474 534842084
512 249 1574579 534842084
512 250 1574467 534842084
512 251 1574447 534842084
512 252 1574446 534842084
512 253 1574466 534842084
512 254 1574447 534842084
512 255 1574407 534842084
512 256 1574407 534842084
512 257 1574599 534842084
512 258 1574463 534842084
512 259 1574491 534842084
512 260 1574407 534842084
512 261 1574407 534842084
512 262 1574567 534842084
512 263 1574426 534842084
512 264 1574487 534842084
512 265 1574564 534842084
512 266 1574427 534842084
512 267 1574441 534842084
512 268 1574467 534842084
512 269 1574427 534842084
512 270 1574601 534842084
512 271 1574447 534842084
512 272 1574407 534842084
512 273 1574427 534842084
512 274 1574487 534842084
512 275 1574465 534842084
512 276 1574407 534842084
512 277 1574407 534842084
512 278 1574585 534842084
512 279 1574407 534842084
512 280 1574407 534842084
512 281 1574447 534842084
512 282 1574427 534842084
512 283 1574590 534842084
512 284 1574407 534842084
512 285 1574427 534842084
512 286 1574608 534842084
512 287 1574427 534842084
512 288 1574407 534842084
512 289 1574470 534842084
512 290 1574447 534842084
512 291 1574567 534842084
512 292 1574447 534842084
512 293 1574487 534842084
512 294 1574466 534842084
512 295 1574427 534842084
512 296 1574545 534842084
512 297 1574451 534842084
512 298 1574485 534842084
512 299 1574577 534842084
512 300 1574447 534842084
512 301 1574427 534842084
512 302 1574426 534842084
512 303 1574426 534842084
512 304 1574565 534842084
512 305 1574447 534842084
512 306 1574447 534842084
512 307 1574407 534842084
512 308 1574447 534842084
512 309 1574431 534842084
512 310 1574407 534842084
512 311 1574407 534842084
512 312 1574554 534842084
512 313 1574407 534842084
512 314 1574429 534842084
512 315 1574468 534842084
512 316 1574467 534842084
512 317 1574593 534842084
512 318 1574521 534842084
512 319 1574447 534842084
512 320 1574425 534842084
512 321 1574486 534842084
512 322 1574407 534842084
512 323 1574427 534842084
512 324 1574431 534842084
512 325 1574578 534842084
512 326 1574467 534842084
512 327 1574447 534842084
512 328 1574427 534842084
512 329 1574489 534842084
512 330 1574547 534842084
512 331 1574407 534842084
512 332 1574407 534842084
512 333 1574627 534842084
512 334 1574447 534842084
512 335 1574407 534842084
512 336 1574447 534842084
512 337 1574426 534842084
512 338 1574582 534842084
512 339 1574451 534842084
512 340 1574426 534842084
512 341 1574465 534842084
512 342 1574407 534842084
512 343 1574423 534842084
512 344 1574407 534842084
512 345 1574467 534842084
512 346 1574586 534842084
512 347 1574407 534842084
512 348 1574407 534842084
512 349 1574467 534842084
512 350 1574467 534842084
512 351 1574585 534842084
512 352 1574466 534842084
512 353 1574453 534842084
512 354 1574576 534842084
512 355 1574507 534842084
512 356 1574447 534842084
512 357 1574475 534842084
512 358 1574427 534842084
512 359 1574569 534842084
512 360 1574426 534842084
512 361 1574447 534842084
512 362 1574406 534842084
512 363 1574427 534842084
512 364 1574571 534842084
512 365 1574407 534842084
512 366 1574447 534842084
512 367 1574547 534842084
512 368 1574451 534842084
512 369 1574407 534842084
512 370 1574427 534842084
512 371 1574447 534842084
512 372 1574568 534842084
512 373 1574447 534842084
512 374 1574451 534842084
512 375 1574407 534842084
512 376 1574446 534842084
512 377 1574407 534842084
512 378 1574448 534842084
512 379 1574407 534842084
512 380 1574576 534842084
512 381 1574450 534842084
512 382 1574427 534842084
512 383 1574427 534842084
512 384 1574473 534842084
512 385 1574604 534842084
512 386 1574447 534842084
512 387 1574427 534842084
512 388 1574547 534842084
512 389 1574471 534842084
512 390 1574427 534842084
512 391 1574407 534842084
512 392 1574407 534842084
512 393 1574545 534842084
512 394 1574446 534842084
512 395 1574447 534842084
512 396 1574427 534842084
512 397 1574487 534842084
512 398 1574466 534842084
512 399 1574467 534842084
512 400 1574447 534842084
512 401 1574613 534842084
512 402 1574427 534842084
512 403 1574407 534842084
512 404 1574447 534842084
512 405 1574427 534842084
512 406 1574625 534842084
512 407 1574407 534842084
512 408 1574466 534842084
512 409 1574407 534842084
512 410 1574487 534842084
512 411 1574451 534842084
512 412 1574407 534842084
512 413 1574427 534842084
512 414 1574640 534842084
512 415 1574427 534842084
512 416 1574447 534842084
512 417 1574427 534842084
512 418 1574451 534842084
512 419 1574574 534842084
512 420 1574427 534842084
512 421 1574527 534842084
512 422 1574544 534842084
512 423 1574447 534842084
512 424 1574424 534842084
512 425 1574447 534842084
512 426 1574447 534842084
512 427 1574602 534842084
512 428 1574427 534842084
512 429 1574466 534842084
512 430 1574427 534842084
512 431 1574486 534842084
512 432 1574427 534842084
512 433 1574427 534842084
512 434 1574447 534842084
512 435 1574561 534842084
512 436 1574466 534842084
512 437 1574466 534842084
512 438 1574469 534842084
512 439 1574407 534842084
512 440 1574586 534842084
512 441 1574427 534842084
512 442 1574407 534842084
512 443 1574467 534842084
512 444 1574450 534842084
512 445 1574469 534842084
512 446 1574407 534842084
512 447 1574447 534842084
512 448 1574583 534842084
512 449 1574407 534842084
512 450 1574450 534842084
512 451 1574467 534842084
512 452 1574447 534842084
512 453 1574614 534842084
512 454 1574447 534842084
512 455 1574446 534842084
512 456 1574586 534842084
512 457 1574450 534842084
512 458 1574534 534842084
512 459 1574407 534842084
512 460 1574427 534842084
512 461 1574605 534842084
512 462 1574467 534842084
512 463 1574470 534842084
512 464 1574446 534842084
512 465 1574483 534842084
512 466 1574427 534842084
512 467 1574407 534842084
512 468 1574465 534842084
512 469 1574619 534842084
512 470 1574467 534842084
512 471 1574450 534842084
512 472 1574407 534842084
512 473 1574491 534842084
512 474 1574628 534842084
512 475 1574447 534842084
512 476 1574488 534842084
512 477 1574467 534842084
512 478 1574509 534842084
512 479 1574427 534842084
512 480 1574467 534842084
512 481 1574407 534842084
512 482 1574567 534842084
512 483 1574407 534842084
512 484 1574491 534842084
512 485 1574422 534842084
512 486 1574407 534842084
512 487 1574571 534842084
512 488 1574407 534842084
512 489 1574426 534842084
512 490 1574544 534842084
512 491 1574484 534842084
512 492 1574427 534842084
512 493 1574407 534842084
512 494 1574447 534842084
512 495 1574567 534842084
512 496 1574446 534842084
512 497 1574407 534842084
512 498 1574426 534842084
512 499 1574407 534842084
512 500 1574427 534842084
512 501 1574427 534842084
512 502 1574491 534842084
512 503 1574611 534842084
512 504 1574447 534842084
512 505 1574446 534842084
512 506 1574406 534842084
512 507 1574448 534842084
512 508 1574594 534842084
512 509 1574407 534842084
512 510 1574487 534842084
512 511 1574449 534842084
512 512 1574427 534842084
512 513 1574407 534842084
512 514 1574447 534842084
512 515 1574472 534842084
512 516 1574568 534842084
512 517 1574451 534842084
512 518 1574430 534842084
512 519 1574467 534842084
512 520 1574451 534842084
512 521 1574545 534842084
512 522 1574427 534842084
512 523 1574407 534842084
512 524 1574626 534842084
512 525 1574427 534842084
512 526 1574445 534842084
512 527 1574426 534842084
512 528 1574450 534842084
512 529 1574606 534842084
512 530 1574447 534842084
512 531 1574427 534842084
512 532 1574467 534842084
512 533 1574427 534842084
512 534 1574467 534842084
512 535 1574407 534842084
512 536 1574447 534842084
512 537 1574590 534842084
512 538 1574407 534842084
512 539 1574407 534842084
512 540 1574427 534842084
512 541 1574427 534842084
512 542 1574587 534842084
512 543 1574427 534842084
512 544 1574447 534842084
512 545 1574546 534842084
512 546 1574427 534842084
512 547 1574445 534842084
512 548 1574466 534842084
512 549 1574447 534842084
512 550 1574670 534842084
512 551 1574531 534842084
512 552 1574506 534842084
512 553 1574407 534842084
512 554 1574447 534842084
512 555 1574622 534842084
512 556 1574447 534842084
512 557 1574427 534842084
512 558 1574562 534842084
512 559 1574467 534842084
512 560 1574451 534842084
512 561 1574465 534842084
512 562 1574489 534842084
512 563 1574647 534842084
512 564 1574427 534842084
512 565 1574490 534842084
512 566 1574427 534842084
512 567 1574452 534842084
512 568 1574467 534842084
512 569 1574450 534842084
512 570 1574427 534842084
512 571 1574570 534842084
512 572 1574427 534842084
512 573 1574451 534842084
512 574 1574431 534842084
512 575 1574427 534842084
512 576 1574567 534842084
512 577 1574445 534842084
512 578 1574427 534842084
512 579 1574598 534842084
512 580 1574466 534842084
512 581 1574427 534842084
512 582 1574447 534842084
512 583 1574407 534842084
512 584 1574590 534842084
512 585 1574427 534842084
512 586 1574407 534842084
512 587 1574427 534842084
512 588 1574407 534842084
512 589 1574445 534842084
512 590 1574426 534842084
512 591 1574427 534842084
512 592 1574589 534842084
512 593 1574505 534842084
512 594 1574465 534842084
512 595 1574431 534842084
512 596 1574446 534842084
512 597 1574606 534842084
512 598 1574431 534842084
512 599 1574461 534842084
512 600 1574471 534842084
512 601 1574407 534842084
512 602 1574407 534842084
512 603 1574446 534842084
512 604 1574488 534842084
512 605 1574592 534842084
512 606 1574447 534842084
512 607 1574427 534842084
512 608 1574427 534842084
512 609 1574466 534842084
512 610 1574594 534842084
512 611 1574424 534842084
512 612 1574427 534842084
512 613 1574575 534842084
512 614 1574467 534842084
512 615 1574427 534842084
512 616 1574451 534842084
512 617 1574426 534842084
512 618 1574599 534842084
512 619 1574426 534842084
512 620 1574407 534842084
512 621 1574427 534842084
512 622 1574493 534842084
512 623 1574427 534842084
512 624 1574407 534842084
512 625 1574426 534842084
512 626 1574595 534842084
512 627 1574426 534842084
512 628 1574426 534842084
512 629 1574427 534842084
512 630 1574407 534842084
512 631 1574589 534842084
512 632 1574431 534842084
512 633 1574447 534842084
512 634 1574487 534842084
512 635 1574427 534842084
512 636 1574447 534842084
512 637 1574407 534842084
512 638 1574466 534842084
512 639 1574565 534842084
512 640 1574407 534842084
512 641 1574425 534842084
512 642 1574427 534842084
512 643 1574445 534842084
512 644 1574554 534842084
512 645 1574427 534842084
512 646 1574427 534842084
512 647 1574616 534842084
512 648 1574427 534842084
512 649 1574447 534842084
512 650 1574427 534842084
512 651 1574427 534842084
512 652 1574598 534842084
512 653 1574427 534842084
512 654 1574427 534842084
512 655 1574431 534842084
512 656 1574407 534842084
512 657 1574511 534842084
512 658 1574426 534842084
512 659 1574407 534842084
512 660 1574602 534842084
512 661 1574407 534842084
512 662 1574427 534842084
512 663 1574427 534842084
512 664 1574427 534842084
512 665 1574642 534842084
512 666 1574531 534842084
512 667 1574447 534842084
512 668 1574447 534842084
512 669 1574446 534842084
512 670 1574427 534842084
512 671 1574427 534842084
512 672 1574447 534842084
512 673 1574578 534842084
512 674 1574451 534842084
512 675 1574447 534842084
512 676 1574427 534842084
512 677 1574407 534842084
512 678 1574585 534842084
512 679 1574447 534842084
512 680 1574427 534842084
512 681 1574544 534842084
512 682 1574407 534842084
512 683 1574470 534842084
512 684 1574427 534842084
512 685 1574407 534842084
512 686 1574578 534842084
512 687 1574427 534842084
512 688 1574467 534842084
512 689 1574467 534842084
512 690 1574466 534842084
512 691 1574467 534842084
512 692 1574531 534842084
512 693 1574467 534842084
512 694 1574588 534842084
512 695 1574427 534842084
512 696 1574427 534842084
512 697 1574428 534842084
512 698 1574468 534842084
512 699 1574553 534842084
512 700 1574407 534842084
512 701 1574427 534842084
512 702 1574573 534842084
512 703 1574447 534842084
512 704 1574467 534842084
512 705 1574427 534842084
512 706 1574427 534842084
512 707 1574615 534842084
512 708 1574447 534842084
512 709 1574447 534842084
512 710 1574451 534842084
512 711 1574407 534842084
512 712 1574629 534842084
512 713 1574427 534842084
512 714 1574407 534842084
512 715 1574564 534842084
512 716 1574427 534842084
512 717 1574529 534842084
512 718 1574447 534842084
512 719 1574447 534842084
512 720 1574548 534842084
512 721 1574407 534842084
512 722 1574407 534842084
512 723 1574467 534842084
512 724 1574407 534842084
512 725 1574511 534842084
512 726 1574427 534842084
512 727 1574469 534842084
512 728 1574566 534842084
512 729 1574507 534842084
512 730 1574467 534842084
512 731 1574451 534842084
512 732 1574447 534842084
512 733 1574595 534842084
512 734 1574431 534842084
512 735 1574447 534842084
512 736 1574552 534842084
512 737 1574487 534842084
512 738 1574427 534842084
512 739 1574427 534842084
512 740 1574407 534842084
512 741 1574569 534842084
512 742 1574446 534842084
512 743 1574467 534842084
512 744 1574467 534842084
512 745 1574427 534842084
512 746 1574407 534842084
512 747 1574447 534842084
512 748 1574427 534842084
512 749 1574547 534842084
512 750 1574407 534842084
512 751 1574487 534842084
512 752 1574447 534842084
512 753 1574427 534842084
512 754 1574576 534842084
512 755 1574407 534842084
512 756 1574429 534842084
512 757 1574427 534842084
512 758 1574427 534842084
512 759 1574427 534842084
512 760 1574471 534842084
512 761 1574425 534842084
512 762 1574549 534842084
512 763 1574427 534842084
512 764 1574466 534842084
512 765 1574427 534842084
512 766 1574427 534842084
512 767 1574593 534842084
512 768 1574446 534842084
512 769 1574467 534842084
512 770 1574577 534842084
512 771 1574427 534842084
512 772 1574469 534842084
512 773 1574427 534842084
512 774 1574449 534842084
512 775 1574583 534842084
512 776 1574447 534842084
512 777 1574427 534842084
512 778 1574427 534842084
512 779 1574447 534842084
512 780 1574447 534842084
512 781 1574450 534842084
512 782 1574447 534842084
512 783 1574623 534842084
512 784 1574427 534842084
512 785 1574447 534842084
512 786 1574490 534842084
512 787 1574407 534842084
512 788 1574608 534842084
512 789 1574447 534842084
512 790 1574431 534842084
512 791 1574468 534842084
512 792 1574491 534842084
512 793 1574530 534842084
512 794 1574447 534842084
512 795 1574407 534842084
512 796 1574579 534842084
512 797 1574427 534842084
512 798 1574467 534842084
512 799 1574427 534842084
512 800 1574407 534842084
512 801 1574546 534842084
512 802 1574427 534842084
512 803 1574427 534842084
512 804 1574615 534842084
512 805 1574485 534842084
512 806 1574426 534842084
512 807 1574427 534842084
512 808 1574426 534842084
512 809 1574632 534842084
512 810 1574444 534842084
512 811 1574447 534842084
512 812 1574407 534842084
512 813 1574427 534842084
512 814 1574620 534842084
512 815 1574471 534842084
512 816 1574447 534842084
512 817 1574564 534842084
512 818 1574427 534842084
512 819 1574466 534842084
512 820 1574427 534842084
512 821 1574427 534842084
512 822 1574559 534842084
512 823 1574467 534842084
512 824 1574447 534842084
512 825 1574407 534842084
512 826 1574427 534842084
512 827 1574427 534842084
512 828 1574447 534842084
512 829 1574407 534842084
512 830 1574588 534842084
512 831 1574447 534842084
512 832 1574407 534842084
512 833 1574427 534842084
512 834 1574407 534842084
512 835 1574548 534842084
512 836 1574426 534842084
512 837 1574447 534842084
512 838 1574584 534842084
512 839 1574407 534842084
512 840 1574486 534842084
512 841 1574430 534842084
512 842 1574427 534842084
512 843 1574643 534842084
512 844 1574407 534842084
512 845 1574446 534842084
512 846 1574447 534842084
512 847 1574467 534842084
512 848 1574407 534842084
512 849 1574449 534842084
512 850 1574469 534842084
512 851 1574553 534842084
512 852 1574427 534842084
512 853 1574446 534842084
512 854 1574427 534842084
512 855 1574488 534842084
512 856 1574613 534842084
512 857 1574427 534842084
512 858 1574427 534842084
512 859 1574569 534842084
512 860 1574427 534842084
512 861 1574407 534842084
512 862 1574447 534842084
512 863 1574427 534842084
512 864 1574609 534842084
512 865 1574448 534842084
512 866 1574425 534842084
512 867 1574497 534842084
512 868 1574510 534842084
512 869 1574467 534842084
512 870 1574447 534842084
512 871 1574427 534842084
512 872 1574544 534842084
512 873 1574427 534842084
512 874 1574427 534842084
512 875 1574427 534842084
512 876 1574407 534842084
512 877 1574582 534842084
512 878 1574426 534842084
512 879 1574447 534842084
512 880 1574467 534842084
512 881 1574487 534842084
512 882 1574407 534842084
512 883 1574427 534842084
512 884 1574426 534842084
512 885 1574612 534842084
512 886 1574407 534842084
512 887 1574446 534842084
512 888 1574489 534842084
512 889 1574447 534842084
512 890 1574594 534842084
512 891 1574427 534842084
512 892 1574427 534842084
512 893 1574578 534842084
512 894 1574467 534842084
512 895 1574447 534842084
512 896 1574427 534842084
512 897 1574465 534842084
512 898 1574612 534842084
512 899 1574426 534842084
512 900 1574447 534842084
512 901 1574512 534842084
512 902 1574510 534842084
512 903 1574407 534842084
512 904 1574407 534842084
512 905 1574447 534842084
512 906 1574547 534842084
512 907 1574469 534842084
512 908 1574427 534842084
512 909 1574486 534842084
512 910 1574447 534842084
512 911 1574582 534842084
512 912 1574447 534842084
512 913 1574447 534842084
512 914 1574447 534842084
512 915 1574447 534842084
512 916 1574427 534842084
512 917 1574427 534842084
512 918 1574507 534842084
512 919 1574581 534842084
512 920 1574466 534842084
512 921 1574510 534842084
512 922 1574468 534842084
512 923 1574407 534842084
512 924 1574588 534842084
512 925 1574427 534842084
512 926 1574447 534842084
512 927 1574637 534842084
512 928 1574407 534842084
512 929 1574447 534842084
512 930 1574467 534842084
512 931 1574426 534842084
512 932 1574596 534842084
512 933 1574490 534842084
512 934 1574447 534842084
512 935 1574475 534842084
512 936 1574447 534842084
512 937 1574407 534842084
512 938 1574427 534842084
512 939 1574426 534842084
512 940 1574662 534842084
512 941 1574427 534842084
512 942 1574427 534842084
512 943 1574447 534842084
512 944 1574491 534842084
512 945 1574570 534842084
512 946 1574467 534842084
512 947 1574427 534842084
512 948 1574582 534842084
512 949 1574465 534842084
512 950 1574428 534842084
512 951 1574427 534842084
512 952 1574467 534842084
512 953 1574655 534842084
512 954 1574467 534842084
512 955 1574467 534842084
512 956 1574407 534842084
512 957 1574447 534842084
512 958 1574467 534842084
512 959 1574407 534842084
512 960 1574463 534842084
512 961 1574547 534842084
512 962 1574427 534842084
512 963 1574427 534842084
512 964 1574447 534842084
512 965 1574486 534842084
512 966 1574568 534842084
512 967 1574407 534842084
512 968 1574407 534842084
512 969 1574587 534842084
512 970 1574427 534842084
512 971 1574478 534842084
512 972 1574407 534842084
512 973 1574447 534842084
512 974 1574583 534842084
512 975 1574447 534842084
512 976 1574427 534842084
512 977 1574466 534842084
512 978 1574407 534842084
512 979 1574573 534842084
512 980 1574447 534842084
512 981 1574445 534842084
512 982 1574588 534842084
512 983 1574407 534842084
512 984 1574467 534842084
512 985 1574407 534842084
512 986 1574427 534842084
512 987 1574570 534842084
512 988 1574427 534842084
512 989 1574490 534842084
512 990 1574407 534842084
512 991 1574427 534842084
512 992 1574427 534842084
512 993 1574469 534842084
512 994 1574447 534842084
512 995 1574567 534842084
512 996 1574407 534842084
512 997 1574427 534842084
512 998 1574427 534842084
512 999 1574447 534842084
