256 0 568571 4242607019
256 1 646407 4242607019
256 2 567293 4242607019
256 3 549001 4242607019
256 4 545281 4242607019
256 5 541125 4242607019
256 6 541008 4242607019
256 7 542978 4242607019
256 8 542183 4242607019
256 9 541741 4242607019
256 10 541154 4242607019
256 11 540986 4242607019
256 12 541052 4242607019
256 13 541026 4242607019
256 14 541012 4242607019
256 15 541010 4242607019
256 16 540994 4242607019
256 17 540974 4242607019
256 18 540990 4242607019
256 19 541050 4242607019
256 20 540981 4242607019
256 21 541007 4242607019
256 22 541045 4242607019
256 23 540987 4242607019
256 24 540997 4242607019
256 25 540996 4242607019
256 26 540997 4242607019
256 27 541010 4242607019
256 28 540999 4242607019
256 29 540991 4242607019
256 30 540998 4242607019
256 31 540991 4242607019
256 32 540990 4242607019
256 33 540996 4242607019
256 34 541010 4242607019
256 35 541019 4242607019
256 36 540990 4242607019
256 37 540986 4242607019
256 38 540987 4242607019
256 39 540996 4242607019
256 40 540988 4242607019
256 41 540989 4242607019
256 42 541023 4242607019
256 43 541006 4242607019
256 44 540984 4242607019
256 45 541007 4242607019
256 46 541051 4242607019
256 47 541004 4242607019
256 48 540999 4242607019
256 49 541001 4242607019
256 50 541028 4242607019
256 51 541020 4242607019
256 52 541000 4242607019
256 53 541062 4242607019
256 54 541011 4242607019
256 55 540996 4242607019
256 56 541043 4242607019
256 57 541019 4242607019
256 58 542811 4242607019
256 59 540986 4242607019
256 60 540977 4242607019
256 61 540985 4242607019
256 62 540999 4242607019
256 63 540985 4242607019
256 64 540996 4242607019
256 65 540993 4242607019
256 66 540997 4242607019
256 67 541007 4242607019
256 68 541055 4242607019
256 69 541077 4242607019
256 70 541020 4242607019
256 71 542818 4242607019
256 72 540993 4242607019
256 73 540990 4242607019
256 74 540981 4242607019
256 75 541014 4242607019
256 76 541012 4242607019
256 77 541021 4242607019
256 78 541064 4242607019
256 79 540989 4242607019
256 80 541017 4242607019
256 81 540999 4242607019
256 82 541002 4242607019
256 83 541012 4242607019
256 84 540988 4242607019
256 85 540981 4242607019
256 86 540989 4242607019
256 87 540999 4242607019
256 88 542815 4242607019
256 89 540999 4242607019
256 90 541064 4242607019
256 91 541001 4242607019
256 92 540984 4242607019
256 93 540995 4242607019
256 94 540981 4242607019
256 95 540992 4242607019
256 96 540994 4242607019
256 97 541000 4242607019
256 98 540982 4242607019
256 99 541078 4242607019
256 100 541011 4242607019
256 101 542835 4242607019
256 102 541003 4242607019
256 103 540996 4242607019
256 104 541052 4242607019
256 105 540998 4242607019
256 106 541012 4242607019
256 107 540999 4242607019
256 108 541003 4242607019
256 109 540998 4242607019
256 110 541011 4242607019
256 111 540985 4242607019
256 112 540986 4242607019
256 113 541010 4242607019
256 114 541071 4242607019
256 115 540995 4242607019
256 116 541005 4242607019
256 117 541021 4242607019
256 118 541009 4242607019
256 119 540997 4242607019
256 120 540982 4242607019
256 121 541008 4242607019
256 122 542831 4242607019
256 123 540987 4242607019
256 124 541005 4242607019
256 125 541008 4242607019
256 126 541000 4242607019
256 127 541012 4242607019
256 128 540979 4242607019
256 129 541011 4242607019
256 130 540996 4242607019
256 131 540990 4242607019
256 132 540998 4242607019
256 133 541002 4242607019
256 134 541006 4242607019
256 135 542816 4242607019
256 136 541050 4242607019
256 137 541001 4242607019
256 138 540999 4242607019
256 139 541013 4242607019
256 140 540995 4242607019
256 141 541045 4242607019
256 142 541005 4242607019
256 143 541000 4242607019
256 144 540994 4242607019
256 145 540984 4242607019
256 146 540985 4242607019
256 147 541010 4242607019
256 148 541019 4242607019
256 149 540979 4242607019
256 150 541007 4242607019
256 151 540991 4242607019
256 152 540986 4242607019
256 153 541016 4242607019
256 154 540980 4242607019
256 155 541033 4242607019
256 156 542822 4242607019
256 157 541002 4242607019
256 158 540988 4242607019
256 159 541002 4242607019
256 160 541001 4242607019
256 161 541008 4242607019
256 162 540979 4242607019
256 163 541027 4242607019
256 164 540993 4242607019
256 165 541006 4242607019
256 166 540987 4242607019
256 167 540990 4242607019
256 168 540989 4242607019
256 169 542471 4242607019
256 170 541056 4242607019
256 171 541045 4242607019
256 172 541006 4242607019
256 173 540983 4242607019
256 174 540994 4242607019
256 175 541001 4242607019
256 176 541069 4242607019
256 177 541003 4242607019
256 178 541009 4242607019
256 179 541027 4242607019
256 180 541068 4242607019
256 181 541017 4242607019
256 182 541049 4242607019
256 183 541010 4242607019
256 184 540980 4242607019
256 185 541066 4242607019
256 186 541001 4242607019
256 187 541002 4242607019
256 188 540977 4242607019
256 189 541013 4242607019
256 190 542825 4242607019
256 191 541010 4242607019
256 192 540983 4242607019
256 193 540999 4242607019
256 194 540995 4242607019
256 195 540985 4242607019
256 196 541079 4242607019
256 197 541006 4242607019
256 198 540983 4242607019
256 199 541006 4242607019
256 200 540978 4242607019
256 201 541045 4242607019
256 202 540991 4242607019
256 203 542848 4242607019
256 204 541003 4242607019
256 205 541012 4242607019
256 206 541002 4242607019
256 207 540990 4242607019
256 208 540997 4242607019
256 209 541003 4242607019
256 210 540992 4242607019
256 211 540987 4242607019
256 212 541002 4242607019
256 213 540985 4242607019
256 214 541006 4242607019
256 215 541006 4242607019
256 216 541012 4242607019
256 217 541019 4242607019
256 218 541044 4242607019
256 219 541000 4242607019
256 220 540996 4242607019
256 221 541014 4242607019
256 222 540998 4242607019
256 223 541007 4242607019
256 224 542905 4242607019
256 225 541019 4242607019
256 226 541003 4242607019
256 227 541023 4242607019
256 228 540996 4242607019
256 229 541079 4242607019
256 230 540994 4242607019
256 231 540989 4242607019
256 232 540990 4242607019
256 233 540991 4242607019
256 234 540996 4242607019
256 235 540994 4242607019
256 236 540987 4242607019
256 237 542458 4242607019
256 238 540984 4242607019
256 239 540981 4242607019
256 240 540992 4242607019
256 241 540995 4242607019
256 242 540984 4242607019
256 243 541066 4242607019
256 244 540988 4242607019
256 245 541011 4242607019
256 246 540984 4242607019
256 247 540988 4242607019
256 248 540995 4242607019
256 249 541002 4242607019
256 250 540988 4242607019
256 251 540983 4242607019
256 252 541047 4242607019
256 253 540986 4242607019
256 254 540982 4242607019
256 255 541004 4242607019
256 256 540980 4242607019
256 257 540999 4242607019
256 258 542883 4242607019
256 259 541002 4242607019
256 260 540987 4242607019
256 261 541010 4242607019
256 262 540992 4242607019
256 263 540994 4242607019
256 264 541077 4242607019
256 265 540969 4242607019
256 266 541004 4242607019
256 267 540987 4242607019
256 268 540990 4242607019
256 269 540992 4242607019
256 270 541007 4242607019
256 271 540985 4242607019
256 272 541074 4242607019
256 273 540989 4242607019
256 274 541005 4242607019
256 275 541010 4242607019
256 276 540994 4242607019
256 277 540999 4242607019
256 278 541011 4242607019
256 279 541047 4242607019
256 280 541000 4242607019
256 281 541008 4242607019
256 282 541003 4242607019
256 283 541006 4242607019
256 284 541000 4242607019
256 285 540981 4242607019
256 286 540998 4242607019
256 287 540993 4242607019
256 288 541045 4242607019
256 289 541059 4242607019
256 290 541070 4242607019
256 291 540995 4242607019
256 292 542868 4242607019
256 293 540992 4242607019
256 294 540991 4242607019
256 295 540982 4242607019
256 296 541003 4242607019
256 297 541004 4242607019
256 298 541073 4242607019
256 299 540998 4242607019
256 300 540985 4242607019
256 301 541022 4242607019
256 302 541010 4242607019
256 303 540987 4242607019
256 304 541013 4242607019
256 305 541001 4242607019
256 306 541007 4242607019
256 307 541001 4242607019
256 308 540991 4242607019
256 309 541021 4242607019
256 310 540993 4242607019
256 311 541001 4242607019
256 312 541048 4242607019
256 313 540996 4242607019
256 314 541004 4242607019
256 315 541005 4242607019
256 316 541007 4242607019
256 317 540990 4242607019
256 318 540996 4242607019
256 319 541019 4242607019
256 320 540989 4242607019
256 321 540994 4242607019
256 322 540996 4242607019
256 323 540995 4242607019
256 324 540992 4242607019
256 325 540984 4242607019
256 326 542333 4242607019
256 327 540994 4242607019
256 328 540992 4242607019
256 329 541013 4242607019
256 330 540992 4242607019
256 331 540995 4242607019
256 332 540989 4242607019
256 333 541092 4242607019
256 334 541006 4242607019
256 335 541008 4242607019
256 336 540998 4242607019
256 337 541006 4242607019
256 338 540999 4242607019
256 339 541045 4242607019
256 340 540992 4242607019
256 341 540983 4242607019
256 342 540989 4242607019
256 343 541003 4242607019
256 344 540998 4242607019
256 345 540993 4242607019
256 346 540994 4242607019
256 347 540995 4242607019
256 348 540991 4242607019
256 349 541015 4242607019
256 350 540987 4242607019
256 351 541001 4242607019
256 352 540996 4242607019
256 353 540996 4242607019
256 354 541004 4242607019
256 355 540989 4242607019
256 356 540986 4242607019
256 357 541007 4242607019
256 358 540994 4242607019
256 359 540979 4242607019
256 360 541002 4242607019
256 361 541008 4242607019
256 362 541025 4242607019
256 363 541021 4242607019
256 364 540993 4242607019
256 365 541004 4242607019
256 366 540995 4242607019
256 367 541008 4242607019
256 368 541046 4242607019
256 369 541251 4242607019
256 370 541299 4242607019
256 371 540987 4242607019
256 372 541002 4242607019
256 373 541020 4242607019
256 374 540988 4242607019
256 375 540990 4242607019
256 376 540989 4242607019
256 377 542859 4242607019
256 378 541006 4242607019
256 379 540980 4242607019
256 380 541006 4242607019
256 381 541033 4242607019
256 382 540988 4242607019
256 383 540998 4242607019
256 384 540988 4242607019
256 385 540997 4242607019
256 386 541000 4242607019
256 387 540983 4242607019
256 388 540975 4242607019
256 389 541002 4242607019
256 390 541062 4242607019
256 391 540999 4242607019
256 392 540993 4242607019
256 393 540995 4242607019
256 394 541046 4242607019
256 395 541000 4242607019
256 396 540993 4242607019
256 397 541003 4242607019
256 398 541008 4242607019
256 399 541011 4242607019
256 400 541014 4242607019
256 401 540987 4242607019
256 402 541024 4242607019
256 403 540985 4242607019
256 404 540993 4242607019
256 405 541006 4242607019
256 406 540987 4242607019
256 407 540997 4242607019
256 408 540989 4242607019
256 409 541067 4242607019
256 410 540992 4242607019
256 411 542846 4242607019
256 412 540991 4242607019
256 413 540995 4242607019
256 414 541032 4242607019
256 415 541100 4242607019
256 416 541022 4242607019
256 417 541002 4242607019
256 418 540981 4242607019
256 419 540991 4242607019
256 420 540994 4242607019
256 421 540984 4242607019
256 422 541004 4242607019
256 423 540992 4242607019
256 424 540995 4242607019
256 425 541005 4242607019
256 426 541011 4242607019
256 427 540989 4242607019
256 428 540999 4242607019
256 429 541072 4242607019
256 430 540991 4242607019
256 431 540987 4242607019
256 432 540994 4242607019
256 433 540989 4242607019
256 434 541001 4242607019
256 435 541009 4242607019
256 436 541002 4242607019
256 437 541014 4242607019
256 438 540991 4242607019
256 439 541018 4242607019
256 440 540992 4242607019
256 441 540983 4242607019
256 442 541010 4242607019
256 443 540992 4242607019
256 444 540996 4242607019
256 445 542817 4242607019
256 446 540990 4242607019
256 447 541011 4242607019
256 448 540995 4242607019
256 449 541058 4242607019
256 450 541007 4242607019
256 451 540980 4242607019
256 452 541020 4242607019
256 453 541007 4242607019
256 454 540991 4242607019
256 455 540997 4242607019
256 456 541000 4242607019
256 457 541015 4242607019
256 458 541012 4242607019
256 459 540985 4242607019
256 460 541090 4242607019
256 461 540990 4242607019
256 462 541002 4242607019
256 463 540989 4242607019
256 464 540991 4242607019
256 465 540983 4242607019
256 466 542822 4242607019
256 467 541055 4242607019
256 468 541004 4242607019
256 469 541013 4242607019
256 470 540994 4242607019
256 471 541088 4242607019
256 472 541036 4242607019
256 473 540990 4242607019
256 474 540990 4242607019
256 475 541014 4242607019
256 476 541000 4242607019
256 477 541028 4242607019
256 478 540990 4242607019
256 479 542962 4242607019
256 480 540995 4242607019
256 481 541028 4242607019
256 482 541071 4242607019
256 483 540991 4242607019
256 484 541032 4242607019
256 485 540993 4242607019
256 486 540985 4242607019
256 487 540991 4242607019
256 488 540991 4242607019
256 489 541002 4242607019
256 490 540990 4242607019
256 491 540999 4242607019
256 492 541003 4242607019
256 493 540998 4242607019
256 494 540995 4242607019
256 495 540998 4242607019
256 496 541054 4242607019
256 497 541046 4242607019
256 498 541032 4242607019
256 499 541006 4242607019
256 500 542884 4242607019
256 501 540997 4242607019
256 502 541004 4242607019
256 503 541016 4242607019
256 504 541028 4242607019
256 505 541016 4242607019
256 506 541001 4242607019
256 507 541002 4242607019
256 508 540992 4242607019
256 509 540981 4242607019
256 510 541011 4242607019
256 511 541069 4242607019
256 512 541007 4242607019
256 513 542833 4242607019
256 514 541025 4242607019
256 515 540991 4242607019
256 516 540997 4242607019
256 517 541006 4242607019
256 518 540997 4242607019
256 519 541004 4242607019
256 520 541006 4242607019
256 521 541014 4242607019
256 522 541005 4242607019
256 523 540991 4242607019
256 524 540991 4242607019
256 525 541018 4242607019
256 526 541028 4242607019
256 527 541000 4242607019
256 528 540988 4242607019
256 529 540993 4242607019
256 530 540988 4242607019
256 531 541033 4242607019
256 532 541004 4242607019
256 533 541005 4242607019
256 534 542791 4242607019
256 535 541058 4242607019
256 536 540993 4242607019
256 537 541010 4242607019
256 538 541033 4242607019
256 539 541001 4242607019
256 540 541067 4242607019
256 541 540999 4242607019
256 542 541006 4242607019
256 543 541009 4242607019
256 544 540985 4242607019
256 545 540999 4242607019
256 546 541004 4242607019
256 547 542748 4242607019
256 548 540991 4242607019
256 549 540980 4242607019
256 550 540987 4242607019
256 551 540995 4242607019
256 552 540993 4242607019
256 553 540996 4242607019
256 554 541002 4242607019
256 555 540988 4242607019
256 556 541006 4242607019
256 557 540998 4242607019
256 558 540995 4242607019
256 559 540997 4242607019
256 560 540986 4242607019
256 561 540988 4242607019
256 562 540992 4242607019
256 563 541004 4242607019
256 564 541039 4242607019
256 565 541001 4242607019
256 566 540984 4242607019
256 567 541067 4242607019
256 568 542873 4242607019
256 569 541061 4242607019
256 570 540991 4242607019
256 571 541009 4242607019
256 572 540982 4242607019
256 573 541000 4242607019
256 574 541016 4242607019
256 575 541003 4242607019
256 576 541016 4242607019
256 577 541018 4242607019
256 578 540989 4242607019
256 579 541002 4242607019
256 580 541000 4242607019
256 581 542391 4242607019
256 582 541047 4242607019
256 583 541007 4242607019
256 584 540986 4242607019
256 585 540996 4242607019
256 586 541117 4242607019
256 587 541008 4242607019
256 588 540998 4242607019
256 589 541003 4242607019
256 590 540989 4242607019
256 591 541003 4242607019
256 592 540994 4242607019
256 593 541018 4242607019
256 594 540993 4242607019
256 595 541054 4242607019
256 596 540994 4242607019
256 597 540996 4242607019
256 598 540991 4242607019
256 599 541020 4242607019
256 600 541004 4242607019
256 601 541113 4242607019
256 602 542856 4242607019
256 603 541000 4242607019
256 604 540986 4242607019
256 605 540999 4242607019
256 606 540989 4242607019
256 607 541014 4242607019
256 608 541024 4242607019
256 609 540999 4242607019
256 610 540995 4242607019
256 611 541070 4242607019
256 612 540983 4242607019
256 613 541067 4242607019
256 614 541011 4242607019
256 615 542485 4242607019
256 616 541010 4242607019
256 617 541035 4242607019
256 618 540992 4242607019
256 619 541006 4242607019
256 620 541006 4242607019
256 621 540992 4242607019
256 622 540986 4242607019
256 623 540988 4242607019
256 624 540985 4242607019
256 625 540995 4242607019
256 626 540992 4242607019
256 627 541077 4242607019
256 628 541009 4242607019
256 629 541020 4242607019
256 630 540992 4242607019
256 631 540985 4242607019
256 632 541003 4242607019
256 633 541012 4242607019
256 634 541012 4242607019
256 635 540993 4242607019
256 636 542831 4242607019
256 637 541021 4242607019
256 638 540990 4242607019
256 639 541002 4242607019
256 640 541014 4242607019
256 641 541007 4242607019
256 642 541044 4242607019
256 643 540992 4242607019
256 644 541014 4242607019
256 645 540993 4242607019
256 646 541000 4242607019
256 647 540990 4242607019
256 648 540993 4242607019
256 649 542384 4242607019
256 650 541006 4242607019
256 651 540996 4242607019
256 652 541028 4242607019
256 653 540984 4242607019
256 654 541245 4242607019
256 655 541019 4242607019
256 656 541042 4242607019
256 657 541005 4242607019
256 658 541056 4242607019
256 659 541006 4242607019
256 660 540977 4242607019
256 661 541045 4242607019
256 662 541021 4242607019
256 663 541056 4242607019
256 664 540992 4242607019
256 665 541018 4242607019
256 666 540982 4242607019
256 667 541017 4242607019
256 668 541009 4242607019
256 669 541019 4242607019
256 670 542445 4242607019
256 671 541006 4242607019
256 672 540997 4242607019
256 673 540997 4242607019
256 674 541055 4242607019
256 675 541000 4242607019
256 676 541009 4242607019
256 677 541059 4242607019
256 678 540992 4242607019
256 679 540994 4242607019
256 680 541052 4242607019
256 681 541001 4242607019
256 682 540992 4242607019
256 683 540989 4242607019
256 684 540981 4242607019
256 685 541003 4242607019
256 686 541042 4242607019
256 687 540988 4242607019
256 688 541013 4242607019
256 689 541003 4242607019
256 690 540987 4242607019
256 691 541037 4242607019
256 692 541000 4242607019
256 693 541070 4242607019
256 694 541006 4242607019
256 695 540996 4242607019
256 696 540997 4242607019
256 697 540993 4242607019
256 698 540990 4242607019
256 699 541058 4242607019
256 700 541065 4242607019
256 701 540984 4242607019
256 702 541002 4242607019
256 703 541030 4242607019
256 704 542393 4242607019
256 705 541014 4242607019
256 706 541008 4242607019
256 707 541001 4242607019
256 708 540992 4242607019
256 709 540984 4242607019
256 710 541025 4242607019
256 711 541003 4242607019
256 712 540993 4242607019
256 713 540995 4242607019
256 714 540998 4242607019
256 715 540994 4242607019
256 716 540999 4242607019
256 717 541020 4242607019
256 718 541015 4242607019
256 719 541040 4242607019
256 720 541003 4242607019
256 721 541035 4242607019
256 722 540992 4242607019
256 723 541000 4242607019
256 724 541043 4242607019
256 725 540987 4242607019
256 726 541061 4242607019
256 727 540998 4242607019
256 728 540988 4242607019
256 729 540997 4242607019
256 730 540993 4242607019
256 731 541005 4242607019
256 732 541006 4242607019
256 733 540993 4242607019
256 734 541006 4242607019
256 735 541022 4242607019
256 736 540990 4242607019
256 737 541005 4242607019
256 738 542336 4242607019
256 739 540986 4242607019
256 740 541019 4242607019
256 741 541009 4242607019
256 742 541053 4242607019
256 743 540994 4242607019
256 744 541025 4242607019
256 745 541012 4242607019
256 746 541001 4242607019
256 747 541011 4242607019
256 748 541061 4242607019
256 749 540989 4242607019
256 750 541005 4242607019
256 751 540992 4242607019
256 752 540986 4242607019
256 753 541052 4242607019
256 754 540999 4242607019
256 755 542841 4242607019
256 756 540996 4242607019
256 757 541010 4242607019
256 758 540990 4242607019
256 759 540990 4242607019
256 760 541016 4242607019
256 761 540996 4242607019
256 762 541009 4242607019
256 763 540994 4242607019
256 764 541070 4242607019
256 765 540991 4242607019
256 766 541001 4242607019
256 767 540988 4242607019
256 768 540988 4242607019
256 769 541007 4242607019
256 770 540991 4242607019
256 771 541022 4242607019
256 772 541000 4242607019
256 773 541009 4242607019
256 774 541057 4242607019
256 775 541004 4242607019
256 776 540999 4242607019
256 777 541051 4242607019
256 778 541005 4242607019
256 779 541000 4242607019
256 780 540987 4242607019
256 781 540989 4242607019
256 782 541005 4242607019
256 783 540994 4242607019
256 784 541010 4242607019
256 785 540997 4242607019
256 786 541001 4242607019
256 787 541060 4242607019
256 788 541005 4242607019
256 789 542815 4242607019
256 790 540994 4242607019
256 791 540992 4242607019
256 792 541069 4242607019
256 793 541004 4242607019
256 794 541043 4242607019
256 795 541007 4242607019
256 796 540998 4242607019
256 797 540997 4242607019
256 798 540993 4242607019
256 799 540994 4242607019
256 800 540996 4242607019
256 801 540985 4242607019
256 802 541013 4242607019
256 803 541020 4242607019
256 804 540993 4242607019
256 805 540997 4242607019
256 806 541019 4242607019
256 807 540995 4242607019
256 808 540979 4242607019
256 809 541009 4242607019
256 810 540993 4242607019
256 811 541133 4242607019
256 812 540998 4242607019
256 813 540998 4242607019
256 814 540990 4242607019
256 815 541041 4242607019
256 816 541009 4242607019
256 817 541003 4242607019
256 818 540993 4242607019
256 819 541016 4242607019
256 820 541051 4242607019
256 821 541004 4242607019
256 822 540995 4242607019
256 823 542840 4242607019
256 824 540988 4242607019
256 825 540996 4242607019
256 826 541001 4242607019
256 827 540987 4242607019
256 828 541007 4242607019
256 829 541000 4242607019
256 830 541015 4242607019
256 831 541007 4242607019
256 832 541014 4242607019
256 833 540998 4242607019
256 834 541022 4242607019
256 835 541065 4242607019
256 836 541006 4242607019
256 837 540996 4242607019
256 838 541035 4242607019
256 839 541005 4242607019
256 840 540993 4242607019
256 841 540985 4242607019
256 842 541057 4242607019
256 843 541011 4242607019
256 844 540997 4242607019
256 845 541004 4242607019
256 846 541000 4242607019
256 847 540995 4242607019
256 848 541014 4242607019
256 849 540991 4242607019
256 850 541109 4242607019
256 851 541055 4242607019
256 852 540991 4242607019
256 853 540995 4242607019
256 854 540993 4242607019
256 855 540991 4242607019
256 856 540987 4242607019
256 857 542829 4242607019
256 858 540987 4242607019
256 859 541014 4242607019
256 860 540986 4242607019
256 861 541001 4242607019
256 862 540998 4242607019
256 863 540995 4242607019
256 864 541017 4242607019
256 865 540993 4242607019
256 866 541014 4242607019
256 867 540996 4242607019
256 868 541000 4242607019
256 869 541047 4242607019
256 870 540998 4242607019
256 871 541001 4242607019
256 872 541009 4242607019
256 873 541015 4242607019
256 874 540992 4242607019
256 875 540981 4242607019
256 876 541000 4242607019
256 877 541003 4242607019
256 878 542804 4242607019
256 879 541005 4242607019
256 880 540982 4242607019
256 881 540999 4242607019
256 882 541062 4242607019
256 883 541012 4242607019
256 884 541058 4242607019
256 885 540988 4242607019
256 886 540983 4242607019
256 887 540985 4242607019
256 888 541005 4242607019
256 889 541080 4242607019
256 890 540997 4242607019
256 891 542878 4242607019
256 892 540993 4242607019
256 893 540986 4242607019
256 894 540992 4242607019
256 895 541016 4242607019
256 896 540990 4242607019
256 897 541010 4242607019
256 898 540991 4242607019
256 899 540982 4242607019
256 900 540994 4242607019
256 901 540993 4242607019
256 902 540999 4242607019
256 903 541002 4242607019
256 904 541002 4242607019
256 905 540992 4242607019
256 906 541001 4242607019
256 907 540986 4242607019
256 908 540980 4242607019
256 909 540989 4242607019
256 910 540985 4242607019
256 911 541003 4242607019
256 912 542892 4242607019
256 913 541012 4242607019
256 914 540998 4242607019
256 915 540999 4242607019
256 916 541044 4242607019
256 917 541001 4242607019
256 918 541004 4242607019
256 919 541008 4242607019
256 920 541059 4242607019
256 921 541007 4242607019
256 922 541002 4242607019
256 923 540996 4242607019
256 924 540989 4242607019
256 925 542881 4242607019
256 926 541005 4242607019
256 927 541012 4242607019
256 928 541002 4242607019
256 929 541001 4242607019
256 930 541005 4242607019
256 931 540989 4242607019
256 932 541000 4242607019
256 933 540999 4242607019
256 934 540993 4242607019
256 935 540990 4242607019
256 936 540986 4242607019
256 937 541002 4242607019
256 938 540990 4242607019
256 939 541090 4242607019
256 940 540989 4242607019
256 941 541010 4242607019
256 942 541005 4242607019
256 943 540989 4242607019
256 944 540988 4242607019
256 945 541008 4242607019
256 946 542835 4242607019
256 947 541013 4242607019
256 948 541045 4242607019
256 949 541006 4242607019
256 950 541033 4242607019
256 951 540997 4242607019
256 952 540986 4242607019
256 953 540993 4242607019
256 954 540991 4242607019
256 955 541025 4242607019
256 956 541000 4242607019
256 957 540989 4242607019
256 958 540993 4242607019
256 959 542860 4242607019
256 960 541006 4242607019
256 961 541056 4242607019
256 962 541033 4242607019
256 963 541001 4242607019
256 964 540999 4242607019
256 965 541001 4242607019
256 966 541003 4242607019
256 967 540993 4242607019
256 968 540994 4242607019
256 969 540981 4242607019
256 970 540991 4242607019
256 971 540990 4242607019
256 972 541002 4242607019
256 973 541008 4242607019
256 974 540999 4242607019
256 975 541021 4242607019
256 976 541015 4242607019
256 977 540998 4242607019
256 978 541027 4242607019
256 979 541011 4242607019
256 980 542855 4242607019
256 981 541010 4242607019
256 982 541083 4242607019
256 983 540999 4242607019
256 984 541002 4242607019
256 985 541082 4242607019
256 986 541002 4242607019
256 987 541011 4242607019
256 988 540987 4242607019
256 989 540990 4242607019
256 990 541118 4242607019
256 991 541009 4242607019
256 992 541007 4242607019
256 993 542564 4242607019
256 994 540996 4242607019
256 995 540997 4242607019
256 996 541000 4242607019
256 997 540990 4242607019
256 998 540986 4242607019
256 999 541000 4242607019
