128 0 98909 4169206644
128 1 98792 4169206649
128 2 98967 4169206644
128 3 98930 4169206644
128 4 98695 4169206644
128 5 99048 4169206644
128 6 98891 4169206644
128 7 98987 4169206644
128 8 98889 4169206644
128 9 98951 4169206644
128 10 98871 4169206644
128 11 98926 4169206644
128 12 98869 4169206644
128 13 98853 4169206644
128 14 98832 4169206644
128 15 98818 4169206644
128 16 98848 4169206644
128 17 98993 4169206644
128 18 98989 4169206644
128 19 98830 4169206644
128 20 98846 4169206644
128 21 98869 4169206644
128 22 98984 4169206644
128 23 98809 4169206644
128 24 98872 4169206644
128 25 98893 4169206644
128 26 98868 4169206644
128 27 98790 4169206644
128 28 99010 4169206644
128 29 98886 4169206644
128 30 98870 4169206644
128 31 99075 4169206644
128 32 98890 4169206644
128 33 98969 4169206644
128 34 99123 4169206644
128 35 98852 4169206644
128 36 99027 4169206644
128 37 98950 4169206644
128 38 98930 4169206644
128 39 98853 4169206644
128 40 98872 4169206644
128 41 98834 4169206644
128 42 98925 4169206644
128 43 98948 4169206644
128 44 98869 4169206644
128 45 98869 4169206644
128 46 98695 4169206644
128 47 98995 4169206644
128 48 98754 4169206644
128 49 98945 4169206644
128 50 98932 4169206644
128 51 98886 4169206644
128 52 98983 4169206644
128 53 98962 4169206644
128 54 98695 4169206644
128 55 98886 4169206644
128 56 99040 4169206644
128 57 98868 4169206644
128 58 98868 4169206644
128 59 98888 4169206644
128 60 98831 4169206644
128 61 98989 4169206644
128 62 98907 4169206644
128 63 98772 4169206644
128 64 98829 4169206644
128 65 98848 4169206644
128 66 98944 4169206644
128 67 98867 4169206644
128 68 98923 4169206644
128 69 98866 4169206644
128 70 98869 4169206644
128 71 98795 4169206644
128 72 98887 4169206644
128 73 98910 4169206644
128 74 98929 4169206644
128 75 98847 4169206644
128 76 98885 4169206644
128 77 98828 4169206644
128 78 98952 4169206644
128 79 98833 4169206644
128 80 98773 4169206644
128 81 98971 4169206644
128 82 98933 4169206644
128 83 98905 4169206644
128 84 98916 4169206644
128 85 98905 4169206644
128 86 98965 4169206644
128 87 98869 4169206644
128 88 98984 4169206644
128 89 98773 4169206644
128 90 98885 4169206644
128 91 98986 4169206644
128 92 98935 4169206644
128 93 98896 4169206644
128 94 98886 4169206644
128 95 98790 4169206644
128 96 98851 4169206644
128 97 98695 4169206644
128 98 98910 4169206644
128 99 98889 4169206644
128 100 98888 4169206644
128 101 98948 4169206644
128 102 98832 4169206644
128 103 98847 4169206644
128 104 98965 4169206644
128 105 98949 4169206644
128 106 98887 4169206644
128 107 98948 4169206644
128 108 99066 4169206644
128 109 98890 4169206644
128 110 98831 4169206644
128 111 98910 4169206644
128 112 98889 4169206644
128 113 98890 4169206644
128 114 98912 4169206644
128 115 98946 4169206644
128 116 98851 4169206644
128 117 98868 4169206644
128 118 98908 4169206644
128 119 98925 4169206644
128 120 98910 4169206644
128 121 98927 4169206644
128 122 98817 4169206644
128 123 98847 4169206644
128 124 98907 4169206644
128 125 98847 4169206644
128 126 98868 4169206644
128 127 98850 4169206644
128 128 98871 4169206644
128 129 98905 4169206644
128 130 98948 4169206644
128 131 98944 4169206644
128 132 98888 4169206644
128 133 98984 4169206644
128 134 98962 4169206644
128 135 98907 4169206644
128 136 98695 4169206644
128 137 98964 4169206644
128 138 98848 4169206644
128 139 99001 4169206644
128 140 99004 4169206644
128 141 98907 4169206644
128 142 98907 4169206644
128 143 98982 4169206644
128 144 98695 4169206644
128 145 98888 4169206644
128 146 98964 4169206644
128 147 98911 4169206644
128 148 98907 4169206644
128 149 98946 4169206644
128 150 98907 4169206644
128 151 98849 4169206644
128 152 98695 4169206644
128 153 99074 4169206644
128 154 98869 4169206644
128 155 99023 4169206644
128 156 98911 4169206644
128 157 98852 4169206644
128 158 98869 4169206644
128 159 98984 4169206644
128 160 98754 4169206644
128 161 98971 4169206644
128 162 98868 4169206644
128 163 98866 4169206644
128 164 98987 4169206644
128 165 98909 4169206644
128 166 98809 4169206644
128 167 98755 4169206644
128 168 98962 4169206644
128 169 98888 4169206644
128 170 98775 4169206644
128 171 98925 4169206644
128 172 98866 4169206644
128 173 98831 4169206644
128 174 98848 4169206644
128 175 98754 4169206644
128 176 98983 4169206644
128 177 98847 4169206644
128 178 98887 4169206644
128 179 99057 4169206644
128 180 99004 4169206644
128 181 98849 4169206644
128 182 98923 4169206644
128 183 98695 4169206644
128 184 98927 4169206644
128 185 98868 4169206644
128 186 98983 4169206644
128 187 98945 4169206644
128 188 98909 4169206644
128 189 99043 4169206644
128 190 98890 4169206644
128 191 98695 4169206644
128 192 98970 4169206644
128 193 99024 4169206644
128 194 99045 4169206644
128 195 98889 4169206644
128 196 98889 4169206644
128 197 99009 4169206644
128 198 99007 4169206644
128 199 98756 4169206644
128 200 98945 4169206644
128 201 98872 4169206644
128 202 98951 4169206644
128 203 98754 4169206644
128 204 98897 4169206644
128 205 98886 4169206644
128 206 99042 4169206644
128 207 98828 4169206644
128 208 98909 4169206644
128 209 98930 4169206644
128 210 98986 4169206644
128 211 98947 4169206644
128 212 98848 4169206644
128 213 98965 4169206644
128 214 98792 4169206644
128 215 98924 4169206644
128 216 98907 4169206644
128 217 98848 4169206644
128 218 98905 4169206644
128 219 98946 4169206644
128 220 99022 4169206644
128 221 98981 4169206644
128 222 98695 4169206644
128 223 98888 4169206644
128 224 98870 4169206644
128 225 98850 4169206644
128 226 98848 4169206644
128 227 98848 4169206644
128 228 98964 4169206644
128 229 98931 4169206644
128 230 98695 4169206644
128 231 98946 4169206644
128 232 99152 4169206644
128 233 98907 4169206644
128 234 98986 4169206644
128 235 98869 4169206644
128 236 98891 4169206644
128 237 98929 4169206644
128 238 98695 4169206644
128 239 98893 4169206644
128 240 98875 4169206644
128 241 98965 4169206644
128 242 98967 4169206644
128 243 98931 4169206644
128 244 98909 4169206644
128 245 98951 4169206644
128 246 98771 4169206644
128 247 98967 4169206644
128 248 98870 4169206644
128 249 98952 4169206644
128 250 98872 4169206644
128 251 98922 4169206644
128 252 98963 4169206644
128 253 98983 4169206644
128 254 98867 4169206644
128 255 98829 4169206644
128 256 98885 4169206644
128 257 98927 4169206644
128 258 99002 4169206644
128 259 98848 4169206644
128 260 98946 4169206644
128 261 98886 4169206644
128 262 99079 4169206644
128 263 98889 4169206644
128 264 98870 4169206644
128 265 98848 4169206644
128 266 98905 4169206644
128 267 99076 4169206644
128 268 98870 4169206644
128 269 98928 4169206644
128 270 98891 4169206644
128 271 98990 4169206644
128 272 99005 4169206644
128 273 98924 4169206644
128 274 99006 4169206644
128 275 98870 4169206644
128 276 98927 4169206644
128 277 99100 4169206644
128 278 98913 4169206644
128 279 98875 4169206644
128 280 98889 4169206644
128 281 98852 4169206644
128 282 98966 4169206644
128 283 98833 4169206644
128 284 98890 4169206644
128 285 99207 4169206644
128 286 98811 4169206644
128 287 98981 4169206644
128 288 98869 4169206644
128 289 99006 4169206644
128 290 98906 4169206644
128 291 98695 4169206644
128 292 98962 4169206644
128 293 98925 4169206644
128 294 98866 4169206644
128 295 99000 4169206644
128 296 98829 4169206644
128 297 98849 4169206644
128 298 98848 4169206644
128 299 98695 4169206644
128 300 98965 4169206644
128 301 98907 4169206644
128 302 98967 4169206644
128 303 99007 4169206644
128 304 98851 4169206644
128 305 98985 4169206644
128 306 98907 4169206644
128 307 98714 4169206644
128 308 98964 4169206644
128 309 98910 4169206644
128 310 98831 4169206644
128 311 98949 4169206644
128 312 98913 4169206644
128 313 98851 4169206644
128 314 98810 4169206644
128 315 98695 4169206644
128 316 98889 4169206644
128 317 98967 4169206644
128 318 98870 4169206644
128 319 98972 4169206644
128 320 98928 4169206644
128 321 99005 4169206644
128 322 98974 4169206644
128 323 98889 4169206644
128 324 98951 4169206644
128 325 98930 4169206644
128 326 98926 4169206644
128 327 98832 4169206644
128 328 98905 4169206644
128 329 98891 4169206644
128 330 98751 4169206644
128 331 98790 4169206644
128 332 98982 4169206644
128 333 98925 4169206644
128 334 99040 4169206644
128 335 98961 4169206644
128 336 98866 4169206644
128 337 98809 4169206644
128 338 98872 4169206644
128 339 98968 4169206644
128 340 98831 4169206644
128 341 98905 4169206644
128 342 99001 4169206644
128 343 98927 4169206644
128 344 99004 4169206644
128 345 98942 4169206644
128 346 98695 4169206644
128 347 98970 4169206644
128 348 98891 4169206644
128 349 98908 4169206644
128 350 98868 4169206644
128 351 99045 4169206644
128 352 99009 4169206644
128 353 98969 4169206644
128 354 98695 4169206644
128 355 98868 4169206644
128 356 99006 4169206644
128 357 98988 4169206644
128 358 98888 4169206644
128 359 98929 4169206644
128 360 98873 4169206644
128 361 99010 4169206644
128 362 98733 4169206644
128 363 98850 4169206644
128 364 98849 4169206644
128 365 98930 4169206644
128 366 98911 4169206644
128 367 98911 4169206644
128 368 98811 4169206644
128 369 98890 4169206644
128 370 98963 4169206644
128 371 98904 4169206644
128 372 99000 4169206644
128 373 98869 4169206644
128 374 98905 4169206644
128 375 98886 4169206644
128 376 98829 4169206644
128 377 98752 4169206644
128 378 98905 4169206644
128 379 98887 4169206644
128 380 98869 4169206644
128 381 98886 4169206644
128 382 98944 4169206644
128 383 98964 4169206644
128 384 98943 4169206644
128 385 98695 4169206644
128 386 98946 4169206644
128 387 98926 4169206644
128 388 98908 4169206644
128 389 98904 4169206644
128 390 99181 4169206644
128 391 99086 4169206644
128 392 98948 4169206644
128 393 98695 4169206644
128 394 98946 4169206644
128 395 99005 4169206644
128 396 99023 4169206644
128 397 98950 4169206644
128 398 98890 4169206644
128 399 98851 4169206644
128 400 98909 4169206644
128 401 98733 4169206644
128 402 98773 4169206644
128 403 98963 4169206644
128 404 99004 4169206644
128 405 98914 4169206644
128 406 98888 4169206644
128 407 98829 4169206644
128 408 98811 4169206644
128 409 98790 4169206644
128 410 98928 4169206644
128 411 98999 4169206644
128 412 98865 4169206644
128 413 98867 4169206644
128 414 98929 4169206644
128 415 98964 4169206644
128 416 98831 4169206644
128 417 98889 4169206644
128 418 98926 4169206644
128 419 98907 4169206644
128 420 98965 4169206644
128 421 98829 4169206644
128 422 98983 4169206644
128 423 98906 4169206644
128 424 98925 4169206644
128 425 98889 4169206644
128 426 99005 4169206644
128 427 99083 4169206644
128 428 98926 4169206644
128 429 98809 4169206644
128 430 98930 4169206644
128 431 98971 4169206644
128 432 98950 4169206644
128 433 98855 4169206644
128 434 98927 4169206644
128 435 99008 4169206644
128 436 98967 4169206644
128 437 98928 4169206644
128 438 98968 4169206644
128 439 98932 4169206644
128 440 98988 4169206644
128 441 98928 4169206644
128 442 98838 4169206644
128 443 98904 4169206644
128 444 99197 4169206644
128 445 99031 4169206644
128 446 98850 4169206644
128 447 98868 4169206644
128 448 98985 4169206644
128 449 98924 4169206644
128 450 99063 4169206644
128 451 98966 4169206644
128 452 98926 4169206644
128 453 98789 4169206644
128 454 98830 4169206644
128 455 98904 4169206644
128 456 98908 4169206644
128 457 98849 4169206644
128 458 98848 4169206644
128 459 98988 4169206644
128 460 98850 4169206644
128 461 98907 4169206644
128 462 98869 4169206644
128 463 98890 4169206644
128 464 99100 4169206644
128 465 98890 4169206644
128 466 98947 4169206644
128 467 99078 4169206644
128 468 98985 4169206644
128 469 98948 4169206644
128 470 98949 4169206644
128 471 98966 4169206644
128 472 98910 4169206644
128 473 98945 4169206644
128 474 98967 4169206644
128 475 98873 4169206644
128 476 98934 4169206644
128 477 98872 4169206644
128 478 98965 4169206644
128 479 98987 4169206644
128 480 98989 4169206644
128 481 98904 4169206644
128 482 98967 4169206644
128 483 98885 4169206644
128 484 98848 4169206644
128 485 98885 4169206644
128 486 98848 4169206644
128 487 98967 4169206644
128 488 98906 4169206644
128 489 98848 4169206644
128 490 98943 4169206644
128 491 98904 4169206644
128 492 98772 4169206644
128 493 98733 4169206644
128 494 98812 4169206644
128 495 98850 4169206644
128 496 98886 4169206644
128 497 99021 4169206644
128 498 98983 4169206644
128 499 98987 4169206644
128 500 99076 4169206644
128 501 98695 4169206644
128 502 98869 4169206644
128 503 98942 4169206644
128 504 99003 4169206644
128 505 98831 4169206644
128 506 99045 4169206644
128 507 98927 4169206644
128 508 98928 4169206644
128 509 98695 4169206644
128 510 98870 4169206644
128 511 98973 4169206644
128 512 99026 4169206644
128 513 98792 4169206644
128 514 98931 4169206644
128 515 98853 4169206644
128 516 98992 4169206644
128 517 98752 4169206644
128 518 98968 4169206644
128 519 98875 4169206644
128 520 98972 4169206644
128 521 98872 4169206644
128 522 98774 4169206644
128 523 98912 4169206644
128 524 98967 4169206644
128 525 98829 4169206644
128 526 98887 4169206644
128 527 98792 4169206644
128 528 98888 4169206644
128 529 98771 4169206644
128 530 98908 4169206644
128 531 99027 4169206644
128 532 98794 4169206644
128 533 98905 4169206644
128 534 98904 4169206644
128 535 98963 4169206644
128 536 98905 4169206644
128 537 98926 4169206644
128 538 98885 4169206644
128 539 98850 4169206644
128 540 98695 4169206644
128 541 98985 4169206644
128 542 98946 4169206644
128 543 98985 4169206644
128 544 98888 4169206644
128 545 99042 4169206644
128 546 98964 4169206644
128 547 98965 4169206644
128 548 98695 4169206644
128 549 99123 4169206644
128 550 98910 4169206644
128 551 98947 4169206644
128 552 98892 4169206644
128 553 98974 4169206644
128 554 98928 4169206644
128 555 98928 4169206644
128 556 98695 4169206644
128 557 98933 4169206644
128 558 98948 4169206644
128 559 98907 4169206644
128 560 98927 4169206644
128 561 98875 4169206644
128 562 98832 4169206644
128 563 98955 4169206644
128 564 98830 4169206644
128 565 98944 4169206644
128 566 98909 4169206644
128 567 98891 4169206644
128 568 98810 4169206644
128 569 98849 4169206644
128 570 98905 4169206644
128 571 98951 4169206644
128 572 98945 4169206644
128 573 98982 4169206644
128 574 98886 4169206644
128 575 98984 4169206644
128 576 98735 4169206644
128 577 98905 4169206644
128 578 98790 4169206644
128 579 98985 4169206644
128 580 98867 4169206644
128 581 98989 4169206644
128 582 99080 4169206644
128 583 98773 4169206644
128 584 99001 4169206644
128 585 98946 4169206644
128 586 98945 4169206644
128 587 98847 4169206644
128 588 98931 4169206644
128 589 98890 4169206644
128 590 98969 4169206644
128 591 98969 4169206644
128 592 98950 4169206644
128 593 98951 4169206644
128 594 98965 4169206644
128 595 98915 4169206644
128 596 98850 4169206644
128 597 99081 4169206644
128 598 98853 4169206644
128 599 98934 4169206644
128 600 98927 4169206644
128 601 98925 4169206644
128 602 98953 4169206644
128 603 98831 4169206644
128 604 98870 4169206644
128 605 98925 4169206644
128 606 98891 4169206644
128 607 98889 4169206644
128 608 98866 4169206644
128 609 99003 4169206644
128 610 98867 4169206644
128 611 99025 4169206644
128 612 98886 4169206644
128 613 98848 4169206644
128 614 98811 4169206644
128 615 98828 4169206644
128 616 98985 4169206644
128 617 98925 4169206644
128 618 98925 4169206644
128 619 99022 4169206644
128 620 99105 4169206644
128 621 98911 4169206644
128 622 98830 4169206644
128 623 98910 4169206644
128 624 98813 4169206644
128 625 98869 4169206644
128 626 98872 4169206644
128 627 98891 4169206644
128 628 99047 4169206644
128 629 99034 4169206644
128 630 98966 4169206644
128 631 99082 4169206644
128 632 98948 4169206644
128 633 98871 4169206644
128 634 98891 4169206644
128 635 98851 4169206644
128 636 98773 4169206644
128 637 98909 4169206644
128 638 99026 4169206644
128 639 98930 4169206644
128 640 98810 4169206644
128 641 98928 4169206644
128 642 98836 4169206644
128 643 98848 4169206644
128 644 98903 4169206644
128 645 98866 4169206644
128 646 98903 4169206644
128 647 98868 4169206644
128 648 98733 4169206644
128 649 98829 4169206644
128 650 98924 4169206644
128 651 98964 4169206644
128 652 98887 4169206644
128 653 98869 4169206644
128 654 98828 4169206644
128 655 98925 4169206644
128 656 98695 4169206644
128 657 98925 4169206644
128 658 98907 4169206644
128 659 98908 4169206644
128 660 98930 4169206644
128 661 98888 4169206644
128 662 98872 4169206644
128 663 98847 4169206644
128 664 98695 4169206644
128 665 99066 4169206644
128 666 99046 4169206644
128 667 98868 4169206644
128 668 98906 4169206644
128 669 98929 4169206644
128 670 98965 4169206644
128 671 99024 4169206644
128 672 98714 4169206644
128 673 98872 4169206644
128 674 98992 4169206644
128 675 98991 4169206644
128 676 98942 4169206644
128 677 98994 4169206644
128 678 98852 4169206644
128 679 98914 4169206644
128 680 98850 4169206644
128 681 98892 4169206644
128 682 98869 4169206644
128 683 98907 4169206644
128 684 98885 4169206644
128 685 98866 4169206644
128 686 98831 4169206644
128 687 98752 4169206644
128 688 98923 4169206644
128 689 98945 4169206644
128 690 98981 4169206644
128 691 98908 4169206644
128 692 98980 4169206644
128 693 98905 4169206644
128 694 98907 4169206644
128 695 98695 4169206644
128 696 98986 4169206644
128 697 98828 4169206644
128 698 99038 4169206644
128 699 98847 4169206644
128 700 98849 4169206644
128 701 99046 4169206644
128 702 98945 4169206644
128 703 98695 4169206644
128 704 98949 4169206644
128 705 98987 4169206644
128 706 98908 4169206644
128 707 98930 4169206644
128 708 98928 4169206644
128 709 98891 4169206644
128 710 98989 4169206644
128 711 98695 4169206644
128 712 98909 4169206644
128 713 98892 4169206644
128 714 99047 4169206644
128 715 98928 4169206644
128 716 98852 4169206644
128 717 98893 4169206644
128 718 99006 4169206644
128 719 98793 4169206644
128 720 99029 4169206644
128 721 98967 4169206644
128 722 98925 4169206644
128 723 99029 4169206644
128 724 98925 4169206644
128 725 98944 4169206644
128 726 98831 4169206644
128 727 98847 4169206644
128 728 98908 4169206644
128 729 98891 4169206644
128 730 98872 4169206644
128 731 98927 4169206644
128 732 98929 4169206644
128 733 98943 4169206644
128 734 98732 4169206644
128 735 98944 4169206644
128 736 99042 4169206644
128 737 98980 4169206644
128 738 98984 4169206644
128 739 98906 4169206644
128 740 98926 4169206644
128 741 98926 4169206644
128 742 98695 4169206644
128 743 98907 4169206644
128 744 98852 4169206644
128 745 98910 4169206644
128 746 98812 4169206644
128 747 99004 4169206644
128 748 99007 4169206644
128 749 99026 4169206644
128 750 98695 4169206644
128 751 99012 4169206644
128 752 98928 4169206644
128 753 98987 4169206644
128 754 98985 4169206644
128 755 99008 4169206644
128 756 98868 4169206644
128 757 98953 4169206644
128 758 98754 4169206644
128 759 98830 4169206644
128 760 98812 4169206644
128 761 98889 4169206644
128 762 98965 4169206644
128 763 98833 4169206644
128 764 98850 4169206644
128 765 98926 4169206644
128 766 98849 4169206644
128 767 98967 4169206644
128 768 98830 4169206644
128 769 98872 4169206644
128 770 98867 4169206644
128 771 98850 4169206644
128 772 98887 4169206644
128 773 98905 4169206644
128 774 98961 4169206644
128 775 98982 4169206644
128 776 98908 4169206644
128 777 98961 4169206644
128 778 98868 4169206644
128 779 98947 4169206644
128 780 98868 4169206644
128 781 98945 4169206644
128 782 98868 4169206644
128 783 98909 4169206644
128 784 99007 4169206644
128 785 98871 4169206644
128 786 98906 4169206644
128 787 99025 4169206644
128 788 98870 4169206644
128 789 98893 4169206644
128 790 98910 4169206644
128 791 98947 4169206644
128 792 98931 4169206644
128 793 99065 4169206644
128 794 98871 4169206644
128 795 98889 4169206644
128 796 98812 4169206644
128 797 98945 4169206644
128 798 98836 4169206644
128 799 98886 4169206644
128 800 98986 4169206644
128 801 98944 4169206644
128 802 98988 4169206644
128 803 98855 4169206644
128 804 98949 4169206644
128 805 98869 4169206644
128 806 98943 4169206644
128 807 98811 4169206644
128 808 98966 4169206644
128 809 98982 4169206644
128 810 98962 4169206644
128 811 98714 4169206644
128 812 98984 4169206644
128 813 98848 4169206644
128 814 98888 4169206644
128 815 98966 4169206644
128 816 98907 4169206644
128 817 98848 4169206644
128 818 98886 4169206644
128 819 98695 4169206644
128 820 98908 4169206644
128 821 99006 4169206644
128 822 98927 4169206644
128 823 98984 4169206644
128 824 98986 4169206644
128 825 99080 4169206644
128 826 98928 4169206644
128 827 98714 4169206644
128 828 99008 4169206644
128 829 98948 4169206644
128 830 98946 4169206644
128 831 98968 4169206644
128 832 98873 4169206644
128 833 99026 4169206644
128 834 98947 4169206644
128 835 98812 4169206644
128 836 98914 4169206644
128 837 98875 4169206644
128 838 98906 4169206644
128 839 98851 4169206644
128 840 98909 4169206644
128 841 98913 4169206644
128 842 98809 4169206644
128 843 98829 4169206644
128 844 98893 4169206644
128 845 98925 4169206644
128 846 98888 4169206644
128 847 98866 4169206644
128 848 98962 4169206644
128 849 98966 4169206644
128 850 98814 4169206644
128 851 98904 4169206644
128 852 98943 4169206644
128 853 98964 4169206644
128 854 98967 4169206644
128 855 98809 4169206644
128 856 98962 4169206644
128 857 98828 4169206644
128 858 98695 4169206644
128 859 98886 4169206644
128 860 99153 4169206644
128 861 98966 4169206644
128 862 98965 4169206644
128 863 98945 4169206644
128 864 98949 4169206644
128 865 98891 4169206644
128 866 98695 4169206644
128 867 99023 4169206644
128 868 98989 4169206644
128 869 98925 4169206644
128 870 99062 4169206644
128 871 99067 4169206644
128 872 98849 4169206644
128 873 98908 4169206644
128 874 98695 4169206644
128 875 98945 4169206644
128 876 98989 4169206644
128 877 98909 4169206644
128 878 99048 4169206644
128 879 99085 4169206644
128 880 98872 4169206644
128 881 98908 4169206644
128 882 98772 4169206644
128 883 98792 4169206644
128 884 98926 4169206644
128 885 98952 4169206644
128 886 98849 4169206644
128 887 98848 4169206644
128 888 98946 4169206644
128 889 98885 4169206644
128 890 98966 4169206644
128 891 98868 4169206644
128 892 98942 4169206644
128 893 98923 4169206644
128 894 98907 4169206644
128 895 98907 4169206644
128 896 98945 4169206644
128 897 98734 4169206644
128 898 98944 4169206644
128 899 98984 4169206644
128 900 98906 4169206644
128 901 98946 4169206644
128 902 98910 4169206644
128 903 98793 4169206644
128 904 98926 4169206644
128 905 98695 4169206644
128 906 98906 4169206644
128 907 98945 4169206644
128 908 99020 4169206644
128 909 98889 4169206644
128 910 98928 4169206644
128 911 99062 4169206644
128 912 98988 4169206644
128 913 98695 4169206644
128 914 98888 4169206644
128 915 98928 4169206644
128 916 98945 4169206644
128 917 98968 4169206644
128 918 98890 4169206644
128 919 98929 4169206644
128 920 98847 4169206644
128 921 98733 4169206644
128 922 98909 4169206644
128 923 98926 4169206644
128 924 98871 4169206644
128 925 98849 4169206644
128 926 99025 4169206644
128 927 98828 4169206644
128 928 98906 4169206644
128 929 98866 4169206644
128 930 98905 4169206644
128 931 98809 4169206644
128 932 98949 4169206644
128 933 98927 4169206644
128 934 98848 4169206644
128 935 98831 4169206644
128 936 98889 4169206644
128 937 98812 4169206644
128 938 98904 4169206644
128 939 99000 4169206644
128 940 98946 4169206644
128 941 98925 4169206644
128 942 98811 4169206644
128 943 98928 4169206644
128 944 98984 4169206644
128 945 98948 4169206644
128 946 99008 4169206644
128 947 98831 4169206644
128 948 98964 4169206644
128 949 98852 4169206644
128 950 98968 4169206644
128 951 99028 4169206644
128 952 99049 4169206644
128 953 98871 4169206644
128 954 98873 4169206644
128 955 98910 4169206644
128 956 99006 4169206644
128 957 98947 4169206644
128 958 98952 4169206644
128 959 98925 4169206644
128 960 98939 4169206644
128 961 98986 4169206644
128 962 98828 4169206644
128 963 98925 4169206644
128 964 98872 4169206644
128 965 98927 4169206644
128 966 99002 4169206644
128 967 98985 4169206644
128 968 98850 4169206644
128 969 99053 4169206644
128 970 98852 4169206644
128 971 98868 4169206644
128 972 99021 4169206644
128 973 98866 4169206644
128 974 98905 4169206644
128 975 99002 4169206644
128 976 98830 4169206644
128 977 98848 4169206644
128 978 98868 4169206644
128 979 99041 4169206644
128 980 98945 4169206644
128 981 99006 4169206644
128 982 98868 4169206644
128 983 98927 4169206644
128 984 99024 4169206644
128 985 98869 4169206644
128 986 99025 4169206644
128 987 98985 4169206644
128 988 98987 4169206644
128 989 98870 4169206644
128 990 98889 4169206644
128 991 98910 4169206644
128 992 98837 4169206644
128 993 98794 4169206644
128 994 98891 4169206644
128 995 98961 4169206644
128 996 98892 4169206644
128 997 98829 4169206644
128 998 98933 4169206644
128 999 98855 4169206644
