256 0 4186 4242606964
256 1 4183 4242606964
256 2 4156 4242606964
256 3 4146 4242606964
256 4 4136 4242606964
256 5 4130 4242606964
256 6 4130 4242606964
256 7 4130 4242606964
256 8 4130 4242606964
256 9 4130 4242606964
256 10 4130 4242606964
256 11 4130 4242606964
256 12 4130 4242606964
256 13 4130 4242606964
256 14 4130 4242606964
256 15 4130 4242606964
256 16 4130 4242606964
256 17 4130 4242606964
256 18 4130 4242606964
256 19 4130 4242606964
256 20 4130 4242606964
256 21 4130 4242606964
256 22 4153 4242606964
256 23 4130 4242606964
256 24 4130 4242606964
256 25 4130 4242606964
256 26 4130 4242606964
256 27 4156 4242606964
256 28 4130 4242606964
256 29 4130 4242606964
256 30 4130 4242606964
256 31 4130 4242606964
256 32 4130 4242606964
256 33 4130 4242606964
256 34 4130 4242606964
256 35 4130 4242606964
256 36 4130 4242606964
256 37 4130 4242606964
256 38 4130 4242606964
256 39 4130 4242606964
256 40 4130 4242606964
256 41 4130 4242606964
256 42 4130 4242606964
256 43 4130 4242606964
256 44 4130 4242606964
256 45 4130 4242606964
256 46 4130 4242606964
256 47 4130 4242606964
256 48 4130 4242606964
256 49 4130 4242606964
256 50 4130 4242606964
256 51 4152 4242606964
256 52 4130 4242606964
256 53 4130 4242606964
256 54 4130 4242606964
256 55 4130 4242606964
256 56 4130 4242606964
256 57 4130 4242606964
256 58 4130 4242606964
256 59 4130 4242606964
256 60 4130 4242606964
256 61 4130 4242606964
256 62 4130 4242606964
256 63 4130 4242606964
256 64 4130 4242606964
256 65 4130 4242606964
256 66 4130 4242606964
256 67 4130 4242606964
256 68 4130 4242606964
256 69 4130 4242606964
256 70 4130 4242606964
256 71 4130 4242606964
256 72 4130 4242606964
256 73 4130 4242606964
256 74 4130 4242606964
256 75 4130 4242606964
256 76 4130 4242606964
256 77 4130 4242606964
256 78 4130 4242606964
256 79 4130 4242606964
256 80 4130 4242606964
256 81 4130 4242606964
256 82 4130 4242606964
256 83 4130 4242606964
256 84 4159 4242606964
256 85 4130 4242606964
256 86 4130 4242606964
256 87 4130 4242606964
256 88 4130 4242606964
256 89 4130 4242606964
256 90 4130 4242606964
256 91 4130 4242606964
256 92 4130 4242606964
256 93 4130 4242606964
256 94 4130 4242606964
256 95 4130 4242606964
256 96 4130 4242606964
256 97 4130 4242606964
256 98 4130 4242606964
256 99 4130 4242606964
256 100 4130 4242606964
256 101 4130 4242606964
256 102 4130 4242606964
256 103 4130 4242606964
256 104 4130 4242606964
256 105 4130 4242606964
256 106 4130 4242606964
256 107 4130 4242606964
256 108 4130 4242606964
256 109 4130 4242606964
256 110 4130 4242606964
256 111 4130 4242606964
256 112 4130 4242606964
256 113 4130 4242606964
256 114 4130 4242606964
256 115 4130 4242606964
256 116 4130 4242606964
256 117 4130 4242606964
256 118 4130 4242606964
256 119 4130 4242606964
256 120 4159 4242606964
256 121 4130 4242606964
256 122 4130 4242606964
256 123 4130 4242606964
256 124 4130 4242606964
256 125 4130 4242606964
256 126 4130 4242606964
256 127 4130 4242606964
256 128 4130 4242606964
256 129 4130 4242606964
256 130 4130 4242606964
256 131 4130 4242606964
256 132 4130 4242606964
256 133 4130 4242606964
256 134 4130 4242606964
256 135 4130 4242606964
256 136 4130 4242606964
256 137 4153 4242606964
256 138 4130 4242606964
256 139 4130 4242606964
256 140 4130 4242606964
256 141 4130 4242606964
256 142 4130 4242606964
256 143 4130 4242606964
256 144 4130 4242606964
256 145 4130 4242606964
256 146 4130 4242606964
256 147 4130 4242606964
256 148 4130 4242606964
256 149 4130 4242606964
256 150 4130 4242606964
256 151 4130 4242606964
256 152 4130 4242606964
256 153 4130 4242606964
256 154 4130 4242606964
256 155 4130 4242606964
256 156 4130 4242606964
256 157 4130 4242606964
256 158 4130 4242606964
256 159 4130 4242606964
256 160 4130 4242606964
256 161 4130 4242606964
256 162 4130 4242606964
256 163 4130 4242606964
256 164 4130 4242606964
256 165 4130 4242606964
256 166 4130 4242606964
256 167 4130 4242606964
256 168 4130 4242606964
256 169 4130 4242606964
256 170 4130 4242606964
256 171 4159 4242606964
256 172 4130 4242606964
256 173 4130 4242606964
256 174 4130 4242606964
256 175 4130 4242606964
256 176 4130 4242606964
256 177 4130 4242606964
256 178 4130 4242606964
256 179 4130 4242606964
256 180 4130 4242606964
256 181 4130 4242606964
256 182 4130 4242606964
256 183 4130 4242606964
256 184 4153 4242606964
256 185 4130 4242606964
256 186 4130 4242606964
256 187 4130 4242606964
256 188 4130 4242606964
256 189 4130 4242606964
256 190 4130 4242606964
256 191 4130 4242606964
256 192 4130 4242606964
256 193 4130 4242606964
256 194 4130 4242606964
256 195 4130 4242606964
256 196 4130 4242606964
256 197 4130 4242606964
256 198 4130 4242606964
256 199 4130 4242606964
256 200 4130 4242606964
256 201 4130 4242606964
256 202 4130 4242606964
256 203 4130 4242606964
256 204 4130 4242606964
256 205 4161 4242606964
256 206 4130 4242606964
256 207 4130 4242606964
256 208 4130 4242606964
256 209 4130 4242606964
256 210 4130 4242606964
256 211 4130 4242606964
256 212 4130 4242606964
256 213 4130 4242606964
256 214 4130 4242606964
256 215 4130 4242606964
256 216 4130 4242606964
256 217 4130 4242606964
256 218 4163 4242606964
256 219 4130 4242606964
256 220 4130 4242606964
256 221 4130 4242606964
256 222 4130 4242606964
256 223 4130 4242606964
256 224 4130 4242606964
256 225 4130 4242606964
256 226 4130 4242606964
256 227 4130 4242606964
256 228 4130 4242606964
256 229 4130 4242606964
256 230 4130 4242606964
256 231 4130 4242606964
256 232 4130 4242606964
256 233 4130 4242606964
256 234 4130 4242606964
256 235 4130 4242606964
256 236 4130 4242606964
256 237 4130 4242606964
256 238 4130 4242606964
256 239 4130 4242606964
256 240 4130 4242606964
256 241 4130 4242606964
256 242 4130 4242606964
256 243 4130 4242606964
256 244 4130 4242606964
256 245 4130 4242606964
256 246 4130 4242606964
256 247 4130 4242606964
256 248 4130 4242606964
256 249 4130 4242606964
256 250 4130 4242606964
256 251 4130 4242606964
256 252 4130 4242606964
256 253 4130 4242606964
256 254 4130 4242606964
256 255 4130 4242606964
256 256 4130 4242606964
256 257 4130 4242606964
256 258 4130 4242606964
256 259 4130 4242606964
256 260 4130 4242606964
256 261 4130 4242606964
256 262 4130 4242606964
256 263 4130 4242606964
256 264 4130 4242606964
256 265 4130 4242606964
256 266 4130 4242606964
256 267 4130 4242606964
256 268 4130 4242606964
256 269 4158 4242606964
256 270 4130 4242606964
256 271 4130 4242606964
256 272 4130 4242606964
256 273 4130 4242606964
256 274 4130 4242606964
256 275 4130 4242606964
256 276 4130 4242606964
256 277 4130 4242606964
256 278 4130 4242606964
256 279 4130 4242606964
256 280 4130 4242606964
256 281 4130 4242606964
256 282 4153 4242606964
256 283 4130 4242606964
256 284 4130 4242606964
256 285 4130 4242606964
256 286 4130 4242606964
256 287 4130 4242606964
256 288 4130 4242606964
256 289 4130 4242606964
256 290 4130 4242606964
256 291 4130 4242606964
256 292 4130 4242606964
256 293 4130 4242606964
256 294 4130 4242606964
256 295 4130 4242606964
256 296 4130 4242606964
256 297 4130 4242606964
256 298 4130 4242606964
256 299 4130 4242606964
256 300 4130 4242606964
256 301 4130 4242606964
256 302 4130 4242606964
256 303 4159 4242606964
256 304 4130 4242606964
256 305 4130 4242606964
256 306 4130 4242606964
256 307 4130 4242606964
256 308 4130 4242606964
256 309 4130 4242606964
256 310 4130 4242606964
256 311 4130 4242606964
256 312 4130 4242606964
256 313 4130 4242606964
256 314 4130 4242606964
256 315 4130 4242606964
256 316 4159 4242606964
256 317 4130 4242606964
256 318 4130 4242606964
256 319 4130 4242606964
256 320 4130 4242606964
256 321 4130 4242606964
256 322 4130 4242606964
256 323 4130 4242606964
256 324 4130 4242606964
256 325 4130 4242606964
256 326 4130 4242606964
256 327 4130 4242606964
256 328 4130 4242606964
256 329 4130 4242606964
256 330 4130 4242606964
256 331 4130 4242606964
256 332 4130 4242606964
256 333 4130 4242606964
256 334 4130 4242606964
256 335 4130 4242606964
256 336 4130 4242606964
256 337 4159 4242606964
256 338 4130 4242606964
256 339 4130 4242606964
256 340 4130 4242606964
256 341 4130 4242606964
256 342 4130 4242606964
256 343 4130 4242606964
256 344 4130 4242606964
256 345 4130 4242606964
256 346 4130 4242606964
256 347 4130 4242606964
256 348 4130 4242606964
256 349 4130 4242606964
256 350 4159 4242606964
256 351 4130 4242606964
256 352 4130 4242606964
256 353 4130 4242606964
256 354 4130 4242606964
256 355 4130 4242606964
256 356 4130 4242606964
256 357 4130 4242606964
256 358 4130 4242606964
256 359 4130 4242606964
256 360 4130 4242606964
256 361 4130 4242606964
256 362 4130 4242606964
256 363 4130 4242606964
256 364 4130 4242606964
256 365 4130 4242606964
256 366 4130 4242606964
256 367 4148 4242606964
256 368 4130 4242606964
256 369 4130 4242606964
256 370 4130 4242606964
256 371 4130 4242606964
256 372 4130 4242606964
256 373 4130 4242606964
256 374 4130 4242606964
256 375 4130 4242606964
256 376 4130 4242606964
256 377 4130 4242606964
256 378 4130 4242606964
256 379 4130 4242606964
256 380 4130 4242606964
256 381 4130 4242606964
256 382 4130 4242606964
256 383 4130 4242606964
256 384 4130 4242606964
256 385 4130 4242606964
256 386 4130 4242606964
256 387 4130 4242606964
256 388 4130 4242606964
256 389 4130 4242606964
256 390 4130 4242606964
256 391 4130 4242606964
256 392 4130 4242606964
256 393 4130 4242606964
256 394 4130 4242606964
256 395 4130 4242606964
256 396 4130 4242606964
256 397 4130 4242606964
256 398 4130 4242606964
256 399 4130 4242606964
256 400 4130 4242606964
256 401 4159 4242606964
256 402 4130 4242606964
256 403 4130 4242606964
256 404 4130 4242606964
256 405 4130 4242606964
256 406 4130 4242606964
256 407 4130 4242606964
256 408 4130 4242606964
256 409 4130 4242606964
256 410 4130 4242606964
256 411 4130 4242606964
256 412 4130 4242606964
256 413 4130 4242606964
256 414 4153 4242606964
256 415 4130 4242606964
256 416 4130 4242606964
256 417 4130 4242606964
256 418 4130 4242606964
256 419 4130 4242606964
256 420 4130 4242606964
256 421 4130 4242606964
256 422 4130 4242606964
256 423 4130 4242606964
256 424 4130 4242606964
256 425 4130 4242606964
256 426 4130 4242606964
256 427 4130 4242606964
256 428 4130 4242606964
256 429 4130 4242606964
256 430 4130 4242606964
256 431 4130 4242606964
256 432 4130 4242606964
256 433 4130 4242606964
256 434 4130 4242606964
256 435 4159 4242606964
256 436 4130 4242606964
256 437 4130 4242606964
256 438 4130 4242606964
256 439 4130 4242606964
256 440 4130 4242606964
256 441 4130 4242606964
256 442 4130 4242606964
256 443 4130 4242606964
256 444 4130 4242606964
256 445 4130 4242606964
256 446 4130 4242606964
256 447 4130 4242606964
256 448 4161 4242606964
256 449 4130 4242606964
256 450 4130 4242606964
256 451 4130 4242606964
256 452 4130 4242606964
256 453 4130 4242606964
256 454 4130 4242606964
256 455 4130 4242606964
256 456 4130 4242606964
256 457 4130 4242606964
256 458 4130 4242606964
256 459 4130 4242606964
256 460 4130 4242606964
256 461 4130 4242606964
256 462 4130 4242606964
256 463 4130 4242606964
256 464 4130 4242606964
256 465 4130 4242606964
256 466 4130 4242606964
256 467 4130 4242606964
256 468 4130 4242606964
256 469 4130 4242606964
256 470 4130 4242606964
256 471 4130 4242606964
256 472 4130 4242606964
256 473 4130 4242606964
256 474 4130 4242606964
256 475 4130 4242606964
256 476 4130 4242606964
256 477 4130 4242606964
256 478 4130 4242606964
256 479 4130 4242606964
256 480 4130 4242606964
256 481 4130 4242606964
256 482 4159 4242606964
256 483 4130 4242606964
256 484 4130 4242606964
256 485 4130 4242606964
256 486 4130 4242606964
256 487 4130 4242606964
256 488 4130 4242606964
256 489 4130 4242606964
256 490 4130 4242606964
256 491 4130 4242606964
256 492 4130 4242606964
256 493 4130 4242606964
256 494 4130 4242606964
256 495 4130 4242606964
256 496 4130 4242606964
256 497 4130 4242606964
256 498 4130 4242606964
256 499 4152 4242606964
256 500 4130 4242606964
256 501 4130 4242606964
256 502 4130 4242606964
256 503 4130 4242606964
256 504 4130 4242606964
256 505 4130 4242606964
256 506 4130 4242606964
256 507 4130 4242606964
256 508 4130 4242606964
256 509 4130 4242606964
256 510 4130 4242606964
256 511 4130 4242606964
256 512 4130 4242606964
256 513 4129 4242606964
256 514 4130 4242606964
256 515 4130 4242606964
256 516 4130 4242606964
256 517 4130 4242606964
256 518 4130 4242606964
256 519 4130 4242606964
256 520 4130 4242606964
256 521 4130 4242606964
256 522 4130 4242606964
256 523 4130 4242606964
256 524 4130 4242606964
256 525 4130 4242606964
256 526 4130 4242606964
256 527 4130 4242606964
256 528 4130 4242606964
256 529 4130 4242606964
256 530 4130 4242606964
256 531 4130 4242606964
256 532 4130 4242606964
256 533 4159 4242606964
256 534 4130 4242606964
256 535 4130 4242606964
256 536 4130 4242606964
256 537 4130 4242606964
256 538 4130 4242606964
256 539 4130 4242606964
256 540 4130 4242606964
256 541 4130 4242606964
256 542 4130 4242606964
256 543 4130 4242606964
256 544 4130 4242606964
256 545 4130 4242606964
256 546 4159 4242606964
256 547 4130 4242606964
256 548 4130 4242606964
256 549 4130 4242606964
256 550 4130 4242606964
256 551 4130 4242606964
256 552 4130 4242606964
256 553 4130 4242606964
256 554 4130 4242606964
256 555 4130 4242606964
256 556 4130 4242606964
256 557 4130 4242606964
256 558 4130 4242606964
256 559 4130 4242606964
256 560 4130 4242606964
256 561 4130 4242606964
256 562 4130 4242606964
256 563 4130 4242606964
256 564 4130 4242606964
256 565 4130 4242606964
256 566 4130 4242606964
256 567 4158 4242606964
256 568 4130 4242606964
256 569 4130 4242606964
256 570 4130 4242606964
256 571 4130 4242606964
256 572 4130 4242606964
256 573 4130 4242606964
256 574 4130 4242606964
256 575 4130 4242606964
256 576 4130 4242606964
256 577 4130 4242606964
256 578 4130 4242606964
256 579 4130 4242606964
256 580 4159 4242606964
256 581 4130 4242606964
256 582 4130 4242606964
256 583 4130 4242606964
256 584 4130 4242606964
256 585 4130 4242606964
256 586 4130 4242606964
256 587 4130 4242606964
256 588 4130 4242606964
256 589 4130 4242606964
256 590 4130 4242606964
256 591 4130 4242606964
256 592 4130 4242606964
256 593 4130 4242606964
256 594 4130 4242606964
256 595 4130 4242606964
256 596 4130 4242606964
256 597 4130 4242606964
256 598 4130 4242606964
256 599 4130 4242606964
256 600 4130 4242606964
256 601 4130 4242606964
256 602 4130 4242606964
256 603 4130 4242606964
256 604 4130 4242606964
256 605 4130 4242606964
256 606 4130 4242606964
256 607 4130 4242606964
256 608 4130 4242606964
256 609 4130 4242606964
256 610 4130 4242606964
256 611 4130 4242606964
256 612 4130 4242606964
256 613 4130 4242606964
256 614 4130 4242606964
256 615 4130 4242606964
256 616 4130 4242606964
256 617 4130 4242606964
256 618 4130 4242606964
256 619 4130 4242606964
256 620 4130 4242606964
256 621 4130 4242606964
256 622 4130 4242606964
256 623 4130 4242606964
256 624 4130 4242606964
256 625 4130 4242606964
256 626 4130 4242606964
256 627 4130 4242606964
256 628 4130 4242606964
256 629 4130 4242606964
256 630 4130 4242606964
256 631 4158 4242606964
256 632 4130 4242606964
256 633 4130 4242606964
256 634 4130 4242606964
256 635 4130 4242606964
256 636 4130 4242606964
256 637 4130 4242606964
256 638 4130 4242606964
256 639 4130 4242606964
256 640 4130 4242606964
256 641 4130 4242606964
256 642 4130 4242606964
256 643 4130 4242606964
256 644 4151 4242606964
256 645 4130 4242606964
256 646 4130 4242606964
256 647 4130 4242606964
256 648 4130 4242606964
256 649 4130 4242606964
256 650 4130 4242606964
256 651 4130 4242606964
256 652 4130 4242606964
256 653 4130 4242606964
256 654 4130 4242606964
256 655 4130 4242606964
256 656 4130 4242606964
256 657 4130 4242606964
256 658 4130 4242606964
256 659 4130 4242606964
256 660 4130 4242606964
256 661 4130 4242606964
256 662 4130 4242606964
256 663 4130 4242606964
256 664 4130 4242606964
256 665 4159 4242606964
256 666 4130 4242606964
256 667 4130 4242606964
256 668 4130 4242606964
256 669 4130 4242606964
256 670 4130 4242606964
256 671 4130 4242606964
256 672 4130 4242606964
256 673 4130 4242606964
256 674 4130 4242606964
256 675 4130 4242606964
256 676 4130 4242606964
256 677 4130 4242606964
256 678 4159 4242606964
256 679 4130 4242606964
256 680 4130 4242606964
256 681 4130 4242606964
256 682 4130 4242606964
256 683 4130 4242606964
256 684 4130 4242606964
256 685 4130 4242606964
256 686 4130 4242606964
256 687 4130 4242606964
256 688 4136 4242606964
256 689 4130 4242606964
256 690 4130 4242606964
256 691 4130 4242606964
256 692 4130 4242606964
256 693 4130 4242606964
256 694 4130 4242606964
256 695 4130 4242606964
256 696 4130 4242606964
256 697 4130 4242606964
256 698 4130 4242606964
256 699 4130 4242606964
256 700 4130 4242606964
256 701 4130 4242606964
256 702 4130 4242606964
256 703 4130 4242606964
256 704 4130 4242606964
256 705 4130 4242606964
256 706 4130 4242606964
256 707 4130 4242606964
256 708 4130 4242606964
256 709 4130 4242606964
256 710 4130 4242606964
256 711 4130 4242606964
256 712 4159 4242606964
256 713 4130 4242606964
256 714 4130 4242606964
256 715 4130 4242606964
256 716 4130 4242606964
256 717 4130 4242606964
256 718 4130 4242606964
256 719 4130 4242606964
256 720 4130 4242606964
256 721 4130 4242606964
256 722 4130 4242606964
256 723 4130 4242606964
256 724 4130 4242606964
256 725 4130 4242606964
256 726 4130 4242606964
256 727 4130 4242606964
256 728 4130 4242606964
256 729 4152 4242606964
256 730 4130 4242606964
256 731 4130 4242606964
256 732 4130 4242606964
256 733 4130 4242606964
256 734 4130 4242606964
256 735 4130 4242606964
256 736 4130 4242606964
256 737 4130 4242606964
256 738 4130 4242606964
256 739 4130 4242606964
256 740 4130 4242606964
256 741 4130 4242606964
256 742 4130 4242606964
256 743 4130 4242606964
256 744 4130 4242606964
256 745 4130 4242606964
256 746 4130 4242606964
256 747 4130 4242606964
256 748 4130 4242606964
256 749 4130 4242606964
256 750 4130 4242606964
256 751 4130 4242606964
256 752 4130 4242606964
256 753 4130 4242606964
256 754 4130 4242606964
256 755 4130 4242606964
256 756 4130 4242606964
256 757 4130 4242606964
256 758 4130 4242606964
256 759 4130 4242606964
256 760 4130 4242606964
256 761 4130 4242606964
256 762 4130 4242606964
256 763 4159 4242606964
256 764 4130 4242606964
256 765 4130 4242606964
256 766 4130 4242606964
256 767 4130 4242606964
256 768 4130 4242606964
256 769 4130 4242606964
256 770 4130 4242606964
256 771 4130 4242606964
256 772 4130 4242606964
256 773 4130 4242606964
256 774 4130 4242606964
256 775 4130 4242606964
256 776 4154 4242606964
256 777 4130 4242606964
256 778 4130 4242606964
256 779 4130 4242606964
256 780 4130 4242606964
256 781 4130 4242606964
256 782 4130 4242606964
256 783 4130 4242606964
256 784 4130 4242606964
256 785 4130 4242606964
256 786 4130 4242606964
256 787 4130 4242606964
256 788 4130 4242606964
256 789 4130 4242606964
256 790 4130 4242606964
256 791 4130 4242606964
256 792 4130 4242606964
256 793 4130 4242606964
256 794 4130 4242606964
256 795 4130 4242606964
256 796 4130 4242606964
256 797 4159 4242606964
256 798 4130 4242606964
256 799 4130 4242606964
256 800 4130 4242606964
256 801 4130 4242606964
256 802 4130 4242606964
256 803 4130 4242606964
256 804 4130 4242606964
256 805 4130 4242606964
256 806 4130 4242606964
256 807 4130 4242606964
256 808 4130 4242606964
256 809 4130 4242606964
256 810 4161 4242606964
256 811 4130 4242606964
256 812 4130 4242606964
256 813 4130 4242606964
256 814 4130 4242606964
256 815 4130 4242606964
256 816 4130 4242606964
256 817 4130 4242606964
256 818 4130 4242606964
256 819 4130 4242606964
256 820 4130 4242606964
256 821 4130 4242606964
256 822 4130 4242606964
256 823 4130 4242606964
256 824 4130 4242606964
256 825 4130 4242606964
256 826 4130 4242606964
256 827 4130 4242606964
256 828 4130 4242606964
256 829 4130 4242606964
256 830 4130 4242606964
256 831 4130 4242606964
256 832 4130 4242606964
256 833 4130 4242606964
256 834 4130 4242606964
256 835 4130 4242606964
256 836 4130 4242606964
256 837 4130 4242606964
256 838 4130 4242606964
256 839 4130 4242606964
256 840 4130 4242606964
256 841 4130 4242606964
256 842 4130 4242606964
256 843 4130 4242606964
256 844 4130 4242606964
256 845 4130 4242606964
256 846 4130 4242606964
256 847 4130 4242606964
256 848 4130 4242606964
256 849 4130 4242606964
256 850 4130 4242606964
256 851 4130 4242606964
256 852 4130 4242606964
256 853 4130 4242606964
256 854 4130 4242606964
256 855 4130 4242606964
256 856 4130 4242606964
256 857 4130 4242606964
256 858 4130 4242606964
256 859 4130 4242606964
256 860 4130 4242606964
256 861 4152 4242606964
256 862 4130 4242606964
256 863 4130 4242606964
256 864 4130 4242606964
256 865 4130 4242606964
256 866 4130 4242606964
256 867 4130 4242606964
256 868 4130 4242606964
256 869 4130 4242606964
256 870 4130 4242606964
256 871 4130 4242606964
256 872 4130 4242606964
256 873 4130 4242606964
256 874 4153 4242606964
256 875 4130 4242606964
256 876 4130 4242606964
256 877 4130 4242606964
256 878 4130 4242606964
256 879 4130 4242606964
256 880 4130 4242606964
256 881 4130 4242606964
256 882 4130 4242606964
256 883 4130 4242606964
256 884 4130 4242606964
256 885 4130 4242606964
256 886 4130 4242606964
256 887 4130 4242606964
256 888 4130 4242606964
256 889 4130 4242606964
256 890 4130 4242606964
256 891 4130 4242606964
256 892 4130 4242606964
256 893 4130 4242606964
256 894 4130 4242606964
256 895 4159 4242606964
256 896 4130 4242606964
256 897 4130 4242606964
256 898 4130 4242606964
256 899 4130 4242606964
256 900 4130 4242606964
256 901 4130 4242606964
256 902 4130 4242606964
256 903 4130 4242606964
256 904 4130 4242606964
256 905 4130 4242606964
256 906 4130 4242606964
256 907 4130 4242606964
256 908 4159 4242606964
256 909 4130 4242606964
256 910 4130 4242606964
256 911 4130 4242606964
256 912 4130 4242606964
256 913 4130 4242606964
256 914 4130 4242606964
256 915 4130 4242606964
256 916 4130 4242606964
256 917 4130 4242606964
256 918 4130 4242606964
256 919 4130 4242606964
256 920 4130 4242606964
256 921 4130 4242606964
256 922 4130 4242606964
256 923 4130 4242606964
256 924 4130 4242606964
256 925 4130 4242606964
256 926 4130 4242606964
256 927 4130 4242606964
256 928 4130 4242606964
256 929 4158 4242606964
256 930 4130 4242606964
256 931 4130 4242606964
256 932 4130 4242606964
256 933 4130 4242606964
256 934 4130 4242606964
256 935 4130 4242606964
256 936 4130 4242606964
256 937 4130 4242606964
256 938 4130 4242606964
256 939 4130 4242606964
256 940 4130 4242606964
256 941 4130 4242606964
256 942 4159 4242606964
256 943 4130 4242606964
256 944 4130 4242606964
256 945 4130 4242606964
256 946 4130 4242606964
256 947 4130 4242606964
256 948 4130 4242606964
256 949 4130 4242606964
256 950 4130 4242606964
256 951 4130 4242606964
256 952 4130 4242606964
256 953 4130 4242606964
256 954 4130 4242606964
256 955 4130 4242606964
256 956 4130 4242606964
256 957 4130 4242606964
256 958 4130 4242606964
256 959 4152 4242606964
256 960 4130 4242606964
256 961 4130 4242606964
256 962 4130 4242606964
256 963 4130 4242606964
256 964 4130 4242606964
256 965 4130 4242606964
256 966 4130 4242606964
256 967 4130 4242606964
256 968 4130 4242606964
256 969 4130 4242606964
256 970 4130 4242606964
256 971 4130 4242606964
256 972 4130 4242606964
256 973 4130 4242606964
256 974 4130 4242606964
256 975 4130 4242606964
256 976 4130 4242606964
256 977 4130 4242606964
256 978 4130 4242606964
256 979 4130 4242606964
256 980 4130 4242606964
256 981 4130 4242606964
256 982 4130 4242606964
256 983 4130 4242606964
256 984 4130 4242606964
256 985 4130 4242606964
256 986 4130 4242606964
256 987 4130 4242606964
256 988 4130 4242606964
256 989 4130 4242606964
256 990 4130 4242606964
256 991 4130 4242606964
256 992 4130 4242606964
256 993 4159 4242606964
256 994 4130 4242606964
256 995 4130 4242606964
256 996 4130 4242606964
256 997 4130 4242606964
256 998 4130 4242606964
256 999 4130 4242606964
