64 0 24779 4160031629
64 1 24794 4160031609
64 2 24775 4160031604
64 3 24775 4160031604
64 4 24794 4160031604
64 5 24775 4160031604
64 6 24818 4160031604
64 7 24794 4160031604
64 8 24775 4160031604
64 9 24795 4160031604
64 10 24814 4160031604
64 11 24813 4160031604
64 12 24813 4160031604
64 13 24775 4160031604
64 14 24813 4160031604
64 15 24837 4160031604
64 16 24794 4160031604
64 17 24775 4160031604
64 18 24832 4160031604
64 19 24775 4160031604
64 20 24775 4160031604
64 21 24775 4160031604
64 22 24775 4160031604
64 23 24813 4160031604
64 24 24775 4160031604
64 25 24794 4160031604
64 26 24813 4160031604
64 27 24775 4160031604
64 28 24775 4160031604
64 29 24813 4160031604
64 30 24794 4160031604
64 31 24775 4160031604
64 32 24775 4160031604
64 33 24797 4160031604
64 34 24813 4160031604
64 35 24775 4160031604
64 36 24775 4160031604
64 37 24832 4160031604
64 38 24774 4160031604
64 39 24813 4160031604
64 40 24775 4160031604
64 41 24775 4160031604
64 42 24794 4160031604
64 43 24834 4160031604
64 44 24813 4160031604
64 45 24775 4160031604
64 46 24796 4160031604
64 47 24794 4160031604
64 48 24775 4160031604
64 49 24775 4160031604
64 50 24794 4160031604
64 51 24813 4160031604
64 52 24775 4160031604
64 53 24775 4160031604
64 54 24775 4160031604
64 55 24794 4160031604
64 56 24796 4160031604
64 57 24794 4160031604
64 58 24794 4160031604
64 59 24775 4160031604
64 60 24775 4160031604
64 61 24775 4160031604
64 62 24794 4160031604
64 63 24832 4160031604
64 64 24794 4160031604
64 65 24775 4160031604
64 66 24813 4160031604
64 67 24813 4160031604
64 68 24775 4160031604
64 69 24775 4160031604
64 70 24815 4160031604
64 71 24775 4160031604
64 72 24794 4160031604
64 73 24775 4160031604
64 74 24775 4160031604
64 75 24775 4160031604
64 76 24818 4160031604
64 77 24794 4160031604
64 78 24794 4160031604
64 79 24794 4160031604
64 80 24793 4160031604
64 81 24832 4160031604
64 82 24775 4160031604
64 83 24832 4160031604
64 84 24832 4160031604
64 85 24794 4160031604
64 86 24774 4160031604
64 87 24794 4160031604
64 88 24794 4160031604
64 89 24796 4160031604
64 90 24794 4160031604
64 91 24794 4160031604
64 92 24775 4160031604
64 93 24794 4160031604
64 94 24775 4160031604
64 95 24813 4160031604
64 96 24813 4160031604
64 97 24775 4160031604
64 98 24794 4160031604
64 99 24851 4160031604
64 100 24775 4160031604
64 101 24794 4160031604
64 102 24794 4160031604
64 103 24813 4160031604
64 104 24814 4160031604
64 105 24794 4160031604
64 106 24851 4160031604
64 107 24833 4160031604
64 108 24813 4160031604
64 109 24794 4160031604
64 110 24813 4160031604
64 111 24794 4160031604
64 112 24813 4160031604
64 113 24794 4160031604
64 114 24775 4160031604
64 115 24813 4160031604
64 116 24775 4160031604
64 117 24775 4160031604
64 118 24813 4160031604
64 119 24794 4160031604
64 120 24775 4160031604
64 121 24813 4160031604
64 122 24794 4160031604
64 123 24794 4160031604
64 124 24794 4160031604
64 125 24813 4160031604
64 126 24775 4160031604
64 127 24775 4160031604
64 128 24813 4160031604
64 129 24775 4160031604
64 130 24775 4160031604
64 131 24794 4160031604
64 132 24774 4160031604
64 133 24775 4160031604
64 134 24775 4160031604
64 135 24775 4160031604
64 136 24813 4160031604
64 137 24775 4160031604
64 138 24797 4160031604
64 139 24794 4160031604
64 140 24775 4160031604
64 141 24813 4160031604
64 142 24815 4160031604
64 143 24775 4160031604
64 144 24832 4160031604
64 145 24813 4160031604
64 146 24775 4160031604
64 147 24794 4160031604
64 148 24775 4160031604
64 149 24775 4160031604
64 150 24813 4160031604
64 151 24775 4160031604
64 152 24775 4160031604
64 153 24794 4160031604
64 154 24775 4160031604
64 155 24794 4160031604
64 156 24796 4160031604
64 157 24775 4160031604
64 158 24794 4160031604
64 159 24820 4160031604
64 160 24794 4160031604
64 161 24775 4160031604
64 162 24775 4160031604
64 163 24813 4160031604
64 164 24794 4160031604
64 165 24796 4160031604
64 166 24794 4160031604
64 167 24794 4160031604
64 168 24775 4160031604
64 169 24794 4160031604
64 170 24813 4160031604
64 171 24775 4160031604
64 172 24775 4160031604
64 173 24775 4160031604
64 174 24836 4160031604
64 175 24814 4160031604
64 176 24775 4160031604
64 177 24775 4160031604
64 178 24796 4160031604
64 179 24816 4160031604
64 180 24816 4160031604
64 181 24775 4160031604
64 182 24794 4160031604
64 183 24851 4160031604
64 184 24775 4160031604
64 185 24794 4160031604
64 186 24832 4160031604
64 187 24775 4160031604
64 188 24794 4160031604
64 189 24794 4160031604
64 190 24775 4160031604
64 191 24959 4160031604
64 192 24775 4160031604
64 193 24818 4160031604
64 194 24775 4160031604
64 195 24775 4160031604
64 196 24794 4160031604
64 197 24775 4160031604
64 198 24851 4160031604
64 199 24794 4160031604
64 200 24794 4160031604
64 201 24813 4160031604
64 202 24796 4160031604
64 203 24794 4160031604
64 204 24813 4160031604
64 205 24775 4160031604
64 206 24794 4160031604
64 207 24775 4160031604
64 208 24775 4160031604
64 209 24794 4160031604
64 210 24796 4160031604
64 211 24834 4160031604
64 212 24775 4160031604
64 213 24775 4160031604
64 214 24775 4160031604
64 215 24813 4160031604
64 216 24775 4160031604
64 217 24794 4160031604
64 218 24794 4160031604
64 219 24916 4160031604
64 220 24836 4160031604
64 221 24775 4160031604
64 222 24794 4160031604
64 223 24775 4160031604
64 224 24774 4160031604
64 225 24813 4160031604
64 226 24794 4160031604
64 227 24775 4160031604
64 228 24813 4160031604
64 229 24834 4160031604
64 230 24813 4160031604
64 231 24832 4160031604
64 232 24798 4160031604
64 233 24794 4160031604
64 234 24775 4160031604
64 235 24775 4160031604
64 236 24832 4160031604
64 237 24775 4160031604
64 238 24815 4160031604
64 239 24813 4160031604
64 240 24775 4160031604
64 241 24821 4160031604
64 242 24870 4160031604
64 243 24775 4160031604
64 244 24794 4160031604
64 245 24794 4160031604
64 246 24923 4160031604
64 247 24794 4160031604
64 248 24775 4160031604
64 249 24794 4160031604
64 250 24775 4160031604
64 251 24794 4160031604
64 252 24774 4160031604
64 253 24794 4160031604
64 254 24794 4160031604
64 255 24775 4160031604
64 256 24775 4160031604
64 257 24794 4160031604
64 258 24794 4160031604
64 259 24794 4160031604
64 260 24794 4160031604
64 261 24794 4160031604
64 262 24813 4160031604
64 263 24834 4160031604
64 264 24794 4160031604
64 265 24794 4160031604
64 266 24796 4160031604
64 267 24775 4160031604
64 268 24775 4160031604
64 269 24793 4160031604
64 270 24816 4160031604
64 271 24815 4160031604
64 272 24813 4160031604
64 273 24832 4160031604
64 274 24928 4160031604
64 275 24799 4160031604
64 276 24775 4160031604
64 277 24794 4160031604
64 278 24851 4160031604
64 279 24832 4160031604
64 280 24794 4160031604
64 281 24794 4160031604
64 282 24775 4160031604
64 283 24775 4160031604
64 284 24794 4160031604
64 285 24794 4160031604
64 286 24775 4160031604
64 287 24775 4160031604
64 288 24832 4160031604
64 289 24815 4160031604
64 290 24775 4160031604
64 291 24794 4160031604
64 292 24775 4160031604
64 293 24813 4160031604
64 294 24794 4160031604
64 295 24815 4160031604
64 296 24794 4160031604
64 297 24813 4160031604
64 298 24834 4160031604
64 299 24775 4160031604
64 300 24832 4160031604
64 301 24940 4160031604
64 302 24775 4160031604
64 303 24834 4160031604
64 304 24818 4160031604
64 305 24795 4160031604
64 306 24794 4160031604
64 307 24775 4160031604
64 308 24813 4160031604
64 309 24794 4160031604
64 310 24813 4160031604
64 311 24813 4160031604
64 312 24775 4160031604
64 313 24794 4160031604
64 314 24794 4160031604
64 315 24775 4160031604
64 316 24837 4160031604
64 317 24818 4160031604
64 318 24775 4160031604
64 319 24813 4160031604
64 320 24834 4160031604
64 321 24796 4160031604
64 322 24815 4160031604
64 323 24775 4160031604
64 324 24775 4160031604
64 325 24851 4160031604
64 326 24775 4160031604
64 327 24813 4160031604
64 328 24796 4160031604
64 329 24794 4160031604
64 330 24813 4160031604
64 331 24775 4160031604
64 332 24794 4160031604
64 333 24796 4160031604
64 334 24775 4160031604
64 335 24794 4160031604
64 336 24775 4160031604
64 337 24775 4160031604
64 338 24775 4160031604
64 339 24775 4160031604
64 340 24775 4160031604
64 341 24775 4160031604
64 342 24775 4160031604
64 343 24813 4160031604
64 344 24794 4160031604
64 345 24794 4160031604
64 346 24832 4160031604
64 347 24794 4160031604
64 348 24796 4160031604
64 349 24813 4160031604
64 350 24775 4160031604
64 351 24813 4160031604
64 352 24832 4160031604
64 353 24775 4160031604
64 354 24794 4160031604
64 355 24796 4160031604
64 356 24813 4160031604
64 357 24794 4160031604
64 358 24775 4160031604
64 359 24813 4160031604
64 360 24775 4160031604
64 361 24797 4160031604
64 362 24814 4160031604
64 363 24794 4160031604
64 364 24799 4160031604
64 365 24794 4160031604
64 366 24832 4160031604
64 367 24832 4160031604
64 368 24832 4160031604
64 369 24775 4160031604
64 370 24775 4160031604
64 371 24813 4160031604
64 372 24775 4160031604
64 373 24775 4160031604
64 374 24794 4160031604
64 375 24814 4160031604
64 376 24775 4160031604
64 377 24775 4160031604
64 378 24794 4160031604
64 379 24775 4160031604
64 380 24797 4160031604
64 381 24775 4160031604
64 382 24794 4160031604
64 383 24775 4160031604
64 384 24813 4160031604
64 385 24775 4160031604
64 386 24794 4160031604
64 387 24794 4160031604
64 388 24813 4160031604
64 389 24794 4160031604
64 390 24775 4160031604
64 391 24775 4160031604
64 392 24775 4160031604
64 393 24794 4160031604
64 394 24817 4160031604
64 395 24775 4160031604
64 396 24775 4160031604
64 397 24775 4160031604
64 398 24813 4160031604
64 399 24813 4160031604
64 400 24832 4160031604
64 401 24813 4160031604
64 402 24775 4160031604
64 403 24794 4160031604
64 404 24775 4160031604
64 405 24832 4160031604
64 406 24775 4160031604
64 407 24775 4160031604
64 408 24775 4160031604
64 409 24775 4160031604
64 410 24794 4160031604
64 411 24813 4160031604
64 412 24775 4160031604
64 413 24813 4160031604
64 414 24813 4160031604
64 415 24775 4160031604
64 416 24794 4160031604
64 417 24813 4160031604
64 418 24775 4160031604
64 419 24775 4160031604
64 420 24775 4160031604
64 421 24794 4160031604
64 422 24817 4160031604
64 423 24775 4160031604
64 424 24794 4160031604
64 425 24813 4160031604
64 426 24775 4160031604
64 427 24832 4160031604
64 428 24775 4160031604
64 429 24794 4160031604
64 430 24796 4160031604
64 431 24775 4160031604
64 432 24813 4160031604
64 433 24796 4160031604
64 434 24794 4160031604
64 435 24832 4160031604
64 436 24775 4160031604
64 437 24775 4160031604
64 438 24796 4160031604
64 439 24832 4160031604
64 440 24775 4160031604
64 441 24794 4160031604
64 442 24797 4160031604
64 443 24794 4160031604
64 444 24813 4160031604
64 445 24775 4160031604
64 446 24794 4160031604
64 447 24818 4160031604
64 448 24775 4160031604
64 449 24814 4160031604
64 450 24813 4160031604
64 451 24796 4160031604
64 452 24775 4160031604
64 453 24797 4160031604
64 454 24796 4160031604
64 455 24775 4160031604
64 456 24775 4160031604
64 457 24833 4160031604
64 458 24775 4160031604
64 459 24794 4160031604
64 460 24775 4160031604
64 461 24813 4160031604
64 462 24775 4160031604
64 463 24775 4160031604
64 464 24813 4160031604
64 465 24775 4160031604
64 466 24775 4160031604
64 467 24794 4160031604
64 468 24794 4160031604
64 469 24775 4160031604
64 470 24775 4160031604
64 471 24796 4160031604
64 472 24840 4160031604
64 473 24834 4160031604
64 474 24775 4160031604
64 475 24775 4160031604
64 476 24813 4160031604
64 477 24775 4160031604
64 478 24813 4160031604
64 479 24794 4160031604
64 480 24794 4160031604
64 481 24794 4160031604
64 482 24815 4160031604
64 483 24794 4160031604
64 484 24775 4160031604
64 485 24854 4160031604
64 486 24813 4160031604
64 487 24815 4160031604
64 488 24775 4160031604
64 489 24775 4160031604
64 490 24794 4160031604
64 491 24794 4160031604
64 492 24775 4160031604
64 493 24775 4160031604
64 494 24794 4160031604
64 495 24775 4160031604
64 496 24775 4160031604
64 497 24794 4160031604
64 498 24775 4160031604
64 499 24794 4160031604
64 500 24794 4160031604
64 501 24813 4160031604
64 502 24775 4160031604
64 503 24796 4160031604
64 504 24832 4160031604
64 505 24775 4160031604
64 506 24794 4160031604
64 507 24775 4160031604
64 508 24775 4160031604
64 509 24794 4160031604
64 510 24813 4160031604
64 511 24794 4160031604
64 512 24775 4160031604
64 513 24853 4160031604
64 514 24775 4160031604
64 515 24775 4160031604
64 516 24775 4160031604
64 517 24774 4160031604
64 518 24813 4160031604
64 519 24775 4160031604
64 520 24775 4160031604
64 521 24775 4160031604
64 522 24813 4160031604
64 523 24775 4160031604
64 524 24794 4160031604
64 525 24775 4160031604
64 526 24832 4160031604
64 527 24794 4160031604
64 528 24794 4160031604
64 529 24775 4160031604
64 530 24813 4160031604
64 531 24794 4160031604
64 532 24775 4160031604
64 533 24775 4160031604
64 534 24794 4160031604
64 535 24775 4160031604
64 536 24775 4160031604
64 537 24794 4160031604
64 538 24775 4160031604
64 539 24775 4160031604
64 540 24794 4160031604
64 541 24794 4160031604
64 542 24775 4160031604
64 543 24794 4160031604
64 544 24832 4160031604
64 545 24794 4160031604
64 546 24794 4160031604
64 547 24775 4160031604
64 548 24794 4160031604
64 549 24775 4160031604
64 550 24793 4160031604
64 551 24775 4160031604
64 552 24775 4160031604
64 553 24813 4160031604
64 554 24833 4160031604
64 555 24775 4160031604
64 556 24794 4160031604
64 557 24799 4160031604
64 558 24794 4160031604
64 559 24794 4160031604
64 560 24813 4160031604
64 561 24813 4160031604
64 562 24794 4160031604
64 563 24775 4160031604
64 564 24833 4160031604
64 565 24775 4160031604
64 566 24798 4160031604
64 567 24775 4160031604
64 568 24813 4160031604
64 569 24832 4160031604
64 570 24775 4160031604
64 571 24775 4160031604
64 572 24813 4160031604
64 573 24795 4160031604
64 574 24775 4160031604
64 575 24794 4160031604
64 576 24815 4160031604
64 577 24775 4160031604
64 578 24815 4160031604
64 579 24775 4160031604
64 580 24794 4160031604
64 581 24775 4160031604
64 582 24775 4160031604
64 583 24794 4160031604
64 584 24813 4160031604
64 585 24815 4160031604
64 586 24832 4160031604
64 587 24794 4160031604
64 588 24813 4160031604
64 589 24813 4160031604
64 590 24775 4160031604
64 591 24775 4160031604
64 592 24832 4160031604
64 593 24796 4160031604
64 594 24833 4160031604
64 595 24794 4160031604
64 596 24775 4160031604
64 597 24794 4160031604
64 598 24775 4160031604
64 599 24832 4160031604
64 600 24813 4160031604
64 601 24798 4160031604
64 602 24813 4160031604
64 603 24794 4160031604
64 604 24837 4160031604
64 605 24775 4160031604
64 606 24775 4160031604
64 607 24775 4160031604
64 608 24815 4160031604
64 609 24775 4160031604
64 610 24794 4160031604
64 611 24793 4160031604
64 612 24775 4160031604
64 613 24775 4160031604
64 614 24775 4160031604
64 615 24813 4160031604
64 616 24794 4160031604
64 617 24775 4160031604
64 618 24775 4160031604
64 619 24813 4160031604
64 620 24775 4160031604
64 621 24794 4160031604
64 622 24794 4160031604
64 623 24813 4160031604
64 624 24794 4160031604
64 625 24815 4160031604
64 626 24794 4160031604
64 627 24794 4160031604
64 628 24832 4160031604
64 629 24794 4160031604
64 630 24775 4160031604
64 631 24775 4160031604
64 632 24794 4160031604
64 633 24775 4160031604
64 634 24794 4160031604
64 635 24813 4160031604
64 636 24794 4160031604
64 637 24832 4160031604
64 638 24794 4160031604
64 639 24775 4160031604
64 640 24794 4160031604
64 641 24774 4160031604
64 642 24813 4160031604
64 643 24795 4160031604
64 644 24794 4160031604
64 645 24794 4160031604
64 646 24832 4160031604
64 647 24853 4160031604
64 648 24775 4160031604
64 649 24775 4160031604
64 650 24813 4160031604
64 651 24794 4160031604
64 652 24818 4160031604
64 653 24794 4160031604
64 654 24775 4160031604
64 655 24813 4160031604
64 656 24813 4160031604
64 657 24775 4160031604
64 658 24834 4160031604
64 659 24775 4160031604
64 660 24796 4160031604
64 661 24794 4160031604
64 662 24797 4160031604
64 663 24813 4160031604
64 664 24813 4160031604
64 665 24775 4160031604
64 666 24794 4160031604
64 667 24794 4160031604
64 668 24794 4160031604
64 669 24775 4160031604
64 670 24796 4160031604
64 671 24775 4160031604
64 672 24794 4160031604
64 673 24775 4160031604
64 674 24794 4160031604
64 675 24775 4160031604
64 676 24775 4160031604
64 677 24834 4160031604
64 678 24775 4160031604
64 679 24832 4160031604
64 680 24775 4160031604
64 681 24794 4160031604
64 682 24813 4160031604
64 683 24794 4160031604
64 684 24775 4160031604
64 685 24775 4160031604
64 686 24775 4160031604
64 687 24834 4160031604
64 688 24813 4160031604
64 689 24775 4160031604
64 690 24794 4160031604
64 691 24813 4160031604
64 692 24794 4160031604
64 693 24813 4160031604
64 694 24775 4160031604
64 695 24794 4160031604
64 696 24816 4160031604
64 697 24794 4160031604
64 698 24775 4160031604
64 699 24794 4160031604
64 700 24775 4160031604
64 701 24796 4160031604
64 702 24775 4160031604
64 703 24794 4160031604
64 704 24794 4160031604
64 705 24774 4160031604
64 706 24813 4160031604
64 707 24794 4160031604
64 708 24817 4160031604
64 709 24813 4160031604
64 710 24813 4160031604
64 711 24775 4160031604
64 712 24775 4160031604
64 713 24794 4160031604
64 714 24775 4160031604
64 715 24794 4160031604
64 716 24775 4160031604
64 717 24799 4160031604
64 718 24775 4160031604
64 719 24775 4160031604
64 720 24775 4160031604
64 721 24775 4160031604
64 722 24794 4160031604
64 723 24834 4160031604
64 724 24775 4160031604
64 725 24833 4160031604
64 726 24775 4160031604
64 727 24775 4160031604
64 728 24794 4160031604
64 729 24775 4160031604
64 730 24794 4160031604
64 731 24856 4160031604
64 732 24775 4160031604
64 733 24858 4160031604
64 734 24794 4160031604
64 735 24794 4160031604
64 736 24814 4160031604
64 737 24813 4160031604
64 738 24775 4160031604
64 739 24813 4160031604
64 740 24799 4160031604
64 741 24853 4160031604
64 742 24794 4160031604
64 743 24775 4160031604
64 744 24775 4160031604
64 745 24814 4160031604
64 746 24794 4160031604
64 747 24775 4160031604
64 748 24775 4160031604
64 749 24813 4160031604
64 750 24794 4160031604
64 751 24793 4160031604
64 752 24815 4160031604
64 753 24796 4160031604
64 754 24775 4160031604
64 755 24775 4160031604
64 756 24775 4160031604
64 757 24775 4160031604
64 758 24775 4160031604
64 759 24775 4160031604
64 760 24813 4160031604
64 761 24794 4160031604
64 762 24775 4160031604
64 763 24851 4160031604
64 764 24818 4160031604
64 765 24834 4160031604
64 766 24794 4160031604
64 767 24775 4160031604
64 768 24794 4160031604
64 769 24794 4160031604
64 770 24774 4160031604
64 771 24775 4160031604
64 772 24794 4160031604
64 773 24813 4160031604
64 774 24775 4160031604
64 775 24775 4160031604
64 776 24775 4160031604
64 777 24794 4160031604
64 778 24775 4160031604
64 779 24813 4160031604
64 780 24794 4160031604
64 781 24815 4160031604
64 782 24815 4160031604
64 783 24775 4160031604
64 784 24794 4160031604
64 785 24775 4160031604
64 786 24775 4160031604
64 787 24813 4160031604
64 788 24794 4160031604
64 789 24794 4160031604
64 790 24794 4160031604
64 791 24775 4160031604
64 792 24794 4160031604
64 793 24832 4160031604
64 794 24775 4160031604
64 795 24796 4160031604
64 796 24833 4160031604
64 797 24794 4160031604
64 798 24775 4160031604
64 799 24775 4160031604
64 800 24775 4160031604
64 801 24775 4160031604
64 802 24794 4160031604
64 803 24796 4160031604
64 804 24775 4160031604
64 805 24775 4160031604
64 806 24794 4160031604
64 807 24775 4160031604
64 808 24775 4160031604
64 809 24815 4160031604
64 810 24813 4160031604
64 811 24796 4160031604
64 812 24794 4160031604
64 813 24775 4160031604
64 814 24799 4160031604
64 815 24874 4160031604
64 816 24775 4160031604
64 817 24775 4160031604
64 818 24813 4160031604
64 819 24775 4160031604
64 820 24775 4160031604
64 821 24813 4160031604
64 822 24813 4160031604
64 823 24813 4160031604
64 824 24775 4160031604
64 825 24794 4160031604
64 826 24835 4160031604
64 827 24775 4160031604
64 828 24795 4160031604
64 829 24834 4160031604
64 830 24775 4160031604
64 831 24796 4160031604
64 832 24796 4160031604
64 833 24794 4160031604
64 834 24775 4160031604
64 835 24775 4160031604
64 836 24775 4160031604
64 837 24775 4160031604
64 838 24813 4160031604
64 839 24813 4160031604
64 840 24794 4160031604
64 841 24775 4160031604
64 842 24815 4160031604
64 843 24853 4160031604
64 844 24794 4160031604
64 845 24775 4160031604
64 846 24794 4160031604
64 847 24775 4160031604
64 848 24775 4160031604
64 849 24794 4160031604
64 850 24794 4160031604
64 851 24775 4160031604
64 852 24832 4160031604
64 853 24775 4160031604
64 854 24775 4160031604
64 855 24794 4160031604
64 856 24775 4160031604
64 857 24834 4160031604
64 858 24794 4160031604
64 859 24813 4160031604
64 860 24796 4160031604
64 861 24853 4160031604
64 862 24775 4160031604
64 863 24775 4160031604
64 864 24794 4160031604
64 865 24834 4160031604
64 866 24796 4160031604
64 867 24794 4160031604
64 868 24796 4160031604
64 869 24794 4160031604
64 870 24775 4160031604
64 871 24833 4160031604
64 872 24794 4160031604
64 873 24775 4160031604
64 874 24834 4160031604
64 875 24813 4160031604
64 876 24775 4160031604
64 877 24796 4160031604
64 878 24794 4160031604
64 879 24775 4160031604
64 880 24794 4160031604
64 881 24818 4160031604
64 882 24794 4160031604
64 883 24798 4160031604
64 884 24837 4160031604
64 885 24813 4160031604
64 886 24798 4160031604
64 887 24813 4160031604
64 888 24813 4160031604
64 889 24774 4160031604
64 890 24775 4160031604
64 891 24794 4160031604
64 892 24815 4160031604
64 893 24813 4160031604
64 894 24796 4160031604
64 895 24775 4160031604
64 896 24775 4160031604
64 897 24796 4160031604
64 898 24775 4160031604
64 899 24775 4160031604
64 900 24813 4160031604
64 901 24813 4160031604
64 902 24775 4160031604
64 903 24851 4160031604
64 904 24775 4160031604
64 905 24799 4160031604
64 906 24794 4160031604
64 907 24813 4160031604
64 908 24774 4160031604
64 909 24794 4160031604
64 910 24794 4160031604
64 911 24816 4160031604
64 912 24794 4160031604
64 913 24775 4160031604
64 914 24832 4160031604
64 915 24799 4160031604
64 916 24794 4160031604
64 917 24815 4160031604
64 918 24775 4160031604
64 919 24851 4160031604
64 920 24815 4160031604
64 921 24832 4160031604
64 922 24813 4160031604
64 923 24794 4160031604
64 924 24775 4160031604
64 925 24813 4160031604
64 926 24832 4160031604
64 927 24775 4160031604
64 928 24775 4160031604
64 929 24775 4160031604
64 930 24775 4160031604
64 931 24775 4160031604
64 932 24775 4160031604
64 933 24775 4160031604
64 934 24775 4160031604
64 935 24774 4160031604
64 936 24775 4160031604
64 937 24813 4160031604
64 938 24775 4160031604
64 939 24794 4160031604
64 940 24793 4160031604
64 941 24815 4160031604
64 942 24813 4160031604
64 943 24775 4160031604
64 944 24834 4160031604
64 945 24794 4160031604
64 946 24775 4160031604
64 947 24813 4160031604
64 948 24775 4160031604
64 949 24794 4160031604
64 950 24794 4160031604
64 951 24775 4160031604
64 952 24794 4160031604
64 953 24794 4160031604
64 954 24794 4160031604
64 955 24775 4160031604
64 956 24794 4160031604
64 957 24813 4160031604
64 958 24815 4160031604
64 959 24799 4160031604
64 960 24832 4160031604
64 961 24794 4160031604
64 962 24794 4160031604
64 963 24813 4160031604
64 964 24814 4160031604
64 965 24794 4160031604
64 966 24794 4160031604
64 967 24794 4160031604
64 968 24812 4160031604
64 969 24775 4160031604
64 970 24794 4160031604
64 971 24813 4160031604
64 972 24818 4160031604
64 973 24832 4160031604
64 974 24794 4160031604
64 975 24775 4160031604
64 976 24832 4160031604
64 977 24775 4160031604
64 978 24775 4160031604
64 979 24794 4160031604
64 980 24817 4160031604
64 981 24794 4160031604
64 982 24775 4160031604
64 983 24775 4160031604
64 984 24794 4160031604
64 985 24775 4160031604
64 986 24775 4160031604
64 987 24775 4160031604
64 988 24794 4160031604
64 989 24794 4160031604
64 990 24794 4160031604
64 991 24775 4160031604
64 992 24813 4160031604
64 993 24794 4160031604
64 994 24834 4160031604
64 995 24852 4160031604
64 996 24775 4160031604
64 997 24798 4160031604
64 998 24775 4160031604
64 999 24794 4160031604
