512 0 1577430 534842228
512 1 1577250 534842228
512 2 1578085 534842228
512 3 1577760 534842228
512 4 1577851 534842228
512 5 1578140 534842228
512 6 1577876 534842228
512 7 1577978 534842228
512 8 1577965 534842228
512 9 1577704 534842228
512 10 1577829 534842228
512 11 1577787 534842228
512 12 1577634 534842228
512 13 1577974 534842228
512 14 1577306 534842228
512 15 1577766 534842228
512 16 1577728 534842228
512 17 1577595 534842228
512 18 1577665 534842228
512 19 1577752 534842228
512 20 1577462 534842228
512 21 1577364 534842228
512 22 1577734 534842228
512 23 1577798 534842228
512 24 1577478 534842228
512 25 1577425 534842228
512 26 1578065 534842228
512 27 1577776 534842228
512 28 1577710 534842228
512 29 1577900 534842228
512 30 1577515 534842228
512 31 1577884 534842228
512 32 1577624 534842228
512 33 1577692 534842228
512 34 1577761 534842228
512 35 1577874 534842228
512 36 1577703 534842228
512 37 1577588 534842228
512 38 1577479 534842228
512 39 1577805 534842228
512 40 1577671 534842228
512 41 1577707 534842228
512 42 1577916 534842228
512 43 1577861 534842228
512 44 1578610 534842228
512 45 1577724 534842228
512 46 1577554 534842228
512 47 1577480 534842228
512 48 1577924 534842228
512 49 1578079 534842228
512 50 1577745 534842228
512 51 1577525 534842228
512 52 1577882 534842228
512 53 1577760 534842228
512 54 1577978 534842228
512 55 1577957 534842228
512 56 1577891 534842228
512 57 1577465 534842228
512 58 1577289 534842228
512 59 1577695 534842228
512 60 1578101 534842228
512 61 1577198 534842228
512 62 1577362 534842228
512 63 1577752 534842228
512 64 1577612 534842228
512 65 1577498 534842228
512 66 1578129 534842228
512 67 1578068 534842228
512 68 1577971 534842228
512 69 1577659 534842228
512 70 1577795 534842228
512 71 1577475 534842228
512 72 1578016 534842228
512 73 1577464 534842228
512 74 1577679 534842228
512 75 1577808 534842228
512 76 1577749 534842228
512 77 1578188 534842228
512 78 1577905 534842228
512 79 1578189 534842228
512 80 1577739 534842228
512 81 1577412 534842228
512 82 1578270 534842228
512 83 1577966 534842228
512 84 1577735 534842228
512 85 1577515 534842228
512 86 1577691 534842228
512 87 1577044 534842228
512 88 1577816 534842228
512 89 1577863 534842228
512 90 1577994 534842228
512 91 1577989 534842228
512 92 1577737 534842228
512 93 1577896 534842228
512 94 1577561 534842228
512 95 1578180 534842228
512 96 1577850 534842228
512 97 1577930 534842228
512 98 1577906 534842228
512 99 1578022 534842228
512 100 1578289 534842228
512 101 1577609 534842228
512 102 1577477 534842228
512 103 1577529 534842228
512 104 1577604 534842228
512 105 1578116 534842228
512 106 1577776 534842228
512 107 1578223 534842228
512 108 1577784 534842228
512 109 1577817 534842228
512 110 1577993 534842228
512 111 1578030 534842228
512 112 1577931 534842228
512 113 1578225 534842228
512 114 1577697 534842228
512 115 1577459 534842228
512 116 1577874 534842228
512 117 1577901 534842228
512 118 1577729 534842228
512 119 1577564 534842228
512 120 1577480 534842228
512 121 1577342 534842228
512 122 1577121 534842228
512 123 1578035 534842228
512 124 1577979 534842228
512 125 1577642 534842228
512 126 1577629 534842228
512 127 1577719 534842228
512 128 1577902 534842228
512 129 1577636 534842228
512 130 1577898 534842228
512 131 1577685 534842228
512 132 1577846 534842228
512 133 1577299 534842228
512 134 1578045 534842228
512 135 1577365 534842228
512 136 1578705 534842228
512 137 1577877 534842228
512 138 1577444 534842228
512 139 1577573 534842228
512 140 1577640 534842228
512 141 1577946 534842228
512 142 1577527 534842228
512 143 1577504 534842228
512 144 1577885 534842228
512 145 1577271 534842228
512 146 1578316 534842228
512 147 1577932 534842228
512 148 1577456 534842228
512 149 1577774 534842228
512 150 1577436 534842228
512 151 1578181 534842228
512 152 1577384 534842228
512 153 1577987 534842228
512 154 1578071 534842228
512 155 1577531 534842228
512 156 1577441 534842228
512 157 1577476 534842228
512 158 1577769 534842228
512 159 1577421 534842228
512 160 1577707 534842228
512 161 1577443 534842228
512 162 1577915 534842228
512 163 1578201 534842228
512 164 1578307 534842228
512 165 1577980 534842228
512 166 1577751 534842228
512 167 1577986 534842228
512 168 1578339 534842228
512 169 1577980 534842228
512 170 1577662 534842228
512 171 1577856 534842228
512 172 1577783 534842228
512 173 1577352 534842228
512 174 1577598 534842228
512 175 1578049 534842228
512 176 1577804 534842228
512 177 1578342 534842228
512 178 1577885 534842228
512 179 1577535 534842228
512 180 1577486 534842228
512 181 1577942 534842228
512 182 1578131 534842228
512 183 1577125 534842228
512 184 1577776 534842228
512 185 1577863 534842228
512 186 1577658 534842228
512 187 1578150 534842228
512 188 1577630 534842228
512 189 1577815 534842228
512 190 1577529 534842228
512 191 1577530 534842228
512 192 1578082 534842228
512 193 1577596 534842228
512 194 1577637 534842228
512 195 1578267 534842228
512 196 1577576 534842228
512 197 1577682 534842228
512 198 1577466 534842228
512 199 1577784 534842228
512 200 1577842 534842228
512 201 1577719 534842228
512 202 1577779 534842228
512 203 1577646 534842228
512 204 1577829 534842228
512 205 1578291 534842228
512 206 1578089 534842228
512 207 1577697 534842228
512 208 1577913 534842228
512 209 1577770 534842228
512 210 1578172 534842228
512 211 1577214 534842228
512 212 1577628 534842228
512 213 1577599 534842228
512 214 1577512 534842228
512 215 1578102 534842228
512 216 1577664 534842228
512 217 1577825 534842228
512 218 1577138 534842228
512 219 1577916 534842228
512 220 1577724 534842228
512 221 1577618 534842228
512 222 1578263 534842228
512 223 1578038 534842228
512 224 1577771 534842228
512 225 1577896 534842228
512 226 1577737 534842228
512 227 1577539 534842228
512 228 1578221 534842228
512 229 1578128 534842228
512 230 1577707 534842228
512 231 1577985 534842228
512 232 1577534 534842228
512 233 1577635 534842228
512 234 1577874 534842228
512 235 1577823 534842228
512 236 1577396 534842228
512 237 1577623 534842228
512 238 1578111 534842228
512 239 1577509 534842228
512 240 1577679 534842228
512 241 1577519 534842228
512 242 1577627 534842228
512 243 1577997 534842228
512 244 1577521 534842228
512 245 1577735 534842228
512 246 1578477 534842228
512 247 1577928 534842228
512 248 1577791 534842228
512 249 1577395 534842228
512 250 1577402 534842228
512 251 1578208 534842228
512 252 1577508 534842228
512 253 1577813 534842228
512 254 1577817 534842228
512 255 1578355 534842228
512 256 1578333 534842228
512 257 1577457 534842228
512 258 1577814 534842228
512 259 1578154 534842228
512 260 1577951 534842228
512 261 1577766 534842228
512 262 1577962 534842228
512 263 1577705 534842228
512 264 1577253 534842228
512 265 1577694 534842228
512 266 1577594 534842228
512 267 1577663 534842228
512 268 1577928 534842228
512 269 1578085 534842228
512 270 1577608 534842228
512 271 1577393 534842228
512 272 1577739 534842228
512 273 1577706 534842228
512 274 1578211 534842228
512 275 1577446 534842228
512 276 1577583 534842228
512 277 1577781 534842228
512 278 1577802 534842228
512 279 1577977 534842228
512 280 1578122 534842228
512 281 1577527 534842228
512 282 1577141 534842228
512 283 1577538 534842228
512 284 1578277 534842228
512 285 1577724 534842228
512 286 1577534 534842228
512 287 1577365 534842228
512 288 1577819 534842228
512 289 1577620 534842228
512 290 1577177 534842228
512 291 1577865 534842228
512 292 1577902 534842228
512 293 1577946 534842228
512 294 1577958 534842228
512 295 1577524 534842228
512 296 1577867 534842228
512 297 1577933 534842228
512 298 1577792 534842228
512 299 1577404 534842228
512 300 1577732 534842228
512 301 1577841 534842228
512 302 1577810 534842228
512 303 1577592 534842228
512 304 1577874 534842228
512 305 1577340 534842228
512 306 1577999 534842228
512 307 1578098 534842228
512 308 1577271 534842228
512 309 1577904 534842228
512 310 1577560 534842228
512 311 1577752 534842228
512 312 1578168 534842228
512 313 1577618 534842228
512 314 1578014 534842228
512 315 1577729 534842228
512 316 1578057 534842228
512 317 1577787 534842228
512 318 1577677 534842228
512 319 1577509 534842228
512 320 1577642 534842228
512 321 1577886 534842228
512 322 1578394 534842228
512 323 1577738 534842228
512 324 1578038 534842228
512 325 1578311 534842228
512 326 1577777 534842228
512 327 1577746 534842228
512 328 1577850 534842228
512 329 1577267 534842228
512 330 1578019 534842228
512 331 1577945 534842228
512 332 1577753 534842228
512 333 1577811 534842228
512 334 1577654 534842228
512 335 1577640 534842228
512 336 1577946 534842228
512 337 1577799 534842228
512 338 1577806 534842228
512 339 1577787 534842228
512 340 1577474 534842228
512 341 1577570 534842228
512 342 1577598 534842228
512 343 1578043 534842228
512 344 1578089 534842228
512 345 1577532 534842228
512 346 1577766 534842228
512 347 1577980 534842228
512 348 1578074 534842228
512 349 1577536 534842228
512 350 1577529 534842228
512 351 1577897 534842228
512 352 1577855 534842228
512 353 1578052 534842228
512 354 1577673 534842228
512 355 1577785 534842228
512 356 1577746 534842228
512 357 1577723 534842228
512 358 1578017 534842228
512 359 1577831 534842228
512 360 1577924 534842228
512 361 1578303 534842228
512 362 1577560 534842228
512 363 1577608 534842228
512 364 1577662 534842228
512 365 1578154 534842228
512 366 1578382 534842228
512 367 1577341 534842228
512 368 1577761 534842228
512 369 1577842 534842228
512 370 1577800 534842228
512 371 1577750 534842228
512 372 1577912 534842228
512 373 1577838 534842228
512 374 1577752 534842228
512 375 1577330 534842228
512 376 1578326 534842228
512 377 1577767 534842228
512 378 1578067 534842228
512 379 1577964 534842228
512 380 1577660 534842228
512 381 1577967 534842228
512 382 1577466 534842228
512 383 1577435 534842228
512 384 1577400 534842228
512 385 1578164 534842228
512 386 1577727 534842228
512 387 1577592 534842228
512 388 1577942 534842228
512 389 1577380 534842228
512 390 1578086 534842228
512 391 1577921 534842228
512 392 1577798 534842228
512 393 1577561 534842228
512 394 1578499 534842228
512 395 1577595 534842228
512 396 1577842 534842228
512 397 1577695 534842228
512 398 1577894 534842228
512 399 1578111 534842228
512 400 1578114 534842228
512 401 1578033 534842228
512 402 1577336 534842228
512 403 1577535 534842228
512 404 1577440 534842228
512 405 1578108 534842228
512 406 1577620 534842228
512 407 1578225 534842228
512 408 1577874 534842228
512 409 1577671 534842228
512 410 1577952 534842228
512 411 1577010 534842228
512 412 1578410 534842228
512 413 1577498 534842228
512 414 1577821 534842228
512 415 1577699 534842228
512 416 1577927 534842228
512 417 1577900 534842228
512 418 1577643 534842228
512 419 1577749 534842228
512 420 1577800 534842228
512 421 1577745 534842228
512 422 1577788 534842228
512 423 1577941 534842228
512 424 1578016 534842228
512 425 1577770 534842228
512 426 1577644 534842228
512 427 1577629 534842228
512 428 1577871 534842228
512 429 1577961 534842228
512 430 1577604 534842228
512 431 1577517 534842228
512 432 1577763 534842228
512 433 1577692 534842228
512 434 1577390 534842228
512 435 1578102 534842228
512 436 1577784 534842228
512 437 1577507 534842228
512 438 1577488 534842228
512 439 1577704 534842228
512 440 1578000 534842228
512 441 1577622 534842228
512 442 1577659 534842228
512 443 1577984 534842228
512 444 1577601 534842228
512 445 1578093 534842228
512 446 1577618 534842228
512 447 1577522 534842228
512 448 1578001 534842228
512 449 1577955 534842228
512 450 1577916 534842228
512 451 1577888 534842228
512 452 1577839 534842228
512 453 1578629 534842228
512 454 1577837 534842228
512 455 1577944 534842228
512 456 1577446 534842228
512 457 1578063 534842228
512 458 1577797 534842228
512 459 1577916 534842228
512 460 1577466 534842228
512 461 1577499 534842228
512 462 1577920 534842228
512 463 1577840 534842228
512 464 1578027 534842228
512 465 1577677 534842228
512 466 1577727 534842228
512 467 1577882 534842228
512 468 1578354 534842228
512 469 1577527 534842228
512 470 1578207 534842228
512 471 1577848 534842228
512 472 1578026 534842228
512 473 1577476 534842228
512 474 1577678 534842228
512 475 1577442 534842228
512 476 1578026 534842228
512 477 1577804 534842228
512 478 1577746 534842228
512 479 1577870 534842228
512 480 1577982 534842228
512 481 1578766 534842228
512 482 1577661 534842228
512 483 1577700 534842228
512 484 1577964 534842228
512 485 1577961 534842228
512 486 1578045 534842228
512 487 1577757 534842228
512 488 1577868 534842228
512 489 1577440 534842228
512 490 1577865 534842228
512 491 1577715 534842228
512 492 1577224 534842228
512 493 1577436 534842228
512 494 1578190 534842228
512 495 1577691 534842228
512 496 1577523 534842228
512 497 1577987 534842228
512 498 1577984 534842228
512 499 1577984 534842228
512 500 1577991 534842228
512 501 1577996 534842228
512 502 1577718 534842228
512 503 1577552 534842228
512 504 1578141 534842228
512 505 1578107 534842228
512 506 1577828 534842228
512 507 1577853 534842228
512 508 1577849 534842228
512 509 1578518 534842228
512 510 1577719 534842228
512 511 1577773 534842228
512 512 1577609 534842228
512 513 1577791 534842228
512 514 1577874 534842228
512 515 1577589 534842228
512 516 1577678 534842228
512 517 1577799 534842228
512 518 1577736 534842228
512 519 1577691 534842228
512 520 1577667 534842228
512 521 1578030 534842228
512 522 1577852 534842228
512 523 1577554 534842228
512 524 1577851 534842228
512 525 1577949 534842228
512 526 1577621 534842228
512 527 1578226 534842228
512 528 1577756 534842228
512 529 1577828 534842228
512 530 1577817 534842228
512 531 1577957 534842228
512 532 1578234 534842228
512 533 1577908 534842228
512 534 1578179 534842228
512 535 1577452 534842228
512 536 1577836 534842228
512 537 1578038 534842228
512 538 1577834 534842228
512 539 1577571 534842228
512 540 1577581 534842228
512 541 1578334 534842228
512 542 1577677 534842228
512 543 1577384 534842228
512 544 1577529 534842228
512 545 1578121 534842228
512 546 1577972 534842228
512 547 1577895 534842228
512 548 1577925 534842228
512 549 1577873 534842228
512 550 1577959 534842228
512 551 1577289 534842228
512 552 1577782 534842228
512 553 1577591 534842228
512 554 1577134 534842228
512 555 1577746 534842228
512 556 1577461 534842228
512 557 1577566 534842228
512 558 1577479 534842228
512 559 1577885 534842228
512 560 1578265 534842228
512 561 1577508 534842228
512 562 1577838 534842228
512 563 1577338 534842228
512 564 1577836 534842228
512 565 1578417 534842228
512 566 1577494 534842228
512 567 1577562 534842228
512 568 1577862 534842228
512 569 1577733 534842228
512 570 1577961 534842228
512 571 1577693 534842228
512 572 1578185 534842228
512 573 1577756 534842228
512 574 1577276 534842228
512 575 1577994 534842228
512 576 1577500 534842228
512 577 1578185 534842228
512 578 1578069 534842228
512 579 1578002 534842228
512 580 1577745 534842228
512 581 1577964 534842228
512 582 1577865 534842228
512 583 1578103 534842228
512 584 1577459 534842228
512 585 1577849 534842228
512 586 1577670 534842228
512 587 1577871 534842228
512 588 1577644 534842228
512 589 1577706 534842228
512 590 1577580 534842228
512 591 1578191 534842228
512 592 1578166 534842228
512 593 1578090 534842228
512 594 1578276 534842228
512 595 1578052 534842228
512 596 1578423 534842228
512 597 1577753 534842228
512 598 1578130 534842228
512 599 1577748 534842228
512 600 1577474 534842228
512 601 1578583 534842228
512 602 1577643 534842228
512 603 1577671 534842228
512 604 1577045 534842228
512 605 1577902 534842228
512 606 1577878 534842228
512 607 1577763 534842228
512 608 1577265 534842228
512 609 1577714 534842228
512 610 1577705 534842228
512 611 1577591 534842228
512 612 1577503 534842228
512 613 1577860 534842228
512 614 1578174 534842263
512 615 1577911 534842228
512 616 1577940 534842228
512 617 1577508 534842228
512 618 1578315 534842228
512 619 1578205 534842228
512 620 1577573 534842228
512 621 1577514 534842228
512 622 1577968 534842228
512 623 1577717 534842228
512 624 1577884 534842228
512 625 1577319 534842228
512 626 1577833 534842228
512 627 1577850 534842228
512 628 1577523 534842228
512 629 1577796 534842228
512 630 1577973 534842228
512 631 1577798 534842228
512 632 1577738 534842228
512 633 1577566 534842228
512 634 1577723 534842228
512 635 1578067 534842228
512 636 1577666 534842228
512 637 1578249 534842228
512 638 1577735 534842228
512 639 1578187 534842228
512 640 1577730 534842228
512 641 1577552 534842228
512 642 1578054 534842228
512 643 1577835 534842228
512 644 1577633 534842228
512 645 1577708 534842228
512 646 1577816 534842228
512 647 1578093 534842228
512 648 1578048 534842228
512 649 1578000 534842228
512 650 1577702 534842228
512 651 1577649 534842228
512 652 1577307 534842228
512 653 1577440 534842228
512 654 1577827 534842228
512 655 1577670 534842228
512 656 1577447 534842228
512 657 1577961 534842228
512 658 1578166 534842228
512 659 1577689 534842228
512 660 1577908 534842228
512 661 1577449 534842228
512 662 1578010 534842228
512 663 1577646 534842228
512 664 1577566 534842228
512 665 1578248 534842228
512 666 1577848 534842228
512 667 1577878 534842228
512 668 1577771 534842228
512 669 1577768 534842228
512 670 1577874 534842228
512 671 1577599 534842228
512 672 1578138 534842228
512 673 1577446 534842228
512 674 1577674 534842228
512 675 1578191 534842228
512 676 1577657 534842228
512 677 1578005 534842228
512 678 1577924 534842228
512 679 1577554 534842228
512 680 1577597 534842228
512 681 1577713 534842228
512 682 1577540 534842228
512 683 1578417 534842228
512 684 1577753 534842228
512 685 1577730 534842228
512 686 1578269 534842228
512 687 1577927 534842228
512 688 1577799 534842228
512 689 1577645 534842228
512 690 1577709 534842228
512 691 1578363 534842228
512 692 1577896 534842228
512 693 1577978 534842228
512 694 1578396 534842228
512 695 1577516 534842228
512 696 1578195 534842228
512 697 1577749 534842228
512 698 1577787 534842228
512 699 1578027 534842228
512 700 1577469 534842228
512 701 1577772 534842228
512 702 1578012 534842228
512 703 1577714 534842228
512 704 1577697 534842228
512 705 1577889 534842228
512 706 1578070 534842228
512 707 1577489 534842228
512 708 1577926 534842228
512 709 1577731 534842228
512 710 1577394 534842228
512 711 1578454 534842228
512 712 1577630 534842228
512 713 1577738 534842228
512 714 1577792 534842228
512 715 1577835 534842228
512 716 1578478 534842228
512 717 1577677 534842228
512 718 1577532 534842228
512 719 1577293 534842228
512 720 1577562 534842228
512 721 1578631 534842228
512 722 1577803 534842228
512 723 1577673 534842228
512 724 1577479 534842228
512 725 1577579 534842228
512 726 1577741 534842228
512 727 1577632 534842228
512 728 1577677 534842228
512 729 1577622 534842228
512 730 1577814 534842228
512 731 1577825 534842228
512 732 1577738 534842228
512 733 1577844 534842228
512 734 1578147 534842228
512 735 1578194 534842228
512 736 1577956 534842228
512 737 1577642 534842228
512 738 1577854 534842228
512 739 1578173 534842228
512 740 1577501 534842228
512 741 1577638 534842228
512 742 1578237 534842228
512 743 1577868 534842228
512 744 1577898 534842228
512 745 1577758 534842228
512 746 1577660 534842228
512 747 1577409 534842228
512 748 1578200 534842228
512 749 1578004 534842228
512 750 1577701 534842228
512 751 1577779 534842228
512 752 1578380 534842228
512 753 1577396 534842228
512 754 1577539 534842228
512 755 1577853 534842228
512 756 1577866 534842228
512 757 1577861 534842228
512 758 1577857 534842228
512 759 1577420 534842228
512 760 1577935 534842228
512 761 1577613 534842228
512 762 1578203 534842228
512 763 1577462 534842228
512 764 1578028 534842228
512 765 1577347 534842228
512 766 1577765 534842228
512 767 1578098 534842228
512 768 1577636 534842228
512 769 1577932 534842228
512 770 1577558 534842228
512 771 1577321 534842228
512 772 1577773 534842228
512 773 1577734 534842228
512 774 1578004 534842228
512 775 1577758 534842228
512 776 1577747 534842228
512 777 1577918 534842228
512 778 1577311 534842228
512 779 1577667 534842228
512 780 1578108 534842228
512 781 1577805 534842228
512 782 1577662 534842228
512 783 1577929 534842228
512 784 1577953 534842228
512 785 1577926 534842228
512 786 1577930 534842228
512 787 1577701 534842228
512 788 1577980 534842228
512 789 1578077 534842228
512 790 1578082 534842228
512 791 1577763 534842228
512 792 1577650 534842228
512 793 1577517 534842228
512 794 1577712 534842228
512 795 1577211 534842228
512 796 1577723 534842228
512 797 1577931 534842228
512 798 1577762 534842228
512 799 1578498 534842228
512 800 1577368 534842228
512 801 1577145 534842228
512 802 1578035 534842228
512 803 1578083 534842228
512 804 1577552 534842228
512 805 1577738 534842228
512 806 1577945 534842228
512 807 1577826 534842228
512 808 1578203 534842228
512 809 1577864 534842228
512 810 1577555 534842228
512 811 1577618 534842228
512 812 1577523 534842228
512 813 1578638 534842228
512 814 1577513 534842228
512 815 1577897 534842228
512 816 1577738 534842228
512 817 1577544 534842228
512 818 1577800 534842228
512 819 1577964 534842228
512 820 1577819 534842228
512 821 1577968 534842228
512 822 1577801 534842228
512 823 1577684 534842228
512 824 1577793 534842228
512 825 1577744 534842228
512 826 1578030 534842228
512 827 1577998 534842228
512 828 1577681 534842228
512 829 1577347 534842228
512 830 1577885 534842228
512 831 1577662 534842228
512 832 1577829 534842228
512 833 1577864 534842228
512 834 1577696 534842228
512 835 1578018 534842228
512 836 1578032 534842228
512 837 1577770 534842228
512 838 1577757 534842228
512 839 1577841 534842228
512 840 1577824 534842228
512 841 1577500 534842228
512 842 1577456 534842228
512 843 1577547 534842228
512 844 1578165 534842228
512 845 1577598 534842228
512 846 1577885 534842228
512 847 1577605 534842228
512 848 1578001 534842228
512 849 1577720 534842228
512 850 1578202 534842228
512 851 1577804 534842228
512 852 1577640 534842228
512 853 1578098 534842228
512 854 1578232 534842228
512 855 1577455 534842228
512 856 1577656 534842228
512 857 1577524 534842228
512 858 1577381 534842228
512 859 1577681 534842228
512 860 1578086 534842228
512 861 1577837 534842228
512 862 1577820 534842228
512 863 1577374 534842228
512 864 1577737 534842228
512 865 1577752 534842228
512 866 1577984 534842228
512 867 1578154 534842228
512 868 1578197 534842228
512 869 1578047 534842228
512 870 1577772 534842228
512 871 1577630 534842228
512 872 1577670 534842228
512 873 1577926 534842228
512 874 1577930 534842228
512 875 1577425 534842228
512 876 1577830 534842228
512 877 1578243 534842228
512 878 1577333 534842228
512 879 1577578 534842228
512 880 1577277 534842228
512 881 1578043 534842228
512 882 1578035 534842228
512 883 1578058 534842228
512 884 1577711 534842228
512 885 1577987 534842228
512 886 1577676 534842228
512 887 1577539 534842228
512 888 1577738 534842228
512 889 1577466 534842228
512 890 1577424 534842228
512 891 1577863 534842228
512 892 1577340 534842228
512 893 1577832 534842228
512 894 1577527 534842228
512 895 1577967 534842228
512 896 1577620 534842228
512 897 1577694 534842228
512 898 1578043 534842228
512 899 1577946 534842228
512 900 1577826 534842228
512 901 1577637 534842228
512 902 1578095 534842228
512 903 1577759 534842228
512 904 1578299 534842228
512 905 1578433 534842228
512 906 1577943 534842228
512 907 1577650 534842228
512 908 1577548 534842228
512 909 1577776 534842228
512 910 1577897 534842228
512 911 1577596 534842228
512 912 1577654 534842228
512 913 1577979 534842228
512 914 1577322 534842228
512 915 1577874 534842228
512 916 1577425 534842228
512 917 1577567 534842228
512 918 1578406 534842228
512 919 1577795 534842228
512 920 1577716 534842228
512 921 1578068 534842228
512 922 1577621 534842228
512 923 1578339 534842228
512 924 1577645 534842228
512 925 1578171 534842228
512 926 1577969 534842228
512 927 1577783 534842228
512 928 1578363 534842228
512 929 1577531 534842228
512 930 1577555 534842228
512 931 1578183 534842228
512 932 1578004 534842228
512 933 1577522 534842228
512 934 1578181 534842228
512 935 1577984 534842228
512 936 1577800 534842228
512 937 1577630 534842228
512 938 1577563 534842228
512 939 1577452 534842228
512 940 1577627 534842228
512 941 1577515 534842228
512 942 1577692 534842228
512 943 1577577 534842228
512 944 1578160 534842228
512 945 1578155 534842228
512 946 1577514 534842228
512 947 1577733 534842228
512 948 1577811 534842228
512 949 1577693 534842228
512 950 1577627 534842228
512 951 1578262 534842228
512 952 1577919 534842228
512 953 1577631 534842228
512 954 1578009 534842228
512 955 1577437 534842228
512 956 1577769 534842228
512 957 1577493 534842228
512 958 1577414 534842228
512 959 1577944 534842228
512 960 1577790 534842228
512 961 1577565 534842228
512 962 1577529 534842228
512 963 1577336 534842228
512 964 1577729 534842228
512 965 1577690 534842228
512 966 1577410 534842228
512 967 1577551 534842228
512 968 1577170 534842228
512 969 1577999 534842228
512 970 1577678 534842228
512 971 1577697 534842228
512 972 1577623 534842228
512 973 1577635 534842228
512 974 1577849 534842228
512 975 1577563 534842228
512 976 1577613 534842228
512 977 1578135 534842228
512 978 1577952 534842228
512 979 1577852 534842228
512 980 1578167 534842228
512 981 1577764 534842228
512 982 1578198 534842228
512 983 1578076 534842228
512 984 1577816 534842228
512 985 1577700 534842228
512 986 1577812 534842228
512 987 1577770 534842228
512 988 1577593 534842228
512 989 1577940 534842228
512 990 1577789 534842228
512 991 1577836 534842228
512 992 1578616 534842228
512 993 1577845 534842228
512 994 1577444 534842228
512 995 1577506 534842228
512 996 1577859 534842228
512 997 1577943 534842228
512 998 1577484 534842228
512 999 1577765 534842228
