256 0 394013 4242606820
256 1 394031 4242606820
256 2 393991 4242606820
256 3 393991 4242606820
256 4 393991 4242606820
256 5 393991 4242606820
256 6 393991 4242606820
256 7 393991 4242606820
256 8 393991 4242606820
256 9 393991 4242606820
256 10 393991 4242606820
256 11 393991 4242606820
256 12 394010 4242606820
256 13 393991 4242606820
256 14 393991 4242606820
256 15 393991 4242606820
256 16 393991 4242606820
256 17 393991 4242606820
256 18 393991 4242606820
256 19 393991 4242606820
256 20 394010 4242606820
256 21 393991 4242606820
256 22 393991 4242606820
256 23 393991 4242606820
256 24 393991 4242606820
256 25 393991 4242606820
256 26 393991 4242606820
256 27 393991 4242606820
256 28 393991 4242606820
256 29 393991 4242606820
256 30 393991 4242606820
256 31 393991 4242606820
256 32 393991 4242606820
256 33 393991 4242606820
256 34 393991 4242606820
256 35 393991 4242606820
256 36 393991 4242606820
256 37 393991 4242606820
256 38 393991 4242606820
256 39 393991 4242606820
256 40 393991 4242606820
256 41 393991 4242606820
256 42 393991 4242606820
256 43 394011 4242606820
256 44 393991 4242606820
256 45 394179 4242606820
256 46 394011 4242606820
256 47 393991 4242606820
256 48 393991 4242606820
256 49 393991 4242606820
256 50 394050 4242606820
256 51 393991 4242606820
256 52 393991 4242606820
256 53 393991 4242606820
256 54 393991 4242606820
256 55 393991 4242606820
256 56 393991 4242606820
256 57 393991 4242606820
256 58 394174 4242606820
256 59 393991 4242606820
256 60 393991 4242606820
256 61 393991 4242606820
256 62 394011 4242606820
256 63 393991 4242606820
256 64 393991 4242606820
256 65 393991 4242606820
256 66 393991 4242606820
256 67 393991 4242606820
256 68 393991 4242606820
256 69 393991 4242606820
256 70 394011 4242606820
256 71 393991 4242606820
256 72 393991 4242606820
256 73 393991 4242606820
256 74 393991 4242606820
256 75 394192 4242606820
256 76 393991 4242606820
256 77 393991 4242606820
256 78 394010 4242606820
256 79 394011 4242606820
256 80 393991 4242606820
256 81 394010 4242606820
256 82 393991 4242606820
256 83 393991 4242606820
256 84 393991 4242606820
256 85 393991 4242606820
256 86 394011 4242606820
256 87 393991 4242606820
256 88 394195 4242606820
256 89 394010 4242606820
256 90 393991 4242606820
256 91 393991 4242606820
256 92 394011 4242606820
256 93 393991 4242606820
256 94 393991 4242606820
256 95 393991 4242606820
256 96 393991 4242606820
256 97 394011 4242606820
256 98 393991 4242606820
256 99 393991 4242606820
256 100 393991 4242606820
256 101 393991 4242606820
256 102 393991 4242606820
256 103 393991 4242606820
256 104 393991 4242606820
256 105 393991 4242606820
256 106 393991 4242606820
256 107 393991 4242606820
256 108 393991 4242606820
256 109 393991 4242606820
256 110 393991 4242606820
256 111 393991 4242606820
256 112 393991 4242606820
256 113 393991 4242606820
256 114 393991 4242606820
256 115 393991 4242606820
256 116 394011 4242606820
256 117 393991 4242606820
256 118 393991 4242606820
256 119 393991 4242606820
256 120 394011 4242606820
256 121 393991 4242606820
256 122 394187 4242606820
256 123 393991 4242606820
256 124 393991 4242606820
256 125 393991 4242606820
256 126 393991 4242606820
256 127 393991 4242606820
256 128 393991 4242606820
256 129 393991 4242606820
256 130 393991 4242606820
256 131 393991 4242606820
256 132 393991 4242606820
256 133 393991 4242606820
256 134 393991 4242606820
256 135 393991 4242606820
256 136 393991 4242606820
256 137 393991 4242606820
256 138 394010 4242606820
256 139 393991 4242606820
256 140 394010 4242606820
256 141 393991 4242606820
256 142 393991 4242606820
256 143 393991 4242606820
256 144 394011 4242606820
256 145 393991 4242606820
256 146 393991 4242606820
256 147 393991 4242606820
256 148 393991 4242606820
256 149 393991 4242606820
256 150 393991 4242606820
256 151 393991 4242606820
256 152 394011 4242606820
256 153 393991 4242606820
256 154 393991 4242606820
256 155 393991 4242606820
256 156 394182 4242606820
256 157 393991 4242606820
256 158 393991 4242606820
256 159 394010 4242606820
256 160 393991 4242606820
256 161 393991 4242606820
256 162 393991 4242606820
256 163 393991 4242606820
256 164 393991 4242606820
256 165 393991 4242606820
256 166 394010 4242606820
256 167 393991 4242606820
256 168 393991 4242606820
256 169 394011 4242606820
256 170 394011 4242606820
256 171 393991 4242606820
256 172 394010 4242606820
256 173 393991 4242606820
256 174 393991 4242606820
256 175 393991 4242606820
256 176 393991 4242606820
256 177 394175 4242606820
256 178 393991 4242606820
256 179 393991 4242606820
256 180 393991 4242606820
256 181 393991 4242606820
256 182 393991 4242606820
256 183 394010 4242606820
256 184 393991 4242606820
256 185 393991 4242606820
256 186 393991 4242606820
256 187 393991 4242606820
256 188 393991 4242606820
256 189 393991 4242606820
256 190 394181 4242606820
256 191 393991 4242606820
256 192 394010 4242606820
256 193 394010 4242606820
256 194 393991 4242606820
256 195 393991 4242606820
256 196 394011 4242606820
256 197 393991 4242606820
256 198 393991 4242606820
256 199 393991 4242606820
256 200 393991 4242606820
256 201 393991 4242606820
256 202 393991 4242606820
256 203 393991 4242606820
256 204 393991 4242606820
256 205 393991 4242606820
256 206 393991 4242606820
256 207 393991 4242606820
256 208 393991 4242606820
256 209 393991 4242606820
256 210 393991 4242606820
256 211 394175 4242606820
256 212 393991 4242606820
256 213 393991 4242606820
256 214 393991 4242606820
256 215 393991 4242606820
256 216 394011 4242606820
256 217 393991 4242606820
256 218 393991 4242606820
256 219 393991 4242606820
256 220 393991 4242606820
256 221 393991 4242606820
256 222 394031 4242606820
256 223 393991 4242606820
256 224 394195 4242606820
256 225 393991 4242606820
256 226 393991 4242606820
256 227 394011 4242606820
256 228 393991 4242606820
256 229 393991 4242606820
256 230 393991 4242606820
256 231 394010 4242606820
256 232 393991 4242606820
256 233 393991 4242606820
256 234 393991 4242606820
256 235 393991 4242606820
256 236 393991 4242606820
256 237 393991 4242606820
256 238 393991 4242606820
256 239 393991 4242606820
256 240 394011 4242606820
256 241 393991 4242606820
256 242 393991 4242606820
256 243 393991 4242606820
256 244 393991 4242606820
256 245 394200 4242606820
256 246 393991 4242606820
256 247 393991 4242606820
256 248 393991 4242606820
256 249 394011 4242606820
256 250 393991 4242606820
256 251 393991 4242606820
256 252 393991 4242606820
256 253 393991 4242606820
256 254 393991 4242606820
256 255 393991 4242606820
256 256 393991 4242606820
256 257 393991 4242606820
256 258 394184 4242606820
256 259 393991 4242606820
256 260 393991 4242606820
256 261 393991 4242606820
256 262 394011 4242606820
256 263 393991 4242606820
256 264 393991 4242606820
256 265 393991 4242606820
256 266 393991 4242606820
256 267 394031 4242606820
256 268 393991 4242606820
256 269 393991 4242606820
256 270 393991 4242606820
256 271 393991 4242606820
256 272 393991 4242606820
256 273 393991 4242606820
256 274 394011 4242606820
256 275 393991 4242606820
256 276 393991 4242606820
256 277 393991 4242606820
256 278 393991 4242606820
256 279 394170 4242606820
256 280 393991 4242606820
256 281 393991 4242606820
256 282 393991 4242606820
256 283 393991 4242606820
256 284 393991 4242606820
256 285 393991 4242606820
256 286 393991 4242606820
256 287 393991 4242606820
256 288 393991 4242606820
256 289 393991 4242606820
256 290 393991 4242606820
256 291 393991 4242606820
256 292 394178 4242606820
256 293 393991 4242606820
256 294 393991 4242606820
256 295 393991 4242606820
256 296 394010 4242606820
256 297 393991 4242606820
256 298 393991 4242606820
256 299 393991 4242606820
256 300 393991 4242606820
256 301 393991 4242606820
256 302 394010 4242606820
256 303 393991 4242606820
256 304 393991 4242606820
256 305 393991 4242606820
256 306 393991 4242606820
256 307 394010 4242606820
256 308 393991 4242606820
256 309 393991 4242606820
256 310 393991 4242606820
256 311 393991 4242606820
256 312 393991 4242606820
256 313 394169 4242606820
256 314 393991 4242606820
256 315 393991 4242606820
256 316 393991 4242606820
256 317 394011 4242606820
256 318 393991 4242606820
256 319 393991 4242606820
256 320 393991 4242606820
256 321 393991 4242606820
256 322 393991 4242606820
256 323 393991 4242606820
256 324 393991 4242606820
256 325 393991 4242606820
256 326 394164 4242606820
256 327 393991 4242606820
256 328 394011 4242606820
256 329 393991 4242606820
256 330 393991 4242606820
256 331 393991 4242606820
256 332 393991 4242606820
256 333 393991 4242606820
256 334 393991 4242606820
256 335 393991 4242606820
256 336 393991 4242606820
256 337 394010 4242606820
256 338 393991 4242606820
256 339 393991 4242606820
256 340 393991 4242606820
256 341 393991 4242606820
256 342 393991 4242606820
256 343 393991 4242606820
256 344 393991 4242606820
256 345 393991 4242606820
256 346 394011 4242606820
256 347 394171 4242606820
256 348 393991 4242606820
256 349 394029 4242606820
256 350 393991 4242606820
256 351 393991 4242606820
256 352 393991 4242606820
256 353 393991 4242606820
256 354 393991 4242606820
256 355 393991 4242606820
256 356 393991 4242606820
256 357 393991 4242606820
256 358 393991 4242606820
256 359 393991 4242606820
256 360 393991 4242606820
256 361 393991 4242606820
256 362 393991 4242606820
256 363 393991 4242606820
256 364 393991 4242606820
256 365 393991 4242606820
256 366 393991 4242606820
256 367 393991 4242606820
256 368 393991 4242606820
256 369 393991 4242606820
256 370 393991 4242606820
256 371 393991 4242606820
256 372 393991 4242606820
256 373 393991 4242606820
256 374 393991 4242606820
256 375 393991 4242606820
256 376 393991 4242606820
256 377 394011 4242606820
256 378 393991 4242606820
256 379 394011 4242606820
256 380 393991 4242606820
256 381 394155 4242606820
256 382 393991 4242606820
256 383 393991 4242606820
256 384 393991 4242606820
256 385 393991 4242606820
256 386 393991 4242606820
256 387 393991 4242606820
256 388 393991 4242606820
256 389 393991 4242606820
256 390 394011 4242606820
256 391 393991 4242606820
256 392 393991 4242606820
256 393 393991 4242606820
256 394 393991 4242606820
256 395 393991 4242606820
256 396 393991 4242606820
256 397 393991 4242606820
256 398 393991 4242606820
256 399 393991 4242606820
256 400 393991 4242606820
256 401 393991 4242606820
256 402 393991 4242606820
256 403 393991 4242606820
256 404 393991 4242606820
256 405 393991 4242606820
256 406 393991 4242606820
256 407 393991 4242606820
256 408 393991 4242606820
256 409 393991 4242606820
256 410 393991 4242606820
256 411 393991 4242606820
256 412 393991 4242606820
256 413 393991 4242606820
256 414 393991 4242606820
256 415 394165 4242606820
256 416 393991 4242606820
256 417 393991 4242606820
256 418 393991 4242606820
256 419 393991 4242606820
256 420 393991 4242606820
256 421 394010 4242606820
256 422 393991 4242606820
256 423 393991 4242606820
256 424 394030 4242606820
256 425 393991 4242606820
256 426 393991 4242606820
256 427 393991 4242606820
256 428 393991 4242606820
256 429 393991 4242606820
256 430 393991 4242606820
256 431 393991 4242606820
256 432 393991 4242606820
256 433 394011 4242606820
256 434 393991 4242606820
256 435 394011 4242606820
256 436 394011 4242606820
256 437 393991 4242606820
256 438 393991 4242606820
256 439 393991 4242606820
256 440 394010 4242606820
256 441 393991 4242606820
256 442 393991 4242606820
256 443 393991 4242606820
256 444 393991 4242606820
256 445 394010 4242606820
256 446 394010 4242606820
256 447 394011 4242606820
256 448 393991 4242606820
256 449 394170 4242606820
256 450 393991 4242606820
256 451 393991 4242606820
256 452 393991 4242606820
256 453 393991 4242606820
256 454 393991 4242606820
256 455 393991 4242606820
256 456 393991 4242606820
256 457 393991 4242606820
256 458 393991 4242606820
256 459 393991 4242606820
256 460 393991 4242606820
256 461 393991 4242606820
256 462 394010 4242606820
256 463 393991 4242606820
256 464 393991 4242606820
256 465 393991 4242606820
256 466 394186 4242606820
256 467 393991 4242606820
256 468 393991 4242606820
256 469 393991 4242606820
256 470 393991 4242606820
256 471 393991 4242606820
256 472 394011 4242606820
256 473 393991 4242606820
256 474 393991 4242606820
256 475 393991 4242606820
256 476 393991 4242606820
256 477 393991 4242606820
256 478 394011 4242606820
256 479 393991 4242606820
256 480 393991 4242606820
256 481 393991 4242606820
256 482 393991 4242606820
256 483 393991 4242606820
256 484 393991 4242606820
256 485 393991 4242606820
256 486 393991 4242606820
256 487 393991 4242606820
256 488 393991 4242606820
256 489 393991 4242606820
256 490 393991 4242606820
256 491 393991 4242606820
256 492 394011 4242606820
256 493 393991 4242606820
256 494 393991 4242606820
256 495 393991 4242606820
256 496 393991 4242606820
256 497 393991 4242606820
256 498 394010 4242606820
256 499 393991 4242606820
256 500 394176 4242606820
256 501 393991 4242606820
256 502 393991 4242606820
256 503 394011 4242606820
256 504 393991 4242606820
256 505 393991 4242606820
256 506 393991 4242606820
256 507 393991 4242606820
256 508 393991 4242606820
256 509 393991 4242606820
256 510 393991 4242606820
256 511 393991 4242606820
256 512 393991 4242606820
256 513 393991 4242606820
256 514 393991 4242606820
256 515 393991 4242606820
256 516 393991 4242606820
256 517 393991 4242606820
256 518 393991 4242606820
256 519 393991 4242606820
256 520 393991 4242606820
256 521 394011 4242606820
256 522 393991 4242606820
256 523 394011 4242606820
256 524 394010 4242606820
256 525 393991 4242606820
256 526 393991 4242606820
256 527 393991 4242606820
256 528 393991 4242606820
256 529 393991 4242606820
256 530 393991 4242606820
256 531 393991 4242606820
256 532 393991 4242606820
256 533 393991 4242606820
256 534 394168 4242606820
256 535 393991 4242606820
256 536 393991 4242606820
256 537 393991 4242606820
256 538 393991 4242606820
256 539 393991 4242606820
256 540 393991 4242606820
256 541 393991 4242606820
256 542 393991 4242606820
256 543 393991 4242606820
256 544 393991 4242606820
256 545 393991 4242606820
256 546 393991 4242606820
256 547 393991 4242606820
256 548 393991 4242606820
256 549 394011 4242606820
256 550 394011 4242606820
256 551 393991 4242606820
256 552 393991 4242606820
256 553 393991 4242606820
256 554 394010 4242606820
256 555 394011 4242606820
256 556 393991 4242606820
256 557 393991 4242606820
256 558 393991 4242606820
256 559 393991 4242606820
256 560 393991 4242606820
256 561 393991 4242606820
256 562 393991 4242606820
256 563 393991 4242606820
256 564 393991 4242606820
256 565 393991 4242606820
256 566 393991 4242606820
256 567 393991 4242606820
256 568 394195 4242606820
256 569 393991 4242606820
256 570 393991 4242606820
256 571 394011 4242606820
256 572 394011 4242606820
256 573 393991 4242606820
256 574 393991 4242606820
256 575 393991 4242606820
256 576 393991 4242606820
256 577 393991 4242606820
256 578 393991 4242606820
256 579 393991 4242606820
256 580 393991 4242606820
256 581 393991 4242606820
256 582 393991 4242606820
256 583 393991 4242606820
256 584 393991 4242606820
256 585 393991 4242606820
256 586 393991 4242606820
256 587 393991 4242606820
256 588 393991 4242606820
256 589 394177 4242606820
256 590 393991 4242606820
256 591 393991 4242606820
256 592 393991 4242606820
256 593 393991 4242606820
256 594 394011 4242606820
256 595 393991 4242606820
256 596 393991 4242606820
256 597 393991 4242606820
256 598 393991 4242606820
256 599 393991 4242606820
256 600 393991 4242606820
256 601 393991 4242606820
256 602 394177 4242606820
256 603 394011 4242606820
256 604 393991 4242606820
256 605 394031 4242606820
256 606 393991 4242606820
256 607 394010 4242606820
256 608 393991 4242606820
256 609 393991 4242606820
256 610 393991 4242606820
256 611 393991 4242606820
256 612 393991 4242606820
256 613 393991 4242606820
256 614 393991 4242606820
256 615 394010 4242606820
256 616 393991 4242606820
256 617 393991 4242606820
256 618 393991 4242606820
256 619 393991 4242606820
256 620 393991 4242606820
256 621 393991 4242606820
256 622 393991 4242606820
256 623 394153 4242606820
256 624 393991 4242606820
256 625 393991 4242606820
256 626 393991 4242606820
256 627 393991 4242606820
256 628 393991 4242606820
256 629 393991 4242606820
256 630 393991 4242606820
256 631 393991 4242606820
256 632 393991 4242606820
256 633 393991 4242606820
256 634 393991 4242606820
256 635 393991 4242606820
256 636 394144 4242606820
256 637 393991 4242606820
256 638 393991 4242606820
256 639 393991 4242606820
256 640 393991 4242606820
256 641 393991 4242606820
256 642 393991 4242606820
256 643 393991 4242606820
256 644 393991 4242606820
256 645 393991 4242606820
256 646 393991 4242606820
256 647 393991 4242606820
256 648 393991 4242606820
256 649 393991 4242606820
256 650 393991 4242606820
256 651 394012 4242606820
256 652 393991 4242606820
256 653 393991 4242606820
256 654 393991 4242606820
256 655 393991 4242606820
256 656 393991 4242606820
256 657 394226 4242606820
256 658 393991 4242606820
256 659 393991 4242606820
256 660 393991 4242606820
256 661 394011 4242606820
256 662 393991 4242606820
256 663 393991 4242606820
256 664 393991 4242606820
256 665 393991 4242606820
256 666 393991 4242606820
256 667 393991 4242606820
256 668 393991 4242606820
256 669 394011 4242606820
256 670 394162 4242606820
256 671 394011 4242606820
256 672 393991 4242606820
256 673 393991 4242606820
256 674 393991 4242606820
256 675 393991 4242606820
256 676 393991 4242606820
256 677 393991 4242606820
256 678 393991 4242606820
256 679 393991 4242606820
256 680 393991 4242606820
256 681 393991 4242606820
256 682 393991 4242606820
256 683 393991 4242606820
256 684 393991 4242606820
256 685 393991 4242606820
256 686 393991 4242606820
256 687 393991 4242606820
256 688 393991 4242606820
256 689 393991 4242606820
256 690 394011 4242606820
256 691 394166 4242606820
256 692 393991 4242606820
256 693 393991 4242606820
256 694 393991 4242606820
256 695 393991 4242606820
256 696 394011 4242606820
256 697 393991 4242606820
256 698 393991 4242606820
256 699 393991 4242606820
256 700 393991 4242606820
256 701 393991 4242606820
256 702 393991 4242606820
256 703 393991 4242606820
256 704 394158 4242606820
256 705 393991 4242606820
256 706 393991 4242606820
256 707 393991 4242606820
256 708 393991 4242606820
256 709 393991 4242606820
256 710 393991 4242606820
256 711 393991 4242606820
256 712 393991 4242606820
256 713 393991 4242606820
256 714 393991 4242606820
256 715 393991 4242606820
256 716 394011 4242606820
256 717 393991 4242606820
256 718 393991 4242606820
256 719 393991 4242606820
256 720 393991 4242606820
256 721 393991 4242606820
256 722 393991 4242606820
256 723 393991 4242606820
256 724 393991 4242606820
256 725 394168 4242606820
256 726 393991 4242606820
256 727 393991 4242606820
256 728 393991 4242606820
256 729 393991 4242606820
256 730 393991 4242606820
256 731 393991 4242606820
256 732 393991 4242606820
256 733 394010 4242606820
256 734 393991 4242606820
256 735 393991 4242606820
256 736 393991 4242606820
256 737 393991 4242606820
256 738 394160 4242606820
256 739 393991 4242606820
256 740 393991 4242606820
256 741 393991 4242606820
256 742 393991 4242606820
256 743 393991 4242606820
256 744 393991 4242606820
256 745 393991 4242606820
256 746 393991 4242606820
256 747 394010 4242606820
256 748 393991 4242606820
256 749 393991 4242606820
256 750 393991 4242606820
256 751 393991 4242606820
256 752 393991 4242606820
256 753 393991 4242606820
256 754 393991 4242606820
256 755 393991 4242606820
256 756 393991 4242606820
256 757 393991 4242606820
256 758 393991 4242606820
256 759 394175 4242606820
256 760 394010 4242606820
256 761 393991 4242606820
256 762 393991 4242606820
256 763 393991 4242606820
256 764 393991 4242606820
256 765 393991 4242606820
256 766 393991 4242606820
256 767 393991 4242606820
256 768 393991 4242606820
256 769 393991 4242606820
256 770 393991 4242606820
256 771 394010 4242606820
256 772 394010 4242606820
256 773 393991 4242606820
256 774 393991 4242606820
256 775 393991 4242606820
256 776 393991 4242606820
256 777 393991 4242606820
256 778 393991 4242606820
256 779 393991 4242606820
256 780 393991 4242606820
256 781 393991 4242606820
256 782 393991 4242606820
256 783 393991 4242606820
256 784 393991 4242606820
256 785 393991 4242606820
256 786 393991 4242606820
256 787 393991 4242606820
256 788 393991 4242606820
256 789 394011 4242606820
256 790 394011 4242606820
256 791 393991 4242606820
256 792 393991 4242606820
256 793 394147 4242606820
256 794 393991 4242606820
256 795 394011 4242606820
256 796 393991 4242606820
256 797 393991 4242606820
256 798 393991 4242606820
256 799 393991 4242606820
256 800 393991 4242606820
256 801 393991 4242606820
256 802 393991 4242606820
256 803 393991 4242606820
256 804 393991 4242606820
256 805 393991 4242606820
256 806 393991 4242606820
256 807 393991 4242606820
256 808 393991 4242606820
256 809 393991 4242606820
256 810 393991 4242606820
256 811 393991 4242606820
256 812 393991 4242606820
256 813 393991 4242606820
256 814 393991 4242606820
256 815 393991 4242606820
256 816 393991 4242606820
256 817 393991 4242606820
256 818 393991 4242606820
256 819 393991 4242606820
256 820 394011 4242606820
256 821 393991 4242606820
256 822 393991 4242606820
256 823 394011 4242606820
256 824 393991 4242606820
256 825 393991 4242606820
256 826 394011 4242606820
256 827 394163 4242606820
256 828 393991 4242606820
256 829 393991 4242606820
256 830 393991 4242606820
256 831 394011 4242606820
256 832 393991 4242606820
256 833 393991 4242606820
256 834 393991 4242606820
256 835 393991 4242606820
256 836 393991 4242606820
256 837 393991 4242606820
256 838 393991 4242606820
256 839 393991 4242606820
256 840 393991 4242606820
256 841 393991 4242606820
256 842 393991 4242606820
256 843 393991 4242606820
256 844 393991 4242606820
256 845 393991 4242606820
256 846 393991 4242606820
256 847 393991 4242606820
256 848 393991 4242606820
256 849 393991 4242606820
256 850 393991 4242606820
256 851 394011 4242606820
256 852 393991 4242606820
256 853 393991 4242606820
256 854 393991 4242606820
256 855 393991 4242606820
256 856 393991 4242606820
256 857 394011 4242606820
256 858 393991 4242606820
256 859 393991 4242606820
256 860 393991 4242606820
256 861 394157 4242606820
256 862 393991 4242606820
256 863 394010 4242606820
256 864 394011 4242606820
256 865 393991 4242606820
256 866 393991 4242606820
256 867 394011 4242606820
256 868 393991 4242606820
256 869 394010 4242606820
256 870 393991 4242606820
256 871 393991 4242606820
256 872 393991 4242606820
256 873 393991 4242606820
256 874 393991 4242606820
256 875 393991 4242606820
256 876 393991 4242606820
256 877 393991 4242606820
256 878 394183 4242606820
256 879 393991 4242606820
256 880 393991 4242606820
256 881 393991 4242606820
256 882 393991 4242606820
256 883 394010 4242606820
256 884 393991 4242606820
256 885 393991 4242606820
256 886 394011 4242606820
256 887 393991 4242606820
256 888 393991 4242606820
256 889 393991 4242606820
256 890 393991 4242606820
256 891 393991 4242606820
256 892 393991 4242606820
256 893 393991 4242606820
256 894 393991 4242606820
256 895 394010 4242606820
256 896 393991 4242606820
256 897 393991 4242606820
256 898 393991 4242606820
256 899 393991 4242606820
256 900 393991 4242606820
256 901 393991 4242606820
256 902 393991 4242606820
256 903 393991 4242606820
256 904 393991 4242606820
256 905 393991 4242606820
256 906 393991 4242606820
256 907 394011 4242606820
256 908 393991 4242606820
256 909 393991 4242606820
256 910 393991 4242606820
256 911 393991 4242606820
256 912 394181 4242606820
256 913 394011 4242606820
256 914 393991 4242606820
256 915 393991 4242606820
256 916 393991 4242606820
256 917 393991 4242606820
256 918 393991 4242606820
256 919 393991 4242606820
256 920 393991 4242606820
256 921 393991 4242606820
256 922 393991 4242606820
256 923 393991 4242606820
256 924 393991 4242606820
256 925 393991 4242606820
256 926 393991 4242606820
256 927 393991 4242606820
256 928 393991 4242606820
256 929 393991 4242606820
256 930 393991 4242606820
256 931 393991 4242606820
256 932 393991 4242606820
256 933 393991 4242606820
256 934 393991 4242606820
256 935 393991 4242606820
256 936 394010 4242606820
256 937 393991 4242606820
256 938 393991 4242606820
256 939 393991 4242606820
256 940 393991 4242606820
256 941 393991 4242606820
256 942 393991 4242606820
256 943 393991 4242606820
256 944 393991 4242606820
256 945 393991 4242606820
256 946 394182 4242606820
256 947 393991 4242606820
256 948 393991 4242606820
256 949 393991 4242606820
256 950 393991 4242606820
256 951 393991 4242606820
256 952 393991 4242606820
256 953 393991 4242606820
256 954 393991 4242606820
256 955 393991 4242606820
256 956 393991 4242606820
256 957 393991 4242606820
256 958 393991 4242606820
256 959 393991 4242606820
256 960 393991 4242606820
256 961 394010 4242606820
256 962 393991 4242606820
256 963 393991 4242606820
256 964 394011 4242606820
256 965 393991 4242606820
256 966 393991 4242606820
256 967 394185 4242606820
256 968 393991 4242606820
256 969 393991 4242606820
256 970 393991 4242606820
256 971 393991 4242606820
256 972 393991 4242606820
256 973 393991 4242606820
256 974 393991 4242606820
256 975 393991 4242606820
256 976 393991 4242606820
256 977 393991 4242606820
256 978 393991 4242606820
256 979 393991 4242606820
256 980 394180 4242606820
256 981 393991 4242606820
256 982 393991 4242606820
256 983 393991 4242606820
256 984 393991 4242606820
256 985 393991 4242606820
256 986 393991 4242606820
256 987 393991 4242606820
256 988 394011 4242606820
256 989 393991 4242606820
256 990 394011 4242606820
256 991 393991 4242606820
256 992 393991 4242606820
256 993 393991 4242606820
256 994 393991 4242606820
256 995 393991 4242606820
256 996 393991 4242606820
256 997 393991 4242606820
256 998 394051 4242606820
256 999 393991 4242606820
