256 0 394324 4242606989
256 1 394632 4242606964
256 2 394531 4242606964
256 3 394787 4242606964
256 4 394844 4242606964
256 5 395002 4242606964
256 6 394794 4242606964
256 7 394819 4242606964
256 8 394723 4242606964
256 9 394851 4242606964
256 10 394878 4242606964
256 11 394739 4242606964
256 12 394822 4242606964
256 13 394978 4242606964
256 14 394205 4242606964
256 15 394778 4242606964
256 16 394903 4242606964
256 17 395043 4242606964
256 18 395023 4242606964
256 19 394835 4242606964
256 20 394415 4242606964
256 21 394103 4242606964
256 22 394791 4242606964
256 23 395083 4242606964
256 24 394794 4242606964
256 25 394791 4242606964
256 26 394731 4242606964
256 27 394899 4242606964
256 28 394089 4242606964
256 29 394632 4242606964
256 30 394668 4242606964
256 31 394894 4242606964
256 32 394831 4242606964
256 33 394786 4242606964
256 34 394835 4242606964
256 35 394690 4242606964
256 36 394821 4242606964
256 37 394775 4242606964
256 38 394977 4242606964
256 39 395134 4242606964
256 40 394774 4242606964
256 41 394803 4242606964
256 42 394031 4242606964
256 43 394692 4242606964
256 44 394671 4242606964
256 45 394870 4242606964
256 46 394539 4242606964
256 47 394594 4242606964
256 48 394848 4242606964
256 49 393991 4242606964
256 50 394774 4242606964
256 51 394864 4242606964
256 52 394783 4242606964
256 53 394690 4242606964
256 54 394648 4242606964
256 55 394772 4242606964
256 56 394536 4242606964
256 57 394633 4242606964
256 58 394577 4242606964
256 59 394823 4242606964
256 60 394749 4242606964
256 61 395075 4242606964
256 62 394752 4242606964
256 63 394088 4242606964
256 64 394724 4242606964
256 65 394820 4242606964
256 66 394759 4242606964
256 67 394850 4242606964
256 68 394932 4242606964
256 69 395020 4242606964
256 70 394012 4242606964
256 71 394570 4242606964
256 72 394688 4242606964
256 73 394773 4242606964
256 74 394908 4242606964
256 75 394519 4242606964
256 76 394807 4242606964
256 77 394457 4242606964
256 78 394725 4242606964
256 79 394839 4242606964
256 80 394649 4242606964
256 81 394676 4242606964
256 82 394746 4242606964
256 83 394707 4242606964
256 84 394031 4242606964
256 85 394714 4242606964
256 86 395024 4242606964
256 87 394702 4242606964
256 88 394765 4242606964
256 89 394867 4242606964
256 90 394869 4242606964
256 91 394695 4242606964
256 92 394514 4242606964
256 93 394689 4242606964
256 94 394916 4242606964
256 95 394789 4242606964
256 96 394889 4242606964
256 97 394825 4242606964
256 98 394031 4242606964
256 99 394531 4242606964
256 100 394647 4242606964
256 101 394847 4242606964
256 102 394593 4242606964
256 103 394746 4242606964
256 104 394762 4242606964
256 105 394793 4242606964
256 106 394612 4242606964
256 107 394906 4242606964
256 108 394806 4242606964
256 109 394886 4242606964
256 110 394926 4242606964
256 111 394752 4242606964
256 112 393990 4242606964
256 113 394848 4242606964
256 114 394828 4242606964
256 115 394837 4242606964
256 116 394785 4242606964
256 117 394612 4242606964
256 118 394733 4242606964
256 119 394983 4242606964
256 120 394733 4242606964
256 121 394820 4242606964
256 122 394698 4242606964
256 123 394554 4242606964
256 124 394829 4242606964
256 125 394671 4242606964
256 126 394029 4242606964
256 127 394734 4242606964
256 128 394746 4242606964
256 129 394628 4242606964
256 130 394693 4242606964
256 131 394826 4242606964
256 132 395065 4242606964
256 133 395121 4242606964
256 134 394610 4242606964
256 135 394789 4242606964
256 136 394797 4242606964
256 137 394670 4242606964
256 138 394709 4242606964
256 139 394711 4242606964
256 140 394445 4242606964
256 141 394803 4242606964
256 142 394766 4242606964
256 143 394611 4242606964
256 144 394732 4242606964
256 145 394753 4242606964
256 146 394979 4242606964
256 147 394670 4242606964
256 148 394695 4242606964
256 149 395039 4242606964
256 150 394691 4242606964
256 151 394719 4242606964
256 152 394942 4242606964
256 153 394631 4242606964
256 154 394106 4242606964
256 155 394589 4242606964
256 156 394669 4242606964
256 157 394758 4242606964
256 158 394578 4242606964
256 159 394748 4242606964
256 160 394707 4242606964
256 161 394850 4242606964
256 162 394928 4242606964
256 163 394705 4242606964
256 164 394595 4242606964
256 165 394969 4242606964
256 166 394785 4242606964
256 167 394745 4242606964
256 168 394263 4242606964
256 169 394683 4242606964
256 170 394687 4242606964
256 171 394774 4242606964
256 172 394693 4242606964
256 173 394677 4242606964
256 174 394484 4242606964
256 175 394638 4242606964
256 176 394694 4242606964
256 177 394827 4242606964
256 178 394904 4242606964
256 179 394958 4242606964
256 180 394690 4242606964
256 181 394784 4242606964
256 182 394187 4242606964
256 183 394573 4242606964
256 184 394656 4242606964
256 185 394536 4242606964
256 186 394688 4242606964
256 187 394725 4242606964
256 188 394828 4242606964
256 189 394746 4242606964
256 190 395012 4242606964
256 191 394690 4242606964
256 192 394966 4242606964
256 193 394721 4242606964
256 194 395003 4242606964
256 195 394669 4242606964
256 196 394087 4242606964
256 197 394902 4242606964
256 198 394865 4242606964
256 199 394862 4242606964
256 200 394613 4242606964
256 201 394687 4242606964
256 202 394872 4242606964
256 203 394693 4242606964
256 204 394719 4242606964
256 205 394956 4242606964
256 206 394749 4242606964
256 207 394788 4242606964
256 208 394736 4242606964
256 209 394702 4242606964
256 210 394242 4242606964
256 211 394728 4242606964
256 212 394595 4242606964
256 213 394843 4242606964
256 214 394841 4242606964
256 215 394811 4242606964
256 216 394674 4242606964
256 217 394558 4242606964
256 218 394591 4242606964
256 219 394595 4242606964
256 220 394765 4242606964
256 221 394819 4242606964
256 222 394476 4242606964
256 223 394791 4242606964
256 224 394126 4242606964
256 225 394648 4242606964
256 226 394687 4242606964
256 227 394650 4242606964
256 228 394595 4242606964
256 229 394906 4242606964
256 230 394778 4242606964
256 231 394793 4242606964
256 232 394771 4242606964
256 233 394827 4242606964
256 234 394941 4242606964
256 235 394977 4242606964
256 236 394918 4242606964
256 237 394831 4242606964
256 238 394163 4242606964
256 239 394690 4242606964
256 240 394705 4242606964
256 241 394534 4242606964
256 242 394594 4242606964
256 243 394755 4242606964
256 244 395082 4242606964
256 245 394732 4242606964
256 246 394770 4242606964
256 247 394803 4242606964
256 248 394612 4242606964
256 249 394783 4242606964
256 250 394710 4242606964
256 251 394769 4242606964
256 252 394224 4242606964
256 253 394671 4242606964
256 254 394625 4242606964
256 255 394729 4242606964
256 256 394649 4242606964
256 257 394691 4242606964
256 258 394744 4242606964
256 259 394907 4242606964
256 260 394884 4242606964
256 261 394901 4242606964
256 262 394534 4242606964
256 263 394679 4242606964
256 264 394802 4242606964
256 265 394567 4242606964
256 266 394187 4242606964
256 267 394704 4242606964
256 268 394551 4242606964
256 269 394887 4242606964
256 270 394737 4242606964
256 271 394654 4242606964
256 272 394670 4242606964
256 273 394730 4242606964
256 274 394868 4242606964
256 275 394847 4242606964
256 276 394785 4242606964
256 277 394785 4242606964
256 278 394650 4242606964
256 279 394763 4242606964
256 280 394245 4242606964
256 281 394752 4242606964
256 282 394784 4242606964
256 283 394714 4242606964
256 284 394755 4242606964
256 285 394853 4242606964
256 286 394709 4242606964
256 287 394601 4242606964
256 288 394881 4242606964
256 289 394491 4242606964
256 290 394821 4242606964
256 291 394822 4242606964
256 292 394628 4242606964
256 293 394786 4242606964
256 294 394373 4242606964
256 295 394608 4242606964
256 296 394601 4242606964
256 297 394672 4242606964
256 298 395072 4242606964
256 299 394618 4242606964
256 300 394982 4242606964
256 301 394791 4242606964
256 302 394768 4242606964
256 303 394959 4242606964
256 304 394732 4242606964
256 305 394788 4242606964
256 306 394651 4242606964
256 307 394899 4242606964
256 308 394206 4242606964
256 309 394740 4242606964
256 310 394729 4242606964
256 311 394734 4242606964
256 312 394708 4242606964
256 313 394863 4242606964
256 314 394675 4242606964
256 315 394731 4242606964
256 316 394937 4242606964
256 317 394811 4242606964
256 318 394927 4242606964
256 319 394817 4242606964
256 320 394704 4242606964
256 321 394726 4242606964
256 322 394149 4242606964
256 323 394806 4242606964
256 324 394716 4242606964
256 325 394804 4242606964
256 326 394860 4242606964
256 327 394857 4242606964
256 328 394692 4242606964
256 329 394580 4242606964
256 330 394805 4242606964
256 331 394872 4242606964
256 332 394772 4242606964
256 333 394866 4242606964
256 334 394650 4242606964
256 335 394884 4242606964
256 336 394183 4242606964
256 337 394685 4242606964
256 338 395061 4242606964
256 339 394772 4242606964
256 340 395056 4242606964
256 341 394654 4242606964
256 342 394782 4242606964
256 343 394655 4242606964
256 344 394671 4242606964
256 345 394749 4242606964
256 346 395072 4242606964
256 347 394792 4242606964
256 348 394583 4242606964
256 349 394769 4242606964
256 350 394165 4242606964
256 351 394742 4242606964
256 352 394814 4242606964
256 353 394505 4242606964
256 354 394869 4242606964
256 355 394867 4242606964
256 356 395117 4242606964
256 357 394960 4242606964
256 358 394736 4242606964
256 359 394772 4242606964
256 360 394943 4242606964
256 361 394650 4242606964
256 362 394767 4242606964
256 363 394591 4242606964
256 364 394164 4242606964
256 365 394886 4242606964
256 366 394455 4242606964
256 367 394688 4242606964
256 368 394676 4242606964
256 369 394828 4242606964
256 370 394419 4242606964
256 371 394633 4242606964
256 372 394662 4242606964
256 373 394689 4242606964
256 374 394749 4242606964
256 375 394635 4242606964
256 376 394752 4242606964
256 377 394965 4242606964
256 378 394303 4242606964
256 379 394726 4242606964
256 380 394455 4242606964
256 381 394894 4242606964
256 382 395039 4242606964
256 383 394789 4242606964
256 384 394778 4242606964
256 385 394610 4242606964
256 386 394755 4242606964
256 387 394737 4242606964
256 388 394983 4242606964
256 389 394666 4242606964
256 390 394757 4242606964
256 391 394460 4242606964
256 392 394310 4242606964
256 393 394536 4242606964
256 394 394764 4242606964
256 395 394848 4242606964
256 396 394782 4242606964
256 397 394742 4242606964
256 398 394746 4242606964
256 399 394671 4242606964
256 400 394843 4242606964
256 401 394572 4242606964
256 402 395260 4242606964
256 403 394473 4242606964
256 404 394671 4242606964
256 405 394627 4242606964
256 406 394303 4242606964
256 407 394904 4242606964
256 408 394572 4242606964
256 409 394853 4242606964
256 410 394770 4242606964
256 411 394863 4242606964
256 412 394928 4242606964
256 413 394909 4242606964
256 414 394844 4242606964
256 415 394653 4242606964
256 416 394653 4242606964
256 417 394708 4242606964
256 418 394747 4242606964
256 419 394720 4242606964
256 420 394147 4242606964
256 421 394803 4242606964
256 422 394687 4242606964
256 423 394518 4242606964
256 424 394783 4242606964
256 425 394849 4242606964
256 426 394745 4242606964
256 427 394669 4242606964
256 428 394753 4242606964
256 429 394613 4242606964
256 430 395039 4242606964
256 431 394904 4242606964
256 432 394555 4242606964
256 433 394871 4242606964
256 434 394113 4242606964
256 435 394919 4242606964
256 436 394515 4242606964
256 437 394729 4242606964
256 438 394786 4242606964
256 439 394678 4242606964
256 440 394929 4242606964
256 441 394871 4242606964
256 442 394921 4242606964
256 443 394793 4242606964
256 444 394727 4242606964
256 445 394606 4242606964
256 446 394736 4242606964
256 447 394513 4242606964
256 448 394284 4242606964
256 449 394593 4242606964
256 450 394537 4242606964
256 451 394868 4242606964
256 452 394635 4242606964
256 453 394693 4242606964
256 454 394624 4242606964
256 455 394108 4242606964
256 456 395002 4242606964
256 457 394709 4242606964
256 458 394614 4242606964
256 459 394654 4242606964
256 460 394890 4242606964
256 461 394852 4242606964
256 462 394616 4242606964
256 463 394843 4242606964
256 464 395109 4242606964
256 465 394714 4242606964
256 466 394788 4242606964
256 467 394568 4242606964
256 468 394903 4242606964
256 469 394204 4242606964
256 470 394475 4242606964
256 471 394742 4242606964
256 472 394770 4242606964
256 473 394666 4242606964
256 474 394888 4242606964
256 475 394830 4242606964
256 476 394652 4242606964
256 477 395262 4242606964
256 478 394768 4242606964
256 479 394693 4242606964
256 480 394893 4242606964
256 481 394784 4242606964
256 482 394920 4242606964
256 483 394136 4242606964
256 484 394631 4242606964
256 485 394512 4242606964
256 486 394787 4242606964
256 487 394537 4242606964
256 488 394863 4242606964
256 489 394730 4242606964
256 490 394557 4242606964
256 491 394713 4242606964
256 492 394850 4242606964
256 493 394765 4242606964
256 494 394851 4242606964
256 495 394766 4242606964
256 496 394774 4242606964
256 497 394051 4242606964
256 498 394689 4242606964
256 499 394887 4242606964
256 500 394790 4242606964
256 501 394852 4242606964
256 502 394754 4242606964
256 503 394772 4242606964
256 504 394710 4242606964
256 505 394790 4242606964
256 506 394641 4242606964
256 507 394766 4242606964
256 508 394689 4242606964
256 509 394611 4242606964
256 510 394954 4242606964
256 511 394191 4242606964
256 512 394610 4242606964
256 513 394607 4242606964
256 514 394455 4242606964
256 515 394706 4242606964
256 516 394716 4242606964
256 517 394640 4242606964
256 518 394889 4242606964
256 519 394532 4242606964
256 520 394910 4242606964
256 521 394917 4242606964
256 522 394812 4242606964
256 523 394649 4242606964
256 524 394725 4242606964
256 525 394050 4242606964
256 526 394730 4242606964
256 527 394850 4242606964
256 528 394594 4242606964
256 529 394694 4242606964
256 530 394636 4242606964
256 531 394895 4242606964
256 532 394886 4242606964
256 533 394807 4242606964
256 534 394514 4242606964
256 535 394740 4242606964
256 536 395003 4242606964
256 537 395040 4242606964
256 538 394590 4242606964
256 539 393991 4242606964
256 540 394726 4242606964
256 541 394752 4242606964
256 542 394768 4242606964
256 543 394612 4242606964
256 544 394675 4242606964
256 545 394863 4242606964
256 546 394827 4242606964
256 547 394729 4242606964
256 548 394901 4242606964
256 549 394847 4242606964
256 550 394882 4242606964
256 551 394791 4242606964
256 552 394826 4242606964
256 553 394011 4242606964
256 554 394613 4242606964
256 555 394635 4242606964
256 556 394885 4242606964
256 557 394627 4242606964
256 558 394764 4242606964
256 559 394631 4242606964
256 560 394925 4242606964
256 561 394789 4242606964
256 562 394702 4242606964
256 563 394814 4242606964
256 564 394770 4242606964
256 565 394844 4242606964
256 566 394593 4242606964
256 567 394029 4242606964
256 568 394692 4242606964
256 569 394862 4242606964
256 570 394837 4242606964
256 571 394609 4242606964
256 572 394943 4242606964
256 573 394498 4242606964
256 574 394668 4242606964
256 575 394591 4242606964
256 576 394850 4242606964
256 577 394686 4242606964
256 578 394845 4242606964
256 579 394869 4242606964
256 580 394905 4242606964
256 581 394200 4242606964
256 582 394594 4242606964
256 583 394549 4242606964
256 584 394648 4242606964
256 585 394727 4242606964
256 586 394880 4242606964
256 587 394865 4242606964
256 588 394788 4242606964
256 589 394481 4242606964
256 590 394667 4242606964
256 591 394906 4242606964
256 592 394711 4242606964
256 593 394980 4242606964
256 594 394884 4242606964
256 595 394109 4242606964
256 596 394773 4242606964
256 597 394607 4242606964
256 598 394473 4242606964
256 599 394724 4242606964
256 600 394683 4242606964
256 601 394555 4242606964
256 602 394922 4242606964
256 603 394536 4242606964
256 604 394791 4242606964
256 605 394634 4242606964
256 606 394656 4242606964
256 607 394824 4242606964
256 608 394650 4242606964
256 609 393991 4242606964
256 610 394912 4242606964
256 611 395010 4242606964
256 612 394864 4242606964
256 613 394768 4242606964
256 614 395032 4242606964
256 615 394843 4242606964
256 616 394694 4242606964
256 617 394975 4242606964
256 618 394653 4242606964
256 619 394752 4242606964
256 620 394913 4242606964
256 621 394714 4242606964
256 622 394823 4242606964
256 623 394050 4242606964
256 624 394748 4242606964
256 625 395028 4242606964
256 626 394869 4242606964
256 627 394670 4242606964
256 628 394719 4242606964
256 629 394947 4242606964
256 630 394420 4242606964
256 631 394514 4242606964
256 632 394674 4242606964
256 633 394805 4242606964
256 634 394845 4242606964
256 635 394921 4242606964
256 636 394651 4242606964
256 637 394049 4242606964
256 638 394532 4242606964
256 639 394884 4242606964
256 640 394728 4242606964
256 641 394727 4242606964
256 642 394846 4242606964
256 643 394672 4242606964
256 644 394575 4242606964
256 645 394537 4242606964
256 646 394627 4242606964
256 647 394695 4242606964
256 648 394571 4242606964
256 649 394767 4242606964
256 650 394510 4242606964
256 651 394243 4242606964
256 652 394729 4242606964
256 653 394629 4242606964
256 654 394746 4242606964
256 655 394813 4242606964
256 656 394496 4242606964
256 657 394905 4242606964
256 658 394690 4242606964
256 659 394870 4242606964
256 660 394756 4242606964
256 661 394838 4242606964
256 662 394695 4242606964
256 663 394812 4242606964
256 664 394936 4242606964
256 665 394009 4242606964
256 666 394669 4242606964
256 667 394823 4242606964
256 668 394688 4242606964
256 669 394726 4242606964
256 670 394920 4242606964
256 671 394747 4242606964
256 672 394737 4242606964
256 673 394810 4242606964
256 674 394913 4242606964
256 675 394789 4242606964
256 676 394556 4242606964
256 677 394712 4242606964
256 678 394729 4242606964
256 679 394148 4242606964
256 680 394750 4242606964
256 681 394837 4242606964
256 682 394711 4242606964
256 683 394620 4242606964
256 684 394844 4242606964
256 685 394876 4242606964
256 686 394854 4242606964
256 687 394988 4242606964
256 688 394868 4242606964
256 689 394671 4242606964
256 690 394864 4242606964
256 691 394572 4242606964
256 692 394626 4242606964
256 693 394314 4242606964
256 694 394843 4242606964
256 695 394606 4242606964
256 696 394720 4242606964
256 697 394628 4242606964
256 698 394750 4242606964
256 699 394769 4242606964
256 700 394090 4242606964
256 701 394828 4242606964
256 702 394764 4242606964
256 703 394627 4242606964
256 704 394766 4242606964
256 705 394769 4242606964
256 706 394840 4242606964
256 707 395011 4242606964
256 708 394786 4242606964
256 709 394887 4242606964
256 710 395059 4242606964
256 711 395020 4242606964
256 712 394940 4242606964
256 713 394727 4242606964
256 714 394225 4242606964
256 715 394653 4242606964
256 716 394608 4242606964
256 717 394609 4242606964
256 718 394716 4242606964
256 719 394871 4242606964
256 720 394591 4242606964
256 721 394835 4242606964
256 722 394843 4242606964
256 723 394790 4242606964
256 724 394967 4242606964
256 725 394898 4242606964
256 726 394888 4242606964
256 727 394977 4242606964
256 728 394089 4242606964
256 729 394743 4242606964
256 730 394498 4242606964
256 731 394615 4242606964
256 732 394653 4242606964
256 733 394696 4242606964
256 734 394862 4242606964
256 735 394653 4242606964
256 736 394593 4242606964
256 737 394651 4242606964
256 738 394906 4242606964
256 739 394924 4242606964
256 740 394808 4242606964
256 741 394670 4242606964
256 742 394145 4242606964
256 743 394767 4242606964
256 744 394641 4242606964
256 745 394533 4242606964
256 746 394660 4242606964
256 747 394882 4242606964
256 748 394688 4242606964
256 749 394834 4242606964
256 750 394615 4242606964
256 751 394785 4242606964
256 752 394811 4242606964
256 753 394772 4242606964
256 754 394860 4242606964
256 755 394932 4242606964
256 756 394125 4242606964
256 757 394804 4242606964
256 758 394805 4242606964
256 759 394666 4242606964
256 760 394969 4242606964
256 761 394615 4242606964
256 762 394710 4242606964
256 763 394908 4242606964
256 764 394863 4242606964
256 765 394847 4242606964
256 766 394790 4242606964
256 767 394977 4242606964
256 768 394869 4242606964
256 769 394867 4242606964
256 770 394049 4242606964
256 771 394610 4242606964
256 772 394673 4242606964
256 773 394732 4242606964
256 774 394399 4242606964
256 775 394692 4242606964
256 776 394772 4242606964
256 777 394842 4242606964
256 778 394748 4242606964
256 779 394866 4242606964
256 780 394866 4242606964
256 781 394784 4242606964
256 782 394901 4242606964
256 783 394822 4242606964
256 784 394090 4242606964
256 785 394784 4242606964
256 786 394633 4242606964
256 787 394805 4242606964
256 788 394647 4242606964
256 789 394845 4242606964
256 790 394811 4242606964
256 791 394559 4242606964
256 792 394665 4242606964
256 793 394854 4242606964
256 794 394818 4242606964
256 795 394728 4242606964
256 796 394728 4242606964
256 797 394764 4242606964
256 798 394091 4242606964
256 799 394861 4242606964
256 800 394692 4242606964
256 801 394768 4242606964
256 802 394647 4242606964
256 803 394776 4242606964
256 804 394749 4242606964
256 805 394793 4242606964
256 806 394830 4242606964
256 807 394947 4242606964
256 808 394769 4242606964
256 809 394813 4242606964
256 810 394609 4242606964
256 811 395018 4242606964
256 812 394050 4242606964
256 813 394728 4242606964
256 814 394763 4242606964
256 815 394456 4242606964
256 816 394704 4242606964
256 817 394791 4242606964
256 818 394827 4242606964
256 819 394671 4242606964
256 820 394942 4242606964
256 821 395040 4242606964
256 822 394828 4242606964
256 823 394791 4242606964
256 824 394907 4242606964
256 825 394865 4242606964
256 826 394129 4242606964
256 827 394786 4242606964
256 828 394878 4242606964
256 829 394613 4242606964
256 830 394832 4242606964
256 831 394720 4242606964
256 832 394730 4242606964
256 833 394660 4242606964
256 834 394597 4242606964
256 835 394806 4242606964
256 836 394685 4242606964
256 837 394724 4242606964
256 838 394683 4242606964
256 839 394731 4242606964
256 840 394184 4242606964
256 841 394645 4242606964
256 842 394819 4242606964
256 843 394914 4242606964
256 844 394666 4242606964
256 845 394713 4242606964
256 846 394693 4242606964
256 847 394775 4242606964
256 848 394665 4242606964
256 849 394750 4242606964
256 850 394745 4242606964
256 851 394804 4242606964
256 852 394793 4242606964
256 853 394966 4242606964
256 854 394127 4242606964
256 855 394840 4242606964
256 856 394899 4242606964
256 857 394593 4242606964
256 858 394878 4242606964
256 859 394848 4242606964
256 860 394556 4242606964
256 861 394811 4242606964
256 862 394848 4242606964
256 863 394885 4242606964
256 864 395295 4242606964
256 865 394760 4242606964
256 866 394591 4242606964
256 867 394768 4242606964
256 868 394309 4242606964
256 869 394707 4242606964
256 870 394610 4242606964
256 871 394730 4242606964
256 872 394928 4242606964
256 873 394577 4242606964
256 874 394922 4242606964
256 875 394906 4242606964
256 876 395008 4242606964
256 877 394983 4242606964
256 878 394974 4242606964
256 879 394746 4242606964
256 880 394732 4242606964
256 881 394728 4242606964
256 882 394288 4242606964
256 883 394610 4242606964
256 884 394964 4242606964
256 885 394755 4242606964
256 886 394745 4242606964
256 887 395046 4242606964
256 888 394958 4242606964
256 889 395092 4242606964
256 890 394832 4242606964
256 891 394808 4242606964
256 892 394795 4242606964
256 893 394807 4242606964
256 894 394651 4242606964
256 895 394876 4242606964
256 896 394286 4242606964
256 897 395042 4242606964
256 898 394725 4242606964
256 899 394927 4242606964
256 900 394691 4242606964
256 901 394718 4242606964
256 902 394891 4242606964
256 903 394670 4242606964
256 904 394608 4242606964
256 905 394746 4242606964
256 906 394867 4242606964
256 907 395041 4242606964
256 908 394672 4242606964
256 909 394707 4242606964
256 910 394126 4242606964
256 911 394723 4242606964
256 912 394693 4242606964
256 913 394669 4242606964
256 914 394610 4242606964
256 915 394898 4242606964
256 916 394846 4242606964
256 917 394790 4242606964
256 918 394782 4242606964
256 919 394946 4242606964
256 920 394748 4242606964
256 921 394786 4242606964
256 922 394806 4242606964
256 923 394705 4242606964
256 924 394359 4242606964
256 925 394690 4242606964
256 926 394894 4242606964
256 927 394750 4242606964
256 928 394947 4242606964
256 929 394960 4242606964
256 930 394811 4242606964
256 931 394030 4242606964
256 932 394898 4242606964
256 933 394997 4242606964
256 934 394959 4242606964
256 935 394728 4242606964
256 936 394812 4242606964
256 937 394751 4242606964
256 938 394808 4242606964
256 939 394788 4242606964
256 940 394737 4242606964
256 941 394885 4242606964
256 942 395001 4242606964
256 943 394962 4242606964
256 944 394763 4242606964
256 945 394048 4242606964
256 946 394750 4242606964
256 947 394748 4242606964
256 948 394744 4242606964
256 949 394838 4242606964
256 950 394615 4242606964
256 951 394740 4242606964
256 952 394982 4242606964
256 953 394853 4242606964
256 954 394717 4242606964
256 955 394768 4242606964
256 956 394790 4242606964
256 957 394905 4242606964
256 958 394670 4242606964
256 959 394087 4242606964
256 960 394811 4242606964
256 961 394421 4242606964
256 962 394648 4242606964
256 963 394658 4242606964
256 964 394901 4242606964
256 965 394753 4242606964
256 966 394861 4242606964
256 967 394805 4242606964
256 968 394770 4242606964
256 969 394948 4242606964
256 970 394818 4242606964
256 971 394687 4242606964
256 972 394850 4242606964
256 973 394245 4242606964
256 974 394694 4242606964
256 975 394704 4242606964
256 976 394823 4242606964
256 977 394673 4242606964
256 978 395108 4242606964
256 979 394777 4242606964
256 980 394783 4242606964
256 981 394708 4242606964
256 982 394821 4242606964
256 983 394620 4242606964
256 984 394531 4242606964
256 985 394670 4242606964
256 986 394811 4242606964
256 987 394125 4242606964
256 988 394790 4242606964
256 989 394715 4242606964
256 990 394704 4242606964
256 991 394499 4242606964
256 992 394844 4242606964
256 993 394838 4242606964
256 994 394754 4242606964
256 995 395004 4242606964
256 996 394870 4242606964
256 997 395031 4242606964
256 998 394536 4242606964
256 999 394634 4242606964
