128 0 148356 4169206699
128 1 141084 4169206699
128 2 139267 4169206699
128 3 139270 4169206699
128 4 139388 4169206699
128 5 139268 4169206699
128 6 139268 4169206699
128 7 139269 4169206699
128 8 139266 4169206699
128 9 139272 4169206699
128 10 139272 4169206699
128 11 139263 4169206699
128 12 139264 4169206699
128 13 139276 4169206699
128 14 139269 4169206699
128 15 139270 4169206699
128 16 139270 4169206699
128 17 139265 4169206699
128 18 139266 4169206699
128 19 139267 4169206699
128 20 139267 4169206699
128 21 139267 4169206699
128 22 139265 4169206699
128 23 139265 4169206699
128 24 139273 4169206699
128 25 139274 4169206699
128 26 139269 4169206699
128 27 139271 4169206699
128 28 139269 4169206699
128 29 139266 4169206699
128 30 140927 4169206699
128 31 139269 4169206699
128 32 139274 4169206699
128 33 139274 4169206699
128 34 139274 4169206699
128 35 139271 4169206699
128 36 139271 4169206699
128 37 139264 4169206699
128 38 139271 4169206699
128 39 139267 4169206699
128 40 139278 4169206699
128 41 139271 4169206699
128 42 139267 4169206699
128 43 139266 4169206699
128 44 139270 4169206699
128 45 139271 4169206699
128 46 139270 4169206699
128 47 139268 4169206699
128 48 139268 4169206699
128 49 139268 4169206699
128 50 139267 4169206699
128 51 139268 4169206699
128 52 139278 4169206699
128 53 139271 4169206699
128 54 139267 4169206699
128 55 139266 4169206699
128 56 139266 4169206699
128 57 139272 4169206699
128 58 139266 4169206699
128 59 139266 4169206699
128 60 139266 4169206699
128 61 139266 4169206699
128 62 139270 4169206699
128 63 139271 4169206699
128 64 139269 4169206699
128 65 139269 4169206699
128 66 139268 4169206699
128 67 139267 4169206699
128 68 139269 4169206699
128 69 139268 4169206699
128 70 139275 4169206699
128 71 139273 4169206699
128 72 139273 4169206699
128 73 139273 4169206699
128 74 139273 4169206699
128 75 139273 4169206699
128 76 139274 4169206699
128 77 139274 4169206699
128 78 139273 4169206699
128 79 139274 4169206699
128 80 139273 4169206699
128 81 139274 4169206699
128 82 139273 4169206699
128 83 140981 4169206699
128 84 139269 4169206699
128 85 139266 4169206699
128 86 139269 4169206699
128 87 139268 4169206699
128 88 139269 4169206699
128 89 139266 4169206699
128 90 139269 4169206699
128 91 139269 4169206699
128 92 139268 4169206699
128 93 139267 4169206699
128 94 139268 4169206699
128 95 139268 4169206699
128 96 139268 4169206699
128 97 139274 4169206699
128 98 139274 4169206699
128 99 139274 4169206699
128 100 139271 4169206699
128 101 139272 4169206699
128 102 139276 4169206699
128 103 139273 4169206699
128 104 139262 4169206699
128 105 139273 4169206699
128 106 139272 4169206699
128 107 139274 4169206699
128 108 139271 4169206699
128 109 140934 4169206699
128 110 139266 4169206699
128 111 139272 4169206699
128 112 139266 4169206699
128 113 139266 4169206699
128 114 139266 4169206699
128 115 139266 4169206699
128 116 139266 4169206699
128 117 139266 4169206699
128 118 139266 4169206699
128 119 139266 4169206699
128 120 139266 4169206699
128 121 139266 4169206699
128 122 139272 4169206699
128 123 139273 4169206699
128 124 139260 4169206699
128 125 139259 4169206699
128 126 139271 4169206699
128 127 139268 4169206699
128 128 139268 4169206699
128 129 139268 4169206699
128 130 139268 4169206699
128 131 139266 4169206699
128 132 139268 4169206699
128 133 139268 4169206699
128 134 139268 4169206699
128 135 139267 4169206699
128 136 139267 4169206699
128 137 139268 4169206699
128 138 139268 4169206699
128 139 139266 4169206699
128 140 139268 4169206699
128 141 139268 4169206699
128 142 139268 4169206699
128 143 139267 4169206699
128 144 139267 4169206699
128 145 139268 4169206699
128 146 139268 4169206699
128 147 139268 4169206699
128 148 139272 4169206699
128 149 139273 4169206699
128 150 139270 4169206699
128 151 139270 4169206699
128 152 139270 4169206699
128 153 139269 4169206699
128 154 139274 4169206699
128 155 139274 4169206699
128 156 139270 4169206699
128 157 139270 4169206699
128 158 139270 4169206699
128 159 139270 4169206699
128 160 140931 4169206699
128 161 139272 4169206699
128 162 139273 4169206699
128 163 139270 4169206699
128 164 139272 4169206699
128 165 139265 4169206699
128 166 139272 4169206699
128 167 139269 4169206699
128 168 139268 4169206699
128 169 139266 4169206699
128 170 139268 4169206699
128 171 139268 4169206699
128 172 139268 4169206699
128 173 139267 4169206699
128 174 139267 4169206699
128 175 139268 4169206699
128 176 139268 4169206699
128 177 139268 4169206699
128 178 139266 4169206699
128 179 139268 4169206699
128 180 139268 4169206699
128 181 139268 4169206699
128 182 139266 4169206699
128 183 139269 4169206699
128 184 139268 4169206699
128 185 139268 4169206699
128 186 139266 4169206699
128 187 139268 4169206699
128 188 139268 4169206699
128 189 139268 4169206699
128 190 139266 4169206699
128 191 139269 4169206699
128 192 139268 4169206699
128 193 139268 4169206699
128 194 139267 4169206699
128 195 139268 4169206699
128 196 139268 4169206699
128 197 139268 4169206699
128 198 139268 4169206699
128 199 139266 4169206699
128 200 139269 4169206699
128 201 139268 4169206699
128 202 139268 4169206699
128 203 139267 4169206699
128 204 139268 4169206699
128 205 139268 4169206699
128 206 139268 4169206699
128 207 139266 4169206699
128 208 139269 4169206699
128 209 139268 4169206699
128 210 139268 4169206699
128 211 140900 4169206699
128 212 139268 4169206699
128 213 139274 4169206699
128 214 139267 4169206699
128 215 139267 4169206699
128 216 139263 4169206699
128 217 139271 4169206699
128 218 139274 4169206699
128 219 139269 4169206699
128 220 139267 4169206699
128 221 139265 4169206699
128 222 139270 4169206699
128 223 139266 4169206699
128 224 139272 4169206699
128 225 139273 4169206699
128 226 139270 4169206699
128 227 139270 4169206699
128 228 139273 4169206699
128 229 139260 4169206699
128 230 139271 4169206699
128 231 139267 4169206699
128 232 139267 4169206699
128 233 139267 4169206699
128 234 139267 4169206699
128 235 139268 4169206699
128 236 139268 4169206699
128 237 139272 4169206699
128 238 139273 4169206699
128 239 139270 4169206699
128 240 139270 4169206699
128 241 139270 4169206699
128 242 139269 4169206699
128 243 139274 4169206699
128 244 139274 4169206699
128 245 139278 4169206699
128 246 139271 4169206699
128 247 139267 4169206699
128 248 139268 4169206699
128 249 139268 4169206699
128 250 139270 4169206699
128 251 139271 4169206699
128 252 139270 4169206699
128 253 139269 4169206699
128 254 139274 4169206699
128 255 139273 4169206699
128 256 139274 4169206699
128 257 139273 4169206699
128 258 139274 4169206699
128 259 139274 4169206699
128 260 139274 4169206699
128 261 139274 4169206699
128 262 139273 4169206699
128 263 139274 4169206699
128 264 139274 4169206699
128 265 139273 4169206699
128 266 140940 4169206699
128 267 139272 4169206699
128 268 139273 4169206699
128 269 139270 4169206699
128 270 139272 4169206699
128 271 139265 4169206699
128 272 139272 4169206699
128 273 139269 4169206699
128 274 139268 4169206699
128 275 139267 4169206699
128 276 139268 4169206699
128 277 139268 4169206699
128 278 139268 4169206699
128 279 139268 4169206699
128 280 139266 4169206699
128 281 139269 4169206699
128 282 139268 4169206699
128 283 139268 4169206699
128 284 139266 4169206699
128 285 139268 4169206699
128 286 139268 4169206699
128 287 139268 4169206699
128 288 139266 4169206699
128 289 139269 4169206699
128 290 139268 4169206699
128 291 139268 4169206699
128 292 139266 4169206699
128 293 139268 4169206699
128 294 139268 4169206699
128 295 139268 4169206699
128 296 139266 4169206699
128 297 139269 4169206699
128 298 139268 4169206699
128 299 139268 4169206699
128 300 139268 4169206699
128 301 139266 4169206699
128 302 139268 4169206699
128 303 139268 4169206699
128 304 139268 4169206699
128 305 139266 4169206699
128 306 139269 4169206699
128 307 139268 4169206699
128 308 139268 4169206699
128 309 139267 4169206699
128 310 139268 4169206699
128 311 139268 4169206699
128 312 139268 4169206699
128 313 139266 4169206699
128 314 139269 4169206699
128 315 139268 4169206699
128 316 139268 4169206699
128 317 140900 4169206699
128 318 139269 4169206699
128 319 139269 4169206699
128 320 139267 4169206699
128 321 139273 4169206699
128 322 139272 4169206699
128 323 139268 4169206699
128 324 139268 4169206699
128 325 139268 4169206699
128 326 139266 4169206699
128 327 139269 4169206699
128 328 139268 4169206699
128 329 139268 4169206699
128 330 139268 4169206699
128 331 139266 4169206699
128 332 139268 4169206699
128 333 139268 4169206699
128 334 139268 4169206699
128 335 139266 4169206699
128 336 139269 4169206699
128 337 139268 4169206699
128 338 139268 4169206699
128 339 139401 4169206699
128 340 139273 4169206699
128 341 139270 4169206699
128 342 139270 4169206699
128 343 139270 4169206699
128 344 139269 4169206699
128 345 139274 4169206699
128 346 139274 4169206699
128 347 139278 4169206699
128 348 139271 4169206699
128 349 139267 4169206699
128 350 139268 4169206699
128 351 139268 4169206699
128 352 139270 4169206699
128 353 139271 4169206699
128 354 139270 4169206699
128 355 139269 4169206699
128 356 139267 4169206699
128 357 139271 4169206699
128 358 139269 4169206699
128 359 139268 4169206699
128 360 139267 4169206699
128 361 139267 4169206699
128 362 139273 4169206699
128 363 139274 4169206699
128 364 139269 4169206699
128 365 139271 4169206699
128 366 139269 4169206699
128 367 139266 4169206699
128 368 139268 4169206699
128 369 139271 4169206699
128 370 139269 4169206699
128 371 139266 4169206699
128 372 139267 4169206699
128 373 139265 4169206699
128 374 139266 4169206699
128 375 139270 4169206699
128 376 139267 4169206699
128 377 139266 4169206699
128 378 139272 4169206699
128 379 139273 4169206699
128 380 139270 4169206699
128 381 139272 4169206699
128 382 139265 4169206699
128 383 139272 4169206699
128 384 139269 4169206699
128 385 139268 4169206699
128 386 139266 4169206699
128 387 139268 4169206699
128 388 139268 4169206699
128 389 139268 4169206699
128 390 139266 4169206699
128 391 139269 4169206699
128 392 139268 4169206699
128 393 139268 4169206699
128 394 139272 4169206699
128 395 139273 4169206699
128 396 139270 4169206699
128 397 139270 4169206699
128 398 139270 4169206699
128 399 139269 4169206699
128 400 139274 4169206699
128 401 139274 4169206699
128 402 139274 4169206699
128 403 139270 4169206699
128 404 139270 4169206699
128 405 139270 4169206699
128 406 139270 4169206699
128 407 139278 4169206699
128 408 139271 4169206699
128 409 139267 4169206699
128 410 139268 4169206699
128 411 139270 4169206699
128 412 139271 4169206699
128 413 139270 4169206699
128 414 139269 4169206699
128 415 139274 4169206699
128 416 139273 4169206699
128 417 139274 4169206699
128 418 139273 4169206699
128 419 139273 4169206699
128 420 139274 4169206699
128 421 139274 4169206699
128 422 139273 4169206699
128 423 139273 4169206699
128 424 139273 4169206699
128 425 139274 4169206699
128 426 139274 4169206699
128 427 139273 4169206699
128 428 139274 4169206699
128 429 139274 4169206699
128 430 139274 4169206699
128 431 139274 4169206699
128 432 139273 4169206699
128 433 139272 4169206699
128 434 139270 4169206699
128 435 139268 4169206699
128 436 139273 4169206699
128 437 139270 4169206699
128 438 139269 4169206699
128 439 139270 4169206699
128 440 139270 4169206699
128 441 139278 4169206699
128 442 139271 4169206699
128 443 139267 4169206699
128 444 139267 4169206699
128 445 139271 4169206699
128 446 139270 4169206699
128 447 139270 4169206699
128 448 139270 4169206699
128 449 139276 4169206699
128 450 139273 4169206699
128 451 139273 4169206699
128 452 139273 4169206699
128 453 139273 4169206699
128 454 139278 4169206699
128 455 139271 4169206699
128 456 139269 4169206699
128 457 139268 4169206699
128 458 139267 4169206699
128 459 139271 4169206699
128 460 139269 4169206699
128 461 139269 4169206699
128 462 139273 4169206699
128 463 139273 4169206699
128 464 139273 4169206699
128 465 139274 4169206699
128 466 139273 4169206699
128 467 139274 4169206699
128 468 139274 4169206699
128 469 139273 4169206699
128 470 139278 4169206699
128 471 139270 4169206699
128 472 139268 4169206699
128 473 139268 4169206699
128 474 139272 4169206699
128 475 139268 4169206699
128 476 139271 4169206699
128 477 139269 4169206699
128 478 139266 4169206699
128 479 139266 4169206699
128 480 139266 4169206699
128 481 139264 4169206699
128 482 139265 4169206699
128 483 140961 4169206699
128 484 139265 4169206699
128 485 139269 4169206699
128 486 139270 4169206699
128 487 139270 4169206699
128 488 139276 4169206699
128 489 139274 4169206699
128 490 139266 4169206699
128 491 139270 4169206699
128 492 139267 4169206699
128 493 139267 4169206699
128 494 139268 4169206699
128 495 139268 4169206699
128 496 139267 4169206699
128 497 139267 4169206699
128 498 139268 4169206699
128 499 139268 4169206699
128 500 139266 4169206699
128 501 139269 4169206699
128 502 139268 4169206699
128 503 139268 4169206699
128 504 139268 4169206699
128 505 139266 4169206699
128 506 139269 4169206699
128 507 139268 4169206699
128 508 139268 4169206699
128 509 139266 4169206699
128 510 139269 4169206699
128 511 139268 4169206699
128 512 139268 4169206699
128 513 139272 4169206699
128 514 139273 4169206699
128 515 139270 4169206699
128 516 139270 4169206699
128 517 139270 4169206699
128 518 139269 4169206699
128 519 139274 4169206699
128 520 139274 4169206699
128 521 139270 4169206699
128 522 139270 4169206699
128 523 139270 4169206699
128 524 139270 4169206699
128 525 139270 4169206699
128 526 139278 4169206699
128 527 139271 4169206699
128 528 139267 4169206699
128 529 139266 4169206699
128 530 139266 4169206699
128 531 139266 4169206699
128 532 139266 4169206699
128 533 139266 4169206699
128 534 139272 4169206699
128 535 139266 4169206699
128 536 139266 4169206699
128 537 139266 4169206699
128 538 139266 4169206699
128 539 139272 4169206699
128 540 139273 4169206699
128 541 139270 4169206699
128 542 139270 4169206699
128 543 139270 4169206699
128 544 139269 4169206699
128 545 139274 4169206699
128 546 139274 4169206699
128 547 139278 4169206699
128 548 139271 4169206699
128 549 139267 4169206699
128 550 139266 4169206699
128 551 139266 4169206699
128 552 139266 4169206699
128 553 139266 4169206699
128 554 139266 4169206699
128 555 139266 4169206699
128 556 139270 4169206699
128 557 139271 4169206699
128 558 139271 4169206699
128 559 139269 4169206699
128 560 139267 4169206699
128 561 139271 4169206699
128 562 139269 4169206699
128 563 139268 4169206699
128 564 139266 4169206699
128 565 139271 4169206699
128 566 139273 4169206699
128 567 139272 4169206699
128 568 139272 4169206699
128 569 139273 4169206699
128 570 139270 4169206699
128 571 139270 4169206699
128 572 139270 4169206699
128 573 139269 4169206699
128 574 139274 4169206699
128 575 139274 4169206699
128 576 139274 4169206699
128 577 139278 4169206699
128 578 139271 4169206699
128 579 139267 4169206699
128 580 139266 4169206699
128 581 139270 4169206699
128 582 139271 4169206699
128 583 139270 4169206699
128 584 139269 4169206699
128 585 139267 4169206699
128 586 139271 4169206699
128 587 139269 4169206699
128 588 139268 4169206699
128 589 140927 4169206699
128 590 139269 4169206699
128 591 139274 4169206699
128 592 139274 4169206699
128 593 139274 4169206699
128 594 139271 4169206699
128 595 139271 4169206699
128 596 139264 4169206699
128 597 139271 4169206699
128 598 139264 4169206699
128 599 139271 4169206699
128 600 139264 4169206699
128 601 139271 4169206699
128 602 139276 4169206699
128 603 139271 4169206699
128 604 139271 4169206699
128 605 139269 4169206699
128 606 139270 4169206699
128 607 139267 4169206699
128 608 139271 4169206699
128 609 139269 4169206699
128 610 139268 4169206699
128 611 139267 4169206699
128 612 139267 4169206699
128 613 139267 4169206699
128 614 139267 4169206699
128 615 139267 4169206699
128 616 139271 4169206699
128 617 139273 4169206699
128 618 139272 4169206699
128 619 139272 4169206699
128 620 139273 4169206699
128 621 139270 4169206699
128 622 139270 4169206699
128 623 139270 4169206699
128 624 139269 4169206699
128 625 139274 4169206699
128 626 139274 4169206699
128 627 139274 4169206699
128 628 139278 4169206699
128 629 139271 4169206699
128 630 139267 4169206699
128 631 139266 4169206699
128 632 139270 4169206699
128 633 139271 4169206699
128 634 139270 4169206699
128 635 139269 4169206699
128 636 139274 4169206699
128 637 139273 4169206699
128 638 139274 4169206699
128 639 139273 4169206699
128 640 139278 4169206699
128 641 139271 4169206699
128 642 139267 4169206699
128 643 139266 4169206699
128 644 139266 4169206699
128 645 139271 4169206699
128 646 139274 4169206699
128 647 139266 4169206699
128 648 139270 4169206699
128 649 139267 4169206699
128 650 139267 4169206699
128 651 139268 4169206699
128 652 139268 4169206699
128 653 139266 4169206699
128 654 139269 4169206699
128 655 139268 4169206699
128 656 139268 4169206699
128 657 139268 4169206699
128 658 139267 4169206699
128 659 139267 4169206699
128 660 139268 4169206699
128 661 139268 4169206699
128 662 139266 4169206699
128 663 139269 4169206699
128 664 139268 4169206699
128 665 139268 4169206699
128 666 139266 4169206699
128 667 139269 4169206699
128 668 139268 4169206699
128 669 139268 4169206699
128 670 139266 4169206699
128 671 139269 4169206699
128 672 139268 4169206699
128 673 139268 4169206699
128 674 139266 4169206699
128 675 139269 4169206699
128 676 139268 4169206699
128 677 139268 4169206699
128 678 139268 4169206699
128 679 139266 4169206699
128 680 139269 4169206699
128 681 139268 4169206699
128 682 139268 4169206699
128 683 139267 4169206699
128 684 139267 4169206699
128 685 139268 4169206699
128 686 139268 4169206699
128 687 139266 4169206699
128 688 139269 4169206699
128 689 139268 4169206699
128 690 139268 4169206699
128 691 139266 4169206699
128 692 139269 4169206699
128 693 139268 4169206699
128 694 139268 4169206699
128 695 140987 4169206699
128 696 139268 4169206699
128 697 139274 4169206699
128 698 139274 4169206699
128 699 139274 4169206699
128 700 139278 4169206699
128 701 139271 4169206699
128 702 139267 4169206699
128 703 139266 4169206699
128 704 139272 4169206699
128 705 139266 4169206699
128 706 139266 4169206699
128 707 139266 4169206699
128 708 139266 4169206699
128 709 139270 4169206699
128 710 139271 4169206699
128 711 139271 4169206699
128 712 139269 4169206699
128 713 139275 4169206699
128 714 139274 4169206699
128 715 139274 4169206699
128 716 139272 4169206699
128 717 139275 4169206699
128 718 139274 4169206699
128 719 139274 4169206699
128 720 139272 4169206699
128 721 139273 4169206699
128 722 139274 4169206699
128 723 139274 4169206699
128 724 139273 4169206699
128 725 139273 4169206699
128 726 139274 4169206699
128 727 139274 4169206699
128 728 139273 4169206699
128 729 139273 4169206699
128 730 139278 4169206699
128 731 139271 4169206699
128 732 139267 4169206699
128 733 139266 4169206699
128 734 139270 4169206699
128 735 139271 4169206699
128 736 139270 4169206699
128 737 139269 4169206699
128 738 139267 4169206699
128 739 139271 4169206699
128 740 139269 4169206699
128 741 139268 4169206699
128 742 139273 4169206699
128 743 139271 4169206699
128 744 139274 4169206699
128 745 139268 4169206699
128 746 139267 4169206699
128 747 139267 4169206699
128 748 139268 4169206699
128 749 139268 4169206699
128 750 139268 4169206699
128 751 139266 4169206699
128 752 139269 4169206699
128 753 139268 4169206699
128 754 139268 4169206699
128 755 139266 4169206699
128 756 139269 4169206699
128 757 139268 4169206699
128 758 139268 4169206699
128 759 139268 4169206699
128 760 139266 4169206699
128 761 139269 4169206699
128 762 139268 4169206699
128 763 139268 4169206699
128 764 139267 4169206699
128 765 139267 4169206699
128 766 139268 4169206699
128 767 139268 4169206699
128 768 139266 4169206699
128 769 139269 4169206699
128 770 139268 4169206699
128 771 139268 4169206699
128 772 139266 4169206699
128 773 139269 4169206699
128 774 139268 4169206699
128 775 139268 4169206699
128 776 139266 4169206699
128 777 139269 4169206699
128 778 139268 4169206699
128 779 139268 4169206699
128 780 139268 4169206699
128 781 139267 4169206699
128 782 139267 4169206699
128 783 139268 4169206699
128 784 139268 4169206699
128 785 139266 4169206699
128 786 139269 4169206699
128 787 139268 4169206699
128 788 139268 4169206699
128 789 139272 4169206699
128 790 139273 4169206699
128 791 139270 4169206699
128 792 139270 4169206699
128 793 139270 4169206699
128 794 139269 4169206699
128 795 139274 4169206699
128 796 139274 4169206699
128 797 139278 4169206699
128 798 139271 4169206699
128 799 139267 4169206699
128 800 139266 4169206699
128 801 139266 4169206699
128 802 139272 4169206699
128 803 139266 4169206699
128 804 139266 4169206699
128 805 139266 4169206699
128 806 139270 4169206699
128 807 139271 4169206699
128 808 139271 4169206699
128 809 139269 4169206699
128 810 139270 4169206699
128 811 139275 4169206699
128 812 139273 4169206699
128 813 139274 4169206699
128 814 139272 4169206699
128 815 139273 4169206699
128 816 139273 4169206699
128 817 139274 4169206699
128 818 139273 4169206699
128 819 139274 4169206699
128 820 139273 4169206699
128 821 139274 4169206699
128 822 139273 4169206699
128 823 139273 4169206699
128 824 139274 4169206699
128 825 139274 4169206699
128 826 139273 4169206699
128 827 139274 4169206699
128 828 139273 4169206699
128 829 139274 4169206699
128 830 139273 4169206699
128 831 139273 4169206699
128 832 139273 4169206699
128 833 139274 4169206699
128 834 139274 4169206699
128 835 139273 4169206699
128 836 139274 4169206699
128 837 139273 4169206699
128 838 139274 4169206699
128 839 139273 4169206699
128 840 139273 4169206699
128 841 139274 4169206699
128 842 139274 4169206699
128 843 139273 4169206699
128 844 139274 4169206699
128 845 139273 4169206699
128 846 139274 4169206699
128 847 139273 4169206699
128 848 139278 4169206699
128 849 139271 4169206699
128 850 139267 4169206699
128 851 139266 4169206699
128 852 139266 4169206699
128 853 139270 4169206699
128 854 139271 4169206699
128 855 139270 4169206699
128 856 139269 4169206699
128 857 139274 4169206699
128 858 139273 4169206699
128 859 139274 4169206699
128 860 139273 4169206699
128 861 140905 4169206699
128 862 139272 4169206699
128 863 139273 4169206699
128 864 139270 4169206699
128 865 139270 4169206699
128 866 139270 4169206699
128 867 139269 4169206699
128 868 139274 4169206699
128 869 139274 4169206699
128 870 139270 4169206699
128 871 139270 4169206699
128 872 139270 4169206699
128 873 139270 4169206699
128 874 139278 4169206699
128 875 139271 4169206699
128 876 139267 4169206699
128 877 139266 4169206699
128 878 139270 4169206699
128 879 139271 4169206699
128 880 139270 4169206699
128 881 139269 4169206699
128 882 139268 4169206699
128 883 139269 4169206699
128 884 139268 4169206699
128 885 139268 4169206699
128 886 139268 4169206699
128 887 139267 4169206699
128 888 139271 4169206699
128 889 139269 4169206699
128 890 139268 4169206699
128 891 139266 4169206699
128 892 139271 4169206699
128 893 139273 4169206699
128 894 139272 4169206699
128 895 139272 4169206699
128 896 139273 4169206699
128 897 139270 4169206699
128 898 139270 4169206699
128 899 139270 4169206699
128 900 139269 4169206699
128 901 139274 4169206699
128 902 139274 4169206699
128 903 139274 4169206699
128 904 139270 4169206699
128 905 139270 4169206699
128 906 139270 4169206699
128 907 139270 4169206699
128 908 139278 4169206699
128 909 139271 4169206699
128 910 139267 4169206699
128 911 139266 4169206699
128 912 140960 4169206699
128 913 139271 4169206699
128 914 139275 4169206699
128 915 139276 4169206699
128 916 139277 4169206699
128 917 139271 4169206699
128 918 139270 4169206699
128 919 139270 4169206699
128 920 139270 4169206699
128 921 139278 4169206699
128 922 139271 4169206699
128 923 139267 4169206699
128 924 139266 4169206699
128 925 139272 4169206699
128 926 139266 4169206699
128 927 139266 4169206699
128 928 139266 4169206699
128 929 139270 4169206699
128 930 139271 4169206699
128 931 139271 4169206699
128 932 139269 4169206699
128 933 139270 4169206699
128 934 139267 4169206699
128 935 139271 4169206699
128 936 139269 4169206699
128 937 139268 4169206699
128 938 139266 4169206699
128 939 139271 4169206699
128 940 139273 4169206699
128 941 139272 4169206699
128 942 139272 4169206699
128 943 139273 4169206699
128 944 139270 4169206699
128 945 139270 4169206699
128 946 139270 4169206699
128 947 139269 4169206699
128 948 139274 4169206699
128 949 139274 4169206699
128 950 139278 4169206699
128 951 139271 4169206699
128 952 139267 4169206699
128 953 139266 4169206699
128 954 139266 4169206699
128 955 139270 4169206699
128 956 139271 4169206699
128 957 139270 4169206699
128 958 139269 4169206699
128 959 139267 4169206699
128 960 139271 4169206699
128 961 139269 4169206699
128 962 139268 4169206699
128 963 139267 4169206699
128 964 139267 4169206699
128 965 139267 4169206699
128 966 139267 4169206699
128 967 141014 4169206699
128 968 139271 4169206699
128 969 139273 4169206699
128 970 139266 4169206699
128 971 139268 4169206699
128 972 139266 4169206699
128 973 139269 4169206699
128 974 139268 4169206699
128 975 139268 4169206699
128 976 139267 4169206699
128 977 139267 4169206699
128 978 139268 4169206699
128 979 139268 4169206699
128 980 139266 4169206699
128 981 139269 4169206699
128 982 139268 4169206699
128 983 139268 4169206699
128 984 139268 4169206699
128 985 139266 4169206699
128 986 139269 4169206699
128 987 139268 4169206699
128 988 139268 4169206699
128 989 139266 4169206699
128 990 139269 4169206699
128 991 139268 4169206699
128 992 139268 4169206699
128 993 139266 4169206699
128 994 139269 4169206699
128 995 139268 4169206699
128 996 139268 4169206699
128 997 139267 4169206699
128 998 139267 4169206699
128 999 139268 4169206699
