512 0 2315307 534842427
512 1 2294875 534842427
512 2 2301743 534842427
512 3 2297269 534842427
512 4 2296842 534842427
512 5 2291585 534842427
512 6 2292104 534842427
512 7 2299318 534842427
512 8 2282733 534842427
512 9 2297432 534842427
512 10 2293748 534842427
512 11 2294763 534842427
512 12 2304601 534842427
512 13 2292787 534842427
512 14 2293515 534842427
512 15 2302725 534842427
512 16 2302628 534842427
512 17 2294125 534842427
512 18 2279899 534842427
512 19 2296552 534842427
512 20 2293916 534842427
512 21 2293092 534842427
512 22 2294125 534842427
512 23 2299884 534842427
512 24 2304279 534842427
512 25 2298257 534842427
512 26 2302317 534842427
512 27 2290696 534842427
512 28 2316186 534842427
512 29 2295723 534842427
512 30 2296257 534842427
512 31 2298694 534842427
512 32 2290802 534842427
512 33 2282873 534842427
512 34 2304248 534842427
512 35 2300232 534842427
512 36 2307850 534842427
512 37 2300956 534842427
512 38 2290507 534842427
512 39 2305136 534842427
512 40 2294431 534842427
512 41 2304793 534842427
512 42 2299390 534842427
512 43 2296181 534842427
512 44 2287749 534842427
512 45 2286967 534842427
512 46 2297057 534842427
512 47 2287190 534842427
512 48 2292134 534842427
512 49 2308744 534842427
512 50 2300183 534842427
512 51 2281794 534842427
512 52 2295874 534842427
512 53 2284090 534842427
512 54 2295769 534842427
512 55 2302242 534842427
512 56 2288647 534842427
512 57 2292361 534842427
512 58 2296690 534842427
512 59 2294145 534842427
512 60 2292204 534842427
512 61 2292008 534842427
512 62 2302334 534842427
512 63 2294007 534842427
512 64 2297834 534842427
512 65 2279693 534842427
512 66 2303125 534842427
512 67 2292465 534842427
512 68 2286687 534842427
512 69 2286318 534842427
512 70 2294458 534842427
512 71 2293190 534842427
512 72 2305338 534842427
512 73 2300198 534842427
512 74 2293299 534842427
512 75 2292334 534842427
512 76 2302411 534842427
512 77 2300117 534842427
512 78 2295957 534842427
512 79 2303069 534842427
512 80 2303231 534842427
512 81 2298083 534842427
512 82 2299397 534842427
512 83 2291246 534842427
512 84 2293054 534842427
512 85 2287972 534842427
512 86 2301729 534842427
512 87 2298527 534842427
512 88 2282102 534842427
512 89 2303778 534842427
512 90 2301959 534842427
512 91 2289436 534842427
512 92 2300013 534842427
512 93 2296119 534842427
512 94 2290058 534842427
512 95 2301397 534842427
512 96 2304353 534842427
512 97 2290440 534842427
512 98 2299762 534842427
512 99 2296922 534842427
512 100 2301494 534842427
512 101 2295216 534842427
512 102 2286423 534842427
512 103 2300151 534842427
512 104 2290076 534842427
512 105 2288455 534842427
512 106 2301565 534842427
512 107 2294682 534842427
512 108 2290782 534842427
512 109 2293837 534842427
512 110 2289001 534842427
512 111 2300557 534842427
512 112 2291584 534842427
512 113 2310917 534842427
512 114 2297634 534842427
512 115 2286350 534842427
512 116 2294644 534842427
512 117 2294554 534842427
512 118 2297438 534842427
512 119 2291898 534842427
512 120 2292245 534842427
512 121 2295306 534842427
512 122 2301919 534842427
512 123 2299185 534842427
512 124 2295848 534842427
512 125 2293676 534842427
512 126 2291934 534842427
512 127 2293553 534842427
512 128 2293111 534842427
512 129 2293573 534842427
512 130 2296551 534842427
512 131 2298717 534842427
512 132 2288867 534842427
512 133 2302823 534842427
512 134 2301236 534842427
512 135 2298662 534842427
512 136 2300060 534842427
512 137 2306690 534842427
512 138 2290012 534842427
512 139 2287606 534842427
512 140 2290637 534842427
512 141 2301092 534842427
512 142 2292701 534842427
512 143 2302004 534842427
512 144 2288063 534842427
512 145 2302525 534842427
512 146 2291626 534842427
512 147 2297661 534842427
512 148 2295691 534842427
512 149 2293284 534842427
512 150 2302689 534842427
512 151 2286389 534842427
512 152 2298572 534842427
512 153 2293139 534842427
512 154 2293391 534842427
512 155 2300944 534842427
512 156 2290746 534842427
512 157 2306111 534842427
512 158 2296729 534842427
512 159 2302546 534842427
512 160 2298093 534842427
512 161 2294045 534842427
512 162 2295592 534842427
512 163 2288453 534842427
512 164 2302318 534842427
512 165 2287599 534842427
512 166 2288381 534842427
512 167 2299150 534842427
512 168 2287949 534842427
512 169 2292044 534842427
512 170 2291564 534842427
512 171 2302584 534842427
512 172 2294243 534842427
512 173 2290001 534842427
512 174 2301652 534842427
512 175 2291568 534842427
512 176 2285319 534842427
512 177 2302006 534842427
512 178 2307438 534842427
512 179 2292906 534842427
512 180 2285425 534842427
512 181 2288026 534842427
512 182 2283935 534842427
512 183 2287339 534842427
512 184 2300905 534842427
512 185 2294718 534842427
512 186 2295404 534842427
512 187 2296778 534842427
512 188 2293103 534842427
512 189 2293896 534842427
512 190 2293215 534842427
512 191 2296828 534842427
512 192 2298324 534842427
512 193 2289240 534842427
512 194 2283715 534842427
512 195 2313665 534842427
512 196 2289712 534842427
512 197 2291253 534842427
512 198 2292341 534842427
512 199 2300358 534842427
512 200 2303331 534842427
512 201 2303590 534842427
512 202 2302073 534842427
512 203 2294598 534842427
512 204 2292023 534842427
512 205 2299363 534842427
512 206 2299674 534842427
512 207 2293444 534842427
512 208 2289291 534842427
512 209 2296811 534842427
512 210 2296706 534842427
512 211 2294557 534842427
512 212 2296466 534842427
512 213 2287912 534842427
512 214 2282423 534842427
512 215 2290335 534842427
512 216 2287647 534842427
512 217 2281712 534842427
512 218 2301005 534842427
512 219 2288104 534842427
512 220 2298988 534842427
512 221 2290113 534842427
512 222 2279897 534842427
512 223 2292836 534842427
512 224 2307339 534842427
512 225 2298193 534842427
512 226 2292942 534842427
512 227 2286701 534842427
512 228 2298941 534842427
512 229 2286384 534842427
512 230 2285237 534842427
512 231 2291673 534842427
512 232 2283296 534842427
512 233 2305690 534842427
512 234 2287852 534842427
512 235 2298002 534842427
512 236 2300462 534842427
512 237 2299326 534842427
512 238 2297398 534842427
512 239 2296343 534842427
512 240 2296206 534842427
512 241 2291133 534842427
512 242 2299138 534842427
512 243 2295669 534842427
512 244 2297741 534842427
512 245 2301023 534842427
512 246 2301618 534842427
512 247 2281266 534842427
512 248 2305273 534842427
512 249 2286042 534842427
512 250 2292141 534842427
512 251 2298811 534842427
512 252 2292891 534842427
512 253 2298771 534842427
512 254 2304009 534842427
512 255 2311228 534842427
512 256 2296043 534842427
512 257 2296549 534842427
512 258 2296910 534842427
512 259 2302466 534842427
512 260 2292053 534842427
512 261 2294753 534842427
512 262 2301388 534842427
512 263 2310266 534842427
512 264 2303997 534842427
512 265 2294844 534842427
512 266 2299179 534842427
512 267 2294779 534842427
512 268 2303571 534842427
512 269 2299959 534842427
512 270 2299378 534842427
512 271 2279094 534842427
512 272 2289769 534842427
512 273 2299253 534842427
512 274 2303491 534842427
512 275 2281901 534842427
512 276 2296719 534842427
512 277 2306224 534842427
512 278 2283974 534842427
512 279 2303623 534842427
512 280 2293217 534842427
512 281 2291210 534842427
512 282 2296434 534842427
512 283 2294871 534842427
512 284 2295462 534842427
512 285 2297106 534842427
512 286 2298994 534842427
512 287 2302488 534842427
512 288 2287745 534842427
512 289 2289515 534842427
512 290 2283955 534842427
512 291 2301595 534842427
512 292 2297121 534842427
512 293 2302572 534842427
512 294 2291395 534842427
512 295 2305860 534842427
512 296 2296791 534842427
512 297 2295938 534842427
512 298 2296798 534842427
512 299 2295018 534842427
512 300 2293320 534842427
512 301 2296012 534842427
512 302 2304391 534842427
512 303 2293765 534842427
512 304 2293333 534842427
512 305 2293188 534842427
512 306 2305487 534842427
512 307 2296252 534842427
512 308 2295667 534842427
512 309 2286960 534842427
512 310 2305882 534842427
512 311 2284191 534842427
512 312 2288400 534842427
512 313 2306446 534842427
512 314 2300171 534842427
512 315 2299142 534842427
512 316 2286584 534842427
512 317 2298665 534842427
512 318 2288783 534842427
512 319 2286591 534842427
512 320 2303246 534842427
512 321 2295925 534842427
512 322 2286907 534842427
512 323 2290405 534842427
512 324 2291338 534842427
512 325 2290891 534842427
512 326 2295761 534842427
512 327 2294737 534842427
512 328 2299282 534842427
512 329 2289207 534842427
512 330 2306817 534842427
512 331 2292115 534842427
512 332 2295163 534842427
512 333 2298752 534842427
512 334 2300768 534842427
512 335 2307252 534842427
512 336 2281934 534842427
512 337 2299639 534842427
512 338 2286841 534842427
512 339 2296556 534842427
512 340 2293616 534842427
512 341 2295347 534842427
512 342 2295028 534842427
512 343 2291247 534842427
512 344 2298375 534842427
512 345 2290008 534842427
512 346 2287107 534842427
512 347 2301259 534842427
512 348 2291038 534842427
512 349 2298433 534842427
512 350 2301442 534842427
512 351 2286173 534842427
512 352 2283065 534842427
512 353 2281971 534842427
512 354 2304523 534842427
512 355 2292509 534842427
512 356 2298016 534842427
512 357 2285997 534842427
512 358 2296330 534842427
512 359 2291773 534842427
512 360 2298186 534842427
512 361 2298603 534842427
512 362 2287812 534842427
512 363 2290163 534842427
512 364 2295337 534842427
512 365 2289587 534842427
512 366 2299506 534842427
512 367 2295498 534842427
512 368 2293965 534842427
512 369 2297748 534842427
512 370 2287600 534842427
512 371 2305632 534842427
512 372 2291906 534842427
512 373 2295189 534842427
512 374 2304661 534842427
512 375 2296390 534842427
512 376 2284501 534842427
512 377 2299851 534842427
512 378 2285199 534842427
512 379 2291296 534842427
512 380 2300443 534842427
512 381 2299896 534842427
512 382 2295123 534842427
512 383 2294620 534842427
512 384 2304896 534842427
512 385 2297469 534842427
512 386 2289862 534842427
512 387 2294569 534842427
512 388 2302843 534842427
512 389 2288290 534842427
512 390 2287652 534842427
512 391 2290672 534842427
512 392 2284598 534842427
512 393 2285793 534842427
512 394 2291705 534842427
512 395 2292218 534842427
512 396 2297654 534842427
512 397 2300205 534842427
512 398 2285987 534842427
512 399 2294166 534842427
512 400 2288547 534842427
512 401 2297715 534842427
512 402 2304238 534842427
512 403 2295647 534842427
512 404 2294625 534842427
512 405 2288089 534842427
512 406 2285026 534842427
512 407 2302624 534842427
512 408 2280444 534842427
512 409 2298840 534842427
512 410 2296792 534842427
512 411 2294396 534842427
512 412 2295018 534842427
512 413 2296674 534842427
512 414 2299766 534842427
512 415 2303792 534842427
512 416 2291959 534842427
512 417 2290749 534842427
512 418 2296260 534842427
512 419 2278876 534842427
512 420 2294203 534842427
512 421 2297084 534842427
512 422 2293344 534842427
512 423 2283708 534842427
512 424 2304278 534842427
512 425 2301929 534842427
512 426 2280197 534842427
512 427 2299126 534842427
512 428 2292785 534842427
512 429 2310875 534842427
512 430 2284012 534842427
512 431 2296590 534842427
512 432 2297320 534842427
512 433 2294683 534842427
512 434 2296481 534842427
512 435 2306830 534842427
512 436 2286767 534842427
512 437 2294057 534842427
512 438 2309551 534842427
512 439 2294221 534842427
512 440 2305544 534842427
512 441 2298368 534842427
512 442 2289242 534842427
512 443 2295170 534842427
512 444 2294415 534842427
512 445 2315686 534842427
512 446 2290709 534842427
512 447 2294000 534842427
512 448 2301427 534842427
512 449 2297893 534842427
512 450 2297937 534842427
512 451 2294097 534842427
512 452 2295187 534842427
512 453 2296558 534842427
512 454 2295356 534842427
512 455 2305525 534842427
512 456 2280649 534842427
512 457 2297242 534842427
512 458 2296038 534842427
512 459 2295000 534842427
512 460 2289607 534842427
512 461 2297659 534842427
512 462 2292489 534842427
512 463 2297825 534842427
512 464 2293634 534842427
512 465 2292773 534842427
512 466 2302029 534842427
512 467 2298810 534842427
512 468 2293288 534842427
512 469 2300761 534842427
512 470 2298935 534842427
512 471 2295973 534842427
512 472 2296646 534842427
512 473 2302768 534842427
512 474 2303814 534842427
512 475 2307887 534842427
512 476 2292887 534842427
512 477 2285103 534842427
512 478 2290111 534842427
512 479 2297546 534842427
512 480 2283118 534842427
512 481 2285418 534842427
512 482 2306157 534842427
512 483 2292048 534842427
512 484 2300679 534842427
512 485 2297429 534842427
512 486 2295183 534842427
512 487 2292461 534842427
512 488 2295479 534842427
512 489 2304949 534842427
512 490 2284454 534842427
512 491 2295085 534842427
512 492 2298313 534842427
512 493 2311722 534842427
512 494 2283996 534842427
512 495 2304947 534842427
512 496 2299744 534842427
512 497 2290042 534842427
512 498 2291351 534842427
512 499 2287482 534842427
512 500 2290496 534842427
512 501 2296123 534842427
512 502 2295846 534842427
512 503 2292223 534842427
512 504 2289722 534842427
512 505 2306304 534842427
512 506 2285039 534842427
512 507 2286947 534842427
512 508 2292726 534842427
512 509 2283054 534842427
512 510 2282816 534842427
512 511 2282915 534842427
512 512 2306009 534842427
512 513 2289657 534842427
512 514 2282430 534842427
512 515 2305863 534842427
512 516 2297389 534842427
512 517 2298616 534842427
512 518 2295039 534842427
512 519 2296188 534842427
512 520 2288293 534842427
512 521 2282538 534842427
512 522 2291953 534842427
512 523 2303201 534842427
512 524 2299743 534842427
512 525 2284889 534842427
512 526 2299410 534842427
512 527 2303776 534842427
512 528 2295354 534842427
512 529 2289928 534842427
512 530 2298537 534842427
512 531 2301871 534842427
512 532 2299067 534842427
512 533 2291035 534842427
512 534 2296966 534842427
512 535 2297187 534842427
512 536 2303230 534842427
512 537 2294638 534842427
512 538 2293471 534842427
512 539 2302631 534842427
512 540 2299784 534842427
512 541 2293920 534842427
512 542 2308312 534842427
512 543 2288225 534842427
512 544 2292165 534842427
512 545 2296264 534842427
512 546 2315788 534842427
512 547 2286067 534842427
512 548 2302103 534842427
512 549 2302631 534842427
512 550 2295482 534842427
512 551 2288048 534842427
512 552 2298160 534842427
512 553 2295113 534842427
512 554 2299120 534842427
512 555 2285118 534842427
512 556 2311220 534842427
512 557 2290197 534842427
512 558 2295138 534842427
512 559 2302435 534842427
512 560 2301532 534842427
512 561 2298388 534842427
512 562 2293245 534842427
512 563 2287032 534842427
512 564 2283498 534842427
512 565 2289409 534842427
512 566 2294946 534842427
512 567 2293030 534842427
512 568 2294818 534842427
512 569 2298285 534842427
512 570 2295249 534842427
512 571 2299910 534842427
512 572 2301441 534842427
512 573 2303357 534842427
512 574 2290380 534842427
512 575 2296298 534842427
512 576 2302725 534842427
512 577 2295112 534842427
512 578 2294711 534842427
512 579 2294188 534842427
512 580 2293478 534842427
512 581 2286714 534842427
512 582 2307659 534842427
512 583 2295923 534842427
512 584 2274948 534842427
512 585 2286717 534842427
512 586 2292753 534842427
512 587 2312864 534842427
512 588 2295216 534842427
512 589 2299414 534842427
512 590 2297486 534842427
512 591 2279810 534842427
512 592 2279417 534842427
512 593 2290678 534842427
512 594 2298540 534842427
512 595 2300540 534842427
512 596 2296734 534842427
512 597 2286320 534842427
512 598 2294768 534842427
512 599 2287857 534842427
512 600 2291256 534842427
512 601 2297188 534842427
512 602 2288596 534842427
512 603 2289845 534842427
512 604 2300473 534842427
512 605 2283639 534842427
512 606 2299849 534842427
512 607 2305302 534842427
512 608 2283667 534842427
512 609 2300045 534842427
512 610 2298197 534842427
512 611 2295157 534842427
512 612 2306445 534842427
512 613 2291231 534842427
512 614 2286162 534842427
512 615 2284673 534842427
512 616 2304772 534842427
512 617 2305337 534842427
512 618 2302305 534842427
512 619 2285903 534842427
512 620 2292267 534842427
512 621 2289265 534842427
512 622 2293684 534842427
512 623 2295076 534842427
512 624 2303207 534842427
512 625 2278295 534842427
512 626 2294147 534842427
512 627 2294600 534842427
512 628 2285745 534842427
512 629 2298557 534842427
512 630 2291129 534842427
512 631 2303340 534842427
512 632 2292751 534842427
512 633 2289583 534842427
512 634 2293840 534842427
512 635 2296171 534842427
512 636 2295838 534842427
512 637 2295070 534842427
512 638 2286633 534842427
512 639 2300073 534842427
512 640 2285629 534842427
512 641 2300977 534842427
512 642 2284218 534842427
512 643 2292359 534842427
512 644 2288131 534842427
512 645 2306123 534842427
512 646 2295353 534842427
512 647 2293009 534842427
512 648 2288302 534842427
512 649 2293343 534842427
512 650 2298408 534842427
512 651 2282382 534842427
512 652 2300005 534842427
512 653 2294829 534842427
512 654 2298781 534842427
512 655 2298864 534842427
512 656 2286956 534842427
512 657 2303132 534842427
512 658 2297553 534842427
512 659 2290371 534842427
512 660 2297357 534842427
512 661 2298353 534842427
512 662 2293366 534842427
512 663 2297749 534842427
512 664 2291808 534842427
512 665 2301361 534842427
512 666 2292865 534842427
512 667 2291822 534842427
512 668 2306212 534842427
512 669 2301134 534842427
512 670 2301425 534842427
512 671 2303379 534842427
512 672 2291486 534842427
512 673 2300789 534842427
512 674 2281813 534842427
512 675 2291730 534842427
512 676 2282959 534842427
512 677 2291929 534842427
512 678 2293843 534842427
512 679 2294125 534842427
512 680 2293188 534842427
512 681 2302281 534842427
512 682 2278795 534842427
512 683 2292706 534842427
512 684 2281520 534842427
512 685 2289533 534842427
512 686 2289282 534842427
512 687 2301184 534842427
512 688 2295548 534842427
512 689 2295883 534842427
512 690 2287755 534842427
512 691 2294936 534842427
512 692 2281693 534842427
512 693 2294926 534842427
512 694 2296837 534842427
512 695 2288369 534842427
512 696 2307198 534842427
512 697 2301004 534842427
512 698 2294885 534842427
512 699 2301653 534842427
512 700 2296546 534842427
512 701 2285558 534842427
512 702 2293109 534842427
512 703 2296981 534842427
512 704 2296854 534842427
512 705 2288544 534842427
512 706 2294513 534842427
512 707 2291699 534842427
512 708 2287236 534842427
512 709 2295178 534842427
512 710 2297719 534842427
512 711 2303808 534842427
512 712 2292720 534842427
512 713 2292012 534842427
512 714 2307077 534842427
512 715 2287762 534842427
512 716 2294908 534842427
512 717 2294335 534842427
512 718 2302176 534842427
512 719 2288638 534842427
512 720 2289636 534842427
512 721 2297035 534842427
512 722 2296453 534842427
512 723 2283654 534842427
512 724 2297053 534842427
512 725 2296554 534842427
512 726 2299988 534842427
512 727 2302158 534842427
512 728 2290076 534842427
512 729 2291518 534842427
512 730 2290985 534842427
512 731 2300616 534842427
512 732 2288079 534842427
512 733 2297834 534842427
512 734 2292266 534842427
512 735 2289645 534842427
512 736 2298040 534842427
512 737 2299912 534842427
512 738 2307359 534842427
512 739 2293466 534842427
512 740 2288910 534842427
512 741 2290252 534842427
512 742 2293744 534842427
512 743 2303813 534842427
512 744 2295319 534842427
512 745 2302158 534842427
512 746 2304454 534842427
512 747 2300704 534842427
512 748 2290910 534842427
512 749 2298691 534842427
512 750 2298236 534842427
512 751 2304439 534842427
512 752 2287572 534842427
512 753 2288432 534842427
512 754 2293225 534842427
512 755 2293696 534842427
512 756 2292971 534842427
512 757 2302200 534842427
512 758 2295989 534842427
512 759 2289195 534842427
512 760 2299968 534842427
512 761 2294679 534842427
512 762 2305324 534842427
512 763 2296411 534842427
512 764 2293908 534842427
512 765 2287121 534842427
512 766 2285678 534842427
512 767 2300314 534842427
512 768 2300780 534842427
512 769 2292547 534842427
512 770 2291485 534842427
512 771 2301139 534842427
512 772 2300906 534842427
512 773 2295538 534842427
512 774 2293700 534842427
512 775 2292117 534842427
512 776 2295025 534842427
512 777 2298712 534842427
512 778 2293306 534842427
512 779 2287162 534842427
512 780 2287537 534842427
512 781 2295569 534842427
512 782 2293973 534842427
512 783 2299831 534842427
512 784 2296177 534842427
512 785 2293933 534842427
512 786 2294574 534842427
512 787 2300224 534842427
512 788 2294073 534842427
512 789 2286243 534842427
512 790 2296920 534842427
512 791 2298649 534842427
512 792 2292028 534842427
512 793 2285251 534842427
512 794 2302674 534842427
512 795 2295855 534842427
512 796 2287827 534842427
512 797 2287722 534842427
512 798 2299017 534842427
512 799 2299851 534842427
512 800 2299168 534842427
512 801 2298227 534842427
512 802 2294326 534842427
512 803 2291398 534842427
512 804 2305651 534842427
512 805 2301942 534842427
512 806 2298096 534842427
512 807 2286686 534842427
512 808 2292585 534842427
512 809 2295163 534842427
512 810 2288412 534842427
512 811 2292708 534842427
512 812 2298617 534842427
512 813 2296417 534842427
512 814 2300459 534842427
512 815 2305612 534842427
512 816 2289113 534842427
512 817 2294940 534842427
512 818 2292321 534842427
512 819 2286366 534842427
512 820 2284175 534842427
512 821 2292815 534842427
512 822 2300644 534842427
512 823 2290781 534842427
512 824 2295462 534842427
512 825 2282061 534842427
512 826 2295522 534842427
512 827 2288272 534842427
512 828 2294091 534842427
512 829 2298854 534842427
512 830 2294578 534842427
512 831 2293319 534842427
512 832 2304402 534842427
512 833 2294485 534842427
512 834 2299779 534842427
512 835 2300706 534842427
512 836 2295634 534842427
512 837 2300892 534842427
512 838 2288261 534842427
512 839 2306212 534842427
512 840 2290358 534842427
512 841 2296116 534842427
512 842 2289620 534842427
512 843 2300872 534842427
512 844 2289690 534842427
512 845 2297178 534842427
512 846 2283162 534842427
512 847 2293506 534842427
512 848 2297141 534842427
512 849 2298559 534842427
512 850 2300551 534842427
512 851 2289717 534842427
512 852 2296430 534842427
512 853 2292564 534842427
512 854 2286938 534842427
512 855 2297832 534842427
512 856 2298681 534842427
512 857 2297684 534842427
512 858 2310170 534842427
512 859 2298516 534842427
512 860 2303875 534842427
512 861 2296886 534842427
512 862 2300867 534842427
512 863 2298860 534842427
512 864 2298071 534842427
512 865 2308462 534842427
512 866 2301960 534842427
512 867 2296417 534842427
512 868 2293962 534842427
512 869 2295714 534842427
512 870 2307590 534842427
512 871 2299449 534842427
512 872 2302719 534842427
512 873 2304267 534842427
512 874 2290965 534842427
512 875 2295763 534842427
512 876 2299618 534842427
512 877 2299643 534842427
512 878 2292421 534842427
512 879 2301521 534842427
512 880 2303582 534842427
512 881 2297410 534842427
512 882 2285745 534842427
512 883 2306867 534842427
512 884 2290834 534842427
512 885 2286279 534842427
512 886 2298009 534842427
512 887 2280631 534842427
512 888 2294514 534842427
512 889 2293784 534842427
512 890 2298455 534842427
512 891 2283192 534842427
512 892 2300779 534842427
512 893 2306218 534842427
512 894 2294193 534842427
512 895 2290189 534842427
512 896 2292077 534842427
512 897 2294068 534842427
512 898 2289483 534842427
512 899 2299206 534842427
512 900 2296089 534842427
512 901 2297428 534842427
512 902 2296652 534842427
512 903 2298403 534842427
512 904 2286745 534842427
512 905 2298060 534842427
512 906 2288642 534842427
512 907 2300986 534842427
512 908 2291636 534842427
512 909 2286267 534842427
512 910 2307201 534842427
512 911 2293668 534842427
512 912 2292824 534842427
512 913 2289783 534842427
512 914 2281380 534842427
512 915 2297461 534842427
512 916 2306717 534842427
512 917 2292258 534842427
512 918 2298579 534842427
512 919 2297408 534842427
512 920 2305847 534842427
512 921 2293196 534842427
512 922 2308619 534842427
512 923 2294879 534842427
512 924 2294093 534842427
512 925 2301769 534842427
512 926 2284700 534842427
512 927 2296778 534842427
512 928 2292703 534842427
512 929 2301472 534842427
512 930 2293714 534842427
512 931 2290282 534842427
512 932 2287889 534842427
512 933 2295512 534842427
512 934 2307501 534842427
512 935 2292718 534842427
512 936 2299376 534842427
512 937 2286903 534842427
512 938 2287439 534842427
512 939 2310830 534842427
512 940 2290610 534842427
512 941 2296263 534842427
512 942 2295682 534842427
512 943 2293239 534842427
512 944 2300538 534842427
512 945 2294307 534842427
512 946 2291690 534842427
512 947 2298188 534842427
512 948 2302194 534842427
512 949 2298331 534842427
512 950 2291392 534842427
512 951 2306314 534842427
512 952 2300293 534842427
512 953 2298881 534842427
512 954 2295025 534842427
512 955 2298109 534842427
512 956 2288836 534842427
512 957 2299885 534842427
512 958 2289511 534842427
512 959 2298123 534842427
512 960 2303395 534842427
512 961 2293253 534842427
512 962 2294014 534842427
512 963 2299703 534842427
512 964 2302684 534842427
512 965 2289701 534842427
512 966 2296847 534842427
512 967 2309167 534842427
512 968 2292011 534842427
512 969 2298621 534842427
512 970 2290562 534842427
512 971 2295326 534842427
512 972 2286525 534842427
512 973 2298634 534842427
512 974 2311160 534842427
512 975 2293004 534842427
512 976 2311492 534842427
512 977 2301152 534842427
512 978 2299528 534842427
512 979 2296229 534842427
512 980 2303182 534842427
512 981 2299323 534842427
512 982 2297663 534842427
512 983 2284379 534842427
512 984 2297799 534842427
512 985 2296460 534842427
512 986 2297999 534842427
512 987 2298690 534842427
512 988 2301850 534842427
512 989 2300869 534842427
512 990 2303337 534842427
512 991 2301105 534842427
512 992 2288276 534842427
512 993 2306058 534842427
512 994 2298410 534842427
512 995 2293814 534842427
512 996 2296669 534842427
512 997 2289849 534842427
512 998 2305219 534842427
512 999 2295160 534842427
