4 0 599 541
4 1 350 541
4 2 395 541
4 3 300 541
4 4 314 551
4 5 311 571
4 6 251 541
4 7 234 541
4 8 234 541
4 9 234 541
4 10 234 541
4 11 234 541
4 12 234 541
4 13 234 541
4 14 234 541
4 15 234 541
4 16 234 541
4 17 234 541
4 18 234 541
4 19 234 541
4 20 234 541
4 21 234 541
4 22 234 541
4 23 236 541
4 24 234 541
4 25 234 541
4 26 234 541
4 27 234 541
4 28 234 541
4 29 234 541
4 30 234 541
4 31 234 541
4 32 234 541
4 33 234 541
4 34 234 541
4 35 236 541
4 36 234 541
4 37 234 541
4 38 234 541
4 39 234 541
4 40 234 541
4 41 234 541
4 42 234 541
4 43 236 541
4 44 234 541
4 45 234 541
4 46 234 541
4 47 364 541
4 48 332 571
4 49 348 566
4 50 354 566
4 51 234 541
4 52 234 541
4 53 234 541
4 54 234 541
4 55 234 541
4 56 234 541
4 57 234 541
4 58 234 541
4 59 236 541
4 60 234 541
4 61 234 541
4 62 234 541
4 63 234 541
4 64 308 541
4 65 294 566
4 66 326 541
4 67 313 541
4 68 314 571
4 69 234 541
4 70 234 541
4 71 234 541
4 72 234 541
4 73 234 541
4 74 234 541
4 75 234 541
4 76 234 541
4 77 234 541
4 78 308 541
4 79 234 541
4 80 234 541
4 81 234 541
4 82 234 541
4 83 234 541
4 84 234 541
4 85 234 541
4 86 277 541
4 87 264 541
4 88 264 541
4 89 246 541
4 90 234 541
4 91 234 541
4 92 234 541
4 93 236 541
4 94 234 541
4 95 234 541
4 96 234 541
4 97 234 541
4 98 234 541
4 99 234 541
4 100 234 541
4 101 234 541
4 102 234 541
4 103 234 541
4 104 234 541
4 105 234 541
4 106 234 541
4 107 234 541
4 108 234 541
4 109 234 541
4 110 234 541
4 111 234 541
4 112 234 541
4 113 234 541
4 114 234 541
4 115 234 541
4 116 234 541
4 117 234 541
4 118 234 541
4 119 234 541
4 120 234 541
4 121 234 541
4 122 234 541
4 123 234 541
4 124 236 541
4 125 234 541
4 126 234 541
4 127 234 541
4 128 234 541
4 129 234 541
4 130 234 541
4 131 234 541
4 132 234 541
4 133 234 541
4 134 234 541
4 135 234 541
4 136 234 541
4 137 234 541
4 138 234 541
4 139 234 541
4 140 234 541
4 141 234 541
4 142 234 541
4 143 234 541
4 144 234 541
4 145 234 541
4 146 234 541
4 147 234 541
4 148 234 541
4 149 234 541
4 150 234 541
4 151 234 541
4 152 234 541
4 153 234 541
4 154 234 541
4 155 234 541
4 156 234 541
4 157 234 541
4 158 234 541
4 159 234 541
4 160 234 541
4 161 234 541
4 162 234 541
4 163 234 541
4 164 234 541
4 165 234 541
4 166 234 541
4 167 234 541
4 168 234 541
4 169 234 541
4 170 234 541
4 171 234 541
4 172 234 541
4 173 234 541
4 174 234 541
4 175 234 541
4 176 234 541
4 177 234 541
4 178 234 541
4 179 234 541
4 180 234 541
4 181 234 541
4 182 234 541
4 183 234 541
4 184 234 541
4 185 234 541
4 186 234 541
4 187 234 541
4 188 234 541
4 189 234 541
4 190 234 541
4 191 234 541
4 192 234 541
4 193 234 541
4 194 234 541
4 195 236 541
4 196 234 541
4 197 234 541
4 198 234 541
4 199 234 541
4 200 234 541
4 201 234 541
4 202 234 541
4 203 234 541
4 204 234 541
4 205 234 541
4 206 234 541
4 207 234 541
4 208 234 541
4 209 234 541
4 210 236 541
4 211 234 541
4 212 234 541
4 213 234 541
4 214 234 541
4 215 234 541
4 216 234 541
4 217 234 541
4 218 234 541
4 219 234 541
4 220 234 541
4 221 261 541
4 222 247 541
4 223 234 541
4 224 234 541
4 225 234 541
4 226 234 541
4 227 234 541
4 228 234 541
4 229 234 541
4 230 234 541
4 231 234 541
4 232 234 541
4 233 234 541
4 234 234 541
4 235 236 541
4 236 234 541
4 237 234 541
4 238 234 541
4 239 234 541
4 240 234 541
4 241 234 541
4 242 234 541
4 243 234 541
4 244 234 541
4 245 234 541
4 246 234 541
4 247 234 541
4 248 234 541
4 249 234 541
4 250 234 541
4 251 234 541
4 252 234 541
4 253 234 541
4 254 234 541
4 255 234 541
4 256 234 541
4 257 234 541
4 258 234 541
4 259 234 541
4 260 234 541
4 261 234 541
4 262 234 541
4 263 234 541
4 264 234 541
4 265 234 541
4 266 234 541
4 267 234 541
4 268 234 541
4 269 234 541
4 270 234 541
4 271 234 541
4 272 234 541
4 273 234 541
4 274 234 541
4 275 234 541
4 276 234 541
4 277 234 541
4 278 234 541
4 279 234 541
4 280 234 541
4 281 234 541
4 282 234 541
4 283 234 541
4 284 234 541
4 285 234 541
4 286 234 541
4 287 234 541
4 288 234 541
4 289 234 541
4 290 234 541
4 291 234 541
4 292 236 541
4 293 234 541
4 294 234 541
4 295 234 541
4 296 234 541
4 297 234 541
4 298 234 541
4 299 234 541
4 300 234 541
4 301 234 541
4 302 234 541
4 303 234 541
4 304 234 541
4 305 234 541
4 306 234 541
4 307 234 541
4 308 234 541
4 309 234 541
4 310 234 541
4 311 234 541
4 312 234 541
4 313 234 541
4 314 234 541
4 315 234 541
4 316 234 541
4 317 234 541
4 318 234 541
4 319 234 541
4 320 234 541
4 321 234 541
4 322 234 541
4 323 234 541
4 324 234 541
4 325 234 541
4 326 234 541
4 327 234 541
4 328 234 541
4 329 234 541
4 330 234 541
4 331 234 541
4 332 234 541
4 333 234 541
4 334 234 541
4 335 234 541
4 336 234 541
4 337 234 541
4 338 234 541
4 339 234 541
4 340 234 541
4 341 234 541
4 342 234 541
4 343 234 541
4 344 234 541
4 345 234 541
4 346 234 541
4 347 234 541
4 348 234 541
4 349 234 541
4 350 234 541
4 351 234 541
4 352 234 541
4 353 234 541
4 354 237 541
4 355 237 541
4 356 237 541
4 357 237 541
4 358 237 541
4 359 237 541
4 360 237 541
4 361 237 541
4 362 237 541
4 363 237 541
4 364 237 541
4 365 237 541
4 366 237 541
4 367 237 541
4 368 237 541
4 369 237 541
4 370 237 541
4 371 237 541
4 372 237 541
4 373 237 541
4 374 237 541
4 375 237 541
4 376 237 541
4 377 237 541
4 378 237 541
4 379 237 541
4 380 237 541
4 381 237 541
4 382 237 541
4 383 237 541
4 384 237 541
4 385 237 541
4 386 237 541
4 387 237 541
4 388 237 541
4 389 237 541
4 390 237 541
4 391 237 541
4 392 237 541
4 393 237 541
4 394 237 541
4 395 237 541
4 396 237 541
4 397 237 541
4 398 237 541
4 399 237 541
4 400 237 541
4 401 237 541
4 402 237 541
4 403 237 541
4 404 237 541
4 405 237 541
4 406 237 541
4 407 237 541
4 408 237 541
4 409 237 541
4 410 237 541
4 411 237 541
4 412 237 541
4 413 237 541
4 414 237 541
4 415 252 541
4 416 234 541
4 417 234 541
4 418 234 541
4 419 234 541
4 420 234 541
4 421 234 541
4 422 236 541
4 423 234 541
4 424 234 541
4 425 234 541
4 426 234 541
4 427 234 541
4 428 234 541
4 429 234 541
4 430 234 541
4 431 234 541
4 432 234 541
4 433 234 541
4 434 234 541
4 435 234 541
4 436 234 541
4 437 234 541
4 438 234 541
4 439 234 541
4 440 234 541
4 441 237 541
4 442 234 541
4 443 234 541
4 444 237 541
4 445 234 541
4 446 234 541
4 447 234 541
4 448 234 541
4 449 234 541
4 450 234 541
4 451 234 541
4 452 234 541
4 453 234 541
4 454 234 541
4 455 237 541
4 456 234 541
4 457 234 541
4 458 234 541
4 459 234 541
4 460 234 541
4 461 234 541
4 462 234 541
4 463 236 541
4 464 234 541
4 465 234 541
4 466 234 541
4 467 234 541
4 468 234 541
4 469 234 541
4 470 234 541
4 471 234 541
4 472 234 541
4 473 234 541
4 474 234 541
4 475 234 541
4 476 234 541
4 477 234 541
4 478 237 541
4 479 234 541
4 480 234 541
4 481 234 541
4 482 234 541
4 483 234 541
4 484 234 541
4 485 234 541
4 486 234 541
4 487 234 541
4 488 234 541
4 489 234 541
4 490 234 541
4 491 234 541
4 492 234 541
4 493 234 541
4 494 234 541
4 495 237 541
4 496 234 541
4 497 234 541
4 498 234 541
4 499 234 541
4 500 234 541
4 501 234 541
4 502 234 541
4 503 234 541
4 504 234 541
4 505 234 541
4 506 234 541
4 507 234 541
4 508 234 541
4 509 234 541
4 510 234 541
4 511 234 541
4 512 234 541
4 513 234 541
4 514 236 541
4 515 234 541
4 516 234 541
4 517 234 541
4 518 234 541
4 519 234 541
4 520 234 541
4 521 234 541
4 522 234 541
4 523 234 541
4 524 234 541
4 525 234 541
4 526 234 541
4 527 234 541
4 528 234 541
4 529 234 541
4 530 234 541
4 531 234 541
4 532 237 541
4 533 234 541
4 534 234 541
4 535 234 541
4 536 234 541
4 537 234 541
4 538 234 541
4 539 234 541
4 540 237 541
4 541 252 541
4 542 234 541
4 543 234 541
4 544 234 541
4 545 234 541
4 546 234 541
4 547 234 541
4 548 234 541
4 549 234 541
4 550 237 541
4 551 234 541
4 552 234 541
4 553 234 541
4 554 234 541
4 555 234 541
4 556 234 541
4 557 234 541
4 558 234 541
4 559 234 541
4 560 237 541
4 561 237 541
4 562 234 541
4 563 234 541
4 564 234 541
4 565 234 541
4 566 234 541
4 567 234 541
4 568 234 541
4 569 234 541
4 570 234 541
4 571 234 541
4 572 234 541
4 573 234 541
4 574 234 541
4 575 234 541
4 576 234 541
4 577 234 541
4 578 234 541
4 579 234 541
4 580 234 541
4 581 234 541
4 582 262 541
4 583 237 541
4 584 234 541
4 585 234 541
4 586 234 541
4 587 234 541
4 588 234 541
4 589 234 541
4 590 234 541
4 591 234 541
4 592 236 541
4 593 234 541
4 594 234 541
4 595 234 541
4 596 234 541
4 597 234 541
4 598 234 541
4 599 234 541
4 600 234 541
4 601 237 541
4 602 234 541
4 603 234 541
4 604 234 541
4 605 234 541
4 606 234 541
4 607 234 541
4 608 234 541
4 609 234 541
4 610 234 541
4 611 234 541
4 612 234 541
4 613 234 541
4 614 234 541
4 615 236 541
4 616 234 541
4 617 234 541
4 618 234 541
4 619 234 541
4 620 234 541
4 621 234 541
4 622 234 541
4 623 234 541
4 624 234 541
4 625 234 541
4 626 234 541
4 627 234 541
4 628 234 541
4 629 234 541
4 630 234 541
4 631 234 541
4 632 237 541
4 633 234 541
4 634 237 541
4 635 234 541
4 636 234 541
4 637 234 541
4 638 234 541
4 639 234 541
4 640 234 541
4 641 234 541
4 642 234 541
4 643 237 541
4 644 234 541
4 645 234 541
4 646 234 541
4 647 234 541
4 648 234 541
4 649 234 541
4 650 234 541
4 651 234 541
4 652 234 541
4 653 234 541
4 654 237 541
4 655 234 541
4 656 234 541
4 657 234 541
4 658 234 541
4 659 234 541
4 660 234 541
4 661 234 541
4 662 234 541
4 663 236 541
4 664 234 541
4 665 234 541
4 666 234 541
4 667 234 541
4 668 234 541
4 669 234 541
4 670 234 541
4 671 234 541
4 672 234 541
4 673 234 541
4 674 237 541
4 675 234 541
4 676 234 541
4 677 234 541
4 678 234 541
4 679 234 541
4 680 234 541
4 681 234 541
4 682 234 541
4 683 234 541
4 684 234 541
4 685 234 541
4 686 234 541
4 687 234 541
4 688 234 541
4 689 234 541
4 690 234 541
4 691 234 541
4 692 234 541
4 693 234 541
4 694 234 541
4 695 234 541
4 696 234 541
4 697 234 541
4 698 234 541
4 699 234 541
4 700 234 541
4 701 234 541
4 702 234 541
4 703 234 541
4 704 237 541
4 705 234 541
4 706 234 541
4 707 234 541
4 708 234 541
4 709 234 541
4 710 234 541
4 711 234 541
4 712 234 541
4 713 234 541
4 714 234 541
4 715 234 541
4 716 237 541
4 717 237 541
4 718 234 541
4 719 234 541
4 720 234 541
4 721 234 541
4 722 234 541
4 723 234 541
4 724 234 541
4 725 234 541
4 726 234 541
4 727 234 541
4 728 234 541
4 729 234 541
4 730 234 541
4 731 234 541
4 732 234 541
4 733 234 541
4 734 234 541
4 735 234 541
4 736 234 541
4 737 234 541
4 738 234 541
4 739 234 541
4 740 234 541
4 741 234 541
4 742 234 541
4 743 237 541
4 744 234 541
4 745 234 541
4 746 234 541
4 747 234 541
4 748 234 541
4 749 234 541
4 750 234 541
4 751 234 541
4 752 234 541
4 753 237 541
4 754 234 541
4 755 234 541
4 756 234 541
4 757 234 541
4 758 234 541
4 759 234 541
4 760 234 541
4 761 237 541
4 762 252 541
4 763 234 541
4 764 237 541
4 765 234 541
4 766 234 541
4 767 234 541
4 768 234 541
4 769 234 541
4 770 234 541
4 771 234 541
4 772 234 541
4 773 234 541
4 774 234 541
4 775 234 541
4 776 234 541
4 777 234 541
4 778 234 541
4 779 234 541
4 780 234 541
4 781 234 541
4 782 234 541
4 783 234 541
4 784 234 541
4 785 234 541
4 786 234 541
4 787 234 541
4 788 234 541
4 789 234 541
4 790 234 541
4 791 236 541
4 792 234 541
4 793 234 541
4 794 234 541
4 795 234 541
4 796 234 541
4 797 234 541
4 798 234 541
4 799 234 541
4 800 237 541
4 801 234 541
4 802 234 541
4 803 234 541
4 804 234 541
4 805 234 541
4 806 234 541
4 807 236 541
4 808 234 541
4 809 234 541
4 810 234 541
4 811 237 541
4 812 252 541
4 813 234 541
4 814 234 541
4 815 234 541
4 816 234 541
4 817 234 541
4 818 234 541
4 819 234 541
4 820 234 541
4 821 234 541
4 822 234 541
4 823 234 541
4 824 234 541
4 825 234 541
4 826 234 541
4 827 234 541
4 828 234 541
4 829 237 541
4 830 234 541
4 831 234 541
4 832 234 541
4 833 234 541
4 834 234 541
4 835 234 541
4 836 234 541
4 837 234 541
4 838 234 541
4 839 234 541
4 840 237 541
4 841 234 541
4 842 234 541
4 843 234 541
4 844 234 541
4 845 237 541
4 846 234 541
4 847 234 541
4 848 234 541
4 849 234 541
4 850 237 541
4 851 234 541
4 852 234 541
4 853 234 541
4 854 237 541
4 855 234 541
4 856 234 541
4 857 234 541
4 858 234 541
4 859 234 541
4 860 234 541
4 861 234 541
4 862 234 541
4 863 237 541
4 864 234 541
4 865 234 541
4 866 234 541
4 867 234 541
4 868 234 541
4 869 234 541
4 870 234 541
4 871 234 541
4 872 234 541
4 873 234 541
4 874 234 541
4 875 237 541
4 876 237 541
4 877 234 541
4 878 234 541
4 879 234 541
4 880 234 541
4 881 234 541
4 882 234 541
4 883 234 541
4 884 234 541
4 885 234 541
4 886 234 541
4 887 234 541
4 888 237 541
4 889 252 541
4 890 234 541
4 891 234 541
4 892 234 541
4 893 234 541
4 894 234 541
4 895 234 541
4 896 234 541
4 897 234 541
4 898 234 541
4 899 234 541
4 900 234 541
4 901 234 541
4 902 234 541
4 903 234 541
4 904 234 541
4 905 234 541
4 906 234 541
4 907 234 541
4 908 234 541
4 909 234 541
4 910 234 541
4 911 234 541
4 912 234 541
4 913 234 541
4 914 234 541
4 915 234 541
4 916 234 541
4 917 234 541
4 918 234 541
4 919 234 541
4 920 234 541
4 921 234 541
4 922 234 541
4 923 234 541
4 924 234 541
4 925 234 541
4 926 234 541
4 927 234 541
4 928 237 541
4 929 234 541
4 930 234 541
4 931 234 541
4 932 234 541
4 933 234 541
4 934 248 541
4 935 248 541
4 936 248 541
4 937 248 541
4 938 248 541
4 939 234 541
4 940 234 541
4 941 234 541
4 942 234 541
4 943 236 541
4 944 234 541
4 945 234 541
4 946 234 541
4 947 234 541
4 948 234 541
4 949 234 541
4 950 234 541
4 951 237 541
4 952 234 541
4 953 234 541
4 954 234 541
4 955 234 541
4 956 234 541
4 957 234 541
4 958 234 541
4 959 234 541
4 960 234 541
4 961 234 541
4 962 234 541
4 963 234 541
4 964 237 541
4 965 234 541
4 966 234 541
4 967 234 541
4 968 234 541
4 969 262 541
4 970 234 541
4 971 234 541
4 972 234 541
4 973 234 541
4 974 234 541
4 975 234 541
4 976 237 541
4 977 234 541
4 978 234 541
4 979 234 541
4 980 234 541
4 981 234 541
4 982 234 541
4 983 234 541
4 984 234 541
4 985 234 541
4 986 237 541
4 987 234 541
4 988 234 541
4 989 234 541
4 990 234 541
4 991 234 541
4 992 237 541
4 993 234 541
4 994 234 541
4 995 234 541
4 996 234 541
4 997 237 541
4 998 234 541
4 999 234 541
