64 0 24821 4160031634
64 1 24775 4160031604
64 2 24794 4160031604
64 3 24775 4160031604
64 4 24775 4160031604
64 5 24870 4160031604
64 6 24853 4160031604
64 7 24832 4160031604
64 8 24813 4160031604
64 9 24775 4160031604
64 10 24775 4160031604
64 11 24815 4160031604
64 12 24832 4160031604
64 13 24775 4160031604
64 14 24794 4160031604
64 15 24815 4160031604
64 16 24833 4160031604
64 17 24775 4160031604
64 18 24794 4160031604
64 19 24794 4160031604
64 20 24834 4160031604
64 21 24832 4160031604
64 22 24775 4160031604
64 23 24813 4160031604
64 24 24832 4160031604
64 25 24775 4160031604
64 26 24775 4160031604
64 27 24794 4160031604
64 28 24872 4160031604
64 29 24813 4160031604
64 30 24796 4160031604
64 31 24794 4160031604
64 32 24870 4160031604
64 33 24813 4160031604
64 34 24834 4160031604
64 35 24796 4160031604
64 36 24870 4160031604
64 37 24775 4160031604
64 38 24794 4160031604
64 39 24834 4160031604
64 40 24813 4160031604
64 41 24775 4160031604
64 42 24794 4160031604
64 43 24794 4160031604
64 44 24854 4160031604
64 45 24794 4160031604
64 46 24775 4160031604
64 47 24794 4160031604
64 48 24814 4160031604
64 49 24775 4160031604
64 50 24794 4160031604
64 51 24832 4160031604
64 52 24832 4160031604
64 53 24889 4160031604
64 54 24794 4160031604
64 55 24832 4160031604
64 56 24832 4160031604
64 57 24851 4160031604
64 58 24813 4160031604
64 59 24813 4160031604
64 60 24813 4160031604
64 61 24813 4160031604
64 62 24794 4160031604
64 63 24794 4160031604
64 64 24813 4160031604
64 65 24794 4160031604
64 66 24775 4160031604
64 67 24794 4160031604
64 68 24813 4160031604
64 69 24794 4160031604
64 70 24775 4160031604
64 71 24794 4160031604
64 72 24813 4160031604
64 73 24775 4160031604
64 74 24775 4160031604
64 75 24851 4160031604
64 76 24851 4160031604
64 77 24813 4160031604
64 78 24775 4160031604
64 79 24813 4160031604
64 80 24870 4160031604
64 81 24834 4160031604
64 82 24794 4160031604
64 83 24851 4160031604
64 84 24813 4160031604
64 85 24832 4160031604
64 86 24794 4160031604
64 87 24775 4160031604
64 88 24813 4160031604
64 89 24775 4160031604
64 90 24794 4160031604
64 91 24794 4160031604
64 92 24855 4160031604
64 93 24775 4160031604
64 94 24775 4160031604
64 95 24813 4160031604
64 96 24815 4160031604
64 97 24775 4160031604
64 98 24794 4160031604
64 99 24832 4160031604
64 100 24870 4160031604
64 101 24851 4160031604
64 102 24813 4160031604
64 103 24834 4160031604
64 104 24851 4160031604
64 105 24870 4160031604
64 106 24813 4160031604
64 107 24813 4160031604
64 108 24794 4160031604
64 109 24794 4160031604
64 110 24794 4160031604
64 111 24832 4160031604
64 112 24794 4160031604
64 113 24794 4160031604
64 114 24775 4160031604
64 115 24794 4160031604
64 116 24872 4160031604
64 117 24775 4160031604
64 118 24813 4160031604
64 119 24794 4160031604
64 120 24775 4160031604
64 121 24794 4160031604
64 122 24813 4160031604
64 123 24834 4160031604
64 124 24813 4160031604
64 125 24813 4160031604
64 126 24813 4160031604
64 127 24832 4160031604
64 128 24832 4160031604
64 129 24832 4160031604
64 130 24851 4160031604
64 131 24834 4160031604
64 132 24813 4160031604
64 133 24813 4160031604
64 134 24794 4160031604
64 135 24832 4160031604
64 136 24813 4160031604
64 137 24775 4160031604
64 138 24832 4160031604
64 139 24813 4160031604
64 140 24775 4160031604
64 141 24813 4160031604
64 142 24832 4160031604
64 143 24775 4160031604
64 144 24851 4160031604
64 145 24794 4160031604
64 146 24832 4160031604
64 147 24775 4160031604
64 148 24813 4160031604
64 149 24851 4160031604
64 150 24854 4160031604
64 151 24854 4160031604
64 152 24813 4160031604
64 153 24815 4160031604
64 154 24851 4160031604
64 155 24813 4160031604
64 156 24794 4160031604
64 157 24813 4160031604
64 158 24832 4160031604
64 159 24813 4160031604
64 160 24775 4160031604
64 161 24794 4160031604
64 162 24851 4160031604
64 163 24775 4160031604
64 164 24794 4160031604
64 165 24813 4160031604
64 166 24794 4160031604
64 167 24832 4160031604
64 168 24813 4160031604
64 169 24813 4160031604
64 170 24813 4160031604
64 171 24832 4160031604
64 172 24794 4160031604
64 173 24832 4160031604
64 174 24794 4160031604
64 175 24775 4160031604
64 176 24813 4160031604
64 177 24908 4160031604
64 178 24775 4160031604
64 179 24834 4160031604
64 180 24775 4160031604
64 181 24794 4160031604
64 182 24775 4160031604
64 183 24775 4160031604
64 184 24794 4160031604
64 185 24832 4160031604
64 186 24794 4160031604
64 187 24870 4160031604
64 188 24813 4160031604
64 189 24813 4160031604
64 190 24832 4160031604
64 191 24998 4160031604
64 192 24832 4160031604
64 193 24832 4160031604
64 194 24871 4160031604
64 195 24832 4160031604
64 196 24870 4160031604
64 197 24794 4160031604
64 198 24794 4160031604
64 199 24813 4160031604
64 200 24794 4160031604
64 201 24870 4160031604
64 202 24794 4160031604
64 203 24775 4160031604
64 204 24813 4160031604
64 205 24794 4160031604
64 206 24775 4160031604
64 207 24794 4160031604
64 208 24851 4160031604
64 209 24775 4160031604
64 210 24794 4160031604
64 211 24794 4160031604
64 212 24813 4160031604
64 213 24814 4160031604
64 214 24813 4160031604
64 215 24813 4160031604
64 216 24834 4160031604
64 217 24871 4160031604
64 218 24813 4160031604
64 219 25032 4160031604
64 220 24832 4160031604
64 221 24794 4160031604
64 222 24794 4160031604
64 223 24832 4160031604
64 224 24836 4160031604
64 225 24775 4160031604
64 226 24775 4160031604
64 227 24794 4160031604
64 228 24794 4160031604
64 229 24775 4160031604
64 230 24794 4160031604
64 231 24832 4160031604
64 232 24813 4160031604
64 233 24872 4160031604
64 234 24813 4160031604
64 235 24851 4160031604
64 236 24832 4160031604
64 237 24813 4160031604
64 238 24813 4160031604
64 239 24834 4160031604
64 240 24816 4160031604
64 241 24813 4160031604
64 242 24813 4160031604
64 243 24813 4160031604
64 244 24813 4160031604
64 245 24832 4160031604
64 246 24934 4160031604
64 247 24834 4160031604
64 248 24813 4160031604
64 249 24775 4160031604
64 250 24834 4160031604
64 251 24813 4160031604
64 252 24774 4160031604
64 253 24775 4160031604
64 254 24813 4160031604
64 255 24870 4160031604
64 256 24836 4160031604
64 257 24813 4160031604
64 258 24851 4160031604
64 259 24813 4160031604
64 260 24813 4160031604
64 261 24813 4160031604
64 262 24851 4160031604
64 263 24813 4160031604
64 264 24775 4160031604
64 265 24813 4160031604
64 266 24813 4160031604
64 267 24871 4160031604
64 268 24775 4160031604
64 269 24832 4160031604
64 270 24832 4160031604
64 271 24775 4160031604
64 272 24775 4160031604
64 273 24794 4160031604
64 274 25006 4160031604
64 275 24775 4160031604
64 276 24871 4160031604
64 277 24813 4160031604
64 278 24851 4160031604
64 279 24813 4160031604
64 280 24815 4160031604
64 281 24832 4160031604
64 282 24851 4160031604
64 283 24832 4160031604
64 284 24794 4160031604
64 285 24832 4160031604
64 286 24813 4160031604
64 287 24775 4160031604
64 288 24813 4160031604
64 289 24813 4160031604
64 290 24794 4160031604
64 291 24794 4160031604
64 292 24775 4160031604
64 293 24833 4160031604
64 294 24813 4160031604
64 295 24775 4160031604
64 296 24794 4160031604
64 297 24813 4160031604
64 298 24794 4160031604
64 299 24834 4160031604
64 300 24813 4160031604
64 301 24794 4160031604
64 302 24815 4160031604
64 303 24775 4160031604
64 304 24794 4160031604
64 305 24834 4160031604
64 306 24832 4160031604
64 307 24851 4160031604
64 308 24832 4160031604
64 309 24875 4160031604
64 310 24775 4160031604
64 311 24813 4160031604
64 312 24813 4160031604
64 313 24832 4160031604
64 314 24794 4160031604
64 315 24775 4160031604
64 316 24813 4160031604
64 317 24870 4160031604
64 318 24813 4160031604
64 319 24832 4160031604
64 320 24870 4160031604
64 321 24794 4160031604
64 322 24870 4160031604
64 323 24794 4160031604
64 324 24834 4160031604
64 325 24851 4160031604
64 326 24794 4160031604
64 327 24833 4160031604
64 328 24794 4160031604
64 329 24832 4160031604
64 330 24832 4160031604
64 331 24794 4160031604
64 332 24813 4160031604
64 333 24775 4160031604
64 334 24813 4160031604
64 335 24794 4160031604
64 336 24853 4160031604
64 337 24775 4160031604
64 338 24775 4160031604
64 339 24832 4160031604
64 340 24813 4160031604
64 341 24775 4160031604
64 342 24815 4160031604
64 343 24852 4160031604
64 344 24813 4160031604
64 345 24794 4160031604
64 346 24775 4160031604
64 347 24832 4160031604
64 348 24870 4160031604
64 349 24775 4160031604
64 350 24813 4160031604
64 351 24832 4160031604
64 352 24832 4160031604
64 353 24796 4160031604
64 354 24813 4160031604
64 355 24851 4160031604
64 356 24794 4160031604
64 357 24833 4160031604
64 358 24813 4160031604
64 359 24815 4160031604
64 360 24775 4160031604
64 361 24775 4160031604
64 362 24855 4160031604
64 363 24832 4160031604
64 364 24775 4160031604
64 365 24775 4160031604
64 366 24813 4160031604
64 367 24813 4160031604
64 368 24794 4160031604
64 369 24813 4160031604
64 370 24855 4160031604
64 371 24834 4160031604
64 372 24835 4160031604
64 373 24813 4160031604
64 374 24813 4160031604
64 375 24832 4160031604
64 376 24813 4160031604
64 377 24832 4160031604
64 378 24815 4160031604
64 379 24832 4160031604
64 380 24815 4160031604
64 381 24775 4160031604
64 382 24794 4160031604
64 383 24851 4160031604
64 384 24775 4160031604
64 385 24794 4160031604
64 386 24794 4160031604
64 387 24794 4160031604
64 388 24794 4160031604
64 389 24813 4160031604
64 390 24851 4160031604
64 391 24851 4160031604
64 392 24775 4160031604
64 393 24853 4160031604
64 394 24813 4160031604
64 395 24813 4160031604
64 396 24794 4160031604
64 397 24813 4160031604
64 398 24889 4160031604
64 399 24775 4160031604
64 400 24813 4160031604
64 401 24851 4160031604
64 402 24851 4160031604
64 403 24812 4160031604
64 404 24775 4160031604
64 405 24794 4160031604
64 406 24835 4160031604
64 407 24775 4160031604
64 408 24775 4160031604
64 409 24851 4160031604
64 410 24813 4160031604
64 411 24813 4160031604
64 412 24794 4160031604
64 413 24813 4160031604
64 414 24813 4160031604
64 415 24813 4160031604
64 416 24794 4160031604
64 417 24851 4160031604
64 418 24794 4160031604
64 419 24813 4160031604
64 420 24794 4160031604
64 421 24794 4160031604
64 422 24775 4160031604
64 423 24832 4160031604
64 424 24775 4160031604
64 425 24834 4160031604
64 426 24775 4160031604
64 427 24775 4160031604
64 428 24832 4160031604
64 429 24813 4160031604
64 430 24794 4160031604
64 431 24834 4160031604
64 432 24813 4160031604
64 433 24775 4160031604
64 434 24833 4160031604
64 435 24794 4160031604
64 436 24775 4160031604
64 437 24794 4160031604
64 438 24813 4160031604
64 439 24794 4160031604
64 440 24870 4160031604
64 441 24832 4160031604
64 442 24794 4160031604
64 443 24775 4160031604
64 444 24815 4160031604
64 445 24794 4160031604
64 446 24813 4160031604
64 447 24832 4160031604
64 448 24832 4160031604
64 449 24774 4160031604
64 450 24775 4160031604
64 451 24832 4160031604
64 452 24794 4160031604
64 453 24794 4160031604
64 454 24775 4160031604
64 455 24813 4160031604
64 456 24815 4160031604
64 457 24794 4160031604
64 458 24812 4160031604
64 459 24851 4160031604
64 460 24832 4160031604
64 461 24775 4160031604
64 462 24832 4160031604
64 463 24794 4160031604
64 464 24813 4160031604
64 465 24775 4160031604
64 466 24832 4160031604
64 467 24796 4160031604
64 468 24775 4160031604
64 469 24775 4160031604
64 470 24813 4160031604
64 471 24794 4160031604
64 472 24832 4160031604
64 473 24775 4160031604
64 474 24794 4160031604
64 475 24834 4160031604
64 476 24794 4160031604
64 477 24813 4160031604
64 478 24851 4160031604
64 479 24813 4160031604
64 480 24813 4160031604
64 481 24793 4160031604
64 482 24813 4160031604
64 483 24834 4160031604
64 484 24813 4160031604
64 485 24831 4160031604
64 486 24794 4160031604
64 487 24794 4160031604
64 488 24794 4160031604
64 489 24775 4160031604
64 490 24813 4160031604
64 491 24794 4160031604
64 492 24775 4160031604
64 493 24775 4160031604
64 494 24870 4160031604
64 495 24796 4160031604
64 496 24775 4160031604
64 497 24832 4160031604
64 498 24851 4160031604
64 499 24775 4160031604
64 500 24870 4160031604
64 501 24832 4160031604
64 502 24794 4160031604
64 503 24815 4160031604
64 504 24793 4160031604
64 505 24813 4160031604
64 506 24853 4160031604
64 507 24813 4160031604
64 508 24774 4160031604
64 509 24794 4160031604
64 510 24775 4160031604
64 511 24813 4160031604
64 512 24794 4160031604
64 513 24853 4160031604
64 514 24834 4160031604
64 515 24794 4160031604
64 516 24775 4160031604
64 517 24832 4160031604
64 518 24852 4160031604
64 519 24775 4160031604
64 520 24794 4160031604
64 521 24813 4160031604
64 522 24775 4160031604
64 523 24853 4160031604
64 524 24813 4160031604
64 525 24813 4160031604
64 526 24813 4160031604
64 527 24793 4160031604
64 528 24794 4160031604
64 529 24794 4160031604
64 530 24813 4160031604
64 531 24813 4160031604
64 532 24813 4160031604
64 533 24851 4160031604
64 534 24832 4160031604
64 535 24794 4160031604
64 536 24832 4160031604
64 537 24794 4160031604
64 538 24775 4160031604
64 539 24775 4160031604
64 540 24851 4160031604
64 541 24851 4160031604
64 542 24775 4160031604
64 543 24794 4160031604
64 544 24775 4160031604
64 545 24835 4160031604
64 546 24813 4160031604
64 547 24775 4160031604
64 548 24832 4160031604
64 549 24832 4160031604
64 550 24796 4160031604
64 551 24834 4160031604
64 552 24813 4160031604
64 553 24794 4160031604
64 554 24794 4160031604
64 555 24832 4160031604
64 556 24775 4160031604
64 557 24834 4160031604
64 558 24775 4160031604
64 559 24812 4160031604
64 560 24794 4160031604
64 561 24832 4160031604
64 562 24775 4160031604
64 563 24832 4160031604
64 564 24832 4160031604
64 565 24775 4160031604
64 566 24794 4160031604
64 567 24815 4160031604
64 568 24889 4160031604
64 569 24871 4160031604
64 570 24794 4160031604
64 571 24813 4160031604
64 572 24832 4160031604
64 573 24794 4160031604
64 574 24832 4160031604
64 575 24813 4160031604
64 576 24813 4160031604
64 577 24812 4160031604
64 578 24853 4160031604
64 579 24815 4160031604
64 580 24851 4160031604
64 581 24775 4160031604
64 582 24794 4160031604
64 583 24851 4160031604
64 584 24813 4160031604
64 585 24794 4160031604
64 586 24851 4160031604
64 587 24813 4160031604
64 588 24775 4160031604
64 589 24775 4160031604
64 590 24813 4160031604
64 591 24794 4160031604
64 592 24813 4160031604
64 593 24775 4160031604
64 594 24813 4160031604
64 595 24832 4160031604
64 596 24832 4160031604
64 597 24794 4160031604
64 598 24794 4160031604
64 599 24853 4160031604
64 600 24775 4160031604
64 601 24813 4160031604
64 602 24775 4160031604
64 603 24851 4160031604
64 604 24794 4160031604
64 605 24832 4160031604
64 606 24815 4160031604
64 607 24870 4160031604
64 608 24775 4160031604
64 609 24851 4160031604
64 610 24794 4160031604
64 611 24832 4160031604
64 612 24834 4160031604
64 613 24813 4160031604
64 614 24794 4160031604
64 615 24851 4160031604
64 616 24794 4160031604
64 617 24794 4160031604
64 618 24815 4160031604
64 619 24794 4160031604
64 620 24775 4160031604
64 621 24813 4160031604
64 622 24813 4160031604
64 623 24834 4160031604
64 624 24775 4160031604
64 625 24794 4160031604
64 626 24775 4160031604
64 627 24775 4160031604
64 628 24775 4160031604
64 629 24832 4160031604
64 630 24813 4160031604
64 631 24775 4160031604
64 632 24833 4160031604
64 633 24813 4160031604
64 634 24851 4160031604
64 635 24894 4160031604
64 636 24794 4160031604
64 637 24834 4160031604
64 638 24794 4160031604
64 639 24775 4160031604
64 640 24832 4160031604
64 641 24794 4160031604
64 642 24832 4160031604
64 643 24794 4160031604
64 644 24832 4160031604
64 645 24794 4160031604
64 646 24775 4160031604
64 647 24813 4160031604
64 648 24832 4160031604
64 649 24832 4160031604
64 650 24794 4160031604
64 651 24775 4160031604
64 652 24796 4160031604
64 653 24832 4160031604
64 654 24775 4160031604
64 655 24794 4160031604
64 656 24813 4160031604
64 657 24813 4160031604
64 658 24794 4160031604
64 659 24813 4160031604
64 660 24794 4160031604
64 661 24872 4160031604
64 662 24832 4160031604
64 663 24794 4160031604
64 664 24832 4160031604
64 665 24813 4160031604
64 666 24775 4160031604
64 667 24832 4160031604
64 668 24775 4160031604
64 669 24834 4160031604
64 670 24815 4160031604
64 671 24813 4160031604
64 672 24794 4160031604
64 673 24794 4160031604
64 674 24775 4160031604
64 675 24794 4160031604
64 676 24815 4160031604
64 677 24813 4160031604
64 678 24794 4160031604
64 679 24794 4160031604
64 680 24813 4160031604
64 681 24813 4160031604
64 682 24774 4160031604
64 683 24794 4160031604
64 684 24832 4160031604
64 685 24794 4160031604
64 686 24794 4160031604
64 687 24813 4160031604
64 688 24834 4160031604
64 689 24794 4160031604
64 690 24794 4160031604
64 691 24813 4160031604
64 692 24834 4160031604
64 693 24794 4160031604
64 694 24775 4160031604
64 695 24851 4160031604
64 696 24775 4160031604
64 697 24775 4160031604
64 698 24794 4160031604
64 699 24813 4160031604
64 700 24832 4160031604
64 701 24775 4160031604
64 702 24794 4160031604
64 703 24794 4160031604
64 704 24832 4160031604
64 705 24835 4160031604
64 706 24832 4160031604
64 707 24851 4160031604
64 708 24813 4160031604
64 709 24813 4160031604
64 710 24775 4160031604
64 711 24834 4160031604
64 712 24775 4160031604
64 713 24794 4160031604
64 714 24832 4160031604
64 715 24775 4160031604
64 716 24794 4160031604
64 717 24794 4160031604
64 718 24853 4160031604
64 719 24832 4160031604
64 720 24775 4160031604
64 721 24834 4160031604
64 722 24813 4160031604
64 723 24851 4160031604
64 724 24813 4160031604
64 725 24794 4160031604
64 726 24889 4160031604
64 727 24832 4160031604
64 728 24794 4160031604
64 729 24832 4160031604
64 730 24813 4160031604
64 731 24813 4160031604
64 732 24813 4160031604
64 733 24832 4160031604
64 734 24832 4160031604
64 735 24794 4160031604
64 736 24851 4160031604
64 737 24870 4160031604
64 738 24813 4160031604
64 739 24775 4160031604
64 740 24775 4160031604
64 741 24794 4160031604
64 742 24851 4160031604
64 743 24775 4160031604
64 744 24832 4160031604
64 745 24834 4160031604
64 746 24832 4160031604
64 747 24871 4160031604
64 748 24832 4160031604
64 749 24832 4160031604
64 750 24794 4160031604
64 751 24775 4160031604
64 752 24794 4160031604
64 753 24813 4160031604
64 754 24832 4160031604
64 755 24832 4160031604
64 756 24832 4160031604
64 757 24813 4160031604
64 758 24832 4160031604
64 759 24832 4160031604
64 760 24851 4160031604
64 761 24834 4160031604
64 762 24794 4160031604
64 763 24775 4160031604
64 764 24813 4160031604
64 765 24851 4160031604
64 766 24775 4160031604
64 767 24813 4160031604
64 768 24794 4160031604
64 769 24853 4160031604
64 770 24832 4160031604
64 771 24794 4160031604
64 772 24832 4160031604
64 773 24832 4160031604
64 774 24793 4160031604
64 775 24813 4160031604
64 776 24794 4160031604
64 777 24832 4160031604
64 778 24794 4160031604
64 779 24832 4160031604
64 780 24813 4160031604
64 781 24794 4160031604
64 782 24794 4160031604
64 783 24832 4160031604
64 784 24813 4160031604
64 785 24775 4160031604
64 786 24775 4160031604
64 787 24834 4160031604
64 788 24813 4160031604
64 789 24775 4160031604
64 790 24775 4160031604
64 791 24815 4160031604
64 792 24794 4160031604
64 793 24832 4160031604
64 794 24775 4160031604
64 795 24813 4160031604
64 796 24813 4160031604
64 797 24774 4160031604
64 798 24813 4160031604
64 799 24853 4160031604
64 800 24813 4160031604
64 801 24775 4160031604
64 802 24832 4160031604
64 803 24813 4160031604
64 804 24794 4160031604
64 805 24775 4160031604
64 806 24832 4160031604
64 807 24813 4160031604
64 808 24813 4160031604
64 809 24775 4160031604
64 810 24832 4160031604
64 811 24813 4160031604
64 812 24775 4160031604
64 813 24797 4160031604
64 814 24813 4160031604
64 815 24832 4160031604
64 816 24832 4160031604
64 817 24794 4160031604
64 818 24813 4160031604
64 819 24813 4160031604
64 820 24852 4160031604
64 821 24794 4160031604
64 822 24794 4160031604
64 823 24794 4160031604
64 824 24775 4160031604
64 825 24813 4160031604
64 826 24813 4160031604
64 827 24813 4160031604
64 828 24794 4160031604
64 829 24813 4160031604
64 830 24852 4160031604
64 831 24832 4160031604
64 832 24775 4160031604
64 833 24813 4160031604
64 834 24851 4160031604
64 835 24794 4160031604
64 836 24813 4160031604
64 837 24794 4160031604
64 838 24832 4160031604
64 839 24813 4160031604
64 840 24813 4160031604
64 841 24813 4160031604
64 842 24815 4160031604
64 843 24833 4160031604
64 844 24775 4160031604
64 845 24813 4160031604
64 846 24832 4160031604
64 847 24775 4160031604
64 848 24813 4160031604
64 849 24832 4160031604
64 850 24832 4160031604
64 851 24775 4160031604
64 852 24775 4160031604
64 853 24852 4160031604
64 854 24872 4160031604
64 855 24775 4160031604
64 856 24794 4160031604
64 857 24834 4160031604
64 858 24794 4160031604
64 859 24872 4160031604
64 860 24813 4160031604
64 861 24832 4160031604
64 862 24832 4160031604
64 863 24775 4160031604
64 864 24794 4160031604
64 865 24832 4160031604
64 866 24794 4160031604
64 867 24813 4160031604
64 868 24813 4160031604
64 869 24851 4160031604
64 870 24813 4160031604
64 871 24794 4160031604
64 872 24794 4160031604
64 873 24813 4160031604
64 874 24794 4160031604
64 875 24775 4160031604
64 876 24832 4160031604
64 877 24794 4160031604
64 878 24775 4160031604
64 879 24832 4160031604
64 880 24813 4160031604
64 881 24832 4160031604
64 882 24813 4160031604
64 883 24813 4160031604
64 884 24832 4160031604
64 885 24851 4160031604
64 886 24794 4160031604
64 887 24813 4160031604
64 888 24794 4160031604
64 889 24813 4160031604
64 890 24813 4160031604
64 891 24775 4160031604
64 892 24832 4160031604
64 893 24794 4160031604
64 894 24794 4160031604
64 895 24813 4160031604
64 896 24855 4160031604
64 897 24775 4160031604
64 898 24775 4160031604
64 899 24813 4160031604
64 900 24813 4160031604
64 901 24775 4160031604
64 902 24794 4160031604
64 903 24832 4160031604
64 904 24834 4160031604
64 905 24794 4160031604
64 906 24832 4160031604
64 907 24832 4160031604
64 908 24832 4160031604
64 909 24775 4160031604
64 910 24794 4160031604
64 911 24794 4160031604
64 912 24794 4160031604
64 913 24775 4160031604
64 914 24813 4160031604
64 915 24851 4160031604
64 916 24813 4160031604
64 917 24813 4160031604
64 918 24775 4160031604
64 919 24813 4160031604
64 920 24775 4160031604
64 921 24774 4160031604
64 922 24775 4160031604
64 923 24813 4160031604
64 924 24775 4160031604
64 925 24812 4160031604
64 926 24851 4160031604
64 927 24832 4160031604
64 928 24832 4160031604
64 929 24813 4160031604
64 930 24832 4160031604
64 931 24794 4160031604
64 932 24813 4160031604
64 933 24775 4160031604
64 934 24834 4160031604
64 935 24889 4160031604
64 936 24775 4160031604
64 937 24813 4160031604
64 938 24813 4160031604
64 939 24794 4160031604
64 940 24775 4160031604
64 941 24813 4160031604
64 942 24815 4160031604
64 943 24851 4160031604
64 944 24774 4160031604
64 945 24775 4160031604
64 946 24813 4160031604
64 947 24813 4160031604
64 948 24813 4160031604
64 949 24813 4160031604
64 950 24813 4160031604
64 951 24835 4160031604
64 952 24813 4160031604
64 953 24813 4160031604
64 954 24832 4160031604
64 955 24851 4160031604
64 956 24775 4160031604
64 957 24908 4160031604
64 958 24832 4160031604
64 959 24775 4160031604
64 960 24851 4160031604
64 961 24832 4160031604
64 962 24832 4160031604
64 963 24774 4160031604
64 964 24775 4160031604
64 965 24813 4160031604
64 966 24832 4160031604
64 967 24775 4160031604
64 968 24813 4160031604
64 969 24832 4160031604
64 970 24813 4160031604
64 971 24832 4160031604
64 972 24832 4160031604
64 973 24832 4160031604
64 974 24813 4160031604
64 975 24775 4160031604
64 976 24775 4160031604
64 977 24832 4160031604
64 978 24796 4160031604
64 979 24796 4160031604
64 980 24794 4160031604
64 981 24832 4160031604
64 982 24775 4160031604
64 983 24775 4160031604
64 984 24832 4160031604
64 985 24813 4160031604
64 986 24794 4160031604
64 987 24775 4160031604
64 988 24813 4160031604
64 989 24851 4160031604
64 990 24774 4160031604
64 991 24851 4160031604
64 992 24794 4160031604
64 993 24813 4160031604
64 994 24775 4160031604
64 995 24812 4160031604
64 996 24851 4160031604
64 997 24835 4160031604
64 998 24775 4160031604
64 999 24832 4160031604
