8 0 990 2566
8 1 646 2566
8 2 613 2566
8 3 613 2566
8 4 613 2566
8 5 613 2566
8 6 650 2566
8 7 613 2566
8 8 613 2566
8 9 613 2566
8 10 613 2566
8 11 613 2566
8 12 613 2566
8 13 613 2566
8 14 613 2566
8 15 613 2566
8 16 613 2566
8 17 613 2566
8 18 613 2566
8 19 613 2566
8 20 613 2566
8 21 613 2566
8 22 613 2566
8 23 613 2566
8 24 613 2566
8 25 613 2566
8 26 613 2566
8 27 613 2566
8 28 613 2566
8 29 613 2566
8 30 613 2566
8 31 613 2566
8 32 613 2566
8 33 613 2566
8 34 613 2566
8 35 613 2566
8 36 613 2566
8 37 613 2566
8 38 613 2566
8 39 613 2566
8 40 613 2566
8 41 613 2566
8 42 613 2566
8 43 613 2566
8 44 613 2566
8 45 613 2566
8 46 613 2566
8 47 613 2566
8 48 613 2566
8 49 613 2566
8 50 613 2566
8 51 613 2566
8 52 613 2566
8 53 613 2566
8 54 613 2566
8 55 613 2566
8 56 613 2566
8 57 613 2566
8 58 613 2566
8 59 613 2566
8 60 613 2566
8 61 613 2566
8 62 613 2566
8 63 613 2566
8 64 613 2566
8 65 613 2566
8 66 613 2566
8 67 613 2566
8 68 613 2566
8 69 613 2566
8 70 613 2566
8 71 613 2566
8 72 613 2566
8 73 613 2566
8 74 613 2566
8 75 613 2566
8 76 613 2566
8 77 613 2566
8 78 613 2566
8 79 613 2566
8 80 613 2566
8 81 613 2566
8 82 613 2566
8 83 613 2566
8 84 613 2566
8 85 613 2566
8 86 613 2566
8 87 613 2566
8 88 613 2566
8 89 613 2566
8 90 613 2566
8 91 613 2566
8 92 613 2566
8 93 613 2566
8 94 613 2566
8 95 613 2566
8 96 613 2566
8 97 613 2566
8 98 613 2566
8 99 613 2566
8 100 613 2566
8 101 613 2566
8 102 613 2566
8 103 613 2566
8 104 613 2566
8 105 613 2566
8 106 613 2566
8 107 613 2566
8 108 613 2566
8 109 613 2566
8 110 613 2566
8 111 613 2566
8 112 650 2566
8 113 613 2566
8 114 613 2566
8 115 613 2566
8 116 613 2566
8 117 613 2566
8 118 613 2566
8 119 613 2566
8 120 613 2566
8 121 613 2566
8 122 613 2566
8 123 613 2566
8 124 613 2566
8 125 613 2566
8 126 613 2566
8 127 613 2566
8 128 613 2566
8 129 613 2566
8 130 613 2566
8 131 613 2566
8 132 613 2566
8 133 613 2566
8 134 613 2566
8 135 613 2566
8 136 613 2566
8 137 613 2566
8 138 613 2566
8 139 613 2566
8 140 613 2566
8 141 613 2566
8 142 613 2566
8 143 613 2566
8 144 613 2566
8 145 613 2566
8 146 613 2566
8 147 613 2566
8 148 650 2566
8 149 613 2566
8 150 613 2566
8 151 613 2566
8 152 613 2566
8 153 613 2566
8 154 613 2566
8 155 613 2566
8 156 613 2566
8 157 613 2566
8 158 613 2566
8 159 613 2566
8 160 613 2566
8 161 613 2566
8 162 613 2566
8 163 613 2566
8 164 613 2566
8 165 613 2566
8 166 613 2566
8 167 613 2566
8 168 613 2566
8 169 650 2566
8 170 613 2566
8 171 613 2566
8 172 613 2566
8 173 613 2566
8 174 613 2566
8 175 613 2566
8 176 613 2566
8 177 613 2566
8 178 613 2566
8 179 613 2566
8 180 613 2566
8 181 613 2566
8 182 613 2566
8 183 650 2566
8 184 613 2566
8 185 613 2566
8 186 613 2566
8 187 613 2566
8 188 613 2566
8 189 613 2566
8 190 613 2566
8 191 613 2566
8 192 613 2566
8 193 613 2566
8 194 613 2566
8 195 613 2566
8 196 613 2566
8 197 613 2566
8 198 613 2566
8 199 613 2566
8 200 613 2566
8 201 613 2566
8 202 613 2566
8 203 613 2566
8 204 613 2566
8 205 613 2566
8 206 613 2566
8 207 613 2566
8 208 613 2566
8 209 613 2566
8 210 613 2566
8 211 613 2566
8 212 613 2566
8 213 613 2566
8 214 613 2566
8 215 613 2566
8 216 613 2566
8 217 613 2566
8 218 613 2566
8 219 613 2566
8 220 613 2566
8 221 613 2566
8 222 613 2566
8 223 613 2566
8 224 613 2566
8 225 613 2566
8 226 613 2566
8 227 613 2566
8 228 613 2566
8 229 613 2566
8 230 613 2566
8 231 613 2566
8 232 613 2566
8 233 613 2566
8 234 650 2566
8 235 613 2566
8 236 613 2566
8 237 613 2566
8 238 613 2566
8 239 650 2566
8 240 613 2566
8 241 650 2566
8 242 613 2566
8 243 613 2566
8 244 613 2566
8 245 613 2566
8 246 613 2566
8 247 613 2566
8 248 613 2566
8 249 613 2566
8 250 613 2566
8 251 613 2566
8 252 613 2566
8 253 613 2566
8 254 613 2566
8 255 613 2566
8 256 613 2566
8 257 613 2566
8 258 613 2566
8 259 613 2566
8 260 613 2566
8 261 613 2566
8 262 613 2566
8 263 613 2566
8 264 613 2566
8 265 613 2566
8 266 613 2566
8 267 613 2566
8 268 613 2566
8 269 613 2566
8 270 650 2566
8 271 613 2566
8 272 613 2566
8 273 613 2566
8 274 613 2566
8 275 613 2566
8 276 613 2566
8 277 613 2566
8 278 613 2566
8 279 613 2566
8 280 613 2566
8 281 613 2566
8 282 650 2566
8 283 613 2566
8 284 613 2566
8 285 613 2566
8 286 613 2566
8 287 650 2566
8 288 613 2566
8 289 613 2566
8 290 613 2566
8 291 650 2566
8 292 613 2566
8 293 613 2566
8 294 613 2566
8 295 613 2566
8 296 613 2566
8 297 613 2566
8 298 613 2566
8 299 613 2566
8 300 613 2566
8 301 613 2566
8 302 613 2566
8 303 613 2566
8 304 650 2566
8 305 613 2566
8 306 613 2566
8 307 613 2566
8 308 613 2566
8 309 613 2566
8 310 613 2566
8 311 613 2566
8 312 613 2566
8 313 613 2566
8 314 613 2566
8 315 613 2566
8 316 613 2566
8 317 613 2566
8 318 613 2566
8 319 613 2566
8 320 650 2566
8 321 613 2566
8 322 613 2566
8 323 613 2566
8 324 613 2566
8 325 613 2566
8 326 613 2566
8 327 613 2566
8 328 613 2566
8 329 613 2566
8 330 613 2566
8 331 613 2566
8 332 613 2566
8 333 613 2566
8 334 613 2566
8 335 613 2566
8 336 613 2566
8 337 613 2566
8 338 613 2566
8 339 613 2566
8 340 613 2566
8 341 613 2566
8 342 613 2566
8 343 613 2566
8 344 613 2566
8 345 613 2566
8 346 613 2566
8 347 613 2566
8 348 613 2566
8 349 613 2566
8 350 613 2566
8 351 613 2566
8 352 613 2566
8 353 613 2566
8 354 613 2566
8 355 613 2566
8 356 613 2566
8 357 613 2566
8 358 613 2566
8 359 613 2566
8 360 613 2566
8 361 613 2566
8 362 613 2566
8 363 613 2566
8 364 613 2566
8 365 613 2566
8 366 613 2566
8 367 613 2566
8 368 650 2566
8 369 613 2566
8 370 613 2566
8 371 613 2566
8 372 613 2566
8 373 613 2566
8 374 650 2566
8 375 613 2566
8 376 613 2566
8 377 613 2566
8 378 613 2566
8 379 613 2566
8 380 613 2566
8 381 613 2566
8 382 613 2566
8 383 613 2566
8 384 613 2566
8 385 650 2566
8 386 613 2566
8 387 613 2566
8 388 613 2566
8 389 613 2566
8 390 613 2566
8 391 613 2566
8 392 613 2566
8 393 613 2566
8 394 613 2566
8 395 613 2566
8 396 613 2566
8 397 613 2566
8 398 613 2566
8 399 613 2566
8 400 613 2566
8 401 613 2566
8 402 613 2566
8 403 613 2566
8 404 650 2566
8 405 613 2566
8 406 613 2566
8 407 613 2566
8 408 613 2566
8 409 613 2566
8 410 613 2566
8 411 650 2566
8 412 613 2566
8 413 613 2566
8 414 613 2566
8 415 613 2566
8 416 613 2566
8 417 613 2566
8 418 613 2566
8 419 613 2566
8 420 613 2566
8 421 613 2566
8 422 613 2566
8 423 613 2566
8 424 613 2566
8 425 613 2566
8 426 613 2566
8 427 613 2566
8 428 613 2566
8 429 613 2566
8 430 613 2566
8 431 613 2566
8 432 613 2566
8 433 613 2566
8 434 613 2566
8 435 613 2566
8 436 613 2566
8 437 613 2566
8 438 613 2566
8 439 613 2566
8 440 613 2566
8 441 613 2566
8 442 613 2566
8 443 613 2566
8 444 613 2566
8 445 613 2566
8 446 613 2566
8 447 613 2566
8 448 613 2566
8 449 650 2566
8 450 613 2566
8 451 613 2566
8 452 613 2566
8 453 613 2566
8 454 613 2566
8 455 613 2566
8 456 613 2566
8 457 613 2566
8 458 613 2566
8 459 613 2566
8 460 613 2566
8 461 613 2566
8 462 613 2566
8 463 613 2566
8 464 613 2566
8 465 613 2566
8 466 613 2566
8 467 613 2566
8 468 613 2566
8 469 613 2566
8 470 613 2566
8 471 613 2566
8 472 613 2566
8 473 613 2566
8 474 613 2566
8 475 613 2566
8 476 613 2566
8 477 613 2566
8 478 650 2566
8 479 613 2566
8 480 613 2566
8 481 613 2566
8 482 613 2566
8 483 650 2566
8 484 613 2566
8 485 613 2566
8 486 613 2566
8 487 613 2566
8 488 613 2566
8 489 613 2566
8 490 613 2566
8 491 613 2566
8 492 613 2566
8 493 613 2566
8 494 613 2566
8 495 613 2566
8 496 613 2566
8 497 613 2566
8 498 613 2566
8 499 650 2566
8 500 613 2566
8 501 613 2566
8 502 613 2566
8 503 613 2566
8 504 613 2566
8 505 613 2566
8 506 613 2566
8 507 613 2566
8 508 613 2566
8 509 613 2566
8 510 650 2566
8 511 613 2566
8 512 613 2566
8 513 650 2566
8 514 613 2566
8 515 613 2566
8 516 613 2566
8 517 650 2566
8 518 613 2566
8 519 613 2566
8 520 613 2566
8 521 613 2566
8 522 613 2566
8 523 613 2566
8 524 613 2566
8 525 613 2566
8 526 613 2566
8 527 613 2566
8 528 613 2566
8 529 613 2566
8 530 613 2566
8 531 613 2566
8 532 650 2566
8 533 613 2566
8 534 613 2566
8 535 613 2566
8 536 613 2566
8 537 613 2566
8 538 650 2566
8 539 613 2566
8 540 613 2566
8 541 613 2566
8 542 613 2566
8 543 613 2566
8 544 613 2566
8 545 613 2566
8 546 613 2566
8 547 613 2566
8 548 613 2566
8 549 613 2566
8 550 613 2566
8 551 613 2566
8 552 613 2566
8 553 613 2566
8 554 613 2566
8 555 650 2566
8 556 613 2566
8 557 613 2566
8 558 613 2566
8 559 613 2566
8 560 613 2566
8 561 613 2566
8 562 613 2566
8 563 613 2566
8 564 613 2566
8 565 613 2566
8 566 613 2566
8 567 613 2566
8 568 613 2566
8 569 650 2566
8 570 613 2566
8 571 613 2566
8 572 613 2566
8 573 613 2566
8 574 613 2566
8 575 613 2566
8 576 613 2566
8 577 650 2566
8 578 613 2566
8 579 613 2566
8 580 613 2566
8 581 613 2566
8 582 613 2566
8 583 613 2566
8 584 613 2566
8 585 613 2566
8 586 613 2566
8 587 613 2566
8 588 613 2566
8 589 613 2566
8 590 613 2566
8 591 613 2566
8 592 613 2566
8 593 613 2566
8 594 613 2566
8 595 613 2566
8 596 613 2566
8 597 613 2566
8 598 613 2566
8 599 613 2566
8 600 613 2566
8 601 613 2566
8 602 613 2566
8 603 613 2566
8 604 613 2566
8 605 613 2566
8 606 613 2566
8 607 613 2566
8 608 613 2566
8 609 613 2566
8 610 613 2566
8 611 613 2566
8 612 650 2566
8 613 613 2566
8 614 613 2566
8 615 613 2566
8 616 613 2566
8 617 613 2566
8 618 613 2566
8 619 650 2566
8 620 613 2566
8 621 613 2566
8 622 613 2566
8 623 613 2566
8 624 613 2566
8 625 613 2566
8 626 650 2566
8 627 613 2566
8 628 613 2566
8 629 613 2566
8 630 613 2566
8 631 613 2566
8 632 613 2566
8 633 613 2566
8 634 613 2566
8 635 613 2566
8 636 613 2566
8 637 613 2566
8 638 613 2566
8 639 613 2566
8 640 613 2566
8 641 613 2566
8 642 650 2566
8 643 613 2566
8 644 613 2566
8 645 613 2566
8 646 613 2566
8 647 613 2566
8 648 613 2566
8 649 613 2566
8 650 613 2566
8 651 613 2566
8 652 613 2566
8 653 613 2566
8 654 613 2566
8 655 613 2566
8 656 613 2566
8 657 613 2566
8 658 613 2566
8 659 613 2566
8 660 613 2566
8 661 613 2566
8 662 613 2566
8 663 613 2566
8 664 613 2566
8 665 613 2566
8 666 613 2566
8 667 613 2566
8 668 613 2566
8 669 613 2566
8 670 613 2566
8 671 613 2566
8 672 613 2566
8 673 613 2566
8 674 613 2566
8 675 613 2566
8 676 650 2566
8 677 613 2566
8 678 613 2566
8 679 613 2566
8 680 613 2566
8 681 613 2566
8 682 613 2566
8 683 613 2566
8 684 613 2566
8 685 613 2566
8 686 613 2566
8 687 613 2566
8 688 613 2566
8 689 613 2566
8 690 613 2566
8 691 613 2566
8 692 613 2566
8 693 613 2566
8 694 613 2566
8 695 613 2566
8 696 613 2566
8 697 613 2566
8 698 650 2566
8 699 613 2566
8 700 613 2566
8 701 613 2566
8 702 613 2566
8 703 613 2566
8 704 613 2566
8 705 613 2566
8 706 613 2566
8 707 613 2566
8 708 613 2566
8 709 613 2566
8 710 613 2566
8 711 613 2566
8 712 613 2566
8 713 613 2566
8 714 613 2566
8 715 613 2566
8 716 613 2566
8 717 613 2566
8 718 613 2566
8 719 613 2566
8 720 613 2566
8 721 613 2566
8 722 613 2566
8 723 613 2566
8 724 613 2566
8 725 613 2566
8 726 613 2566
8 727 613 2566
8 728 613 2566
8 729 613 2566
8 730 613 2566
8 731 613 2566
8 732 613 2566
8 733 613 2566
8 734 613 2566
8 735 613 2566
8 736 613 2566
8 737 613 2566
8 738 613 2566
8 739 650 2566
8 740 613 2566
8 741 613 2566
8 742 613 2566
8 743 613 2566
8 744 613 2566
8 745 613 2566
8 746 613 2566
8 747 613 2566
8 748 613 2566
8 749 613 2566
8 750 613 2566
8 751 613 2566
8 752 613 2566
8 753 613 2566
8 754 613 2566
8 755 613 2566
8 756 613 2566
8 757 613 2566
8 758 613 2566
8 759 613 2566
8 760 613 2566
8 761 613 2566
8 762 613 2566
8 763 613 2566
8 764 613 2566
8 765 613 2566
8 766 613 2566
8 767 613 2566
8 768 613 2566
8 769 613 2566
8 770 613 2566
8 771 629 2566
8 772 613 2566
8 773 613 2566
8 774 613 2566
8 775 613 2566
8 776 613 2566
8 777 613 2566
8 778 613 2566
8 779 613 2566
8 780 613 2566
8 781 613 2566
8 782 613 2566
8 783 613 2566
8 784 613 2566
8 785 650 2566
8 786 613 2566
8 787 613 2566
8 788 613 2566
8 789 613 2566
8 790 613 2566
8 791 613 2566
8 792 613 2566
8 793 613 2566
8 794 613 2566
8 795 613 2566
8 796 613 2566
8 797 613 2566
8 798 650 2566
8 799 613 2566
8 800 650 2566
8 801 613 2566
8 802 613 2566
8 803 613 2566
8 804 613 2566
8 805 613 2566
8 806 613 2566
8 807 613 2566
8 808 613 2566
8 809 613 2566
8 810 613 2566
8 811 613 2566
8 812 613 2566
8 813 613 2566
8 814 650 2566
8 815 613 2566
8 816 613 2566
8 817 613 2566
8 818 613 2566
8 819 613 2566
8 820 613 2566
8 821 613 2566
8 822 613 2566
8 823 613 2566
8 824 613 2566
8 825 613 2566
8 826 613 2566
8 827 613 2566
8 828 613 2566
8 829 613 2566
8 830 613 2566
8 831 613 2566
8 832 613 2566
8 833 613 2566
8 834 613 2566
8 835 613 2566
8 836 613 2566
8 837 613 2566
8 838 613 2566
8 839 613 2566
8 840 613 2566
8 841 613 2566
8 842 613 2566
8 843 613 2566
8 844 613 2566
8 845 613 2566
8 846 613 2566
8 847 613 2566
8 848 613 2566
8 849 613 2566
8 850 613 2566
8 851 613 2566
8 852 613 2566
8 853 613 2566
8 854 613 2566
8 855 613 2566
8 856 613 2566
8 857 613 2566
8 858 613 2566
8 859 613 2566
8 860 613 2566
8 861 613 2566
8 862 650 2566
8 863 613 2566
8 864 613 2566
8 865 613 2566
8 866 613 2566
8 867 613 2566
8 868 613 2566
8 869 613 2566
8 870 613 2566
8 871 613 2566
8 872 613 2566
8 873 613 2566
8 874 613 2566
8 875 613 2566
8 876 613 2566
8 877 613 2566
8 878 613 2566
8 879 613 2566
8 880 613 2566
8 881 613 2566
8 882 613 2566
8 883 613 2566
8 884 613 2566
8 885 613 2566
8 886 613 2566
8 887 613 2566
8 888 613 2566
8 889 613 2566
8 890 613 2566
8 891 650 2566
8 892 613 2566
8 893 613 2566
8 894 613 2566
8 895 613 2566
8 896 613 2566
8 897 613 2566
8 898 613 2566
8 899 613 2566
8 900 613 2566
8 901 613 2566
8 902 613 2566
8 903 613 2566
8 904 613 2566
8 905 613 2566
8 906 613 2566
8 907 650 2566
8 908 613 2566
8 909 613 2566
8 910 613 2566
8 911 613 2566
8 912 613 2566
8 913 613 2566
8 914 613 2566
8 915 613 2566
8 916 613 2566
8 917 613 2566
8 918 613 2566
8 919 613 2566
8 920 613 2566
8 921 613 2566
8 922 613 2566
8 923 613 2566
8 924 613 2566
8 925 613 2566
8 926 650 2566
8 927 613 2566
8 928 613 2566
8 929 650 2566
8 930 613 2566
8 931 613 2566
8 932 613 2566
8 933 613 2566
8 934 613 2566
8 935 613 2566
8 936 613 2566
8 937 613 2566
8 938 613 2566
8 939 613 2566
8 940 650 2566
8 941 613 2566
8 942 613 2566
8 943 613 2566
8 944 613 2566
8 945 613 2566
8 946 613 2566
8 947 613 2566
8 948 613 2566
8 949 613 2566
8 950 613 2566
8 951 613 2566
8 952 613 2566
8 953 613 2566
8 954 613 2566
8 955 650 2566
8 956 613 2566
8 957 613 2566
8 958 613 2566
8 959 613 2566
8 960 613 2566
8 961 650 2566
8 962 613 2566
8 963 613 2566
8 964 650 2566
8 965 613 2566
8 966 613 2566
8 967 613 2566
8 968 650 2566
8 969 613 2566
8 970 613 2566
8 971 650 2566
8 972 613 2566
8 973 613 2566
8 974 613 2566
8 975 613 2566
8 976 613 2566
8 977 613 2566
8 978 613 2566
8 979 613 2566
8 980 613 2566
8 981 613 2566
8 982 613 2566
8 983 613 2566
8 984 613 2566
8 985 613 2566
8 986 613 2566
8 987 613 2566
8 988 613 2566
8 989 613 2566
8 990 613 2566
8 991 613 2566
8 992 613 2566
8 993 613 2566
8 994 613 2566
8 995 613 2566
8 996 613 2566
8 997 613 2566
8 998 613 2566
8 999 613 2566
