128 0 13574 4169206484
128 1 280 4169206484
128 2 0 4169206484
128 3 0 4169206484
128 4 0 4169206484
128 5 4 4169206484
128 6 0 4169206484
128 7 0 4169206484
128 8 0 4169206484
128 9 0 4169206484
128 10 0 4169206484
128 11 0 4169206484
128 12 0 4169206484
128 13 0 4169206484
128 14 0 4169206484
128 15 0 4169206484
128 16 0 4169206484
128 17 0 4169206484
128 18 0 4169206484
128 19 0 4169206484
128 20 0 4169206484
128 21 0 4169206484
128 22 0 4169206484
128 23 0 4169206484
128 24 0 4169206484
128 25 0 4169206484
128 26 0 4169206484
128 27 0 4169206484
128 28 0 4169206484
128 29 0 4169206484
128 30 0 4169206484
128 31 0 4169206484
128 32 0 4169206484
128 33 0 4169206484
128 34 0 4169206484
128 35 0 4169206484
128 36 0 4169206484
128 37 3 4169206484
128 38 0 4169206484
128 39 0 4169206484
128 40 0 4169206484
128 41 0 4169206484
128 42 0 4169206484
128 43 0 4169206484
128 44 0 4169206484
128 45 0 4169206484
128 46 0 4169206484
128 47 0 4169206484
128 48 0 4169206484
128 49 0 4169206484
128 50 0 4169206484
128 51 0 4169206484
128 52 0 4169206484
128 53 0 4169206484
128 54 0 4169206484
128 55 0 4169206484
128 56 0 4169206484
128 57 0 4169206484
128 58 0 4169206484
128 59 0 4169206484
128 60 0 4169206484
128 61 0 4169206484
128 62 0 4169206484
128 63 0 4169206484
128 64 0 4169206484
128 65 0 4169206484
128 66 0 4169206484
128 67 0 4169206484
128 68 0 4169206484
128 69 0 4169206484
128 70 0 4169206484
128 71 0 4169206484
128 72 0 4169206484
128 73 0 4169206484
128 74 0 4169206484
128 75 3 4169206484
128 76 0 4169206484
128 77 0 4169206484
128 78 0 4169206484
128 79 0 4169206484
128 80 0 4169206484
128 81 0 4169206484
128 82 0 4169206484
128 83 0 4169206484
128 84 0 4169206484
128 85 0 4169206484
128 86 0 4169206484
128 87 0 4169206484
128 88 0 4169206484
128 89 0 4169206484
128 90 0 4169206484
128 91 0 4169206484
128 92 0 4169206484
128 93 0 4169206484
128 94 0 4169206484
128 95 0 4169206484
128 96 0 4169206484
128 97 0 4169206484
128 98 0 4169206484
128 99 0 4169206484
128 100 0 4169206484
128 101 0 4169206484
128 102 0 4169206484
128 103 0 4169206484
128 104 0 4169206484
128 105 0 4169206484
128 106 0 4169206484
128 107 0 4169206484
128 108 0 4169206484
128 109 0 4169206484
128 110 0 4169206484
128 111 0 4169206484
128 112 0 4169206484
128 113 0 4169206484
128 114 0 4169206484
128 115 0 4169206484
128 116 0 4169206484
128 117 0 4169206484
128 118 0 4169206484
128 119 0 4169206484
128 120 0 4169206484
128 121 0 4169206484
128 122 0 4169206484
128 123 0 4169206484
128 124 0 4169206484
128 125 0 4169206484
128 126 0 4169206484
128 127 0 4169206484
128 128 0 4169206484
128 129 0 4169206484
128 130 0 4169206484
128 131 0 4169206484
128 132 0 4169206484
128 133 0 4169206484
128 134 0 4169206484
128 135 0 4169206484
128 136 0 4169206484
128 137 0 4169206484
128 138 0 4169206484
128 139 0 4169206484
128 140 0 4169206484
128 141 0 4169206484
128 142 0 4169206484
128 143 0 4169206484
128 144 0 4169206484
128 145 0 4169206484
128 146 0 4169206484
128 147 0 4169206484
128 148 0 4169206484
128 149 0 4169206484
128 150 0 4169206484
128 151 0 4169206484
128 152 0 4169206484
128 153 0 4169206484
128 154 0 4169206484
128 155 0 4169206484
128 156 0 4169206484
128 157 0 4169206484
128 158 0 4169206484
128 159 0 4169206484
128 160 0 4169206484
128 161 0 4169206484
128 162 0 4169206484
128 163 0 4169206484
128 164 0 4169206484
128 165 0 4169206484
128 166 0 4169206484
128 167 0 4169206484
128 168 0 4169206484
128 169 0 4169206484
128 170 0 4169206484
128 171 0 4169206484
128 172 0 4169206484
128 173 0 4169206484
128 174 0 4169206484
128 175 0 4169206484
128 176 0 4169206484
128 177 0 4169206484
128 178 0 4169206484
128 179 0 4169206484
128 180 0 4169206484
128 181 0 4169206484
128 182 0 4169206484
128 183 0 4169206484
128 184 0 4169206484
128 185 0 4169206484
128 186 0 4169206484
128 187 0 4169206484
128 188 0 4169206484
128 189 0 4169206484
128 190 0 4169206484
128 191 0 4169206484
128 192 0 4169206484
128 193 0 4169206484
128 194 0 4169206484
128 195 0 4169206484
128 196 0 4169206484
128 197 0 4169206484
128 198 0 4169206484
128 199 0 4169206484
128 200 0 4169206484
128 201 0 4169206484
128 202 0 4169206484
128 203 0 4169206484
128 204 0 4169206484
128 205 0 4169206484
128 206 0 4169206484
128 207 0 4169206484
128 208 0 4169206484
128 209 0 4169206484
128 210 0 4169206484
128 211 0 4169206484
128 212 0 4169206484
128 213 0 4169206484
128 214 0 4169206484
128 215 0 4169206484
128 216 0 4169206484
128 217 0 4169206484
128 218 0 4169206484
128 219 0 4169206484
128 220 0 4169206484
128 221 0 4169206484
128 222 0 4169206484
128 223 0 4169206484
128 224 0 4169206484
128 225 0 4169206484
128 226 0 4169206484
128 227 0 4169206484
128 228 0 4169206484
128 229 0 4169206484
128 230 0 4169206484
128 231 0 4169206484
128 232 0 4169206484
128 233 0 4169206484
128 234 0 4169206484
128 235 0 4169206484
128 236 0 4169206484
128 237 0 4169206484
128 238 0 4169206484
128 239 0 4169206484
128 240 0 4169206484
128 241 0 4169206484
128 242 0 4169206484
128 243 0 4169206484
128 244 0 4169206484
128 245 0 4169206484
128 246 0 4169206484
128 247 0 4169206484
128 248 0 4169206484
128 249 0 4169206484
128 250 0 4169206484
128 251 0 4169206484
128 252 0 4169206484
128 253 0 4169206484
128 254 0 4169206484
128 255 0 4169206484
128 256 0 4169206484
128 257 0 4169206484
128 258 0 4169206484
128 259 0 4169206484
128 260 0 4169206484
128 261 0 4169206484
128 262 0 4169206484
128 263 0 4169206484
128 264 0 4169206484
128 265 0 4169206484
128 266 0 4169206484
128 267 0 4169206484
128 268 0 4169206484
128 269 0 4169206484
128 270 0 4169206484
128 271 0 4169206484
128 272 0 4169206484
128 273 0 4169206484
128 274 0 4169206484
128 275 0 4169206484
128 276 0 4169206484
128 277 0 4169206484
128 278 0 4169206484
128 279 0 4169206484
128 280 0 4169206484
128 281 0 4169206484
128 282 0 4169206484
128 283 0 4169206484
128 284 0 4169206484
128 285 0 4169206484
128 286 0 4169206484
128 287 0 4169206484
128 288 0 4169206484
128 289 0 4169206484
128 290 0 4169206484
128 291 0 4169206484
128 292 0 4169206484
128 293 0 4169206484
128 294 0 4169206484
128 295 0 4169206484
128 296 0 4169206484
128 297 0 4169206484
128 298 0 4169206484
128 299 0 4169206484
128 300 0 4169206484
128 301 0 4169206484
128 302 0 4169206484
128 303 0 4169206484
128 304 0 4169206484
128 305 0 4169206484
128 306 0 4169206484
128 307 0 4169206484
128 308 0 4169206484
128 309 0 4169206484
128 310 0 4169206484
128 311 0 4169206484
128 312 0 4169206484
128 313 0 4169206484
128 314 0 4169206484
128 315 0 4169206484
128 316 0 4169206484
128 317 0 4169206484
128 318 0 4169206484
128 319 0 4169206484
128 320 0 4169206484
128 321 0 4169206484
128 322 0 4169206484
128 323 0 4169206484
128 324 0 4169206484
128 325 0 4169206484
128 326 0 4169206484
128 327 0 4169206484
128 328 0 4169206484
128 329 0 4169206484
128 330 0 4169206484
128 331 0 4169206484
128 332 0 4169206484
128 333 0 4169206484
128 334 0 4169206484
128 335 0 4169206484
128 336 0 4169206484
128 337 0 4169206484
128 338 0 4169206484
128 339 0 4169206484
128 340 0 4169206484
128 341 0 4169206484
128 342 0 4169206484
128 343 0 4169206484
128 344 0 4169206484
128 345 0 4169206484
128 346 0 4169206484
128 347 0 4169206484
128 348 0 4169206484
128 349 0 4169206484
128 350 0 4169206484
128 351 0 4169206484
128 352 0 4169206484
128 353 0 4169206484
128 354 0 4169206484
128 355 0 4169206484
128 356 0 4169206484
128 357 0 4169206484
128 358 0 4169206484
128 359 0 4169206484
128 360 0 4169206484
128 361 0 4169206484
128 362 0 4169206484
128 363 0 4169206484
128 364 0 4169206484
128 365 0 4169206484
128 366 0 4169206484
128 367 0 4169206484
128 368 0 4169206484
128 369 0 4169206484
128 370 0 4169206484
128 371 0 4169206484
128 372 0 4169206484
128 373 0 4169206484
128 374 0 4169206484
128 375 0 4169206484
128 376 0 4169206484
128 377 0 4169206484
128 378 0 4169206484
128 379 0 4169206484
128 380 0 4169206484
128 381 0 4169206484
128 382 0 4169206484
128 383 0 4169206484
128 384 0 4169206484
128 385 0 4169206484
128 386 0 4169206484
128 387 0 4169206484
128 388 0 4169206484
128 389 0 4169206484
128 390 0 4169206484
128 391 0 4169206484
128 392 0 4169206484
128 393 0 4169206484
128 394 0 4169206484
128 395 0 4169206484
128 396 0 4169206484
128 397 0 4169206484
128 398 0 4169206484
128 399 0 4169206484
128 400 0 4169206484
128 401 0 4169206484
128 402 0 4169206484
128 403 0 4169206484
128 404 0 4169206484
128 405 0 4169206484
128 406 0 4169206484
128 407 0 4169206484
128 408 0 4169206484
128 409 0 4169206484
128 410 0 4169206484
128 411 0 4169206484
128 412 0 4169206484
128 413 0 4169206484
128 414 0 4169206484
128 415 0 4169206484
128 416 0 4169206484
128 417 0 4169206484
128 418 0 4169206484
128 419 0 4169206484
128 420 0 4169206484
128 421 0 4169206484
128 422 0 4169206484
128 423 0 4169206484
128 424 0 4169206484
128 425 0 4169206484
128 426 0 4169206484
128 427 0 4169206484
128 428 0 4169206484
128 429 0 4169206484
128 430 0 4169206484
128 431 0 4169206484
128 432 0 4169206484
128 433 0 4169206484
128 434 0 4169206484
128 435 0 4169206484
128 436 0 4169206484
128 437 0 4169206484
128 438 0 4169206484
128 439 0 4169206484
128 440 0 4169206484
128 441 0 4169206484
128 442 0 4169206484
128 443 0 4169206484
128 444 0 4169206484
128 445 0 4169206484
128 446 0 4169206484
128 447 0 4169206484
128 448 0 4169206484
128 449 0 4169206484
128 450 0 4169206484
128 451 0 4169206484
128 452 3 4169206484
128 453 0 4169206484
128 454 0 4169206484
128 455 0 4169206484
128 456 0 4169206484
128 457 0 4169206484
128 458 0 4169206484
128 459 0 4169206484
128 460 0 4169206484
128 461 0 4169206484
128 462 0 4169206484
128 463 0 4169206484
128 464 0 4169206484
128 465 0 4169206484
128 466 0 4169206484
128 467 0 4169206484
128 468 0 4169206484
128 469 0 4169206484
128 470 0 4169206484
128 471 0 4169206484
128 472 0 4169206484
128 473 0 4169206484
128 474 0 4169206484
128 475 0 4169206484
128 476 0 4169206484
128 477 0 4169206484
128 478 0 4169206484
128 479 0 4169206484
128 480 0 4169206484
128 481 0 4169206484
128 482 0 4169206484
128 483 3 4169206484
128 484 0 4169206484
128 485 0 4169206484
128 486 0 4169206484
128 487 0 4169206484
128 488 0 4169206484
128 489 0 4169206484
128 490 0 4169206484
128 491 0 4169206484
128 492 0 4169206484
128 493 0 4169206484
128 494 0 4169206484
128 495 0 4169206484
128 496 0 4169206484
128 497 0 4169206484
128 498 0 4169206484
128 499 0 4169206484
128 500 0 4169206484
128 501 0 4169206484
128 502 0 4169206484
128 503 0 4169206484
128 504 0 4169206484
128 505 0 4169206484
128 506 0 4169206484
128 507 0 4169206484
128 508 0 4169206484
128 509 0 4169206484
128 510 0 4169206484
128 511 0 4169206484
128 512 0 4169206484
128 513 0 4169206484
128 514 0 4169206484
128 515 0 4169206484
128 516 0 4169206484
128 517 0 4169206484
128 518 0 4169206484
128 519 0 4169206484
128 520 0 4169206484
128 521 0 4169206484
128 522 0 4169206484
128 523 0 4169206484
128 524 0 4169206484
128 525 0 4169206484
128 526 0 4169206484
128 527 0 4169206484
128 528 0 4169206484
128 529 0 4169206484
128 530 0 4169206484
128 531 0 4169206484
128 532 0 4169206484
128 533 0 4169206484
128 534 0 4169206484
128 535 0 4169206484
128 536 0 4169206484
128 537 0 4169206484
128 538 0 4169206484
128 539 0 4169206484
128 540 0 4169206484
128 541 0 4169206484
128 542 0 4169206484
128 543 0 4169206484
128 544 0 4169206484
128 545 0 4169206484
128 546 3 4169206484
128 547 0 4169206484
128 548 0 4169206484
128 549 0 4169206484
128 550 0 4169206484
128 551 0 4169206484
128 552 0 4169206484
128 553 0 4169206484
128 554 0 4169206484
128 555 0 4169206484
128 556 0 4169206484
128 557 0 4169206484
128 558 0 4169206484
128 559 0 4169206484
128 560 0 4169206484
128 561 0 4169206484
128 562 0 4169206484
128 563 0 4169206484
128 564 0 4169206484
128 565 0 4169206484
128 566 0 4169206484
128 567 0 4169206484
128 568 0 4169206484
128 569 0 4169206484
128 570 0 4169206484
128 571 0 4169206484
128 572 0 4169206484
128 573 0 4169206484
128 574 0 4169206484
128 575 0 4169206484
128 576 0 4169206484
128 577 3 4169206484
128 578 0 4169206484
128 579 0 4169206484
128 580 0 4169206484
128 581 0 4169206484
128 582 0 4169206484
128 583 0 4169206484
128 584 0 4169206484
128 585 0 4169206484
128 586 0 4169206484
128 587 0 4169206484
128 588 0 4169206484
128 589 0 4169206484
128 590 0 4169206484
128 591 0 4169206484
128 592 0 4169206484
128 593 0 4169206484
128 594 0 4169206484
128 595 0 4169206484
128 596 0 4169206484
128 597 0 4169206484
128 598 0 4169206484
128 599 0 4169206484
128 600 0 4169206484
128 601 0 4169206484
128 602 0 4169206484
128 603 0 4169206484
128 604 0 4169206484
128 605 0 4169206484
128 606 0 4169206484
128 607 0 4169206484
128 608 3 4169206484
128 609 0 4169206484
128 610 0 4169206484
128 611 0 4169206484
128 612 0 4169206484
128 613 0 4169206484
128 614 0 4169206484
128 615 0 4169206484
128 616 0 4169206484
128 617 0 4169206484
128 618 0 4169206484
128 619 0 4169206484
128 620 0 4169206484
128 621 0 4169206484
128 622 0 4169206484
128 623 0 4169206484
128 624 0 4169206484
128 625 0 4169206484
128 626 0 4169206484
128 627 0 4169206484
128 628 0 4169206484
128 629 0 4169206484
128 630 0 4169206484
128 631 0 4169206484
128 632 0 4169206484
128 633 0 4169206484
128 634 0 4169206484
128 635 0 4169206484
128 636 0 4169206484
128 637 0 4169206484
128 638 0 4169206484
128 639 0 4169206484
128 640 0 4169206484
128 641 0 4169206484
128 642 0 4169206484
128 643 0 4169206484
128 644 0 4169206484
128 645 0 4169206484
128 646 0 4169206484
128 647 0 4169206484
128 648 0 4169206484
128 649 0 4169206484
128 650 0 4169206484
128 651 0 4169206484
128 652 0 4169206484
128 653 0 4169206484
128 654 0 4169206484
128 655 0 4169206484
128 656 0 4169206484
128 657 0 4169206484
128 658 0 4169206484
128 659 0 4169206484
128 660 0 4169206484
128 661 0 4169206484
128 662 0 4169206484
128 663 0 4169206484
128 664 0 4169206484
128 665 0 4169206484
128 666 0 4169206484
128 667 0 4169206484
128 668 0 4169206484
128 669 0 4169206484
128 670 0 4169206484
128 671 3 4169206484
128 672 0 4169206484
128 673 0 4169206484
128 674 0 4169206484
128 675 0 4169206484
128 676 0 4169206484
128 677 0 4169206484
128 678 0 4169206484
128 679 0 4169206484
128 680 0 4169206484
128 681 0 4169206484
128 682 0 4169206484
128 683 0 4169206484
128 684 0 4169206484
128 685 0 4169206484
128 686 0 4169206484
128 687 0 4169206484
128 688 0 4169206484
128 689 0 4169206484
128 690 0 4169206484
128 691 0 4169206484
128 692 0 4169206484
128 693 0 4169206484
128 694 0 4169206484
128 695 0 4169206484
128 696 0 4169206484
128 697 0 4169206484
128 698 0 4169206484
128 699 0 4169206484
128 700 0 4169206484
128 701 0 4169206484
128 702 3 4169206484
128 703 0 4169206484
128 704 0 4169206484
128 705 0 4169206484
128 706 0 4169206484
128 707 0 4169206484
128 708 0 4169206484
128 709 0 4169206484
128 710 0 4169206484
128 711 0 4169206484
128 712 0 4169206484
128 713 0 4169206484
128 714 0 4169206484
128 715 0 4169206484
128 716 0 4169206484
128 717 0 4169206484
128 718 0 4169206484
128 719 0 4169206484
128 720 0 4169206484
128 721 0 4169206484
128 722 0 4169206484
128 723 0 4169206484
128 724 0 4169206484
128 725 0 4169206484
128 726 0 4169206484
128 727 0 4169206484
128 728 0 4169206484
128 729 0 4169206484
128 730 0 4169206484
128 731 0 4169206484
128 732 0 4169206484
128 733 3 4169206484
128 734 0 4169206484
128 735 0 4169206484
128 736 0 4169206484
128 737 0 4169206484
128 738 0 4169206484
128 739 0 4169206484
128 740 0 4169206484
128 741 0 4169206484
128 742 0 4169206484
128 743 0 4169206484
128 744 0 4169206484
128 745 0 4169206484
128 746 0 4169206484
128 747 0 4169206484
128 748 0 4169206484
128 749 0 4169206484
128 750 0 4169206484
128 751 0 4169206484
128 752 0 4169206484
128 753 0 4169206484
128 754 0 4169206484
128 755 0 4169206484
128 756 0 4169206484
128 757 0 4169206484
128 758 0 4169206484
128 759 0 4169206484
128 760 0 4169206484
128 761 0 4169206484
128 762 0 4169206484
128 763 0 4169206484
128 764 0 4169206484
128 765 0 4169206484
128 766 0 4169206484
128 767 0 4169206484
128 768 0 4169206484
128 769 0 4169206484
128 770 0 4169206484
128 771 0 4169206484
128 772 0 4169206484
128 773 0 4169206484
128 774 0 4169206484
128 775 0 4169206484
128 776 0 4169206484
128 777 0 4169206484
128 778 0 4169206484
128 779 0 4169206484
128 780 0 4169206484
128 781 0 4169206484
128 782 0 4169206484
128 783 0 4169206484
128 784 0 4169206484
128 785 0 4169206484
128 786 0 4169206484
128 787 0 4169206484
128 788 0 4169206484
128 789 0 4169206484
128 790 0 4169206484
128 791 0 4169206484
128 792 0 4169206484
128 793 0 4169206484
128 794 0 4169206484
128 795 0 4169206484
128 796 3 4169206484
128 797 0 4169206484
128 798 0 4169206484
128 799 0 4169206484
128 800 0 4169206484
128 801 0 4169206484
128 802 0 4169206484
128 803 0 4169206484
128 804 0 4169206484
128 805 0 4169206484
128 806 0 4169206484
128 807 0 4169206484
128 808 0 4169206484
128 809 0 4169206484
128 810 0 4169206484
128 811 0 4169206484
128 812 0 4169206484
128 813 0 4169206484
128 814 0 4169206484
128 815 0 4169206484
128 816 0 4169206484
128 817 0 4169206484
128 818 0 4169206484
128 819 0 4169206484
128 820 0 4169206484
128 821 0 4169206484
128 822 0 4169206484
128 823 0 4169206484
128 824 0 4169206484
128 825 0 4169206484
128 826 0 4169206484
128 827 3 4169206484
128 828 0 4169206484
128 829 0 4169206484
128 830 0 4169206484
128 831 0 4169206484
128 832 0 4169206484
128 833 0 4169206484
128 834 0 4169206484
128 835 0 4169206484
128 836 0 4169206484
128 837 0 4169206484
128 838 0 4169206484
128 839 0 4169206484
128 840 0 4169206484
128 841 0 4169206484
128 842 0 4169206484
128 843 0 4169206484
128 844 0 4169206484
128 845 0 4169206484
128 846 0 4169206484
128 847 0 4169206484
128 848 0 4169206484
128 849 0 4169206484
128 850 0 4169206484
128 851 0 4169206484
128 852 0 4169206484
128 853 0 4169206484
128 854 0 4169206484
128 855 0 4169206484
128 856 0 4169206484
128 857 0 4169206484
128 858 0 4169206484
128 859 0 4169206484
128 860 0 4169206484
128 861 0 4169206484
128 862 0 4169206484
128 863 0 4169206484
128 864 0 4169206484
128 865 0 4169206484
128 866 0 4169206484
128 867 0 4169206484
128 868 0 4169206484
128 869 0 4169206484
128 870 0 4169206484
128 871 0 4169206484
128 872 0 4169206484
128 873 0 4169206484
128 874 0 4169206484
128 875 0 4169206484
128 876 0 4169206484
128 877 0 4169206484
128 878 0 4169206484
128 879 0 4169206484
128 880 0 4169206484
128 881 0 4169206484
128 882 0 4169206484
128 883 0 4169206484
128 884 0 4169206484
128 885 0 4169206484
128 886 0 4169206484
128 887 0 4169206484
128 888 0 4169206484
128 889 0 4169206484
128 890 3 4169206484
128 891 0 4169206484
128 892 0 4169206484
128 893 0 4169206484
128 894 0 4169206484
128 895 0 4169206484
128 896 0 4169206484
128 897 0 4169206484
128 898 0 4169206484
128 899 0 4169206484
128 900 0 4169206484
128 901 0 4169206484
128 902 0 4169206484
128 903 0 4169206484
128 904 0 4169206484
128 905 0 4169206484
128 906 0 4169206484
128 907 0 4169206484
128 908 0 4169206484
128 909 0 4169206484
128 910 0 4169206484
128 911 0 4169206484
128 912 0 4169206484
128 913 0 4169206484
128 914 0 4169206484
128 915 0 4169206484
128 916 0 4169206484
128 917 0 4169206484
128 918 0 4169206484
128 919 0 4169206484
128 920 0 4169206484
128 921 3 4169206484
128 922 0 4169206484
128 923 0 4169206484
128 924 0 4169206484
128 925 0 4169206484
128 926 0 4169206484
128 927 0 4169206484
128 928 0 4169206484
128 929 0 4169206484
128 930 0 4169206484
128 931 0 4169206484
128 932 0 4169206484
128 933 0 4169206484
128 934 0 4169206484
128 935 0 4169206484
128 936 0 4169206484
128 937 0 4169206484
128 938 0 4169206484
128 939 0 4169206484
128 940 0 4169206484
128 941 0 4169206484
128 942 0 4169206484
128 943 0 4169206484
128 944 0 4169206484
128 945 0 4169206484
128 946 0 4169206484
128 947 0 4169206484
128 948 0 4169206484
128 949 0 4169206484
128 950 0 4169206484
128 951 0 4169206484
128 952 3 4169206484
128 953 0 4169206484
128 954 0 4169206484
128 955 0 4169206484
128 956 0 4169206484
128 957 0 4169206484
128 958 0 4169206484
128 959 0 4169206484
128 960 0 4169206484
128 961 0 4169206484
128 962 0 4169206484
128 963 0 4169206484
128 964 0 4169206484
128 965 0 4169206484
128 966 0 4169206484
128 967 0 4169206484
128 968 0 4169206484
128 969 0 4169206484
128 970 0 4169206484
128 971 0 4169206484
128 972 0 4169206484
128 973 0 4169206484
128 974 0 4169206484
128 975 0 4169206484
128 976 0 4169206484
128 977 0 4169206484
128 978 0 4169206484
128 979 0 4169206484
128 980 0 4169206484
128 981 0 4169206484
128 982 0 4169206484
128 983 0 4169206484
128 984 0 4169206484
128 985 0 4169206484
128 986 0 4169206484
128 987 0 4169206484
128 988 0 4169206484
128 989 0 4169206484
128 990 0 4169206484
128 991 0 4169206484
128 992 0 4169206484
128 993 0 4169206484
128 994 0 4169206484
128 995 0 4169206484
128 996 0 4169206484
128 997 0 4169206484
128 998 0 4169206484
128 999 0 4169206484
