32 0 12959 4158884564
32 1 10225 4158884564
32 2 10225 4158884564
32 3 10225 4158884564
32 4 10225 4158884564
32 5 10225 4158884564
32 6 10225 4158884564
32 7 10225 4158884564
32 8 10225 4158884564
32 9 10225 4158884564
32 10 10225 4158884564
32 11 10225 4158884564
32 12 10225 4158884564
32 13 10225 4158884564
32 14 10225 4158884564
32 15 10225 4158884564
32 16 10225 4158884564
32 17 10225 4158884564
32 18 10225 4158884564
32 19 10225 4158884564
32 20 10225 4158884564
32 21 10225 4158884564
32 22 10225 4158884564
32 23 10225 4158884564
32 24 10225 4158884564
32 25 10225 4158884564
32 26 10225 4158884564
32 27 10225 4158884564
32 28 10225 4158884564
32 29 10225 4158884564
32 30 10224 4158884564
32 31 10225 4158884564
32 32 10225 4158884564
32 33 10225 4158884564
32 34 10225 4158884564
32 35 10225 4158884564
32 36 10225 4158884564
32 37 10225 4158884564
32 38 10225 4158884564
32 39 10225 4158884564
32 40 10225 4158884564
32 41 10225 4158884564
32 42 10225 4158884564
32 43 10225 4158884564
32 44 10225 4158884564
32 45 10225 4158884564
32 46 10225 4158884564
32 47 10225 4158884564
32 48 10225 4158884564
32 49 10225 4158884564
32 50 10225 4158884564
32 51 10225 4158884564
32 52 10225 4158884564
32 53 10225 4158884564
32 54 10225 4158884564
32 55 10225 4158884564
32 56 10225 4158884564
32 57 10225 4158884564
32 58 10225 4158884564
32 59 10225 4158884564
32 60 10225 4158884564
32 61 10225 4158884564
32 62 10225 4158884564
32 63 10225 4158884564
32 64 10225 4158884564
32 65 10225 4158884564
32 66 10225 4158884564
32 67 10225 4158884564
32 68 10225 4158884564
32 69 10225 4158884564
32 70 10225 4158884564
32 71 10225 4158884564
32 72 10225 4158884564
32 73 10225 4158884564
32 74 10225 4158884564
32 75 10225 4158884564
32 76 10225 4158884564
32 77 10225 4158884564
32 78 10225 4158884564
32 79 10225 4158884564
32 80 10225 4158884564
32 81 10225 4158884564
32 82 10225 4158884564
32 83 10225 4158884564
32 84 10225 4158884564
32 85 10225 4158884564
32 86 10225 4158884564
32 87 10225 4158884564
32 88 10225 4158884564
32 89 10225 4158884564
32 90 10225 4158884564
32 91 10225 4158884564
32 92 10224 4158884564
32 93 10225 4158884564
32 94 10225 4158884564
32 95 10225 4158884564
32 96 10224 4158884564
32 97 10225 4158884564
32 98 10225 4158884564
32 99 10225 4158884564
32 100 10225 4158884564
32 101 10225 4158884564
32 102 10225 4158884564
32 103 10225 4158884564
32 104 10225 4158884564
32 105 10225 4158884564
32 106 10225 4158884564
32 107 10225 4158884564
32 108 10225 4158884564
32 109 10225 4158884564
32 110 10225 4158884564
32 111 10225 4158884564
32 112 10225 4158884564
32 113 10225 4158884564
32 114 10225 4158884564
32 115 10225 4158884564
32 116 10225 4158884564
32 117 10225 4158884564
32 118 10225 4158884564
32 119 10225 4158884564
32 120 10225 4158884564
32 121 10225 4158884564
32 122 10225 4158884564
32 123 10225 4158884564
32 124 10225 4158884564
32 125 10225 4158884564
32 126 10225 4158884564
32 127 10225 4158884564
32 128 10225 4158884564
32 129 10225 4158884564
32 130 10225 4158884564
32 131 10225 4158884564
32 132 10225 4158884564
32 133 10225 4158884564
32 134 10225 4158884564
32 135 10225 4158884564
32 136 10225 4158884564
32 137 10225 4158884564
32 138 10225 4158884564
32 139 10225 4158884564
32 140 10225 4158884564
32 141 10225 4158884564
32 142 10225 4158884564
32 143 10225 4158884564
32 144 10225 4158884564
32 145 10225 4158884564
32 146 10225 4158884564
32 147 10225 4158884564
32 148 10225 4158884564
32 149 10225 4158884564
32 150 10225 4158884564
32 151 10225 4158884564
32 152 10225 4158884564
32 153 10225 4158884564
32 154 10225 4158884564
32 155 10225 4158884564
32 156 10225 4158884564
32 157 10225 4158884564
32 158 10225 4158884564
32 159 10225 4158884564
32 160 10225 4158884564
32 161 10224 4158884564
32 162 10225 4158884564
32 163 10225 4158884564
32 164 10225 4158884564
32 165 10225 4158884564
32 166 10225 4158884564
32 167 10225 4158884564
32 168 10225 4158884564
32 169 10225 4158884564
32 170 10225 4158884564
32 171 10225 4158884564
32 172 10225 4158884564
32 173 10225 4158884564
32 174 10225 4158884564
32 175 10225 4158884564
32 176 10225 4158884564
32 177 10225 4158884564
32 178 10225 4158884564
32 179 10225 4158884564
32 180 10225 4158884564
32 181 10225 4158884564
32 182 10225 4158884564
32 183 10225 4158884564
32 184 10225 4158884564
32 185 10225 4158884564
32 186 10225 4158884564
32 187 10225 4158884564
32 188 10225 4158884564
32 189 10225 4158884564
32 190 10225 4158884564
32 191 10225 4158884564
32 192 10225 4158884564
32 193 10225 4158884564
32 194 10225 4158884564
32 195 10225 4158884564
32 196 10225 4158884564
32 197 10225 4158884564
32 198 10225 4158884564
32 199 10225 4158884564
32 200 10225 4158884564
32 201 10225 4158884564
32 202 10225 4158884564
32 203 10225 4158884564
32 204 10225 4158884564
32 205 10225 4158884564
32 206 10225 4158884564
32 207 10225 4158884564
32 208 10225 4158884564
32 209 10225 4158884564
32 210 10225 4158884564
32 211 10225 4158884564
32 212 10225 4158884564
32 213 10225 4158884564
32 214 10225 4158884564
32 215 10225 4158884564
32 216 10225 4158884564
32 217 10225 4158884564
32 218 10225 4158884564
32 219 10225 4158884564
32 220 10225 4158884564
32 221 10225 4158884564
32 222 10225 4158884564
32 223 10225 4158884564
32 224 10225 4158884564
32 225 10225 4158884564
32 226 10225 4158884564
32 227 10225 4158884564
32 228 10225 4158884564
32 229 10225 4158884564
32 230 10225 4158884564
32 231 10225 4158884564
32 232 10225 4158884564
32 233 10225 4158884564
32 234 10225 4158884564
32 235 10225 4158884564
32 236 10225 4158884564
32 237 10225 4158884564
32 238 10225 4158884564
32 239 10225 4158884564
32 240 10225 4158884564
32 241 10225 4158884564
32 242 10225 4158884564
32 243 10225 4158884564
32 244 10225 4158884564
32 245 10225 4158884564
32 246 10225 4158884564
32 247 10225 4158884564
32 248 10225 4158884564
32 249 10225 4158884564
32 250 10224 4158884564
32 251 10225 4158884564
32 252 10225 4158884564
32 253 10225 4158884564
32 254 10225 4158884564
32 255 10225 4158884564
32 256 10225 4158884564
32 257 10225 4158884564
32 258 10225 4158884564
32 259 10225 4158884564
32 260 10225 4158884564
32 261 10225 4158884564
32 262 10225 4158884564
32 263 10225 4158884564
32 264 10225 4158884564
32 265 10225 4158884564
32 266 10225 4158884564
32 267 10225 4158884564
32 268 10225 4158884564
32 269 10225 4158884564
32 270 10225 4158884564
32 271 10225 4158884564
32 272 10225 4158884564
32 273 10225 4158884564
32 274 10225 4158884564
32 275 10225 4158884564
32 276 10225 4158884564
32 277 10225 4158884564
32 278 10225 4158884564
32 279 10225 4158884564
32 280 10225 4158884564
32 281 10225 4158884564
32 282 10225 4158884564
32 283 10225 4158884564
32 284 10225 4158884564
32 285 10225 4158884564
32 286 10225 4158884564
32 287 10225 4158884564
32 288 10225 4158884564
32 289 10225 4158884564
32 290 10225 4158884564
32 291 10225 4158884564
32 292 10225 4158884564
32 293 10225 4158884564
32 294 10224 4158884564
32 295 10225 4158884564
32 296 10225 4158884564
32 297 10225 4158884564
32 298 10225 4158884564
32 299 10225 4158884564
32 300 10225 4158884564
32 301 10225 4158884564
32 302 10225 4158884564
32 303 10225 4158884564
32 304 10225 4158884564
32 305 10225 4158884564
32 306 10225 4158884564
32 307 10225 4158884564
32 308 10225 4158884564
32 309 10225 4158884564
32 310 10225 4158884564
32 311 10225 4158884564
32 312 10225 4158884564
32 313 10225 4158884564
32 314 10225 4158884564
32 315 10225 4158884564
32 316 10225 4158884564
32 317 10225 4158884564
32 318 10225 4158884564
32 319 10225 4158884564
32 320 10225 4158884564
32 321 10225 4158884564
32 322 10225 4158884564
32 323 10225 4158884564
32 324 10225 4158884564
32 325 10225 4158884564
32 326 10225 4158884564
32 327 10225 4158884564
32 328 10225 4158884564
32 329 10225 4158884564
32 330 10225 4158884564
32 331 10225 4158884564
32 332 10225 4158884564
32 333 10225 4158884564
32 334 10225 4158884564
32 335 10225 4158884564
32 336 10225 4158884564
32 337 10225 4158884564
32 338 10225 4158884564
32 339 10225 4158884564
32 340 10225 4158884564
32 341 10225 4158884564
32 342 10225 4158884564
32 343 10225 4158884564
32 344 10225 4158884564
32 345 10225 4158884564
32 346 10225 4158884564
32 347 10225 4158884564
32 348 10225 4158884564
32 349 10225 4158884564
32 350 10225 4158884564
32 351 10225 4158884564
32 352 10225 4158884564
32 353 10225 4158884564
32 354 10225 4158884564
32 355 10225 4158884564
32 356 10225 4158884564
32 357 10225 4158884564
32 358 10225 4158884564
32 359 10225 4158884564
32 360 10225 4158884564
32 361 10225 4158884564
32 362 10225 4158884564
32 363 10225 4158884564
32 364 10225 4158884564
32 365 10225 4158884564
32 366 10225 4158884564
32 367 10225 4158884564
32 368 10225 4158884564
32 369 10225 4158884564
32 370 10225 4158884564
32 371 10225 4158884564
32 372 10225 4158884564
32 373 10225 4158884564
32 374 10225 4158884564
32 375 10225 4158884564
32 376 10225 4158884564
32 377 10225 4158884564
32 378 10225 4158884564
32 379 10225 4158884564
32 380 10225 4158884564
32 381 10225 4158884564
32 382 10225 4158884564
32 383 10225 4158884564
32 384 10225 4158884564
32 385 10225 4158884564
32 386 10225 4158884564
32 387 10225 4158884564
32 388 10225 4158884564
32 389 10225 4158884564
32 390 10225 4158884564
32 391 10225 4158884564
32 392 10225 4158884564
32 393 10225 4158884564
32 394 10225 4158884564
32 395 10225 4158884564
32 396 10225 4158884564
32 397 10225 4158884564
32 398 10225 4158884564
32 399 10225 4158884564
32 400 10225 4158884564
32 401 10225 4158884564
32 402 10225 4158884564
32 403 10225 4158884564
32 404 10225 4158884564
32 405 10225 4158884564
32 406 10225 4158884564
32 407 10225 4158884564
32 408 10225 4158884564
32 409 10225 4158884564
32 410 10225 4158884564
32 411 10225 4158884564
32 412 10225 4158884564
32 413 10225 4158884564
32 414 10225 4158884564
32 415 10225 4158884564
32 416 10225 4158884564
32 417 10225 4158884564
32 418 10225 4158884564
32 419 10225 4158884564
32 420 10225 4158884564
32 421 10225 4158884564
32 422 10225 4158884564
32 423 10225 4158884564
32 424 10225 4158884564
32 425 10225 4158884564
32 426 10225 4158884564
32 427 10225 4158884564
32 428 10225 4158884564
32 429 10225 4158884564
32 430 10225 4158884564
32 431 10225 4158884564
32 432 10225 4158884564
32 433 10225 4158884564
32 434 10225 4158884564
32 435 10225 4158884564
32 436 10225 4158884564
32 437 10225 4158884564
32 438 10225 4158884564
32 439 10225 4158884564
32 440 10225 4158884564
32 441 10225 4158884564
32 442 10225 4158884564
32 443 10225 4158884564
32 444 10225 4158884564
32 445 10225 4158884564
32 446 10225 4158884564
32 447 10225 4158884564
32 448 10225 4158884564
32 449 10225 4158884564
32 450 10225 4158884564
32 451 10225 4158884564
32 452 10225 4158884564
32 453 10225 4158884564
32 454 10225 4158884564
32 455 10225 4158884564
32 456 10225 4158884564
32 457 10225 4158884564
32 458 10225 4158884564
32 459 10225 4158884564
32 460 10225 4158884564
32 461 10225 4158884564
32 462 10225 4158884564
32 463 10225 4158884564
32 464 10225 4158884564
32 465 10225 4158884564
32 466 10225 4158884564
32 467 10225 4158884564
32 468 10225 4158884564
32 469 10225 4158884564
32 470 10225 4158884564
32 471 10225 4158884564
32 472 10225 4158884564
32 473 10225 4158884564
32 474 10225 4158884564
32 475 10225 4158884564
32 476 10225 4158884564
32 477 10225 4158884564
32 478 10225 4158884564
32 479 10225 4158884564
32 480 10225 4158884564
32 481 10225 4158884564
32 482 10225 4158884564
32 483 10225 4158884564
32 484 10225 4158884564
32 485 10225 4158884564
32 486 10225 4158884564
32 487 10225 4158884564
32 488 10225 4158884564
32 489 10225 4158884564
32 490 10225 4158884564
32 491 10225 4158884564
32 492 10225 4158884564
32 493 10225 4158884564
32 494 10225 4158884564
32 495 10225 4158884564
32 496 10225 4158884564
32 497 10225 4158884564
32 498 10225 4158884564
32 499 10225 4158884564
32 500 10225 4158884564
32 501 10225 4158884564
32 502 10225 4158884564
32 503 10225 4158884564
32 504 10225 4158884564
32 505 10224 4158884564
32 506 10225 4158884564
32 507 10225 4158884564
32 508 10225 4158884564
32 509 10225 4158884564
32 510 10225 4158884564
32 511 10225 4158884564
32 512 10225 4158884564
32 513 10225 4158884564
32 514 10225 4158884564
32 515 10225 4158884564
32 516 10225 4158884564
32 517 10225 4158884564
32 518 10225 4158884564
32 519 10225 4158884564
32 520 10225 4158884564
32 521 10225 4158884564
32 522 10225 4158884564
32 523 10225 4158884564
32 524 10224 4158884564
32 525 10225 4158884564
32 526 10225 4158884564
32 527 10225 4158884564
32 528 10224 4158884564
32 529 10225 4158884564
32 530 10225 4158884564
32 531 10225 4158884564
32 532 10225 4158884564
32 533 10225 4158884564
32 534 10225 4158884564
32 535 10225 4158884564
32 536 10225 4158884564
32 537 10225 4158884564
32 538 10225 4158884564
32 539 10225 4158884564
32 540 10225 4158884564
32 541 10225 4158884564
32 542 10225 4158884564
32 543 10225 4158884564
32 544 10225 4158884564
32 545 10225 4158884564
32 546 10225 4158884564
32 547 10225 4158884564
32 548 10225 4158884564
32 549 10225 4158884564
32 550 10225 4158884564
32 551 10225 4158884564
32 552 10225 4158884564
32 553 10225 4158884564
32 554 10225 4158884564
32 555 10225 4158884564
32 556 10225 4158884564
32 557 10225 4158884564
32 558 10225 4158884564
32 559 10225 4158884564
32 560 10225 4158884564
32 561 10225 4158884564
32 562 10225 4158884564
32 563 10225 4158884564
32 564 10225 4158884564
32 565 10225 4158884564
32 566 10225 4158884564
32 567 10225 4158884564
32 568 10225 4158884564
32 569 10225 4158884564
32 570 10225 4158884564
32 571 10225 4158884564
32 572 10225 4158884564
32 573 10225 4158884564
32 574 10225 4158884564
32 575 10225 4158884564
32 576 10225 4158884564
32 577 10225 4158884564
32 578 10225 4158884564
32 579 10225 4158884564
32 580 10225 4158884564
32 581 10225 4158884564
32 582 10225 4158884564
32 583 10225 4158884564
32 584 10225 4158884564
32 585 10225 4158884564
32 586 10225 4158884564
32 587 10225 4158884564
32 588 10225 4158884564
32 589 10225 4158884564
32 590 10225 4158884564
32 591 10225 4158884564
32 592 10225 4158884564
32 593 10225 4158884564
32 594 10225 4158884564
32 595 10225 4158884564
32 596 10225 4158884564
32 597 10225 4158884564
32 598 10225 4158884564
32 599 10225 4158884564
32 600 10225 4158884564
32 601 10225 4158884564
32 602 10225 4158884564
32 603 10225 4158884564
32 604 10225 4158884564
32 605 10225 4158884564
32 606 10225 4158884564
32 607 10225 4158884564
32 608 10225 4158884564
32 609 10225 4158884564
32 610 10225 4158884564
32 611 10225 4158884564
32 612 10225 4158884564
32 613 10225 4158884564
32 614 10225 4158884564
32 615 10225 4158884564
32 616 10225 4158884564
32 617 10225 4158884564
32 618 10225 4158884564
32 619 10225 4158884564
32 620 10225 4158884564
32 621 10225 4158884564
32 622 10225 4158884564
32 623 10225 4158884564
32 624 10225 4158884564
32 625 10225 4158884564
32 626 10225 4158884564
32 627 10225 4158884564
32 628 10225 4158884564
32 629 10225 4158884564
32 630 10225 4158884564
32 631 10225 4158884564
32 632 10225 4158884564
32 633 10225 4158884564
32 634 10225 4158884564
32 635 10225 4158884564
32 636 10225 4158884564
32 637 10225 4158884564
32 638 10225 4158884564
32 639 10225 4158884564
32 640 10225 4158884564
32 641 10225 4158884564
32 642 10225 4158884564
32 643 10225 4158884564
32 644 10225 4158884564
32 645 10225 4158884564
32 646 10225 4158884564
32 647 10225 4158884564
32 648 10225 4158884564
32 649 10225 4158884564
32 650 10225 4158884564
32 651 10225 4158884564
32 652 10224 4158884564
32 653 10225 4158884564
32 654 10225 4158884564
32 655 10225 4158884564
32 656 10225 4158884564
32 657 10225 4158884564
32 658 10225 4158884564
32 659 10225 4158884564
32 660 10225 4158884564
32 661 10225 4158884564
32 662 10225 4158884564
32 663 10225 4158884564
32 664 10225 4158884564
32 665 10225 4158884564
32 666 10225 4158884564
32 667 10225 4158884564
32 668 10225 4158884564
32 669 10225 4158884564
32 670 10225 4158884564
32 671 10225 4158884564
32 672 10225 4158884564
32 673 10225 4158884564
32 674 10225 4158884564
32 675 10225 4158884564
32 676 10225 4158884564
32 677 10225 4158884564
32 678 10225 4158884564
32 679 10225 4158884564
32 680 10225 4158884564
32 681 10225 4158884564
32 682 10225 4158884564
32 683 10225 4158884564
32 684 10225 4158884564
32 685 10225 4158884564
32 686 10225 4158884564
32 687 10225 4158884564
32 688 10225 4158884564
32 689 10225 4158884564
32 690 10225 4158884564
32 691 10225 4158884564
32 692 10225 4158884564
32 693 10225 4158884564
32 694 10225 4158884564
32 695 10225 4158884564
32 696 10225 4158884564
32 697 10225 4158884564
32 698 10225 4158884564
32 699 10225 4158884564
32 700 10225 4158884564
32 701 10225 4158884564
32 702 10225 4158884564
32 703 10225 4158884564
32 704 10225 4158884564
32 705 10225 4158884564
32 706 10225 4158884564
32 707 10225 4158884564
32 708 10225 4158884564
32 709 10225 4158884564
32 710 10225 4158884564
32 711 10225 4158884564
32 712 10225 4158884564
32 713 10225 4158884564
32 714 10225 4158884564
32 715 10225 4158884564
32 716 10225 4158884564
32 717 10225 4158884564
32 718 10225 4158884564
32 719 10225 4158884564
32 720 10225 4158884564
32 721 10225 4158884564
32 722 10225 4158884564
32 723 10225 4158884564
32 724 10225 4158884564
32 725 10225 4158884564
32 726 10225 4158884564
32 727 10225 4158884564
32 728 10225 4158884564
32 729 10225 4158884564
32 730 10225 4158884564
32 731 10225 4158884564
32 732 10225 4158884564
32 733 10225 4158884564
32 734 10225 4158884564
32 735 10225 4158884564
32 736 10225 4158884564
32 737 10225 4158884564
32 738 10225 4158884564
32 739 10225 4158884564
32 740 10225 4158884564
32 741 10225 4158884564
32 742 10225 4158884564
32 743 10225 4158884564
32 744 10225 4158884564
32 745 10225 4158884564
32 746 10225 4158884564
32 747 10225 4158884564
32 748 10225 4158884564
32 749 10225 4158884564
32 750 10225 4158884564
32 751 10225 4158884564
32 752 10225 4158884564
32 753 10225 4158884564
32 754 10225 4158884564
32 755 10225 4158884564
32 756 10225 4158884564
32 757 10225 4158884564
32 758 10225 4158884564
32 759 10225 4158884564
32 760 10225 4158884564
32 761 10225 4158884564
32 762 10225 4158884564
32 763 10225 4158884564
32 764 10225 4158884564
32 765 10225 4158884564
32 766 10225 4158884564
32 767 10225 4158884564
32 768 10225 4158884564
32 769 10225 4158884564
32 770 10225 4158884564
32 771 10225 4158884564
32 772 10225 4158884564
32 773 10225 4158884564
32 774 10225 4158884564
32 775 10225 4158884564
32 776 10225 4158884564
32 777 10225 4158884564
32 778 10225 4158884564
32 779 10225 4158884564
32 780 10225 4158884564
32 781 10225 4158884564
32 782 10225 4158884564
32 783 10225 4158884564
32 784 10225 4158884564
32 785 10225 4158884564
32 786 10225 4158884564
32 787 10225 4158884564
32 788 10225 4158884564
32 789 10225 4158884564
32 790 10225 4158884564
32 791 10225 4158884564
32 792 10225 4158884564
32 793 10225 4158884564
32 794 10225 4158884564
32 795 10225 4158884564
32 796 10225 4158884564
32 797 10225 4158884564
32 798 10225 4158884564
32 799 10225 4158884564
32 800 10225 4158884564
32 801 10225 4158884564
32 802 10225 4158884564
32 803 10224 4158884564
32 804 10225 4158884564
32 805 10225 4158884564
32 806 10225 4158884564
32 807 10225 4158884564
32 808 10225 4158884564
32 809 10225 4158884564
32 810 10225 4158884564
32 811 10225 4158884564
32 812 10225 4158884564
32 813 10225 4158884564
32 814 10225 4158884564
32 815 10225 4158884564
32 816 10225 4158884564
32 817 10225 4158884564
32 818 10225 4158884564
32 819 10225 4158884564
32 820 10225 4158884564
32 821 10225 4158884564
32 822 10225 4158884564
32 823 10225 4158884564
32 824 10225 4158884564
32 825 10225 4158884564
32 826 10224 4158884564
32 827 10225 4158884564
32 828 10225 4158884564
32 829 10225 4158884564
32 830 10225 4158884564
32 831 10224 4158884564
32 832 10225 4158884564
32 833 10225 4158884564
32 834 10225 4158884564
32 835 10225 4158884564
32 836 10225 4158884564
32 837 10225 4158884564
32 838 10225 4158884564
32 839 10225 4158884564
32 840 10225 4158884564
32 841 10225 4158884564
32 842 10225 4158884564
32 843 10225 4158884564
32 844 10225 4158884564
32 845 10225 4158884564
32 846 10225 4158884564
32 847 10225 4158884564
32 848 10225 4158884564
32 849 10225 4158884564
32 850 10225 4158884564
32 851 10225 4158884564
32 852 10225 4158884564
32 853 10225 4158884564
32 854 10225 4158884564
32 855 10225 4158884564
32 856 10225 4158884564
32 857 10225 4158884564
32 858 10225 4158884564
32 859 10225 4158884564
32 860 10225 4158884564
32 861 10225 4158884564
32 862 10225 4158884564
32 863 10225 4158884564
32 864 10225 4158884564
32 865 10225 4158884564
32 866 10225 4158884564
32 867 10225 4158884564
32 868 10225 4158884564
32 869 10225 4158884564
32 870 10225 4158884564
32 871 10225 4158884564
32 872 10225 4158884564
32 873 10225 4158884564
32 874 10225 4158884564
32 875 10225 4158884564
32 876 10225 4158884564
32 877 10225 4158884564
32 878 10225 4158884564
32 879 10225 4158884564
32 880 10225 4158884564
32 881 10225 4158884564
32 882 10225 4158884564
32 883 10225 4158884564
32 884 10225 4158884564
32 885 10225 4158884564
32 886 10225 4158884564
32 887 10225 4158884564
32 888 10225 4158884564
32 889 10225 4158884564
32 890 10225 4158884564
32 891 10225 4158884564
32 892 10225 4158884564
32 893 10225 4158884564
32 894 10225 4158884564
32 895 10225 4158884564
32 896 10225 4158884564
32 897 10225 4158884564
32 898 10225 4158884564
32 899 10225 4158884564
32 900 10225 4158884564
32 901 10225 4158884564
32 902 10225 4158884564
32 903 10225 4158884564
32 904 10225 4158884564
32 905 10225 4158884564
32 906 10225 4158884564
32 907 10225 4158884564
32 908 10225 4158884564
32 909 10225 4158884564
32 910 10225 4158884564
32 911 10225 4158884564
32 912 10225 4158884564
32 913 10225 4158884564
32 914 10225 4158884564
32 915 10225 4158884564
32 916 10225 4158884564
32 917 10225 4158884564
32 918 10225 4158884564
32 919 10225 4158884564
32 920 10225 4158884564
32 921 10225 4158884564
32 922 10225 4158884564
32 923 10225 4158884564
32 924 10225 4158884564
32 925 10225 4158884564
32 926 10225 4158884564
32 927 10225 4158884564
32 928 10225 4158884564
32 929 10225 4158884564
32 930 10225 4158884564
32 931 10225 4158884564
32 932 10225 4158884564
32 933 10225 4158884564
32 934 10225 4158884564
32 935 10225 4158884564
32 936 10225 4158884564
32 937 10225 4158884564
32 938 10225 4158884564
32 939 10225 4158884564
32 940 10225 4158884564
32 941 10225 4158884564
32 942 10225 4158884564
32 943 10225 4158884564
32 944 10225 4158884564
32 945 10225 4158884564
32 946 10225 4158884564
32 947 10225 4158884564
32 948 10225 4158884564
32 949 10225 4158884564
32 950 10225 4158884564
32 951 10225 4158884564
32 952 10225 4158884564
32 953 10225 4158884564
32 954 10225 4158884564
32 955 10225 4158884564
32 956 10225 4158884564
32 957 10225 4158884564
32 958 10225 4158884564
32 959 10225 4158884564
32 960 10225 4158884564
32 961 10225 4158884564
32 962 10225 4158884564
32 963 10225 4158884564
32 964 10225 4158884564
32 965 10225 4158884564
32 966 10225 4158884564
32 967 10225 4158884564
32 968 10225 4158884564
32 969 10225 4158884564
32 970 10225 4158884564
32 971 10225 4158884564
32 972 10225 4158884564
32 973 10225 4158884564
32 974 10225 4158884564
32 975 10225 4158884564
32 976 10225 4158884564
32 977 10225 4158884564
32 978 10225 4158884564
32 979 10225 4158884564
32 980 10225 4158884564
32 981 10225 4158884564
32 982 10225 4158884564
32 983 10225 4158884564
32 984 10225 4158884564
32 985 10225 4158884564
32 986 10225 4158884564
32 987 10225 4158884564
32 988 10225 4158884564
32 989 10225 4158884564
32 990 10225 4158884564
32 991 10225 4158884564
32 992 10225 4158884564
32 993 10225 4158884564
32 994 10225 4158884564
32 995 10225 4158884564
32 996 10225 4158884564
32 997 10225 4158884564
32 998 10225 4158884564
32 999 10225 4158884564
