128 0 147363 4169206484
128 1 145601 4169206484
128 2 139253 4169206484
128 3 139248 4169206484
128 4 139366 4169206484
128 5 139244 4169206484
128 6 139248 4169206484
128 7 139249 4169206484
128 8 139249 4169206484
128 9 139248 4169206484
128 10 139242 4169206484
128 11 139252 4169206484
128 12 139251 4169206484
128 13 139255 4169206484
128 14 139248 4169206484
128 15 139244 4169206484
128 16 139243 4169206484
128 17 139247 4169206484
128 18 139248 4169206484
128 19 139247 4169206484
128 20 139246 4169206484
128 21 139245 4169206484
128 22 139243 4169206484
128 23 139241 4169206484
128 24 139242 4169206484
128 25 139242 4169206484
128 26 139242 4169206484
128 27 139242 4169206484
128 28 139242 4169206484
128 29 139242 4169206484
128 30 139242 4169206484
128 31 139249 4169206484
128 32 139250 4169206484
128 33 139247 4169206484
128 34 139247 4169206484
128 35 139247 4169206484
128 36 139246 4169206484
128 37 139251 4169206484
128 38 139251 4169206484
128 39 139251 4169206484
128 40 139247 4169206484
128 41 139247 4169206484
128 42 139247 4169206484
128 43 139247 4169206484
128 44 139255 4169206484
128 45 139248 4169206484
128 46 139244 4169206484
128 47 139243 4169206484
128 48 139247 4169206484
128 49 139248 4169206484
128 50 139247 4169206484
128 51 139246 4169206484
128 52 139251 4169206484
128 53 139250 4169206484
128 54 139251 4169206484
128 55 139250 4169206484
128 56 139250 4169206484
128 57 139251 4169206484
128 58 139250 4169206484
128 59 139251 4169206484
128 60 139250 4169206484
128 61 139250 4169206484
128 62 139250 4169206484
128 63 139251 4169206484
128 64 139251 4169206484
128 65 139250 4169206484
128 66 139250 4169206484
128 67 139251 4169206484
128 68 139251 4169206484
128 69 139250 4169206484
128 70 139250 4169206484
128 71 139251 4169206484
128 72 139251 4169206484
128 73 139250 4169206484
128 74 139250 4169206484
128 75 139255 4169206484
128 76 139248 4169206484
128 77 139244 4169206484
128 78 139243 4169206484
128 79 139247 4169206484
128 80 139248 4169206484
128 81 139247 4169206484
128 82 139246 4169206484
128 83 139245 4169206484
128 84 139246 4169206484
128 85 139245 4169206484
128 86 139245 4169206484
128 87 139245 4169206484
128 88 139244 4169206484
128 89 139248 4169206484
128 90 139246 4169206484
128 91 139245 4169206484
128 92 139243 4169206484
128 93 139248 4169206484
128 94 139250 4169206484
128 95 139249 4169206484
128 96 139243 4169206484
128 97 139249 4169206484
128 98 139250 4169206484
128 99 139247 4169206484
128 100 139247 4169206484
128 101 139247 4169206484
128 102 139246 4169206484
128 103 139251 4169206484
128 104 139251 4169206484
128 105 139255 4169206484
128 106 139248 4169206484
128 107 139244 4169206484
128 108 139243 4169206484
128 109 139243 4169206484
128 110 139247 4169206484
128 111 139248 4169206484
128 112 139247 4169206484
128 113 139246 4169206484
128 114 139251 4169206484
128 115 139250 4169206484
128 116 139251 4169206484
128 117 139250 4169206484
128 118 139250 4169206484
128 119 139251 4169206484
128 120 139251 4169206484
128 121 139250 4169206484
128 122 139250 4169206484
128 123 139251 4169206484
128 124 139251 4169206484
128 125 139250 4169206484
128 126 139250 4169206484
128 127 139250 4169206484
128 128 139251 4169206484
128 129 139251 4169206484
128 130 139250 4169206484
128 131 139250 4169206484
128 132 139251 4169206484
128 133 139251 4169206484
128 134 139250 4169206484
128 135 139250 4169206484
128 136 139251 4169206484
128 137 139251 4169206484
128 138 139250 4169206484
128 139 139250 4169206484
128 140 139251 4169206484
128 141 139251 4169206484
128 142 139250 4169206484
128 143 139250 4169206484
128 144 139251 4169206484
128 145 139251 4169206484
128 146 139250 4169206484
128 147 139250 4169206484
128 148 139250 4169206484
128 149 139251 4169206484
128 150 139251 4169206484
128 151 139250 4169206484
128 152 139251 4169206484
128 153 139250 4169206484
128 154 139251 4169206484
128 155 139250 4169206484
128 156 140933 4169206484
128 157 139250 4169206484
128 158 139243 4169206484
128 159 139243 4169206484
128 160 139243 4169206484
128 161 139249 4169206484
128 162 139248 4169206484
128 163 139237 4169206484
128 164 139237 4169206484
128 165 139248 4169206484
128 166 139238 4169206484
128 167 139250 4169206484
128 168 139242 4169206484
128 169 139248 4169206484
128 170 139244 4169206484
128 171 139252 4169206484
128 172 139243 4169206484
128 173 139245 4169206484
128 174 139248 4169206484
128 175 139246 4169206484
128 176 139243 4169206484
128 177 139244 4169206484
128 178 139245 4169206484
128 179 139248 4169206484
128 180 139246 4169206484
128 181 139243 4169206484
128 182 139243 4169206484
128 183 139243 4169206484
128 184 139241 4169206484
128 185 139242 4169206484
128 186 139244 4169206484
128 187 139245 4169206484
128 188 139245 4169206484
128 189 139245 4169206484
128 190 139243 4169206484
128 191 139246 4169206484
128 192 139245 4169206484
128 193 139245 4169206484
128 194 139243 4169206484
128 195 139246 4169206484
128 196 139245 4169206484
128 197 139245 4169206484
128 198 139245 4169206484
128 199 139244 4169206484
128 200 139244 4169206484
128 201 139245 4169206484
128 202 139245 4169206484
128 203 139244 4169206484
128 204 139244 4169206484
128 205 139245 4169206484
128 206 139245 4169206484
128 207 139244 4169206484
128 208 139244 4169206484
128 209 139245 4169206484
128 210 139245 4169206484
128 211 140968 4169206484
128 212 139240 4169206484
128 213 139242 4169206484
128 214 139241 4169206484
128 215 139247 4169206484
128 216 139253 4169206484
128 217 139246 4169206484
128 218 139247 4169206484
128 219 139247 4169206484
128 220 139251 4169206484
128 221 139241 4169206484
128 222 139244 4169206484
128 223 139244 4169206484
128 224 139241 4169206484
128 225 139247 4169206484
128 226 139247 4169206484
128 227 139247 4169206484
128 228 139247 4169206484
128 229 139255 4169206484
128 230 139248 4169206484
128 231 139244 4169206484
128 232 139243 4169206484
128 233 139247 4169206484
128 234 139248 4169206484
128 235 139247 4169206484
128 236 139246 4169206484
128 237 139244 4169206484
128 238 139248 4169206484
128 239 139246 4169206484
128 240 139245 4169206484
128 241 139250 4169206484
128 242 139248 4169206484
128 243 139251 4169206484
128 244 139245 4169206484
128 245 139244 4169206484
128 246 139244 4169206484
128 247 139245 4169206484
128 248 139245 4169206484
128 249 139245 4169206484
128 250 139244 4169206484
128 251 139244 4169206484
128 252 139245 4169206484
128 253 139245 4169206484
128 254 139243 4169206484
128 255 139246 4169206484
128 256 139245 4169206484
128 257 139245 4169206484
128 258 139243 4169206484
128 259 139246 4169206484
128 260 139245 4169206484
128 261 139245 4169206484
128 262 140902 4169206484
128 263 139244 4169206484
128 264 139245 4169206484
128 265 139252 4169206484
128 266 139252 4169206484
128 267 139255 4169206484
128 268 139248 4169206484
128 269 139244 4169206484
128 270 139243 4169206484
128 271 139247 4169206484
128 272 139248 4169206484
128 273 139247 4169206484
128 274 139246 4169206484
128 275 139245 4169206484
128 276 139244 4169206484
128 277 139244 4169206484
128 278 139244 4169206484
128 279 139244 4169206484
128 280 139242 4169206484
128 281 139242 4169206484
128 282 139244 4169206484
128 283 139244 4169206484
128 284 139243 4169206484
128 285 139246 4169206484
128 286 139245 4169206484
128 287 139245 4169206484
128 288 139244 4169206484
128 289 139244 4169206484
128 290 139245 4169206484
128 291 139245 4169206484
128 292 139243 4169206484
128 293 139246 4169206484
128 294 139245 4169206484
128 295 139245 4169206484
128 296 139244 4169206484
128 297 139244 4169206484
128 298 139245 4169206484
128 299 139245 4169206484
128 300 139245 4169206484
128 301 139243 4169206484
128 302 139246 4169206484
128 303 139245 4169206484
128 304 139245 4169206484
128 305 139243 4169206484
128 306 139246 4169206484
128 307 139245 4169206484
128 308 139245 4169206484
128 309 139244 4169206484
128 310 139244 4169206484
128 311 139245 4169206484
128 312 139245 4169206484
128 313 139244 4169206484
128 314 139244 4169206484
128 315 139245 4169206484
128 316 139245 4169206484
128 317 140932 4169206484
128 318 139241 4169206484
128 319 139248 4169206484
128 320 139248 4169206484
128 321 139248 4169206484
128 322 139251 4169206484
128 323 139248 4169206484
128 324 139246 4169206484
128 325 139246 4169206484
128 326 139244 4169206484
128 327 139246 4169206484
128 328 139244 4169206484
128 329 139245 4169206484
128 330 139247 4169206484
128 331 139243 4169206484
128 332 139246 4169206484
128 333 139245 4169206484
128 334 139245 4169206484
128 335 139243 4169206484
128 336 139246 4169206484
128 337 139245 4169206484
128 338 139245 4169206484
128 339 139243 4169206484
128 340 139246 4169206484
128 341 139245 4169206484
128 342 139245 4169206484
128 343 139244 4169206484
128 344 139244 4169206484
128 345 139245 4169206484
128 346 139245 4169206484
128 347 139243 4169206484
128 348 139246 4169206484
128 349 139245 4169206484
128 350 139245 4169206484
128 351 139245 4169206484
128 352 139245 4169206484
128 353 139245 4169206484
128 354 139245 4169206484
128 355 139245 4169206484
128 356 139244 4169206484
128 357 139244 4169206484
128 358 139245 4169206484
128 359 139245 4169206484
128 360 139243 4169206484
128 361 139246 4169206484
128 362 139245 4169206484
128 363 139245 4169206484
128 364 139243 4169206484
128 365 139246 4169206484
128 366 139245 4169206484
128 367 139245 4169206484
128 368 140864 4169206484
128 369 139245 4169206484
128 370 139251 4169206484
128 371 139252 4169206484
128 372 139253 4169206484
128 373 139249 4169206484
128 374 139247 4169206484
128 375 139247 4169206484
128 376 139247 4169206484
128 377 139248 4169206484
128 378 139247 4169206484
128 379 139247 4169206484
128 380 139247 4169206484
128 381 139247 4169206484
128 382 139255 4169206484
128 383 139248 4169206484
128 384 139244 4169206484
128 385 139243 4169206484
128 386 139247 4169206484
128 387 139248 4169206484
128 388 139247 4169206484
128 389 139246 4169206484
128 390 139251 4169206484
128 391 139250 4169206484
128 392 139251 4169206484
128 393 139250 4169206484
128 394 139250 4169206484
128 395 139251 4169206484
128 396 139251 4169206484
128 397 139250 4169206484
128 398 139250 4169206484
128 399 139251 4169206484
128 400 139251 4169206484
128 401 139250 4169206484
128 402 139250 4169206484
128 403 139250 4169206484
128 404 139251 4169206484
128 405 139251 4169206484
128 406 139250 4169206484
128 407 139251 4169206484
128 408 139250 4169206484
128 409 139251 4169206484
128 410 139250 4169206484
128 411 139251 4169206484
128 412 139250 4169206484
128 413 139251 4169206484
128 414 139250 4169206484
128 415 139250 4169206484
128 416 139251 4169206484
128 417 139251 4169206484
128 418 139250 4169206484
128 419 139251 4169206484
128 420 139250 4169206484
128 421 139251 4169206484
128 422 139250 4169206484
128 423 139250 4169206484
128 424 139255 4169206484
128 425 139248 4169206484
128 426 139244 4169206484
128 427 139243 4169206484
128 428 139247 4169206484
128 429 139248 4169206484
128 430 139247 4169206484
128 431 139246 4169206484
128 432 139245 4169206484
128 433 139242 4169206484
128 434 139241 4169206484
128 435 139248 4169206484
128 436 139251 4169206484
128 437 139255 4169206484
128 438 139248 4169206484
128 439 139244 4169206484
128 440 139243 4169206484
128 441 139249 4169206484
128 442 139243 4169206484
128 443 139243 4169206484
128 444 139243 4169206484
128 445 139249 4169206484
128 446 139243 4169206484
128 447 139243 4169206484
128 448 139243 4169206484
128 449 139247 4169206484
128 450 139248 4169206484
128 451 139248 4169206484
128 452 139246 4169206484
128 453 139247 4169206484
128 454 139252 4169206484
128 455 139251 4169206484
128 456 139251 4169206484
128 457 139249 4169206484
128 458 139250 4169206484
128 459 139251 4169206484
128 460 139251 4169206484
128 461 139250 4169206484
128 462 139250 4169206484
128 463 139251 4169206484
128 464 139251 4169206484
128 465 139248 4169206484
128 466 139250 4169206484
128 467 139251 4169206484
128 468 139251 4169206484
128 469 139250 4169206484
128 470 139250 4169206484
128 471 139251 4169206484
128 472 139251 4169206484
128 473 139250 4169206484
128 474 139250 4169206484
128 475 139251 4169206484
128 476 139250 4169206484
128 477 139251 4169206484
128 478 139250 4169206484
128 479 139250 4169206484
128 480 139251 4169206484
128 481 139251 4169206484
128 482 139250 4169206484
128 483 139250 4169206484
128 484 139249 4169206484
128 485 139250 4169206484
128 486 139247 4169206484
128 487 139247 4169206484
128 488 139247 4169206484
128 489 139246 4169206484
128 490 139251 4169206484
128 491 139251 4169206484
128 492 139255 4169206484
128 493 139248 4169206484
128 494 139244 4169206484
128 495 139243 4169206484
128 496 139247 4169206484
128 497 139248 4169206484
128 498 139247 4169206484
128 499 139246 4169206484
128 500 139244 4169206484
128 501 139248 4169206484
128 502 139246 4169206484
128 503 139245 4169206484
128 504 139245 4169206484
128 505 139244 4169206484
128 506 139248 4169206484
128 507 139250 4169206484
128 508 139249 4169206484
128 509 139249 4169206484
128 510 139250 4169206484
128 511 139247 4169206484
128 512 139247 4169206484
128 513 139247 4169206484
128 514 139246 4169206484
128 515 139251 4169206484
128 516 139251 4169206484
128 517 139255 4169206484
128 518 139248 4169206484
128 519 139244 4169206484
128 520 139243 4169206484
128 521 139249 4169206484
128 522 139243 4169206484
128 523 139243 4169206484
128 524 139243 4169206484
128 525 139243 4169206484
128 526 139247 4169206484
128 527 139248 4169206484
128 528 139248 4169206484
128 529 139246 4169206484
128 530 139252 4169206484
128 531 139251 4169206484
128 532 139251 4169206484
128 533 139249 4169206484
128 534 140911 4169206484
128 535 139245 4169206484
128 536 139241 4169206484
128 537 139244 4169206484
128 538 139249 4169206484
128 539 139241 4169206484
128 540 139247 4169206484
128 541 139247 4169206484
128 542 139247 4169206484
128 543 139255 4169206484
128 544 139248 4169206484
128 545 139244 4169206484
128 546 139243 4169206484
128 547 139247 4169206484
128 548 139248 4169206484
128 549 139247 4169206484
128 550 139246 4169206484
128 551 139244 4169206484
128 552 139248 4169206484
128 553 139246 4169206484
128 554 139245 4169206484
128 555 139245 4169206484
128 556 139243 4169206484
128 557 139248 4169206484
128 558 139250 4169206484
128 559 139249 4169206484
128 560 139249 4169206484
128 561 139250 4169206484
128 562 139247 4169206484
128 563 139247 4169206484
128 564 139247 4169206484
128 565 139246 4169206484
128 566 139251 4169206484
128 567 139251 4169206484
128 568 139247 4169206484
128 569 139247 4169206484
128 570 139247 4169206484
128 571 139247 4169206484
128 572 139255 4169206484
128 573 139248 4169206484
128 574 139244 4169206484
128 575 139243 4169206484
128 576 139243 4169206484
128 577 139247 4169206484
128 578 139248 4169206484
128 579 139247 4169206484
128 580 139246 4169206484
128 581 139244 4169206484
128 582 139248 4169206484
128 583 139246 4169206484
128 584 139245 4169206484
128 585 139251 4169206484
128 586 139245 4169206484
128 587 139251 4169206484
128 588 139251 4169206484
128 589 139251 4169206484
128 590 139249 4169206484
128 591 139250 4169206484
128 592 139247 4169206484
128 593 139247 4169206484
128 594 139247 4169206484
128 595 139246 4169206484
128 596 139251 4169206484
128 597 139251 4169206484
128 598 139255 4169206484
128 599 139248 4169206484
128 600 139244 4169206484
128 601 139243 4169206484
128 602 139247 4169206484
128 603 139248 4169206484
128 604 139247 4169206484
128 605 139246 4169206484
128 606 139245 4169206484
128 607 139242 4169206484
128 608 139241 4169206484
128 609 139248 4169206484
128 610 139251 4169206484
128 611 139255 4169206484
128 612 139248 4169206484
128 613 139244 4169206484
128 614 139243 4169206484
128 615 139249 4169206484
128 616 139243 4169206484
128 617 139243 4169206484
128 618 139243 4169206484
128 619 139249 4169206484
128 620 139243 4169206484
128 621 139243 4169206484
128 622 139243 4169206484
128 623 139249 4169206484
128 624 139243 4169206484
128 625 139243 4169206484
128 626 139243 4169206484
128 627 139243 4169206484
128 628 139247 4169206484
128 629 139248 4169206484
128 630 139248 4169206484
128 631 139246 4169206484
128 632 139244 4169206484
128 633 139248 4169206484
128 634 139246 4169206484
128 635 139245 4169206484
128 636 139243 4169206484
128 637 139248 4169206484
128 638 139250 4169206484
128 639 139249 4169206484
128 640 140928 4169206484
128 641 139246 4169206484
128 642 139244 4169206484
128 643 139245 4169206484
128 644 139245 4169206484
128 645 139243 4169206484
128 646 139246 4169206484
128 647 139245 4169206484
128 648 139245 4169206484
128 649 139244 4169206484
128 650 139244 4169206484
128 651 139245 4169206484
128 652 139245 4169206484
128 653 139243 4169206484
128 654 139246 4169206484
128 655 139245 4169206484
128 656 139245 4169206484
128 657 139245 4169206484
128 658 139243 4169206484
128 659 139246 4169206484
128 660 139245 4169206484
128 661 139245 4169206484
128 662 139244 4169206484
128 663 139244 4169206484
128 664 139245 4169206484
128 665 139245 4169206484
128 666 139243 4169206484
128 667 139246 4169206484
128 668 139245 4169206484
128 669 139245 4169206484
128 670 139244 4169206484
128 671 139244 4169206484
128 672 139245 4169206484
128 673 139245 4169206484
128 674 139244 4169206484
128 675 139244 4169206484
128 676 139245 4169206484
128 677 139245 4169206484
128 678 139245 4169206484
128 679 139243 4169206484
128 680 139246 4169206484
128 681 139245 4169206484
128 682 139245 4169206484
128 683 139243 4169206484
128 684 139246 4169206484
128 685 139245 4169206484
128 686 139245 4169206484
128 687 139243 4169206484
128 688 139246 4169206484
128 689 139245 4169206484
128 690 139245 4169206484
128 691 139244 4169206484
128 692 139244 4169206484
128 693 139245 4169206484
128 694 139245 4169206484
128 695 139245 4169206484
128 696 139242 4169206484
128 697 139248 4169206484
128 698 139251 4169206484
128 699 139251 4169206484
128 700 139255 4169206484
128 701 139248 4169206484
128 702 139244 4169206484
128 703 139243 4169206484
128 704 139247 4169206484
128 705 139248 4169206484
128 706 139247 4169206484
128 707 139246 4169206484
128 708 139245 4169206484
128 709 139245 4169206484
128 710 139244 4169206484
128 711 139244 4169206484
128 712 139244 4169206484
128 713 139244 4169206484
128 714 139245 4169206484
128 715 139246 4169206484
128 716 139245 4169206484
128 717 139243 4169206484
128 718 139246 4169206484
128 719 139245 4169206484
128 720 139245 4169206484
128 721 139243 4169206484
128 722 139246 4169206484
128 723 139245 4169206484
128 724 139245 4169206484
128 725 139244 4169206484
128 726 139244 4169206484
128 727 139245 4169206484
128 728 139245 4169206484
128 729 139245 4169206484
128 730 139244 4169206484
128 731 139244 4169206484
128 732 139245 4169206484
128 733 139245 4169206484
128 734 139249 4169206484
128 735 139250 4169206484
128 736 139247 4169206484
128 737 139247 4169206484
128 738 139247 4169206484
128 739 139246 4169206484
128 740 139251 4169206484
128 741 139251 4169206484
128 742 139255 4169206484
128 743 139248 4169206484
128 744 139244 4169206484
128 745 139243 4169206484
128 746 140860 4169206484
128 747 139245 4169206484
128 748 139243 4169206484
128 749 139243 4169206484
128 750 139247 4169206484
128 751 139253 4169206484
128 752 139251 4169206484
128 753 139243 4169206484
128 754 139247 4169206484
128 755 139250 4169206484
128 756 139247 4169206484
128 757 139248 4169206484
128 758 139248 4169206484
128 759 139248 4169206484
128 760 139253 4169206484
128 761 139251 4169206484
128 762 139243 4169206484
128 763 139247 4169206484
128 764 139244 4169206484
128 765 139244 4169206484
128 766 139245 4169206484
128 767 139245 4169206484
128 768 139249 4169206484
128 769 139250 4169206484
128 770 139247 4169206484
128 771 139247 4169206484
128 772 139247 4169206484
128 773 139246 4169206484
128 774 139251 4169206484
128 775 139251 4169206484
128 776 139255 4169206484
128 777 139248 4169206484
128 778 139244 4169206484
128 779 139243 4169206484
128 780 139243 4169206484
128 781 139247 4169206484
128 782 139248 4169206484
128 783 139247 4169206484
128 784 139246 4169206484
128 785 139251 4169206484
128 786 139250 4169206484
128 787 139251 4169206484
128 788 139250 4169206484
128 789 139254 4169206484
128 790 139253 4169206484
128 791 139246 4169206484
128 792 139246 4169206484
128 793 139252 4169206484
128 794 139251 4169206484
128 795 139251 4169206484
128 796 139249 4169206484
128 797 139252 4169206484
128 798 139251 4169206484
128 799 139251 4169206484
128 800 139249 4169206484
128 801 139249 4169206484
128 802 139250 4169206484
128 803 139251 4169206484
128 804 139251 4169206484
128 805 139250 4169206484
128 806 139250 4169206484
128 807 139251 4169206484
128 808 139251 4169206484
128 809 139250 4169206484
128 810 139250 4169206484
128 811 139251 4169206484
128 812 139250 4169206484
128 813 139251 4169206484
128 814 139250 4169206484
128 815 139250 4169206484
128 816 139251 4169206484
128 817 139251 4169206484
128 818 139250 4169206484
128 819 139251 4169206484
128 820 139250 4169206484
128 821 139251 4169206484
128 822 139250 4169206484
128 823 139250 4169206484
128 824 139251 4169206484
128 825 139251 4169206484
128 826 139250 4169206484
128 827 139251 4169206484
128 828 139250 4169206484
128 829 139251 4169206484
128 830 139250 4169206484
128 831 139250 4169206484
128 832 139254 4169206484
128 833 139253 4169206484
128 834 139246 4169206484
128 835 139246 4169206484
128 836 139244 4169206484
128 837 139247 4169206484
128 838 139246 4169206484
128 839 139245 4169206484
128 840 139250 4169206484
128 841 139248 4169206484
128 842 139251 4169206484
128 843 139245 4169206484
128 844 139243 4169206484
128 845 139246 4169206484
128 846 139245 4169206484
128 847 139245 4169206484
128 848 139243 4169206484
128 849 139246 4169206484
128 850 139245 4169206484
128 851 139245 4169206484
128 852 139245 4169206484
128 853 139243 4169206484
128 854 139246 4169206484
128 855 139245 4169206484
128 856 139245 4169206484
128 857 139243 4169206484
128 858 139246 4169206484
128 859 139245 4169206484
128 860 139245 4169206484
128 861 139245 4169206484
128 862 139244 4169206484
128 863 139244 4169206484
128 864 139245 4169206484
128 865 139245 4169206484
128 866 139243 4169206484
128 867 139246 4169206484
128 868 139245 4169206484
128 869 139245 4169206484
128 870 139241 4169206484
128 871 139241 4169206484
128 872 139242 4169206484
128 873 139242 4169206484
128 874 139249 4169206484
128 875 139250 4169206484
128 876 139247 4169206484
128 877 139247 4169206484
128 878 139247 4169206484
128 879 139246 4169206484
128 880 139251 4169206484
128 881 139251 4169206484
128 882 139251 4169206484
128 883 139247 4169206484
128 884 139247 4169206484
128 885 139247 4169206484
128 886 139247 4169206484
128 887 139255 4169206484
128 888 139248 4169206484
128 889 139244 4169206484
128 890 139243 4169206484
128 891 139249 4169206484
128 892 139243 4169206484
128 893 139243 4169206484
128 894 139243 4169206484
128 895 139247 4169206484
128 896 139248 4169206484
128 897 139248 4169206484
128 898 139246 4169206484
128 899 139244 4169206484
128 900 139248 4169206484
128 901 139246 4169206484
128 902 139245 4169206484
128 903 139245 4169206484
128 904 139244 4169206484
128 905 139248 4169206484
128 906 139250 4169206484
128 907 139249 4169206484
128 908 139249 4169206484
128 909 139250 4169206484
128 910 139247 4169206484
128 911 139247 4169206484
128 912 140934 4169206484
128 913 139248 4169206484
128 914 139251 4169206484
128 915 139243 4169206484
128 916 139247 4169206484
128 917 139250 4169206484
128 918 139247 4169206484
128 919 139248 4169206484
128 920 139248 4169206484
128 921 139253 4169206484
128 922 139251 4169206484
128 923 139243 4169206484
128 924 139247 4169206484
128 925 139244 4169206484
128 926 139244 4169206484
128 927 139245 4169206484
128 928 139245 4169206484
128 929 139249 4169206484
128 930 139250 4169206484
128 931 139247 4169206484
128 932 139247 4169206484
128 933 139249 4169206484
128 934 139247 4169206484
128 935 139246 4169206484
128 936 139251 4169206484
128 937 139251 4169206484
128 938 139255 4169206484
128 939 139248 4169206484
128 940 139244 4169206484
128 941 139243 4169206484
128 942 139249 4169206484
128 943 139243 4169206484
128 944 139243 4169206484
128 945 139243 4169206484
128 946 139247 4169206484
128 947 139248 4169206484
128 948 139248 4169206484
128 949 139246 4169206484
128 950 139244 4169206484
128 951 139248 4169206484
128 952 139246 4169206484
128 953 139245 4169206484
128 954 139245 4169206484
128 955 139244 4169206484
128 956 139248 4169206484
128 957 139250 4169206484
128 958 139249 4169206484
128 959 139249 4169206484
128 960 139250 4169206484
128 961 139247 4169206484
128 962 139247 4169206484
128 963 140893 4169206484
128 964 139246 4169206484
128 965 139246 4169206484
128 966 139246 4169206484
128 967 139246 4169206484
128 968 139247 4169206484
128 969 139247 4169206484
128 970 139247 4169206484
128 971 139247 4169206484
128 972 139248 4169206484
128 973 139247 4169206484
128 974 139247 4169206484
128 975 139247 4169206484
128 976 139255 4169206484
128 977 139248 4169206484
128 978 139244 4169206484
128 979 139243 4169206484
128 980 139247 4169206484
128 981 139248 4169206484
128 982 139247 4169206484
128 983 139246 4169206484
128 984 139245 4169206484
128 985 139246 4169206484
128 986 139245 4169206484
128 987 139245 4169206484
128 988 139245 4169206484
128 989 139244 4169206484
128 990 139248 4169206484
128 991 139246 4169206484
128 992 139245 4169206484
128 993 139243 4169206484
128 994 139248 4169206484
128 995 139250 4169206484
128 996 139249 4169206484
128 997 139249 4169206484
128 998 139250 4169206484
128 999 139247 4169206484
