128 0 149152 4169206484
128 1 142312 4169206484
128 2 139245 4169206484
128 3 139247 4169206484
128 4 139372 4169206484
128 5 139245 4169206484
128 6 139245 4169206484
128 7 139245 4169206484
128 8 139245 4169206484
128 9 139244 4169206484
128 10 139244 4169206484
128 11 139245 4169206484
128 12 139245 4169206484
128 13 139244 4169206484
128 14 139244 4169206484
128 15 139245 4169206484
128 16 139245 4169206484
128 17 139243 4169206484
128 18 139246 4169206484
128 19 139245 4169206484
128 20 139245 4169206484
128 21 139245 4169206484
128 22 139243 4169206484
128 23 139246 4169206484
128 24 139245 4169206484
128 25 139245 4169206484
128 26 139243 4169206484
128 27 139246 4169206484
128 28 139245 4169206484
128 29 139245 4169206484
128 30 140923 4169206484
128 31 139244 4169206484
128 32 139250 4169206484
128 33 139250 4169206484
128 34 139251 4169206484
128 35 139246 4169206484
128 36 139247 4169206484
128 37 139246 4169206484
128 38 139243 4169206484
128 39 139244 4169206484
128 40 139245 4169206484
128 41 139248 4169206484
128 42 139246 4169206484
128 43 139243 4169206484
128 44 139248 4169206484
128 45 139248 4169206484
128 46 139245 4169206484
128 47 139243 4169206484
128 48 139249 4169206484
128 49 139251 4169206484
128 50 139243 4169206484
128 51 139247 4169206484
128 52 139246 4169206484
128 53 139240 4169206484
128 54 139241 4169206484
128 55 139247 4169206484
128 56 139247 4169206484
128 57 139255 4169206484
128 58 139248 4169206484
128 59 139244 4169206484
128 60 139243 4169206484
128 61 139243 4169206484
128 62 139247 4169206484
128 63 139248 4169206484
128 64 139247 4169206484
128 65 139246 4169206484
128 66 139251 4169206484
128 67 139250 4169206484
128 68 139251 4169206484
128 69 139250 4169206484
128 70 139250 4169206484
128 71 139251 4169206484
128 72 139251 4169206484
128 73 139250 4169206484
128 74 139250 4169206484
128 75 139255 4169206484
128 76 139248 4169206484
128 77 139244 4169206484
128 78 139243 4169206484
128 79 139247 4169206484
128 80 139248 4169206484
128 81 139247 4169206484
128 82 139246 4169206484
128 83 140919 4169206484
128 84 139246 4169206484
128 85 139244 4169206484
128 86 139245 4169206484
128 87 139245 4169206484
128 88 139244 4169206484
128 89 139244 4169206484
128 90 139245 4169206484
128 91 139245 4169206484
128 92 139245 4169206484
128 93 139243 4169206484
128 94 139246 4169206484
128 95 139245 4169206484
128 96 139245 4169206484
128 97 139244 4169206484
128 98 139244 4169206484
128 99 139245 4169206484
128 100 139245 4169206484
128 101 139244 4169206484
128 102 139244 4169206484
128 103 139245 4169206484
128 104 139245 4169206484
128 105 139243 4169206484
128 106 139246 4169206484
128 107 139245 4169206484
128 108 139245 4169206484
128 109 139243 4169206484
128 110 139246 4169206484
128 111 139245 4169206484
128 112 139245 4169206484
128 113 139245 4169206484
128 114 139244 4169206484
128 115 139244 4169206484
128 116 139245 4169206484
128 117 139245 4169206484
128 118 139243 4169206484
128 119 139246 4169206484
128 120 139245 4169206484
128 121 139245 4169206484
128 122 139245 4169206484
128 123 139243 4169206484
128 124 139246 4169206484
128 125 139245 4169206484
128 126 139245 4169206484
128 127 139244 4169206484
128 128 139244 4169206484
128 129 139245 4169206484
128 130 139245 4169206484
128 131 139243 4169206484
128 132 139246 4169206484
128 133 139245 4169206484
128 134 139245 4169206484
128 135 139244 4169206484
128 136 139244 4169206484
128 137 139245 4169206484
128 138 139245 4169206484
128 139 139243 4169206484
128 140 139246 4169206484
128 141 139245 4169206484
128 142 139245 4169206484
128 143 139245 4169206484
128 144 139244 4169206484
128 145 139244 4169206484
128 146 139245 4169206484
128 147 139245 4169206484
128 148 139243 4169206484
128 149 139246 4169206484
128 150 139245 4169206484
128 151 139245 4169206484
128 152 139243 4169206484
128 153 139246 4169206484
128 154 139245 4169206484
128 155 139245 4169206484
128 156 139244 4169206484
128 157 139244 4169206484
128 158 139245 4169206484
128 159 139245 4169206484
128 160 139243 4169206484
128 161 139246 4169206484
128 162 139245 4169206484
128 163 139245 4169206484
128 164 139245 4169206484
128 165 139243 4169206484
128 166 139246 4169206484
128 167 139245 4169206484
128 168 139245 4169206484
128 169 139244 4169206484
128 170 139244 4169206484
128 171 139245 4169206484
128 172 139245 4169206484
128 173 140913 4169206484
128 174 139242 4169206484
128 175 139247 4169206484
128 176 139247 4169206484
128 177 139247 4169206484
128 178 139255 4169206484
128 179 139248 4169206484
128 180 139244 4169206484
128 181 139243 4169206484
128 182 139247 4169206484
128 183 139248 4169206484
128 184 139247 4169206484
128 185 139246 4169206484
128 186 139251 4169206484
128 187 139250 4169206484
128 188 139251 4169206484
128 189 139250 4169206484
128 190 139250 4169206484
128 191 139251 4169206484
128 192 139251 4169206484
128 193 139250 4169206484
128 194 139250 4169206484
128 195 139251 4169206484
128 196 139250 4169206484
128 197 139251 4169206484
128 198 139250 4169206484
128 199 139251 4169206484
128 200 139250 4169206484
128 201 139251 4169206484
128 202 139250 4169206484
128 203 139250 4169206484
128 204 139251 4169206484
128 205 139251 4169206484
128 206 139250 4169206484
128 207 139250 4169206484
128 208 139251 4169206484
128 209 139251 4169206484
128 210 139250 4169206484
128 211 139250 4169206484
128 212 139251 4169206484
128 213 139251 4169206484
128 214 139250 4169206484
128 215 139250 4169206484
128 216 139251 4169206484
128 217 139250 4169206484
128 218 139251 4169206484
128 219 139250 4169206484
128 220 139251 4169206484
128 221 139250 4169206484
128 222 139251 4169206484
128 223 139250 4169206484
128 224 140887 4169206484
128 225 139245 4169206484
128 226 139249 4169206484
128 227 139249 4169206484
128 228 139249 4169206484
128 229 139249 4169206484
128 230 139246 4169206484
128 231 139246 4169206484
128 232 139246 4169206484
128 233 139248 4169206484
128 234 139247 4169206484
128 235 139247 4169206484
128 236 139247 4169206484
128 237 139255 4169206484
128 238 139248 4169206484
128 239 139244 4169206484
128 240 139243 4169206484
128 241 139247 4169206484
128 242 139248 4169206484
128 243 139247 4169206484
128 244 139246 4169206484
128 245 139245 4169206484
128 246 139242 4169206484
128 247 139241 4169206484
128 248 139248 4169206484
128 249 139251 4169206484
128 250 139247 4169206484
128 251 139247 4169206484
128 252 139247 4169206484
128 253 139247 4169206484
128 254 139255 4169206484
128 255 139248 4169206484
128 256 139244 4169206484
128 257 139243 4169206484
128 258 139243 4169206484
128 259 139243 4169206484
128 260 139243 4169206484
128 261 139243 4169206484
128 262 139247 4169206484
128 263 139247 4169206484
128 264 139248 4169206484
128 265 139246 4169206484
128 266 139247 4169206484
128 267 139252 4169206484
128 268 139251 4169206484
128 269 139251 4169206484
128 270 139249 4169206484
128 271 139250 4169206484
128 272 139251 4169206484
128 273 139251 4169206484
128 274 139250 4169206484
128 275 139250 4169206484
128 276 139251 4169206484
128 277 139251 4169206484
128 278 139250 4169206484
128 279 140946 4169206484
128 280 139244 4169206484
128 281 139246 4169206484
128 282 139241 4169206484
128 283 139241 4169206484
128 284 139249 4169206484
128 285 139250 4169206484
128 286 139247 4169206484
128 287 139247 4169206484
128 288 139247 4169206484
128 289 139246 4169206484
128 290 139251 4169206484
128 291 139251 4169206484
128 292 139247 4169206484
128 293 139247 4169206484
128 294 139247 4169206484
128 295 139247 4169206484
128 296 139247 4169206484
128 297 139255 4169206484
128 298 139248 4169206484
128 299 139244 4169206484
128 300 139243 4169206484
128 301 139249 4169206484
128 302 139243 4169206484
128 303 139243 4169206484
128 304 139243 4169206484
128 305 139247 4169206484
128 306 139248 4169206484
128 307 139248 4169206484
128 308 139246 4169206484
128 309 139244 4169206484
128 310 139248 4169206484
128 311 139246 4169206484
128 312 139245 4169206484
128 313 139250 4169206484
128 314 139248 4169206484
128 315 139251 4169206484
128 316 139245 4169206484
128 317 139245 4169206484
128 318 139243 4169206484
128 319 139246 4169206484
128 320 139245 4169206484
128 321 139245 4169206484
128 322 139244 4169206484
128 323 139244 4169206484
128 324 139245 4169206484
128 325 139245 4169206484
128 326 139241 4169206484
128 327 139241 4169206484
128 328 139242 4169206484
128 329 139242 4169206484
128 330 140904 4169206484
128 331 139244 4169206484
128 332 139244 4169206484
128 333 139244 4169206484
128 334 139244 4169206484
128 335 139246 4169206484
128 336 139248 4169206484
128 337 139239 4169206484
128 338 139248 4169206484
128 339 139249 4169206484
128 340 139250 4169206484
128 341 139247 4169206484
128 342 139247 4169206484
128 343 139247 4169206484
128 344 139246 4169206484
128 345 139251 4169206484
128 346 139251 4169206484
128 347 139251 4169206484
128 348 139247 4169206484
128 349 139247 4169206484
128 350 139247 4169206484
128 351 139247 4169206484
128 352 139248 4169206484
128 353 139247 4169206484
128 354 139247 4169206484
128 355 139247 4169206484
128 356 139255 4169206484
128 357 139248 4169206484
128 358 139244 4169206484
128 359 139243 4169206484
128 360 139249 4169206484
128 361 139243 4169206484
128 362 139243 4169206484
128 363 139243 4169206484
128 364 139247 4169206484
128 365 139248 4169206484
128 366 139248 4169206484
128 367 139246 4169206484
128 368 139247 4169206484
128 369 139244 4169206484
128 370 139248 4169206484
128 371 139246 4169206484
128 372 139245 4169206484
128 373 139250 4169206484
128 374 139248 4169206484
128 375 139251 4169206484
128 376 139245 4169206484
128 377 139243 4169206484
128 378 139246 4169206484
128 379 139245 4169206484
128 380 139245 4169206484
128 381 139243 4169206484
128 382 139246 4169206484
128 383 139245 4169206484
128 384 139245 4169206484
128 385 140905 4169206484
128 386 139243 4169206484
128 387 139249 4169206484
128 388 139243 4169206484
128 389 139243 4169206484
128 390 139249 4169206484
128 391 139250 4169206484
128 392 139250 4169206484
128 393 139250 4169206484
128 394 139249 4169206484
128 395 139249 4169206484
128 396 139249 4169206484
128 397 139249 4169206484
128 398 139249 4169206484
128 399 139249 4169206484
128 400 139249 4169206484
128 401 139249 4169206484
128 402 139249 4169206484
128 403 139250 4169206484
128 404 139250 4169206484
128 405 139250 4169206484
128 406 139250 4169206484
128 407 139249 4169206484
128 408 139249 4169206484
128 409 139249 4169206484
128 410 139249 4169206484
128 411 139249 4169206484
128 412 139249 4169206484
128 413 139249 4169206484
128 414 139249 4169206484
128 415 139249 4169206484
128 416 139249 4169206484
128 417 139249 4169206484
128 418 139249 4169206484
128 419 139249 4169206484
128 420 139249 4169206484
128 421 139249 4169206484
128 422 139249 4169206484
128 423 139249 4169206484
128 424 139249 4169206484
128 425 139249 4169206484
128 426 139249 4169206484
128 427 139249 4169206484
128 428 139249 4169206484
128 429 139249 4169206484
128 430 139249 4169206484
128 431 139249 4169206484
128 432 139249 4169206484
128 433 139249 4169206484
128 434 139249 4169206484
128 435 139249 4169206484
128 436 140972 4169206484
128 437 139250 4169206484
128 438 139253 4169206484
128 439 139247 4169206484
128 440 139245 4169206484
128 441 139249 4169206484
128 442 139250 4169206484
128 443 139247 4169206484
128 444 139247 4169206484
128 445 139247 4169206484
128 446 139246 4169206484
128 447 139251 4169206484
128 448 139251 4169206484
128 449 139251 4169206484
128 450 139255 4169206484
128 451 139248 4169206484
128 452 139244 4169206484
128 453 139243 4169206484
128 454 139243 4169206484
128 455 139243 4169206484
128 456 139243 4169206484
128 457 139243 4169206484
128 458 139247 4169206484
128 459 139248 4169206484
128 460 139248 4169206484
128 461 139246 4169206484
128 462 139252 4169206484
128 463 139251 4169206484
128 464 139252 4169206484
128 465 139251 4169206484
128 466 139252 4169206484
128 467 139251 4169206484
128 468 139251 4169206484
128 469 139249 4169206484
128 470 139252 4169206484
128 471 139250 4169206484
128 472 139249 4169206484
128 473 139251 4169206484
128 474 139250 4169206484
128 475 139250 4169206484
128 476 139251 4169206484
128 477 139251 4169206484
128 478 139250 4169206484
128 479 139250 4169206484
128 480 139251 4169206484
128 481 139251 4169206484
128 482 139250 4169206484
128 483 139250 4169206484
128 484 139251 4169206484
128 485 139251 4169206484
128 486 139250 4169206484
128 487 139250 4169206484
128 488 139251 4169206484
128 489 139251 4169206484
128 490 139250 4169206484
128 491 139250 4169206484
128 492 139250 4169206484
128 493 139250 4169206484
128 494 139251 4169206484
128 495 139250 4169206484
128 496 139250 4169206484
128 497 139251 4169206484
128 498 139251 4169206484
128 499 139250 4169206484
128 500 139250 4169206484
128 501 139251 4169206484
128 502 139250 4169206484
128 503 139251 4169206484
128 504 139250 4169206484
128 505 139250 4169206484
128 506 139251 4169206484
128 507 139251 4169206484
128 508 139250 4169206484
128 509 139251 4169206484
128 510 139250 4169206484
128 511 139251 4169206484
128 512 139250 4169206484
128 513 139250 4169206484
128 514 139251 4169206484
128 515 139251 4169206484
128 516 139250 4169206484
128 517 139250 4169206484
128 518 139251 4169206484
128 519 139251 4169206484
128 520 139250 4169206484
128 521 139250 4169206484
128 522 139247 4169206484
128 523 139246 4169206484
128 524 139247 4169206484
128 525 139247 4169206484
128 526 139255 4169206484
128 527 139248 4169206484
128 528 139244 4169206484
128 529 139243 4169206484
128 530 139247 4169206484
128 531 139248 4169206484
128 532 139247 4169206484
128 533 139246 4169206484
128 534 139244 4169206484
128 535 139248 4169206484
128 536 139246 4169206484
128 537 139245 4169206484
128 538 139250 4169206484
128 539 139248 4169206484
128 540 139251 4169206484
128 541 139245 4169206484
128 542 139245 4169206484
128 543 139244 4169206484
128 544 139244 4169206484
128 545 139245 4169206484
128 546 139245 4169206484
128 547 139243 4169206484
128 548 139246 4169206484
128 549 139245 4169206484
128 550 139245 4169206484
128 551 139245 4169206484
128 552 139243 4169206484
128 553 139244 4169206484
128 554 139244 4169206484
128 555 139245 4169206484
128 556 139244 4169206484
128 557 139244 4169206484
128 558 139245 4169206484
128 559 139245 4169206484
128 560 139243 4169206484
128 561 139246 4169206484
128 562 139245 4169206484
128 563 139245 4169206484
128 564 139243 4169206484
128 565 139246 4169206484
128 566 139245 4169206484
128 567 139245 4169206484
128 568 139244 4169206484
128 569 139244 4169206484
128 570 139245 4169206484
128 571 139245 4169206484
128 572 139245 4169206484
128 573 139243 4169206484
128 574 139246 4169206484
128 575 139245 4169206484
128 576 139245 4169206484
128 577 139244 4169206484
128 578 139244 4169206484
128 579 139245 4169206484
128 580 139245 4169206484
128 581 139244 4169206484
128 582 139244 4169206484
128 583 139245 4169206484
128 584 139245 4169206484
128 585 139243 4169206484
128 586 139246 4169206484
128 587 139245 4169206484
128 588 139245 4169206484
128 589 139243 4169206484
128 590 139246 4169206484
128 591 139245 4169206484
128 592 139245 4169206484
128 593 139245 4169206484
128 594 139244 4169206484
128 595 139244 4169206484
128 596 139245 4169206484
128 597 139245 4169206484
128 598 139243 4169206484
128 599 139246 4169206484
128 600 139245 4169206484
128 601 139245 4169206484
128 602 140918 4169206484
128 603 139245 4169206484
128 604 139243 4169206484
128 605 139244 4169206484
128 606 139246 4169206484
128 607 139252 4169206484
128 608 139241 4169206484
128 609 139246 4169206484
128 610 139243 4169206484
128 611 139246 4169206484
128 612 139244 4169206484
128 613 139243 4169206484
128 614 139246 4169206484
128 615 139243 4169206484
128 616 139245 4169206484
128 617 139245 4169206484
128 618 139245 4169206484
128 619 139243 4169206484
128 620 139246 4169206484
128 621 139245 4169206484
128 622 139245 4169206484
128 623 139245 4169206484
128 624 139244 4169206484
128 625 139244 4169206484
128 626 139245 4169206484
128 627 139245 4169206484
128 628 139244 4169206484
128 629 139244 4169206484
128 630 139245 4169206484
128 631 139245 4169206484
128 632 139243 4169206484
128 633 139246 4169206484
128 634 139245 4169206484
128 635 139245 4169206484
128 636 139244 4169206484
128 637 139244 4169206484
128 638 139245 4169206484
128 639 139245 4169206484
128 640 139243 4169206484
128 641 139246 4169206484
128 642 139245 4169206484
128 643 139245 4169206484
128 644 139245 4169206484
128 645 139243 4169206484
128 646 139246 4169206484
128 647 139245 4169206484
128 648 139245 4169206484
128 649 139244 4169206484
128 650 139244 4169206484
128 651 139245 4169206484
128 652 139245 4169206484
128 653 139243 4169206484
128 654 139246 4169206484
128 655 139245 4169206484
128 656 139245 4169206484
128 657 139245 4169206484
128 658 139249 4169206484
128 659 139250 4169206484
128 660 139247 4169206484
128 661 139249 4169206484
128 662 139242 4169206484
128 663 139248 4169206484
128 664 139244 4169206484
128 665 139249 4169206484
128 666 139249 4169206484
128 667 139250 4169206484
128 668 139247 4169206484
128 669 139247 4169206484
128 670 139247 4169206484
128 671 139246 4169206484
128 672 139251 4169206484
128 673 139251 4169206484
128 674 139251 4169206484
128 675 139255 4169206484
128 676 139248 4169206484
128 677 139244 4169206484
128 678 139243 4169206484
128 679 139249 4169206484
128 680 139243 4169206484
128 681 139243 4169206484
128 682 139243 4169206484
128 683 139247 4169206484
128 684 139248 4169206484
128 685 139248 4169206484
128 686 139246 4169206484
128 687 139244 4169206484
128 688 139248 4169206484
128 689 139246 4169206484
128 690 139245 4169206484
128 691 139243 4169206484
128 692 139248 4169206484
128 693 139250 4169206484
128 694 139249 4169206484
128 695 139243 4169206484
128 696 139249 4169206484
128 697 139250 4169206484
128 698 139247 4169206484
128 699 139247 4169206484
128 700 139247 4169206484
128 701 139246 4169206484
128 702 139251 4169206484
128 703 139251 4169206484
128 704 139247 4169206484
128 705 139247 4169206484
128 706 139247 4169206484
128 707 139247 4169206484
128 708 140908 4169206484
128 709 139243 4169206484
128 710 139249 4169206484
128 711 139243 4169206484
128 712 139243 4169206484
128 713 139243 4169206484
128 714 139243 4169206484
128 715 139243 4169206484
128 716 139243 4169206484
128 717 139243 4169206484
128 718 139243 4169206484
128 719 139243 4169206484
128 720 139243 4169206484
128 721 139243 4169206484
128 722 139243 4169206484
128 723 139243 4169206484
128 724 139243 4169206484
128 725 139243 4169206484
128 726 139247 4169206484
128 727 139247 4169206484
128 728 139247 4169206484
128 729 139247 4169206484
128 730 139248 4169206484
128 731 139247 4169206484
128 732 139247 4169206484
128 733 139247 4169206484
128 734 139255 4169206484
128 735 139248 4169206484
128 736 139244 4169206484
128 737 139243 4169206484
128 738 139249 4169206484
128 739 139243 4169206484
128 740 139243 4169206484
128 741 139243 4169206484
128 742 139249 4169206484
128 743 139243 4169206484
128 744 139243 4169206484
128 745 139243 4169206484
128 746 139243 4169206484
128 747 139243 4169206484
128 748 139243 4169206484
128 749 139243 4169206484
128 750 139243 4169206484
128 751 139249 4169206484
128 752 139243 4169206484
128 753 139243 4169206484
128 754 139243 4169206484
128 755 139247 4169206484
128 756 139248 4169206484
128 757 139248 4169206484
128 758 139246 4169206484
128 759 139244 4169206484
128 760 139248 4169206484
128 761 139246 4169206484
128 762 139245 4169206484
128 763 139245 4169206484
128 764 139242 4169206484
128 765 139245 4169206484
128 766 139243 4169206484
128 767 139250 4169206484
128 768 139251 4169206484
128 769 139246 4169206484
128 770 139247 4169206484
128 771 139247 4169206484
128 772 139242 4169206484
128 773 139246 4169206484
128 774 139245 4169206484
128 775 139245 4169206484
128 776 139245 4169206484
128 777 139243 4169206484
128 778 139246 4169206484
128 779 139245 4169206484
128 780 139245 4169206484
128 781 139243 4169206484
128 782 139246 4169206484
128 783 139245 4169206484
128 784 139245 4169206484
128 785 139243 4169206484
128 786 139246 4169206484
128 787 139245 4169206484
128 788 139245 4169206484
128 789 139243 4169206484
128 790 139246 4169206484
128 791 139245 4169206484
128 792 139245 4169206484
128 793 139241 4169206484
128 794 139241 4169206484
128 795 139242 4169206484
128 796 139242 4169206484
128 797 139242 4169206484
128 798 139249 4169206484
128 799 139250 4169206484
128 800 139247 4169206484
128 801 139247 4169206484
128 802 139247 4169206484
128 803 139246 4169206484
128 804 139251 4169206484
128 805 139251 4169206484
128 806 139255 4169206484
128 807 139248 4169206484
128 808 139244 4169206484
128 809 139243 4169206484
128 810 139249 4169206484
128 811 139243 4169206484
128 812 139243 4169206484
128 813 139243 4169206484
128 814 140865 4169206484
128 815 139242 4169206484
128 816 139248 4169206484
128 817 139243 4169206484
128 818 139243 4169206484
128 819 139255 4169206484
128 820 139248 4169206484
128 821 139244 4169206484
128 822 139243 4169206484
128 823 139247 4169206484
128 824 139248 4169206484
128 825 139247 4169206484
128 826 139246 4169206484
128 827 139245 4169206484
128 828 139245 4169206484
128 829 139244 4169206484
128 830 139244 4169206484
128 831 139244 4169206484
128 832 139241 4169206484
128 833 139248 4169206484
128 834 139241 4169206484
128 835 139248 4169206484
128 836 139247 4169206484
128 837 139248 4169206484
128 838 139248 4169206484
128 839 139246 4169206484
128 840 139252 4169206484
128 841 139251 4169206484
128 842 139251 4169206484
128 843 139249 4169206484
128 844 139250 4169206484
128 845 139251 4169206484
128 846 139251 4169206484
128 847 139250 4169206484
128 848 139250 4169206484
128 849 139250 4169206484
128 850 139251 4169206484
128 851 139251 4169206484
128 852 139250 4169206484
128 853 139254 4169206484
128 854 139253 4169206484
128 855 139246 4169206484
128 856 139246 4169206484
128 857 139246 4169206484
128 858 139244 4169206484
128 859 139246 4169206484
128 860 139245 4169206484
128 861 139244 4169206484
128 862 139248 4169206484
128 863 139246 4169206484
128 864 139245 4169206484
128 865 139243 4169206484
128 866 139248 4169206484
128 867 139250 4169206484
128 868 139249 4169206484
128 869 139243 4169206484
128 870 139249 4169206484
128 871 139250 4169206484
128 872 139247 4169206484
128 873 139247 4169206484
128 874 139247 4169206484
128 875 139246 4169206484
128 876 139251 4169206484
128 877 139251 4169206484
128 878 139251 4169206484
128 879 139255 4169206484
128 880 139248 4169206484
128 881 139244 4169206484
128 882 139243 4169206484
128 883 139253 4169206484
128 884 139251 4169206484
128 885 139251 4169206484
128 886 139250 4169206484
128 887 139250 4169206484
128 888 139251 4169206484
128 889 139251 4169206484
128 890 139250 4169206484
128 891 139250 4169206484
128 892 139251 4169206484
128 893 139251 4169206484
128 894 139250 4169206484
128 895 139251 4169206484
128 896 139250 4169206484
128 897 139251 4169206484
128 898 139250 4169206484
128 899 139250 4169206484
128 900 139254 4169206484
128 901 139253 4169206484
128 902 139246 4169206484
128 903 139246 4169206484
128 904 139244 4169206484
128 905 139248 4169206484
128 906 139246 4169206484
128 907 139245 4169206484
128 908 139243 4169206484
128 909 139248 4169206484
128 910 139250 4169206484
128 911 139249 4169206484
128 912 139249 4169206484
128 913 139250 4169206484
128 914 139247 4169206484
128 915 139247 4169206484
128 916 139247 4169206484
128 917 139246 4169206484
128 918 139251 4169206484
128 919 139251 4169206484
128 920 139251 4169206484
128 921 139247 4169206484
128 922 139247 4169206484
128 923 139247 4169206484
128 924 139247 4169206484
128 925 139255 4169206484
128 926 139248 4169206484
128 927 139244 4169206484
128 928 139243 4169206484
128 929 139243 4169206484
128 930 139249 4169206484
128 931 139243 4169206484
128 932 139243 4169206484
128 933 139243 4169206484
128 934 139247 4169206484
128 935 139248 4169206484
128 936 139248 4169206484
128 937 139246 4169206484
128 938 139252 4169206484
128 939 139251 4169206484
128 940 139251 4169206484
128 941 139249 4169206484
128 942 139250 4169206484
128 943 139251 4169206484
128 944 139251 4169206484
128 945 139250 4169206484
128 946 139250 4169206484
128 947 139251 4169206484
128 948 139251 4169206484
128 949 139250 4169206484
128 950 139250 4169206484
128 951 139251 4169206484
128 952 139250 4169206484
128 953 139251 4169206484
128 954 139250 4169206484
128 955 139251 4169206484
128 956 139250 4169206484
128 957 139251 4169206484
128 958 139250 4169206484
128 959 139254 4169206484
128 960 139253 4169206484
128 961 139246 4169206484
128 962 139246 4169206484
128 963 139252 4169206484
128 964 139251 4169206484
128 965 139251 4169206484
128 966 139249 4169206484
128 967 139252 4169206484
128 968 139251 4169206484
128 969 139251 4169206484
128 970 139249 4169206484
128 971 139249 4169206484
128 972 139250 4169206484
128 973 139250 4169206484
128 974 139251 4169206484
128 975 139250 4169206484
128 976 139250 4169206484
128 977 139251 4169206484
128 978 139251 4169206484
128 979 139250 4169206484
128 980 140911 4169206484
128 981 139242 4169206484
128 982 139248 4169206484
128 983 139246 4169206484
128 984 139246 4169206484
128 985 139254 4169206484
128 986 139247 4169206484
128 987 139244 4169206484
128 988 139245 4169206484
128 989 139249 4169206484
128 990 139243 4169206484
128 991 139243 4169206484
128 992 139243 4169206484
128 993 139247 4169206484
128 994 139248 4169206484
128 995 139248 4169206484
128 996 139246 4169206484
128 997 139252 4169206484
128 998 139251 4169206484
128 999 139251 4169206484
