128 0 98697 4169206644
128 1 98953 4169206644
128 2 98834 4169206644
128 3 98828 4169206644
128 4 98811 4169206644
128 5 98888 4169206644
128 6 98812 4169206644
128 7 98793 4169206644
128 8 98913 4169206644
128 9 98797 4169206644
128 10 98789 4169206644
128 11 98890 4169206644
128 12 98986 4169206644
128 13 98891 4169206644
128 14 98920 4169206644
128 15 98932 4169206644
128 16 98888 4169206644
128 17 98851 4169206644
128 18 98891 4169206644
128 19 98900 4169206644
128 20 98830 4169206644
128 21 98945 4169206644
128 22 98913 4169206644
128 23 98889 4169206644
128 24 98850 4169206644
128 25 98889 4169206644
128 26 98892 4169206644
128 27 98965 4169206644
128 28 98836 4169206644
128 29 98869 4169206644
128 30 98892 4169206644
128 31 98909 4169206644
128 32 98791 4169206644
128 33 98828 4169206644
128 34 98867 4169206644
128 35 98813 4169206644
128 36 98848 4169206644
128 37 98797 4169206644
128 38 98990 4169206644
128 39 98849 4169206644
128 40 98892 4169206644
128 41 98928 4169206644
128 42 98854 4169206644
128 43 98969 4169206644
128 44 98892 4169206644
128 45 98853 4169206644
128 46 98870 4169206644
128 47 98954 4169206644
128 48 98893 4169206644
128 49 98874 4169206644
128 50 98831 4169206644
128 51 98695 4169206644
128 52 98946 4169206644
128 53 98909 4169206644
128 54 98892 4169206644
128 55 98917 4169206644
128 56 98849 4169206644
128 57 98810 4169206644
128 58 98695 4169206644
128 59 98871 4169206644
128 60 98889 4169206644
128 61 98872 4169206644
128 62 98989 4169206644
128 63 98814 4169206644
128 64 98817 4169206644
128 65 98927 4169206644
128 66 98869 4169206644
128 67 98892 4169206644
128 68 98915 4169206644
128 69 98927 4169206644
128 70 98811 4169206644
128 71 98848 4169206644
128 72 98868 4169206644
128 73 98873 4169206644
128 74 98831 4169206644
128 75 98945 4169206644
128 76 99008 4169206644
128 77 98869 4169206644
128 78 98852 4169206644
128 79 98988 4169206644
128 80 98714 4169206644
128 81 98814 4169206644
128 82 98852 4169206644
128 83 99028 4169206644
128 84 98857 4169206644
128 85 98853 4169206644
128 86 98944 4169206644
128 87 98695 4169206644
128 88 98908 4169206644
128 89 98832 4169206644
128 90 98900 4169206644
128 91 99030 4169206644
128 92 98868 4169206644
128 93 98850 4169206644
128 94 98848 4169206644
128 95 98944 4169206644
128 96 98930 4169206644
128 97 98871 4169206644
128 98 98794 4169206644
128 99 98830 4169206644
128 100 98807 4169206644
128 101 98815 4169206644
128 102 98870 4169206644
128 103 98872 4169206644
128 104 98968 4169206644
128 105 98868 4169206644
128 106 98870 4169206644
128 107 98773 4169206644
128 108 98913 4169206644
128 109 98951 4169206644
128 110 98789 4169206644
128 111 98835 4169206644
128 112 98834 4169206644
128 113 98852 4169206644
128 114 98832 4169206644
128 115 98793 4169206644
128 116 98812 4169206644
128 117 98851 4169206644
128 118 98853 4169206644
128 119 99029 4169206644
128 120 99009 4169206644
128 121 98772 4169206644
128 122 98967 4169206644
128 123 98694 4169206644
128 124 99005 4169206644
128 125 98949 4169206644
128 126 98968 4169206644
128 127 98851 4169206644
128 128 98911 4169206644
128 129 98948 4169206644
128 130 98911 4169206644
128 131 98851 4169206644
128 132 98869 4169206644
128 133 98970 4169206644
128 134 98925 4169206644
128 135 98854 4169206644
128 136 98812 4169206644
128 137 98911 4169206644
128 138 98918 4169206644
128 139 98869 4169206644
128 140 98930 4169206644
128 141 98895 4169206644
128 142 99042 4169206644
128 143 98812 4169206644
128 144 98852 4169206644
128 145 98846 4169206644
128 146 98965 4169206644
128 147 98850 4169206644
128 148 98855 4169206644
128 149 98968 4169206644
128 150 98928 4169206644
128 151 98875 4169206644
128 152 98905 4169206644
128 153 99032 4169206644
128 154 98850 4169206644
128 155 98927 4169206644
128 156 98798 4169206644
128 157 99036 4169206644
128 158 98695 4169206644
128 159 98835 4169206644
128 160 98792 4169206644
128 161 98794 4169206644
128 162 98830 4169206644
128 163 98888 4169206644
128 164 98878 4169206644
128 165 99030 4169206644
128 166 98794 4169206644
128 167 98793 4169206644
128 168 98929 4169206644
128 169 98848 4169206644
128 170 99092 4169206644
128 171 98965 4169206644
128 172 98893 4169206644
128 173 98870 4169206644
128 174 98907 4169206644
128 175 98792 4169206644
128 176 98870 4169206644
128 177 98913 4169206644
128 178 98927 4169206644
128 179 98849 4169206644
128 180 98929 4169206644
128 181 98872 4169206644
128 182 98848 4169206644
128 183 98877 4169206644
128 184 98848 4169206644
128 185 98834 4169206644
128 186 98928 4169206644
128 187 98848 4169206644
128 188 98942 4169206644
128 189 98925 4169206644
128 190 98850 4169206644
128 191 98990 4169206644
128 192 98910 4169206644
128 193 98733 4169206644
128 194 98912 4169206644
128 195 98929 4169206644
128 196 98773 4169206644
128 197 98907 4169206644
128 198 98907 4169206644
128 199 98954 4169206644
128 200 98889 4169206644
128 201 98816 4169206644
128 202 98951 4169206644
128 203 98810 4169206644
128 204 98771 4169206644
128 205 98847 4169206644
128 206 98812 4169206644
128 207 98990 4169206644
128 208 98848 4169206644
128 209 98865 4169206644
128 210 98951 4169206644
128 211 99044 4169206644
128 212 98893 4169206644
128 213 98848 4169206644
128 214 98849 4169206644
128 215 98839 4169206644
128 216 98870 4169206644
128 217 98828 4169206644
128 218 99050 4169206644
128 219 98869 4169206644
128 220 98836 4169206644
128 221 98869 4169206644
128 222 98974 4169206644
128 223 98850 4169206644
128 224 98905 4169206644
128 225 98930 4169206644
128 226 98812 4169206644
128 227 98972 4169206644
128 228 98875 4169206644
128 229 98950 4169206644
128 230 98927 4169206644
128 231 98832 4169206644
128 232 99045 4169206644
128 233 98856 4169206644
128 234 98966 4169206644
128 235 98968 4169206644
128 236 98800 4169206644
128 237 98943 4169206644
128 238 98734 4169206644
128 239 99083 4169206644
128 240 98790 4169206644
128 241 98891 4169206644
128 242 98849 4169206644
128 243 98811 4169206644
128 244 98911 4169206644
128 245 98810 4169206644
128 246 98831 4169206644
128 247 98870 4169206644
128 248 98894 4169206644
128 249 98773 4169206644
128 250 99091 4169206644
128 251 98909 4169206644
128 252 98974 4169206644
128 253 98937 4169206644
128 254 98850 4169206644
128 255 98969 4169206644
128 256 98986 4169206644
128 257 98910 4169206644
128 258 98934 4169206644
128 259 98887 4169206644
128 260 98967 4169206644
128 261 98875 4169206644
128 262 98839 4169206644
128 263 98911 4169206644
128 264 98872 4169206644
128 265 98931 4169206644
128 266 98812 4169206644
128 267 98909 4169206644
128 268 98753 4169206644
128 269 98771 4169206644
128 270 98927 4169206644
128 271 98868 4169206644
128 272 98869 4169206644
128 273 98995 4169206644
128 274 99207 4169206644
128 275 98814 4169206644
128 276 98951 4169206644
128 277 98927 4169206644
128 278 98829 4169206644
128 279 98812 4169206644
128 280 98849 4169206644
128 281 98891 4169206644
128 282 98906 4169206644
128 283 98916 4169206644
128 284 98853 4169206644
128 285 98850 4169206644
128 286 99011 4169206644
128 287 99011 4169206644
128 288 98907 4169206644
128 289 98910 4169206644
128 290 98850 4169206644
128 291 98813 4169206644
128 292 98832 4169206644
128 293 99033 4169206644
128 294 99087 4169206644
128 295 98891 4169206644
128 296 98908 4169206644
128 297 98970 4169206644
128 298 98987 4169206644
128 299 98792 4169206644
128 300 98917 4169206644
128 301 98810 4169206644
128 302 98791 4169206644
128 303 98891 4169206644
128 304 98887 4169206644
128 305 98914 4169206644
128 306 98872 4169206644
128 307 98896 4169206644
128 308 98871 4169206644
128 309 98830 4169206644
128 310 98870 4169206644
128 311 98833 4169206644
128 312 98914 4169206644
128 313 98792 4169206644
128 314 98870 4169206644
128 315 98753 4169206644
128 316 99035 4169206644
128 317 98910 4169206644
128 318 98835 4169206644
128 319 99002 4169206644
128 320 98887 4169206644
128 321 98979 4169206644
128 322 99004 4169206644
128 323 98911 4169206644
128 324 98969 4169206644
128 325 98889 4169206644
128 326 98877 4169206644
128 327 98930 4169206644
128 328 98849 4169206644
128 329 98773 4169206644
128 330 98791 4169206644
128 331 98932 4169206644
128 332 98926 4169206644
128 333 98849 4169206644
128 334 98930 4169206644
128 335 98990 4169206644
128 336 98795 4169206644
128 337 98851 4169206644
128 338 98809 4169206644
128 339 98908 4169206644
128 340 99073 4169206644
128 341 98946 4169206644
128 342 98873 4169206644
128 343 98974 4169206644
128 344 98831 4169206644
128 345 98968 4169206644
128 346 98810 4169206644
128 347 98830 4169206644
128 348 98871 4169206644
128 349 98830 4169206644
128 350 98811 4169206644
128 351 98836 4169206644
128 352 98835 4169206644
128 353 98932 4169206644
128 354 98887 4169206644
128 355 98851 4169206644
128 356 98810 4169206644
128 357 98932 4169206644
128 358 98928 4169206644
128 359 98811 4169206644
128 360 98716 4169206644
128 361 98853 4169206644
128 362 98791 4169206644
128 363 98925 4169206644
128 364 98947 4169206644
128 365 98867 4169206644
128 366 98869 4169206644
128 367 98928 4169206644
128 368 98772 4169206644
128 369 98814 4169206644
128 370 98893 4169206644
128 371 98772 4169206644
128 372 98848 4169206644
128 373 99005 4169206644
128 374 98878 4169206644
128 375 98853 4169206644
128 376 98989 4169206644
128 377 98830 4169206644
128 378 98870 4169206644
128 379 98853 4169206644
128 380 98989 4169206644
128 381 98833 4169206644
128 382 98812 4169206644
128 383 98890 4169206644
128 384 98829 4169206644
128 385 98912 4169206644
128 386 98912 4169206644
128 387 98890 4169206644
128 388 98695 4169206644
128 389 98792 4169206644
128 390 98791 4169206644
128 391 98892 4169206644
128 392 98811 4169206644
128 393 98753 4169206644
128 394 98849 4169206644
128 395 98695 4169206644
128 396 98790 4169206644
128 397 98966 4169206644
128 398 99007 4169206644
128 399 98891 4169206644
128 400 98755 4169206644
128 401 98853 4169206644
128 402 98772 4169206644
128 403 98889 4169206644
128 404 98896 4169206644
128 405 98868 4169206644
128 406 98832 4169206644
128 407 99006 4169206644
128 408 98925 4169206644
128 409 98852 4169206644
128 410 98986 4169206644
128 411 98870 4169206644
128 412 98889 4169206644
128 413 98830 4169206644
128 414 98878 4169206644
128 415 98869 4169206644
128 416 98889 4169206644
128 417 98788 4169206644
128 418 99008 4169206644
128 419 98933 4169206644
128 420 98985 4169206644
128 421 98792 4169206644
128 422 98868 4169206644
128 423 98695 4169206644
128 424 98852 4169206644
128 425 98970 4169206644
128 426 98773 4169206644
128 427 98890 4169206644
128 428 99050 4169206644
128 429 98909 4169206644
128 430 98695 4169206644
128 431 98891 4169206644
128 432 98946 4169206644
128 433 98928 4169206644
128 434 98872 4169206644
128 435 98868 4169206644
128 436 98815 4169206644
128 437 98928 4169206644
128 438 98715 4169206644
128 439 98990 4169206644
128 440 98776 4169206644
128 441 98930 4169206644
128 442 98868 4169206644
128 443 98855 4169206644
128 444 98889 4169206644
128 445 98870 4169206644
128 446 98770 4169206644
128 447 98848 4169206644
128 448 98929 4169206644
128 449 98890 4169206644
128 450 98933 4169206644
128 451 98871 4169206644
128 452 98932 4169206644
128 453 98886 4169206644
128 454 98945 4169206644
128 455 98836 4169206644
128 456 98795 4169206644
128 457 98906 4169206644
128 458 98738 4169206644
128 459 98910 4169206644
128 460 98854 4169206644
128 461 98947 4169206644
128 462 98793 4169206644
128 463 98908 4169206644
128 464 98971 4169206644
128 465 98695 4169206644
128 466 98871 4169206644
128 467 99033 4169206644
128 468 98906 4169206644
128 469 98853 4169206644
128 470 98993 4169206644
128 471 98867 4169206644
128 472 98695 4169206644
128 473 98889 4169206644
128 474 98858 4169206644
128 475 98948 4169206644
128 476 98888 4169206644
128 477 98810 4169206644
128 478 98867 4169206644
128 479 98710 4169206644
128 480 98874 4169206644
128 481 98891 4169206644
128 482 98911 4169206644
128 483 98929 4169206644
128 484 98935 4169206644
128 485 98952 4169206644
128 486 98813 4169206644
128 487 98930 4169206644
128 488 98971 4169206644
128 489 98888 4169206644
128 490 98850 4169206644
128 491 98889 4169206644
128 492 98948 4169206644
128 493 98772 4169206644
128 494 98835 4169206644
128 495 98752 4169206644
128 496 98835 4169206644
128 497 98890 4169206644
128 498 98790 4169206644
128 499 98890 4169206644
128 500 98794 4169206644
128 501 98837 4169206644
128 502 98888 4169206644
128 503 98915 4169206644
128 504 98892 4169206644
128 505 98907 4169206644
128 506 98833 4169206644
128 507 98695 4169206644
128 508 98814 4169206644
128 509 98871 4169206644
128 510 98790 4169206644
128 511 98910 4169206644
128 512 98831 4169206644
128 513 98869 4169206644
128 514 98695 4169206644
128 515 98947 4169206644
128 516 98909 4169206644
128 517 98936 4169206644
128 518 98831 4169206644
128 519 98914 4169206644
128 520 98811 4169206644
128 521 98871 4169206644
128 522 98868 4169206644
128 523 98870 4169206644
128 524 98812 4169206644
128 525 98907 4169206644
128 526 98793 4169206644
128 527 98896 4169206644
128 528 99027 4169206644
128 529 98872 4169206644
128 530 98966 4169206644
128 531 98848 4169206644
128 532 98908 4169206644
128 533 98907 4169206644
128 534 98833 4169206644
128 535 98830 4169206644
128 536 98855 4169206644
128 537 98948 4169206644
128 538 98910 4169206644
128 539 98836 4169206644
128 540 98996 4169206644
128 541 98850 4169206644
128 542 98694 4169206644
128 543 98775 4169206644
128 544 98892 4169206644
128 545 98797 4169206644
128 546 98950 4169206644
128 547 98946 4169206644
128 548 98993 4169206644
128 549 98694 4169206644
128 550 98754 4169206644
128 551 98856 4169206644
128 552 98894 4169206644
128 553 98868 4169206644
128 554 98772 4169206644
128 555 98901 4169206644
128 556 98695 4169206644
128 557 98984 4169206644
128 558 98924 4169206644
128 559 98868 4169206644
128 560 98876 4169206644
128 561 98913 4169206644
128 562 98891 4169206644
128 563 98774 4169206644
128 564 98870 4169206644
128 565 98890 4169206644
128 566 98868 4169206644
128 567 98791 4169206644
128 568 98847 4169206644
128 569 98872 4169206644
128 570 98810 4169206644
128 571 98869 4169206644
128 572 98894 4169206644
128 573 98855 4169206644
128 574 98889 4169206644
128 575 98946 4169206644
128 576 98914 4169206644
128 577 98812 4169206644
128 578 98926 4169206644
128 579 98832 4169206644
128 580 98809 4169206644
128 581 98887 4169206644
128 582 98851 4169206644
128 583 98888 4169206644
128 584 98915 4169206644
128 585 98980 4169206644
128 586 98888 4169206644
128 587 98851 4169206644
128 588 99007 4169206644
128 589 98891 4169206644
128 590 98869 4169206644
128 591 98695 4169206644
128 592 98829 4169206644
128 593 99029 4169206644
128 594 98850 4169206644
128 595 98832 4169206644
128 596 98910 4169206644
128 597 98830 4169206644
128 598 99021 4169206644
128 599 98812 4169206644
128 600 98735 4169206644
128 601 98948 4169206644
128 602 98830 4169206644
128 603 98829 4169206644
128 604 98810 4169206644
128 605 98847 4169206644
128 606 98875 4169206644
128 607 98847 4169206644
128 608 98814 4169206644
128 609 98913 4169206644
128 610 99003 4169206644
128 611 98855 4169206644
128 612 98832 4169206644
128 613 98867 4169206644
128 614 98849 4169206644
128 615 98871 4169206644
128 616 98915 4169206644
128 617 98991 4169206644
128 618 98850 4169206644
128 619 98835 4169206644
128 620 98851 4169206644
128 621 98887 4169206644
128 622 98813 4169206644
128 623 98830 4169206644
128 624 98910 4169206644
128 625 98870 4169206644
128 626 98695 4169206644
128 627 98851 4169206644
128 628 98891 4169206644
128 629 98735 4169206644
128 630 98889 4169206644
128 631 98834 4169206644
128 632 98773 4169206644
128 633 98809 4169206644
128 634 98849 4169206644
128 635 98893 4169206644
128 636 98832 4169206644
128 637 98911 4169206644
128 638 98850 4169206644
128 639 98792 4169206644
128 640 98910 4169206644
128 641 98966 4169206644
128 642 98990 4169206644
128 643 99029 4169206644
128 644 98870 4169206644
128 645 98929 4169206644
128 646 98908 4169206644
128 647 98948 4169206644
128 648 98955 4169206644
128 649 98874 4169206644
128 650 98887 4169206644
128 651 98895 4169206644
128 652 98848 4169206644
128 653 98851 4169206644
128 654 98872 4169206644
128 655 98832 4169206644
128 656 98833 4169206644
128 657 98831 4169206644
128 658 98796 4169206644
128 659 98906 4169206644
128 660 98887 4169206644
128 661 98869 4169206644
128 662 98848 4169206644
128 663 98852 4169206644
128 664 98812 4169206644
128 665 98868 4169206644
128 666 98971 4169206644
128 667 98926 4169206644
128 668 98849 4169206644
128 669 98793 4169206644
128 670 98795 4169206644
128 671 98906 4169206644
128 672 98950 4169206644
128 673 98996 4169206644
128 674 98969 4169206644
128 675 98907 4169206644
128 676 98966 4169206644
128 677 98736 4169206644
128 678 98925 4169206644
128 679 98817 4169206644
128 680 98848 4169206644
128 681 98896 4169206644
128 682 98835 4169206644
128 683 98794 4169206644
128 684 98753 4169206644
128 685 98889 4169206644
128 686 99022 4169206644
128 687 98772 4169206644
128 688 98868 4169206644
128 689 98886 4169206644
128 690 98890 4169206644
128 691 98796 4169206644
128 692 98909 4169206644
128 693 98912 4169206644
128 694 98848 4169206644
128 695 99105 4169206644
128 696 98895 4169206644
128 697 98833 4169206644
128 698 98794 4169206644
128 699 98929 4169206644
128 700 98813 4169206644
128 701 98830 4169206644
128 702 98907 4169206644
128 703 98812 4169206644
128 704 98894 4169206644
128 705 98886 4169206644
128 706 98774 4169206644
128 707 98831 4169206644
128 708 98945 4169206644
128 709 98812 4169206644
128 710 98889 4169206644
128 711 98871 4169206644
128 712 98888 4169206644
128 713 98831 4169206644
128 714 98968 4169206644
128 715 98985 4169206644
128 716 98850 4169206644
128 717 98870 4169206644
128 718 98854 4169206644
128 719 99073 4169206644
128 720 98888 4169206644
128 721 98929 4169206644
128 722 98969 4169206644
128 723 98926 4169206644
128 724 98810 4169206644
128 725 98876 4169206644
128 726 98829 4169206644
128 727 98790 4169206644
128 728 98810 4169206644
128 729 98816 4169206644
128 730 98848 4169206644
128 731 98831 4169206644
128 732 98830 4169206644
128 733 98909 4169206644
128 734 98950 4169206644
128 735 98913 4169206644
128 736 98908 4169206644
128 737 98735 4169206644
128 738 98852 4169206644
128 739 98894 4169206644
128 740 98970 4169206644
128 741 98911 4169206644
128 742 98850 4169206644
128 743 99006 4169206644
128 744 98928 4169206644
128 745 98873 4169206644
128 746 98873 4169206644
128 747 98830 4169206644
128 748 99013 4169206644
128 749 98889 4169206644
128 750 98968 4169206644
128 751 98812 4169206644
128 752 98890 4169206644
128 753 98778 4169206644
128 754 98889 4169206644
128 755 98852 4169206644
128 756 98990 4169206644
128 757 98870 4169206644
128 758 98695 4169206644
128 759 98834 4169206644
128 760 98889 4169206644
128 761 98810 4169206644
128 762 98852 4169206644
128 763 98909 4169206644
128 764 98860 4169206644
128 765 98828 4169206644
128 766 98907 4169206644
128 767 98956 4169206644
128 768 98828 4169206644
128 769 98810 4169206644
128 770 99046 4169206644
128 771 98926 4169206644
128 772 98888 4169206644
128 773 98850 4169206644
128 774 98889 4169206644
128 775 98754 4169206644
128 776 98753 4169206644
128 777 98915 4169206644
128 778 98906 4169206644
128 779 98928 4169206644
128 780 98813 4169206644
128 781 98869 4169206644
128 782 98870 4169206644
128 783 98930 4169206644
128 784 98828 4169206644
128 785 98899 4169206644
128 786 98695 4169206644
128 787 98832 4169206644
128 788 99045 4169206644
128 789 98925 4169206644
128 790 98790 4169206644
128 791 98985 4169206644
128 792 98877 4169206644
128 793 98715 4169206644
128 794 98853 4169206644
128 795 98810 4169206644
128 796 98926 4169206644
128 797 98952 4169206644
128 798 98852 4169206644
128 799 98892 4169206644
128 800 98961 4169206644
128 801 98773 4169206644
128 802 98811 4169206644
128 803 98831 4169206644
128 804 98908 4169206644
128 805 98866 4169206644
128 806 98815 4169206644
128 807 98925 4169206644
128 808 98868 4169206644
128 809 98892 4169206644
128 810 98852 4169206644
128 811 98869 4169206644
128 812 98886 4169206644
128 813 98850 4169206644
128 814 98971 4169206644
128 815 98830 4169206644
128 816 98846 4169206644
128 817 98908 4169206644
128 818 98889 4169206644
128 819 99032 4169206644
128 820 98890 4169206644
128 821 98714 4169206644
128 822 98894 4169206644
128 823 99003 4169206644
128 824 98829 4169206644
128 825 98968 4169206644
128 826 98792 4169206644
128 827 99008 4169206644
128 828 98695 4169206644
128 829 98890 4169206644
128 830 98869 4169206644
128 831 98851 4169206644
128 832 98895 4169206644
128 833 98886 4169206644
128 834 98851 4169206644
128 835 98695 4169206644
128 836 98928 4169206644
128 837 98817 4169206644
128 838 98811 4169206644
128 839 98849 4169206644
128 840 98934 4169206644
128 841 99024 4169206644
128 842 98695 4169206644
128 843 98853 4169206644
128 844 98905 4169206644
128 845 98856 4169206644
128 846 98909 4169206644
128 847 98893 4169206644
128 848 98830 4169206644
128 849 98850 4169206644
128 850 98892 4169206644
128 851 99106 4169206644
128 852 98886 4169206644
128 853 98937 4169206644
128 854 98833 4169206644
128 855 98910 4169206644
128 856 98989 4169206644
128 857 98830 4169206644
128 858 98774 4169206644
128 859 98813 4169206644
128 860 98889 4169206644
128 861 98971 4169206644
128 862 98890 4169206644
128 863 98870 4169206644
128 864 98980 4169206644
128 865 98869 4169206644
128 866 98836 4169206644
128 867 98876 4169206644
128 868 98891 4169206644
128 869 98974 4169206644
128 870 98715 4169206644
128 871 98947 4169206644
128 872 98907 4169206644
128 873 98889 4169206644
128 874 98775 4169206644
128 875 98834 4169206644
128 876 98948 4169206644
128 877 98694 4169206644
128 878 98831 4169206644
128 879 98792 4169206644
128 880 98875 4169206644
128 881 98772 4169206644
128 882 98908 4169206644
128 883 98868 4169206644
128 884 98796 4169206644
128 885 98791 4169206644
128 886 98849 4169206644
128 887 98812 4169206644
128 888 98791 4169206644
128 889 98913 4169206644
128 890 98934 4169206644
128 891 98870 4169206644
128 892 98872 4169206644
128 893 98877 4169206644
128 894 98954 4169206644
128 895 98835 4169206644
128 896 98753 4169206644
128 897 98894 4169206644
128 898 98943 4169206644
128 899 98809 4169206644
128 900 98772 4169206644
128 901 98893 4169206644
128 902 98811 4169206644
128 903 98949 4169206644
128 904 98831 4169206644
128 905 98772 4169206644
128 906 99008 4169206644
128 907 98832 4169206644
128 908 98811 4169206644
128 909 98889 4169206644
128 910 98752 4169206644
128 911 98988 4169206644
128 912 98695 4169206644
128 913 98810 4169206644
128 914 98888 4169206644
128 915 98891 4169206644
128 916 98991 4169206644
128 917 98826 4169206644
128 918 98904 4169206644
128 919 98714 4169206644
128 920 98906 4169206644
128 921 98931 4169206644
128 922 98951 4169206644
128 923 98889 4169206644
128 924 98831 4169206644
128 925 98872 4169206644
128 926 98794 4169206644
128 927 98894 4169206644
128 928 98814 4169206644
128 929 98915 4169206644
128 930 98967 4169206644
128 931 98812 4169206644
128 932 99029 4169206644
128 933 98854 4169206644
128 934 98837 4169206644
128 935 98948 4169206644
128 936 98812 4169206644
128 937 98811 4169206644
128 938 98905 4169206644
128 939 98911 4169206644
128 940 98891 4169206644
128 941 98848 4169206644
128 942 98995 4169206644
128 943 98871 4169206644
128 944 98841 4169206644
128 945 98946 4169206644
128 946 98907 4169206644
128 947 98834 4169206644
128 948 98909 4169206644
128 949 98871 4169206644
128 950 98798 4169206644
128 951 98852 4169206644
128 952 98776 4169206644
128 953 98970 4169206644
128 954 98714 4169206644
128 955 98867 4169206644
128 956 98991 4169206644
128 957 98908 4169206644
128 958 98991 4169206644
128 959 98909 4169206644
128 960 98887 4169206644
128 961 98817 4169206644
128 962 98811 4169206644
128 963 98831 4169206644
128 964 98911 4169206644
128 965 98869 4169206644
128 966 98927 4169206644
128 967 98849 4169206644
128 968 98832 4169206644
128 969 99060 4169206644
128 970 98830 4169206644
128 971 98909 4169206644
128 972 98792 4169206644
128 973 99187 4169206644
128 974 99013 4169206644
128 975 98969 4169206644
128 976 98774 4169206644
128 977 98871 4169206644
128 978 98834 4169206644
128 979 98890 4169206644
128 980 98927 4169206644
128 981 98852 4169206644
128 982 98950 4169206644
128 983 98811 4169206644
128 984 98852 4169206644
128 985 98793 4169206644
128 986 98772 4169206644
128 987 98897 4169206644
128 988 98829 4169206644
128 989 98715 4169206644
128 990 98874 4169206644
128 991 98946 4169206644
128 992 98833 4169206644
128 993 98734 4169206644
128 994 98990 4169206644
128 995 98867 4169206644
128 996 98889 4169206644
128 997 98868 4169206644
128 998 99028 4169206644
128 999 98873 4169206644
