32 0 6249 4158884734
32 1 6247 4158884724
32 2 6247 4158884724
32 3 6247 4158884724
32 4 6247 4158884724
32 5 6247 4158884724
32 6 6247 4158884724
32 7 6247 4158884724
32 8 6247 4158884724
32 9 6247 4158884724
32 10 6247 4158884724
32 11 6247 4158884724
32 12 6247 4158884724
32 13 6247 4158884724
32 14 6247 4158884724
32 15 6247 4158884724
32 16 6247 4158884724
32 17 6247 4158884724
32 18 6247 4158884724
32 19 6247 4158884724
32 20 6247 4158884724
32 21 6247 4158884724
32 22 6247 4158884724
32 23 6247 4158884724
32 24 6247 4158884724
32 25 6247 4158884724
32 26 6247 4158884724
32 27 6247 4158884724
32 28 6247 4158884724
32 29 6247 4158884724
32 30 6247 4158884724
32 31 6247 4158884724
32 32 6247 4158884724
32 33 6247 4158884724
32 34 6247 4158884724
32 35 6247 4158884724
32 36 6247 4158884724
32 37 6247 4158884724
32 38 6247 4158884724
32 39 6247 4158884724
32 40 6247 4158884724
32 41 6247 4158884724
32 42 6247 4158884724
32 43 6247 4158884724
32 44 6247 4158884724
32 45 6247 4158884724
32 46 6247 4158884724
32 47 6247 4158884724
32 48 6247 4158884724
32 49 6247 4158884724
32 50 6247 4158884724
32 51 6247 4158884724
32 52 6247 4158884724
32 53 6247 4158884724
32 54 6247 4158884724
32 55 6247 4158884724
32 56 6247 4158884724
32 57 6247 4158884724
32 58 6247 4158884724
32 59 6247 4158884724
32 60 6247 4158884724
32 61 6247 4158884724
32 62 6247 4158884724
32 63 6247 4158884724
32 64 6247 4158884724
32 65 6247 4158884724
32 66 6247 4158884724
32 67 6247 4158884724
32 68 6247 4158884724
32 69 6247 4158884724
32 70 6247 4158884724
32 71 6247 4158884724
32 72 6247 4158884724
32 73 6247 4158884724
32 74 6247 4158884724
32 75 6247 4158884724
32 76 6247 4158884724
32 77 6247 4158884724
32 78 6247 4158884724
32 79 6247 4158884724
32 80 6247 4158884724
32 81 6247 4158884724
32 82 6247 4158884724
32 83 6247 4158884724
32 84 6247 4158884724
32 85 6247 4158884724
32 86 6247 4158884724
32 87 6247 4158884724
32 88 6247 4158884724
32 89 6247 4158884724
32 90 6247 4158884724
32 91 6247 4158884724
32 92 6247 4158884724
32 93 6247 4158884724
32 94 6247 4158884724
32 95 6247 4158884724
32 96 6247 4158884724
32 97 6247 4158884724
32 98 6247 4158884724
32 99 6247 4158884724
32 100 6247 4158884724
32 101 6247 4158884724
32 102 6247 4158884724
32 103 6247 4158884724
32 104 6247 4158884724
32 105 6247 4158884724
32 106 6247 4158884724
32 107 6247 4158884724
32 108 6247 4158884724
32 109 6247 4158884724
32 110 6247 4158884724
32 111 6247 4158884724
32 112 6247 4158884724
32 113 6247 4158884724
32 114 6247 4158884724
32 115 6247 4158884724
32 116 6247 4158884724
32 117 6247 4158884724
32 118 6247 4158884724
32 119 6247 4158884724
32 120 6247 4158884724
32 121 6247 4158884724
32 122 6247 4158884724
32 123 6247 4158884724
32 124 6247 4158884724
32 125 6247 4158884724
32 126 6247 4158884724
32 127 6247 4158884724
32 128 6247 4158884724
32 129 6247 4158884724
32 130 6247 4158884724
32 131 6247 4158884724
32 132 6247 4158884724
32 133 6247 4158884724
32 134 6247 4158884724
32 135 6247 4158884724
32 136 6247 4158884724
32 137 6247 4158884724
32 138 6247 4158884724
32 139 6247 4158884724
32 140 6247 4158884724
32 141 6247 4158884724
32 142 6247 4158884724
32 143 6247 4158884724
32 144 6247 4158884724
32 145 6247 4158884724
32 146 6247 4158884724
32 147 6247 4158884724
32 148 6247 4158884724
32 149 6247 4158884724
32 150 6247 4158884724
32 151 6247 4158884724
32 152 6247 4158884724
32 153 6247 4158884724
32 154 6247 4158884724
32 155 6247 4158884724
32 156 6247 4158884724
32 157 6247 4158884724
32 158 6247 4158884724
32 159 6247 4158884724
32 160 6247 4158884724
32 161 6247 4158884724
32 162 6247 4158884724
32 163 6247 4158884724
32 164 6247 4158884724
32 165 6247 4158884724
32 166 6247 4158884724
32 167 6247 4158884724
32 168 6247 4158884724
32 169 6247 4158884724
32 170 6247 4158884724
32 171 6247 4158884724
32 172 6247 4158884724
32 173 6247 4158884724
32 174 6247 4158884724
32 175 6247 4158884724
32 176 6247 4158884724
32 177 6247 4158884724
32 178 6247 4158884724
32 179 6247 4158884724
32 180 6247 4158884724
32 181 6247 4158884724
32 182 6247 4158884724
32 183 6247 4158884724
32 184 6247 4158884724
32 185 6247 4158884724
32 186 6247 4158884724
32 187 6247 4158884724
32 188 6247 4158884724
32 189 6247 4158884724
32 190 6247 4158884724
32 191 6247 4158884724
32 192 6247 4158884724
32 193 6247 4158884724
32 194 6247 4158884724
32 195 6247 4158884724
32 196 6247 4158884724
32 197 6247 4158884724
32 198 6247 4158884724
32 199 6247 4158884724
32 200 6247 4158884724
32 201 6247 4158884724
32 202 6247 4158884724
32 203 6247 4158884724
32 204 6247 4158884724
32 205 6247 4158884724
32 206 6247 4158884724
32 207 6247 4158884724
32 208 6247 4158884724
32 209 6247 4158884724
32 210 6247 4158884724
32 211 6247 4158884724
32 212 6247 4158884724
32 213 6247 4158884724
32 214 6247 4158884724
32 215 6247 4158884724
32 216 6247 4158884724
32 217 6247 4158884724
32 218 6247 4158884724
32 219 6247 4158884724
32 220 6247 4158884724
32 221 6247 4158884724
32 222 6247 4158884724
32 223 6247 4158884724
32 224 6247 4158884724
32 225 6247 4158884724
32 226 6247 4158884724
32 227 6247 4158884724
32 228 6247 4158884724
32 229 6247 4158884724
32 230 6247 4158884724
32 231 6247 4158884724
32 232 6247 4158884724
32 233 6247 4158884724
32 234 6247 4158884724
32 235 6247 4158884724
32 236 6247 4158884724
32 237 6247 4158884724
32 238 6247 4158884724
32 239 6247 4158884724
32 240 6247 4158884724
32 241 6247 4158884724
32 242 6247 4158884724
32 243 6247 4158884724
32 244 6247 4158884724
32 245 6247 4158884724
32 246 6247 4158884724
32 247 6247 4158884724
32 248 6247 4158884724
32 249 6247 4158884724
32 250 6247 4158884724
32 251 6247 4158884724
32 252 6247 4158884724
32 253 6247 4158884724
32 254 6247 4158884724
32 255 6247 4158884724
32 256 6247 4158884724
32 257 6247 4158884724
32 258 6247 4158884724
32 259 6247 4158884724
32 260 6247 4158884724
32 261 6247 4158884724
32 262 6247 4158884724
32 263 6247 4158884724
32 264 6247 4158884724
32 265 6247 4158884724
32 266 6247 4158884724
32 267 6247 4158884724
32 268 6247 4158884724
32 269 6247 4158884724
32 270 6247 4158884724
32 271 6247 4158884724
32 272 6247 4158884724
32 273 6247 4158884724
32 274 6247 4158884724
32 275 6247 4158884724
32 276 6247 4158884724
32 277 6247 4158884724
32 278 6247 4158884724
32 279 6247 4158884724
32 280 6247 4158884724
32 281 6247 4158884724
32 282 6247 4158884724
32 283 6247 4158884724
32 284 6247 4158884724
32 285 6247 4158884724
32 286 6247 4158884724
32 287 6247 4158884724
32 288 6247 4158884724
32 289 6247 4158884724
32 290 6247 4158884724
32 291 6247 4158884724
32 292 6247 4158884724
32 293 6247 4158884724
32 294 6247 4158884724
32 295 6247 4158884724
32 296 6247 4158884724
32 297 6247 4158884724
32 298 6247 4158884724
32 299 6247 4158884724
32 300 6247 4158884724
32 301 6247 4158884724
32 302 6247 4158884724
32 303 6247 4158884724
32 304 6247 4158884724
32 305 6247 4158884724
32 306 6247 4158884724
32 307 6247 4158884724
32 308 6247 4158884724
32 309 6247 4158884724
32 310 6247 4158884724
32 311 6247 4158884724
32 312 6247 4158884724
32 313 6247 4158884724
32 314 6247 4158884724
32 315 6247 4158884724
32 316 6247 4158884724
32 317 6247 4158884724
32 318 6247 4158884724
32 319 6247 4158884724
32 320 6247 4158884724
32 321 6247 4158884724
32 322 6247 4158884724
32 323 6247 4158884724
32 324 6247 4158884724
32 325 6247 4158884724
32 326 6247 4158884724
32 327 6247 4158884724
32 328 6247 4158884724
32 329 6247 4158884724
32 330 6247 4158884724
32 331 6247 4158884724
32 332 6247 4158884724
32 333 6247 4158884724
32 334 6247 4158884724
32 335 6247 4158884724
32 336 6247 4158884724
32 337 6247 4158884724
32 338 6247 4158884724
32 339 6247 4158884724
32 340 6247 4158884724
32 341 6247 4158884724
32 342 6247 4158884724
32 343 6247 4158884724
32 344 6247 4158884724
32 345 6247 4158884724
32 346 6247 4158884724
32 347 6247 4158884724
32 348 6247 4158884724
32 349 6247 4158884724
32 350 6247 4158884724
32 351 6247 4158884724
32 352 6247 4158884724
32 353 6247 4158884724
32 354 6247 4158884724
32 355 6247 4158884724
32 356 6247 4158884724
32 357 6247 4158884724
32 358 6247 4158884724
32 359 6247 4158884724
32 360 6247 4158884724
32 361 6247 4158884724
32 362 6247 4158884724
32 363 6247 4158884724
32 364 6247 4158884724
32 365 6247 4158884724
32 366 6247 4158884724
32 367 6247 4158884724
32 368 6247 4158884724
32 369 6247 4158884724
32 370 6247 4158884724
32 371 6247 4158884724
32 372 6247 4158884724
32 373 6247 4158884724
32 374 6247 4158884724
32 375 6247 4158884724
32 376 6247 4158884724
32 377 6247 4158884724
32 378 6247 4158884724
32 379 6247 4158884724
32 380 6247 4158884724
32 381 6247 4158884724
32 382 6247 4158884724
32 383 6247 4158884724
32 384 6247 4158884724
32 385 6247 4158884724
32 386 6247 4158884724
32 387 6247 4158884724
32 388 6247 4158884724
32 389 6247 4158884724
32 390 6247 4158884724
32 391 6247 4158884724
32 392 6247 4158884724
32 393 6247 4158884724
32 394 6247 4158884724
32 395 6247 4158884724
32 396 6247 4158884724
32 397 6247 4158884724
32 398 6247 4158884724
32 399 6247 4158884724
32 400 6247 4158884724
32 401 6247 4158884724
32 402 6247 4158884724
32 403 6247 4158884724
32 404 6247 4158884724
32 405 6247 4158884724
32 406 6247 4158884724
32 407 6247 4158884724
32 408 6247 4158884724
32 409 6247 4158884724
32 410 6247 4158884724
32 411 6247 4158884724
32 412 6247 4158884724
32 413 6247 4158884724
32 414 6247 4158884724
32 415 6247 4158884724
32 416 6247 4158884724
32 417 6247 4158884724
32 418 6247 4158884724
32 419 6247 4158884724
32 420 6247 4158884724
32 421 6247 4158884724
32 422 6247 4158884724
32 423 6247 4158884724
32 424 6247 4158884724
32 425 6247 4158884724
32 426 6247 4158884724
32 427 6247 4158884724
32 428 6247 4158884724
32 429 6247 4158884724
32 430 6247 4158884724
32 431 6247 4158884724
32 432 6247 4158884724
32 433 6247 4158884724
32 434 6247 4158884724
32 435 6247 4158884724
32 436 6247 4158884724
32 437 6247 4158884724
32 438 6247 4158884724
32 439 6247 4158884724
32 440 6247 4158884724
32 441 6247 4158884724
32 442 6247 4158884724
32 443 6247 4158884724
32 444 6247 4158884724
32 445 6247 4158884724
32 446 6247 4158884724
32 447 6247 4158884724
32 448 6247 4158884724
32 449 6247 4158884724
32 450 6247 4158884724
32 451 6247 4158884724
32 452 6247 4158884724
32 453 6247 4158884724
32 454 6247 4158884724
32 455 6247 4158884724
32 456 6247 4158884724
32 457 6247 4158884724
32 458 6247 4158884724
32 459 6247 4158884724
32 460 6247 4158884724
32 461 6247 4158884724
32 462 6247 4158884724
32 463 6247 4158884724
32 464 6247 4158884724
32 465 6247 4158884724
32 466 6247 4158884724
32 467 6247 4158884724
32 468 6247 4158884724
32 469 6247 4158884724
32 470 6247 4158884724
32 471 6247 4158884724
32 472 6247 4158884724
32 473 6247 4158884724
32 474 6247 4158884724
32 475 6247 4158884724
32 476 6247 4158884724
32 477 6247 4158884724
32 478 6247 4158884724
32 479 6247 4158884724
32 480 6247 4158884724
32 481 6247 4158884724
32 482 6247 4158884724
32 483 6247 4158884724
32 484 6247 4158884724
32 485 6247 4158884724
32 486 6247 4158884724
32 487 6247 4158884724
32 488 6247 4158884724
32 489 6247 4158884724
32 490 6247 4158884724
32 491 6247 4158884724
32 492 6247 4158884724
32 493 6247 4158884724
32 494 6247 4158884724
32 495 6247 4158884724
32 496 6247 4158884724
32 497 6247 4158884724
32 498 6247 4158884724
32 499 6247 4158884724
32 500 6247 4158884724
32 501 6247 4158884724
32 502 6247 4158884724
32 503 6247 4158884724
32 504 6247 4158884724
32 505 6247 4158884724
32 506 6247 4158884724
32 507 6247 4158884724
32 508 6247 4158884724
32 509 6247 4158884724
32 510 6247 4158884724
32 511 6247 4158884724
32 512 6247 4158884724
32 513 6247 4158884724
32 514 6247 4158884724
32 515 6247 4158884724
32 516 6247 4158884724
32 517 6247 4158884724
32 518 6247 4158884724
32 519 6247 4158884724
32 520 6247 4158884724
32 521 6247 4158884724
32 522 6247 4158884724
32 523 6247 4158884724
32 524 6247 4158884724
32 525 6247 4158884724
32 526 6247 4158884724
32 527 6247 4158884724
32 528 6247 4158884724
32 529 6247 4158884724
32 530 6247 4158884724
32 531 6247 4158884724
32 532 6247 4158884724
32 533 6247 4158884724
32 534 6247 4158884724
32 535 6247 4158884724
32 536 6247 4158884724
32 537 6247 4158884724
32 538 6247 4158884724
32 539 6247 4158884724
32 540 6247 4158884724
32 541 6247 4158884724
32 542 6247 4158884724
32 543 6247 4158884724
32 544 6247 4158884724
32 545 6247 4158884724
32 546 6247 4158884724
32 547 6247 4158884724
32 548 6247 4158884724
32 549 6247 4158884724
32 550 6247 4158884724
32 551 6247 4158884724
32 552 6247 4158884724
32 553 6247 4158884724
32 554 6247 4158884724
32 555 6247 4158884724
32 556 6247 4158884724
32 557 6247 4158884724
32 558 6247 4158884724
32 559 6247 4158884724
32 560 6247 4158884724
32 561 6247 4158884724
32 562 6247 4158884724
32 563 6247 4158884724
32 564 6247 4158884724
32 565 6247 4158884724
32 566 6247 4158884724
32 567 6247 4158884724
32 568 6247 4158884724
32 569 6247 4158884724
32 570 6247 4158884724
32 571 6247 4158884724
32 572 6247 4158884724
32 573 6247 4158884724
32 574 6247 4158884724
32 575 6247 4158884724
32 576 6247 4158884724
32 577 6247 4158884724
32 578 6247 4158884724
32 579 6247 4158884724
32 580 6247 4158884724
32 581 6247 4158884724
32 582 6247 4158884724
32 583 6247 4158884724
32 584 6247 4158884724
32 585 6247 4158884724
32 586 6247 4158884724
32 587 6247 4158884724
32 588 6247 4158884724
32 589 6247 4158884724
32 590 6247 4158884724
32 591 6247 4158884724
32 592 6247 4158884724
32 593 6247 4158884724
32 594 6247 4158884724
32 595 6247 4158884724
32 596 6247 4158884724
32 597 6247 4158884724
32 598 6247 4158884724
32 599 6247 4158884724
32 600 6247 4158884724
32 601 6247 4158884724
32 602 6247 4158884724
32 603 6247 4158884724
32 604 6247 4158884724
32 605 6247 4158884724
32 606 6247 4158884724
32 607 6247 4158884724
32 608 6247 4158884724
32 609 6247 4158884724
32 610 6247 4158884724
32 611 6247 4158884724
32 612 6247 4158884724
32 613 6247 4158884724
32 614 6247 4158884724
32 615 6247 4158884724
32 616 6247 4158884724
32 617 6247 4158884724
32 618 6247 4158884724
32 619 6247 4158884724
32 620 6247 4158884724
32 621 6247 4158884724
32 622 6247 4158884724
32 623 6247 4158884724
32 624 6247 4158884724
32 625 6247 4158884724
32 626 6247 4158884724
32 627 6247 4158884724
32 628 6247 4158884724
32 629 6247 4158884724
32 630 6247 4158884724
32 631 6247 4158884724
32 632 6247 4158884724
32 633 6247 4158884724
32 634 6247 4158884724
32 635 6247 4158884724
32 636 6247 4158884724
32 637 6247 4158884724
32 638 6247 4158884724
32 639 6247 4158884724
32 640 6247 4158884724
32 641 6247 4158884724
32 642 6247 4158884724
32 643 6247 4158884724
32 644 6247 4158884724
32 645 6247 4158884724
32 646 6247 4158884724
32 647 6247 4158884724
32 648 6247 4158884724
32 649 6247 4158884724
32 650 6247 4158884724
32 651 6247 4158884724
32 652 6247 4158884724
32 653 6247 4158884724
32 654 6247 4158884724
32 655 6247 4158884724
32 656 6247 4158884724
32 657 6247 4158884724
32 658 6247 4158884724
32 659 6247 4158884724
32 660 6247 4158884724
32 661 6247 4158884724
32 662 6247 4158884724
32 663 6247 4158884724
32 664 6247 4158884724
32 665 6247 4158884724
32 666 6247 4158884724
32 667 6247 4158884724
32 668 6247 4158884724
32 669 6247 4158884724
32 670 6247 4158884724
32 671 6247 4158884724
32 672 6247 4158884724
32 673 6247 4158884724
32 674 6247 4158884724
32 675 6247 4158884724
32 676 6247 4158884724
32 677 6247 4158884724
32 678 6247 4158884724
32 679 6247 4158884724
32 680 6247 4158884724
32 681 6247 4158884724
32 682 6247 4158884724
32 683 6247 4158884724
32 684 6247 4158884724
32 685 6247 4158884724
32 686 6247 4158884724
32 687 6247 4158884724
32 688 6247 4158884724
32 689 6247 4158884724
32 690 6247 4158884724
32 691 6247 4158884724
32 692 6247 4158884724
32 693 6247 4158884724
32 694 6247 4158884724
32 695 6247 4158884724
32 696 6247 4158884724
32 697 6247 4158884724
32 698 6247 4158884724
32 699 6247 4158884724
32 700 6247 4158884724
32 701 6247 4158884724
32 702 6247 4158884724
32 703 6247 4158884724
32 704 6247 4158884724
32 705 6247 4158884724
32 706 6247 4158884724
32 707 6247 4158884724
32 708 6247 4158884724
32 709 6247 4158884724
32 710 6247 4158884724
32 711 6247 4158884724
32 712 6247 4158884724
32 713 6247 4158884724
32 714 6247 4158884724
32 715 6247 4158884724
32 716 6247 4158884724
32 717 6247 4158884724
32 718 6247 4158884724
32 719 6247 4158884724
32 720 6247 4158884724
32 721 6247 4158884724
32 722 6247 4158884724
32 723 6247 4158884724
32 724 6247 4158884724
32 725 6247 4158884724
32 726 6247 4158884724
32 727 6247 4158884724
32 728 6247 4158884724
32 729 6247 4158884724
32 730 6247 4158884724
32 731 6247 4158884724
32 732 6247 4158884724
32 733 6247 4158884724
32 734 6247 4158884724
32 735 6247 4158884724
32 736 6247 4158884724
32 737 6247 4158884724
32 738 6247 4158884724
32 739 6247 4158884724
32 740 6247 4158884724
32 741 6247 4158884724
32 742 6247 4158884724
32 743 6247 4158884724
32 744 6247 4158884724
32 745 6247 4158884724
32 746 6247 4158884724
32 747 6247 4158884724
32 748 6247 4158884724
32 749 6247 4158884724
32 750 6247 4158884724
32 751 6247 4158884724
32 752 6247 4158884724
32 753 6247 4158884724
32 754 6247 4158884724
32 755 6247 4158884724
32 756 6247 4158884724
32 757 6247 4158884724
32 758 6247 4158884724
32 759 6247 4158884724
32 760 6247 4158884724
32 761 6247 4158884724
32 762 6247 4158884724
32 763 6247 4158884724
32 764 6247 4158884724
32 765 6247 4158884724
32 766 6247 4158884724
32 767 6247 4158884724
32 768 6247 4158884724
32 769 6247 4158884724
32 770 6247 4158884724
32 771 6247 4158884724
32 772 6247 4158884724
32 773 6247 4158884724
32 774 6247 4158884724
32 775 6247 4158884724
32 776 6247 4158884724
32 777 6247 4158884724
32 778 6247 4158884724
32 779 6247 4158884724
32 780 6247 4158884724
32 781 6247 4158884724
32 782 6247 4158884724
32 783 6247 4158884724
32 784 6247 4158884724
32 785 6247 4158884724
32 786 6247 4158884724
32 787 6247 4158884724
32 788 6247 4158884724
32 789 6247 4158884724
32 790 6247 4158884724
32 791 6247 4158884724
32 792 6247 4158884724
32 793 6247 4158884724
32 794 6247 4158884724
32 795 6247 4158884724
32 796 6247 4158884724
32 797 6247 4158884724
32 798 6247 4158884724
32 799 6247 4158884724
32 800 6247 4158884724
32 801 6247 4158884724
32 802 6247 4158884724
32 803 6247 4158884724
32 804 6247 4158884724
32 805 6247 4158884724
32 806 6247 4158884724
32 807 6247 4158884724
32 808 6247 4158884724
32 809 6247 4158884724
32 810 6247 4158884724
32 811 6247 4158884724
32 812 6247 4158884724
32 813 6247 4158884724
32 814 6247 4158884724
32 815 6247 4158884724
32 816 6247 4158884724
32 817 6247 4158884724
32 818 6247 4158884724
32 819 6247 4158884724
32 820 6247 4158884724
32 821 6247 4158884724
32 822 6247 4158884724
32 823 6247 4158884724
32 824 6247 4158884724
32 825 6404 4158884724
32 826 6247 4158884724
32 827 6247 4158884724
32 828 6247 4158884724
32 829 6247 4158884724
32 830 6247 4158884724
32 831 6247 4158884724
32 832 6247 4158884724
32 833 6247 4158884724
32 834 6247 4158884724
32 835 6247 4158884724
32 836 6247 4158884724
32 837 6247 4158884724
32 838 6247 4158884724
32 839 6247 4158884724
32 840 6247 4158884724
32 841 6247 4158884724
32 842 6247 4158884724
32 843 6247 4158884724
32 844 6247 4158884724
32 845 6247 4158884724
32 846 6247 4158884724
32 847 6247 4158884724
32 848 6247 4158884724
32 849 6247 4158884724
32 850 6247 4158884724
32 851 6247 4158884724
32 852 6247 4158884724
32 853 6247 4158884724
32 854 6404 4158884724
32 855 6247 4158884724
32 856 6247 4158884724
32 857 6247 4158884724
32 858 6247 4158884724
32 859 6247 4158884724
32 860 6247 4158884724
32 861 6247 4158884724
32 862 6247 4158884724
32 863 6247 4158884724
32 864 6247 4158884724
32 865 6247 4158884724
32 866 6247 4158884724
32 867 6247 4158884724
32 868 6247 4158884724
32 869 6247 4158884724
32 870 6247 4158884724
32 871 6247 4158884724
32 872 6247 4158884724
32 873 6247 4158884724
32 874 6247 4158884724
32 875 6247 4158884724
32 876 6247 4158884724
32 877 6247 4158884724
32 878 6247 4158884724
32 879 6247 4158884724
32 880 6247 4158884724
32 881 6247 4158884724
32 882 6247 4158884724
32 883 6247 4158884724
32 884 6247 4158884724
32 885 6247 4158884724
32 886 6247 4158884724
32 887 6247 4158884724
32 888 6247 4158884724
32 889 6247 4158884724
32 890 6247 4158884724
32 891 6247 4158884724
32 892 6247 4158884724
32 893 6247 4158884724
32 894 6247 4158884724
32 895 6247 4158884724
32 896 6247 4158884724
32 897 6247 4158884724
32 898 6247 4158884724
32 899 6247 4158884724
32 900 6247 4158884724
32 901 6247 4158884724
32 902 6247 4158884724
32 903 6247 4158884724
32 904 6247 4158884724
32 905 6247 4158884724
32 906 6247 4158884724
32 907 6247 4158884724
32 908 6247 4158884724
32 909 6247 4158884724
32 910 6247 4158884724
32 911 6247 4158884724
32 912 6247 4158884724
32 913 6247 4158884724
32 914 6247 4158884724
32 915 6247 4158884724
32 916 6247 4158884724
32 917 6247 4158884724
32 918 6247 4158884724
32 919 6247 4158884724
32 920 6247 4158884724
32 921 6247 4158884724
32 922 6247 4158884724
32 923 6247 4158884724
32 924 6247 4158884724
32 925 6247 4158884724
32 926 6247 4158884724
32 927 6247 4158884724
32 928 6247 4158884724
32 929 6247 4158884724
32 930 6247 4158884724
32 931 6247 4158884724
32 932 6247 4158884724
32 933 6247 4158884724
32 934 6247 4158884724
32 935 6247 4158884724
32 936 6247 4158884724
32 937 6247 4158884724
32 938 6247 4158884724
32 939 6247 4158884724
32 940 6247 4158884724
32 941 6247 4158884724
32 942 6247 4158884724
32 943 6247 4158884724
32 944 6247 4158884724
32 945 6247 4158884724
32 946 6247 4158884724
32 947 6247 4158884724
32 948 6247 4158884724
32 949 6247 4158884724
32 950 6247 4158884724
32 951 6247 4158884724
32 952 6247 4158884724
32 953 6247 4158884724
32 954 6247 4158884724
32 955 6247 4158884724
32 956 6247 4158884724
32 957 6247 4158884724
32 958 6247 4158884724
32 959 6247 4158884724
32 960 6247 4158884724
32 961 6247 4158884724
32 962 6247 4158884724
32 963 6247 4158884724
32 964 6247 4158884724
32 965 6247 4158884724
32 966 6247 4158884724
32 967 6247 4158884724
32 968 6247 4158884724
32 969 6247 4158884724
32 970 6247 4158884724
32 971 6247 4158884724
32 972 6247 4158884724
32 973 6247 4158884724
32 974 6247 4158884724
32 975 6247 4158884724
32 976 6247 4158884724
32 977 6247 4158884724
32 978 6247 4158884724
32 979 6247 4158884724
32 980 6247 4158884724
32 981 6247 4158884724
32 982 6247 4158884724
32 983 6247 4158884724
32 984 6247 4158884724
32 985 6247 4158884724
32 986 6247 4158884724
32 987 6247 4158884724
32 988 6247 4158884724
32 989 6247 4158884724
32 990 6247 4158884724
32 991 6247 4158884724
32 992 6247 4158884724
32 993 6247 4158884724
32 994 6247 4158884724
32 995 6247 4158884724
32 996 6247 4158884724
32 997 6247 4158884724
32 998 6247 4158884724
32 999 6247 4158884724
