64 0 24779 4160031596
64 1 24775 4160031596
64 2 24775 4160031596
64 3 24775 4160031596
64 4 24775 4160031596
64 5 24775 4160031596
64 6 24775 4160031596
64 7 24775 4160031596
64 8 24775 4160031596
64 9 24775 4160031596
64 10 24775 4160031596
64 11 24775 4160031596
64 12 24775 4160031596
64 13 24775 4160031596
64 14 24775 4160031596
64 15 24775 4160031596
64 16 24775 4160031596
64 17 24775 4160031596
64 18 24775 4160031596
64 19 24775 4160031596
64 20 24775 4160031596
64 21 24775 4160031596
64 22 24775 4160031596
64 23 24923 4160031596
64 24 24775 4160031596
64 25 24775 4160031596
64 26 24775 4160031596
64 27 24775 4160031596
64 28 24775 4160031596
64 29 24775 4160031596
64 30 24775 4160031596
64 31 24775 4160031596
64 32 24775 4160031596
64 33 24775 4160031596
64 34 24775 4160031596
64 35 24775 4160031596
64 36 24775 4160031596
64 37 24775 4160031596
64 38 24775 4160031596
64 39 24775 4160031596
64 40 24775 4160031596
64 41 24775 4160031596
64 42 24775 4160031596
64 43 24775 4160031596
64 44 24775 4160031596
64 45 24775 4160031596
64 46 24775 4160031596
64 47 24775 4160031596
64 48 24775 4160031596
64 49 24775 4160031596
64 50 24775 4160031596
64 51 24775 4160031596
64 52 24942 4160031596
64 53 24775 4160031596
64 54 24775 4160031596
64 55 24775 4160031596
64 56 24775 4160031596
64 57 24775 4160031596
64 58 24775 4160031596
64 59 24775 4160031596
64 60 24775 4160031596
64 61 24775 4160031596
64 62 24775 4160031596
64 63 24775 4160031596
64 64 24775 4160031596
64 65 24775 4160031596
64 66 24775 4160031596
64 67 24775 4160031596
64 68 24775 4160031596
64 69 24775 4160031596
64 70 24775 4160031596
64 71 24775 4160031596
64 72 24775 4160031596
64 73 24775 4160031596
64 74 24775 4160031596
64 75 24775 4160031596
64 76 24775 4160031596
64 77 24775 4160031596
64 78 24775 4160031596
64 79 24775 4160031596
64 80 24775 4160031596
64 81 24775 4160031596
64 82 24775 4160031596
64 83 24775 4160031596
64 84 24775 4160031596
64 85 24775 4160031596
64 86 24775 4160031596
64 87 24775 4160031596
64 88 24775 4160031596
64 89 24775 4160031596
64 90 24775 4160031596
64 91 24775 4160031596
64 92 24775 4160031596
64 93 24775 4160031596
64 94 24775 4160031596
64 95 24775 4160031596
64 96 24775 4160031596
64 97 24775 4160031596
64 98 24775 4160031596
64 99 24775 4160031596
64 100 24775 4160031596
64 101 24775 4160031596
64 102 24775 4160031596
64 103 24775 4160031596
64 104 24775 4160031596
64 105 24775 4160031596
64 106 24775 4160031596
64 107 24775 4160031596
64 108 24775 4160031596
64 109 24775 4160031596
64 110 24775 4160031596
64 111 24775 4160031596
64 112 24775 4160031596
64 113 24775 4160031596
64 114 24775 4160031596
64 115 24775 4160031596
64 116 24775 4160031596
64 117 24775 4160031596
64 118 24775 4160031596
64 119 24775 4160031596
64 120 24775 4160031596
64 121 24775 4160031596
64 122 24775 4160031596
64 123 24775 4160031596
64 124 24775 4160031596
64 125 24775 4160031596
64 126 24775 4160031596
64 127 24775 4160031596
64 128 24775 4160031596
64 129 24775 4160031596
64 130 24775 4160031596
64 131 24775 4160031596
64 132 24775 4160031596
64 133 24775 4160031596
64 134 24775 4160031596
64 135 24775 4160031596
64 136 24775 4160031596
64 137 24775 4160031596
64 138 24775 4160031596
64 139 24775 4160031596
64 140 24775 4160031596
64 141 24775 4160031596
64 142 24775 4160031596
64 143 24775 4160031596
64 144 24775 4160031596
64 145 24775 4160031596
64 146 24775 4160031596
64 147 24775 4160031596
64 148 24775 4160031596
64 149 24775 4160031596
64 150 24775 4160031596
64 151 24775 4160031596
64 152 24775 4160031596
64 153 24775 4160031596
64 154 24775 4160031596
64 155 24775 4160031596
64 156 24775 4160031596
64 157 24775 4160031596
64 158 24775 4160031596
64 159 24775 4160031596
64 160 24775 4160031596
64 161 24775 4160031596
64 162 24775 4160031596
64 163 24775 4160031596
64 164 24775 4160031596
64 165 24775 4160031596
64 166 24775 4160031596
64 167 24775 4160031596
64 168 24775 4160031596
64 169 24775 4160031596
64 170 24775 4160031596
64 171 24775 4160031596
64 172 24775 4160031596
64 173 24775 4160031596
64 174 24775 4160031596
64 175 24775 4160031596
64 176 24775 4160031596
64 177 24775 4160031596
64 178 24775 4160031596
64 179 24775 4160031596
64 180 24775 4160031596
64 181 24775 4160031596
64 182 24775 4160031596
64 183 24775 4160031596
64 184 24775 4160031596
64 185 24775 4160031596
64 186 24775 4160031596
64 187 24775 4160031596
64 188 24775 4160031596
64 189 24775 4160031596
64 190 24775 4160031596
64 191 24775 4160031596
64 192 24775 4160031596
64 193 24775 4160031596
64 194 24775 4160031596
64 195 24775 4160031596
64 196 24775 4160031596
64 197 24775 4160031596
64 198 24775 4160031596
64 199 24775 4160031596
64 200 24775 4160031596
64 201 24775 4160031596
64 202 24775 4160031596
64 203 24775 4160031596
64 204 24775 4160031596
64 205 24775 4160031596
64 206 24775 4160031596
64 207 24775 4160031596
64 208 24775 4160031596
64 209 24775 4160031596
64 210 24775 4160031596
64 211 24775 4160031596
64 212 24775 4160031596
64 213 24775 4160031596
64 214 24775 4160031596
64 215 24775 4160031596
64 216 24775 4160031596
64 217 24775 4160031596
64 218 24775 4160031596
64 219 24775 4160031596
64 220 24775 4160031596
64 221 24775 4160031596
64 222 24775 4160031596
64 223 24775 4160031596
64 224 24775 4160031596
64 225 24775 4160031596
64 226 24775 4160031596
64 227 24775 4160031596
64 228 24775 4160031596
64 229 24775 4160031596
64 230 24775 4160031596
64 231 24775 4160031596
64 232 24775 4160031596
64 233 24775 4160031596
64 234 24775 4160031596
64 235 24775 4160031596
64 236 24775 4160031596
64 237 24775 4160031596
64 238 24775 4160031596
64 239 24775 4160031596
64 240 24775 4160031596
64 241 24775 4160031596
64 242 24775 4160031596
64 243 24775 4160031596
64 244 24775 4160031596
64 245 24775 4160031596
64 246 24775 4160031596
64 247 24775 4160031596
64 248 24775 4160031596
64 249 24775 4160031596
64 250 24775 4160031596
64 251 24775 4160031596
64 252 24775 4160031596
64 253 24775 4160031596
64 254 24775 4160031596
64 255 24775 4160031596
64 256 24775 4160031596
64 257 24775 4160031596
64 258 24775 4160031596
64 259 24775 4160031596
64 260 24775 4160031596
64 261 24775 4160031596
64 262 24775 4160031596
64 263 24775 4160031596
64 264 24775 4160031596
64 265 24775 4160031596
64 266 24775 4160031596
64 267 24775 4160031596
64 268 24775 4160031596
64 269 24775 4160031596
64 270 24775 4160031596
64 271 24775 4160031596
64 272 24775 4160031596
64 273 24775 4160031596
64 274 24775 4160031596
64 275 24775 4160031596
64 276 24775 4160031596
64 277 24775 4160031596
64 278 24775 4160031596
64 279 24775 4160031596
64 280 24775 4160031596
64 281 24775 4160031596
64 282 24775 4160031596
64 283 24775 4160031596
64 284 24775 4160031596
64 285 24775 4160031596
64 286 24775 4160031596
64 287 24775 4160031596
64 288 24775 4160031596
64 289 24775 4160031596
64 290 24775 4160031596
64 291 24775 4160031596
64 292 24775 4160031596
64 293 24775 4160031596
64 294 24775 4160031596
64 295 24775 4160031596
64 296 24775 4160031596
64 297 24775 4160031596
64 298 24775 4160031596
64 299 24775 4160031596
64 300 24775 4160031596
64 301 24775 4160031596
64 302 24775 4160031596
64 303 24775 4160031596
64 304 24775 4160031596
64 305 24775 4160031596
64 306 24775 4160031596
64 307 24775 4160031596
64 308 24775 4160031596
64 309 24775 4160031596
64 310 24775 4160031596
64 311 24775 4160031596
64 312 24775 4160031596
64 313 24775 4160031596
64 314 24775 4160031596
64 315 24775 4160031596
64 316 24775 4160031596
64 317 24775 4160031596
64 318 24775 4160031596
64 319 24775 4160031596
64 320 24775 4160031596
64 321 24775 4160031596
64 322 24775 4160031596
64 323 24775 4160031596
64 324 24775 4160031596
64 325 24775 4160031596
64 326 24775 4160031596
64 327 24775 4160031596
64 328 24775 4160031596
64 329 24775 4160031596
64 330 24775 4160031596
64 331 24775 4160031596
64 332 24775 4160031596
64 333 24775 4160031596
64 334 24775 4160031596
64 335 24775 4160031596
64 336 24775 4160031596
64 337 24775 4160031596
64 338 24775 4160031596
64 339 24775 4160031596
64 340 24775 4160031596
64 341 24775 4160031596
64 342 24775 4160031596
64 343 24775 4160031596
64 344 24775 4160031596
64 345 24775 4160031596
64 346 24775 4160031596
64 347 24775 4160031596
64 348 24775 4160031596
64 349 24775 4160031596
64 350 24775 4160031596
64 351 24775 4160031596
64 352 24775 4160031596
64 353 24775 4160031596
64 354 24775 4160031596
64 355 24775 4160031596
64 356 24775 4160031596
64 357 24775 4160031596
64 358 24775 4160031596
64 359 24775 4160031596
64 360 24775 4160031596
64 361 24775 4160031596
64 362 24775 4160031596
64 363 24775 4160031596
64 364 24775 4160031596
64 365 24775 4160031596
64 366 24775 4160031596
64 367 24775 4160031596
64 368 24775 4160031596
64 369 24775 4160031596
64 370 24775 4160031596
64 371 24775 4160031596
64 372 24775 4160031596
64 373 24775 4160031596
64 374 24775 4160031596
64 375 24775 4160031596
64 376 24775 4160031596
64 377 24775 4160031596
64 378 24775 4160031596
64 379 24775 4160031596
64 380 24775 4160031596
64 381 24775 4160031596
64 382 24775 4160031596
64 383 24775 4160031596
64 384 24775 4160031596
64 385 24775 4160031596
64 386 24775 4160031596
64 387 24775 4160031596
64 388 24775 4160031596
64 389 24775 4160031596
64 390 24775 4160031596
64 391 24775 4160031596
64 392 24775 4160031596
64 393 24775 4160031596
64 394 24775 4160031596
64 395 24775 4160031596
64 396 24775 4160031596
64 397 24775 4160031596
64 398 24775 4160031596
64 399 24775 4160031596
64 400 24775 4160031596
64 401 24775 4160031596
64 402 24775 4160031596
64 403 24775 4160031596
64 404 24775 4160031596
64 405 24775 4160031596
64 406 24775 4160031596
64 407 24775 4160031596
64 408 24775 4160031596
64 409 24775 4160031596
64 410 24775 4160031596
64 411 24775 4160031596
64 412 24775 4160031596
64 413 24775 4160031596
64 414 24775 4160031596
64 415 24775 4160031596
64 416 24775 4160031596
64 417 24775 4160031596
64 418 24775 4160031596
64 419 24775 4160031596
64 420 24775 4160031596
64 421 24775 4160031596
64 422 24775 4160031596
64 423 24775 4160031596
64 424 24775 4160031596
64 425 24775 4160031596
64 426 24775 4160031596
64 427 24775 4160031596
64 428 24775 4160031596
64 429 24775 4160031596
64 430 24775 4160031596
64 431 24775 4160031596
64 432 24775 4160031596
64 433 24775 4160031596
64 434 24775 4160031596
64 435 24775 4160031596
64 436 24775 4160031596
64 437 24775 4160031596
64 438 24775 4160031596
64 439 24775 4160031596
64 440 24775 4160031596
64 441 24775 4160031596
64 442 24775 4160031596
64 443 24775 4160031596
64 444 24775 4160031596
64 445 24775 4160031596
64 446 24775 4160031596
64 447 24775 4160031596
64 448 24775 4160031596
64 449 24775 4160031596
64 450 24775 4160031596
64 451 24775 4160031596
64 452 24775 4160031596
64 453 24775 4160031596
64 454 24775 4160031596
64 455 24775 4160031596
64 456 24775 4160031596
64 457 24775 4160031596
64 458 24775 4160031596
64 459 24775 4160031596
64 460 24775 4160031596
64 461 24775 4160031596
64 462 24775 4160031596
64 463 24775 4160031596
64 464 24775 4160031596
64 465 24775 4160031596
64 466 24775 4160031596
64 467 24775 4160031596
64 468 24775 4160031596
64 469 24775 4160031596
64 470 24775 4160031596
64 471 24775 4160031596
64 472 24775 4160031596
64 473 24775 4160031596
64 474 24775 4160031596
64 475 24775 4160031596
64 476 24775 4160031596
64 477 24775 4160031596
64 478 24775 4160031596
64 479 24775 4160031596
64 480 24775 4160031596
64 481 24775 4160031596
64 482 24775 4160031596
64 483 24775 4160031596
64 484 24775 4160031596
64 485 24775 4160031596
64 486 24775 4160031596
64 487 24775 4160031596
64 488 24775 4160031596
64 489 24775 4160031596
64 490 24775 4160031596
64 491 24775 4160031596
64 492 24775 4160031596
64 493 24775 4160031596
64 494 24775 4160031596
64 495 24775 4160031596
64 496 24775 4160031596
64 497 24775 4160031596
64 498 24775 4160031596
64 499 24775 4160031596
64 500 24775 4160031596
64 501 24775 4160031596
64 502 24775 4160031596
64 503 24775 4160031596
64 504 24775 4160031596
64 505 24775 4160031596
64 506 24775 4160031596
64 507 24775 4160031596
64 508 24775 4160031596
64 509 24775 4160031596
64 510 24775 4160031596
64 511 24775 4160031596
64 512 24775 4160031596
64 513 24775 4160031596
64 514 24775 4160031596
64 515 24775 4160031596
64 516 24775 4160031596
64 517 24775 4160031596
64 518 24775 4160031596
64 519 24775 4160031596
64 520 24775 4160031596
64 521 24775 4160031596
64 522 24775 4160031596
64 523 24775 4160031596
64 524 24775 4160031596
64 525 24775 4160031596
64 526 24775 4160031596
64 527 24775 4160031596
64 528 24775 4160031596
64 529 24775 4160031596
64 530 24775 4160031596
64 531 24775 4160031596
64 532 24775 4160031596
64 533 24775 4160031596
64 534 24775 4160031596
64 535 24775 4160031596
64 536 24775 4160031596
64 537 24775 4160031596
64 538 24775 4160031596
64 539 24775 4160031596
64 540 24775 4160031596
64 541 24775 4160031596
64 542 24775 4160031596
64 543 24775 4160031596
64 544 24775 4160031596
64 545 24775 4160031596
64 546 24775 4160031596
64 547 24775 4160031596
64 548 24775 4160031596
64 549 24775 4160031596
64 550 24775 4160031596
64 551 24775 4160031596
64 552 24775 4160031596
64 553 24775 4160031596
64 554 24775 4160031596
64 555 24775 4160031596
64 556 24775 4160031596
64 557 24775 4160031596
64 558 24775 4160031596
64 559 24775 4160031596
64 560 24775 4160031596
64 561 24775 4160031596
64 562 24775 4160031596
64 563 24775 4160031596
64 564 24775 4160031596
64 565 24775 4160031596
64 566 24775 4160031596
64 567 24775 4160031596
64 568 24775 4160031596
64 569 24775 4160031596
64 570 24775 4160031596
64 571 24775 4160031596
64 572 24775 4160031596
64 573 24775 4160031596
64 574 24775 4160031596
64 575 24775 4160031596
64 576 24775 4160031596
64 577 24775 4160031596
64 578 24775 4160031596
64 579 24775 4160031596
64 580 24775 4160031596
64 581 24775 4160031596
64 582 24775 4160031596
64 583 24775 4160031596
64 584 24775 4160031596
64 585 24775 4160031596
64 586 24775 4160031596
64 587 24775 4160031596
64 588 24775 4160031596
64 589 24775 4160031596
64 590 24775 4160031596
64 591 24775 4160031596
64 592 24775 4160031596
64 593 24775 4160031596
64 594 24775 4160031596
64 595 24775 4160031596
64 596 24775 4160031596
64 597 24775 4160031596
64 598 24775 4160031596
64 599 24775 4160031596
64 600 24775 4160031596
64 601 24775 4160031596
64 602 24775 4160031596
64 603 24775 4160031596
64 604 24775 4160031596
64 605 24775 4160031596
64 606 24775 4160031596
64 607 24775 4160031596
64 608 24775 4160031596
64 609 24775 4160031596
64 610 24775 4160031596
64 611 24775 4160031596
64 612 24775 4160031596
64 613 24775 4160031596
64 614 24775 4160031596
64 615 24775 4160031596
64 616 24775 4160031596
64 617 24775 4160031596
64 618 24775 4160031596
64 619 24775 4160031596
64 620 24775 4160031596
64 621 24775 4160031596
64 622 24775 4160031596
64 623 24775 4160031596
64 624 24775 4160031596
64 625 24775 4160031596
64 626 24775 4160031596
64 627 24775 4160031596
64 628 24775 4160031596
64 629 24775 4160031596
64 630 24775 4160031596
64 631 24775 4160031596
64 632 24775 4160031596
64 633 24775 4160031596
64 634 24775 4160031596
64 635 24775 4160031596
64 636 24775 4160031596
64 637 24775 4160031596
64 638 24775 4160031596
64 639 24775 4160031596
64 640 24775 4160031596
64 641 24775 4160031596
64 642 24775 4160031596
64 643 24775 4160031596
64 644 24775 4160031596
64 645 24775 4160031596
64 646 24775 4160031596
64 647 24775 4160031596
64 648 24775 4160031596
64 649 24775 4160031596
64 650 24775 4160031596
64 651 24775 4160031596
64 652 24775 4160031596
64 653 24775 4160031596
64 654 24775 4160031596
64 655 24775 4160031596
64 656 24775 4160031596
64 657 24775 4160031596
64 658 24775 4160031596
64 659 24775 4160031596
64 660 24775 4160031596
64 661 24775 4160031596
64 662 24775 4160031596
64 663 24775 4160031596
64 664 24775 4160031596
64 665 24775 4160031596
64 666 24775 4160031596
64 667 24775 4160031596
64 668 24775 4160031596
64 669 24775 4160031596
64 670 24775 4160031596
64 671 24775 4160031596
64 672 24775 4160031596
64 673 24775 4160031596
64 674 24775 4160031596
64 675 24775 4160031596
64 676 24775 4160031596
64 677 24775 4160031596
64 678 24775 4160031596
64 679 24775 4160031596
64 680 24775 4160031596
64 681 24775 4160031596
64 682 24775 4160031596
64 683 24775 4160031596
64 684 24775 4160031596
64 685 24775 4160031596
64 686 24775 4160031596
64 687 24775 4160031596
64 688 24775 4160031596
64 689 24775 4160031596
64 690 24775 4160031596
64 691 24775 4160031596
64 692 24775 4160031596
64 693 24775 4160031596
64 694 24775 4160031596
64 695 24775 4160031596
64 696 24775 4160031596
64 697 24775 4160031596
64 698 24775 4160031596
64 699 24775 4160031596
64 700 24775 4160031596
64 701 24775 4160031596
64 702 24775 4160031596
64 703 24775 4160031596
64 704 24775 4160031596
64 705 24775 4160031596
64 706 24775 4160031596
64 707 24775 4160031596
64 708 24775 4160031596
64 709 24775 4160031596
64 710 24775 4160031596
64 711 24775 4160031596
64 712 24775 4160031596
64 713 24775 4160031596
64 714 24775 4160031596
64 715 24775 4160031596
64 716 24775 4160031596
64 717 24775 4160031596
64 718 24775 4160031596
64 719 24775 4160031596
64 720 24775 4160031596
64 721 24775 4160031596
64 722 24775 4160031596
64 723 24775 4160031596
64 724 24775 4160031596
64 725 24775 4160031596
64 726 24775 4160031596
64 727 24775 4160031596
64 728 24775 4160031596
64 729 24775 4160031596
64 730 24775 4160031596
64 731 24775 4160031596
64 732 24775 4160031596
64 733 24775 4160031596
64 734 24775 4160031596
64 735 24775 4160031596
64 736 24775 4160031596
64 737 24775 4160031596
64 738 24775 4160031596
64 739 24775 4160031596
64 740 24775 4160031596
64 741 24775 4160031596
64 742 24775 4160031596
64 743 24775 4160031596
64 744 24775 4160031596
64 745 24775 4160031596
64 746 24775 4160031596
64 747 24775 4160031596
64 748 24775 4160031596
64 749 24775 4160031596
64 750 24775 4160031596
64 751 24775 4160031596
64 752 24775 4160031596
64 753 24775 4160031596
64 754 24775 4160031596
64 755 24775 4160031596
64 756 24775 4160031596
64 757 24775 4160031596
64 758 24775 4160031596
64 759 24775 4160031596
64 760 24775 4160031596
64 761 24775 4160031596
64 762 24775 4160031596
64 763 24775 4160031596
64 764 24775 4160031596
64 765 24775 4160031596
64 766 24775 4160031596
64 767 24775 4160031596
64 768 24775 4160031596
64 769 24775 4160031596
64 770 24775 4160031596
64 771 24775 4160031596
64 772 24775 4160031596
64 773 24775 4160031596
64 774 24775 4160031596
64 775 24775 4160031596
64 776 24775 4160031596
64 777 24775 4160031596
64 778 24775 4160031596
64 779 24775 4160031596
64 780 24775 4160031596
64 781 24775 4160031596
64 782 24775 4160031596
64 783 24775 4160031596
64 784 24775 4160031596
64 785 24775 4160031596
64 786 24775 4160031596
64 787 24775 4160031596
64 788 24775 4160031596
64 789 24775 4160031596
64 790 24775 4160031596
64 791 24775 4160031596
64 792 24775 4160031596
64 793 24775 4160031596
64 794 24775 4160031596
64 795 24775 4160031596
64 796 24775 4160031596
64 797 24775 4160031596
64 798 24775 4160031596
64 799 24775 4160031596
64 800 24775 4160031596
64 801 24775 4160031596
64 802 24775 4160031596
64 803 24775 4160031596
64 804 24775 4160031596
64 805 24775 4160031596
64 806 24775 4160031596
64 807 24775 4160031596
64 808 24775 4160031596
64 809 24775 4160031596
64 810 24775 4160031596
64 811 24775 4160031596
64 812 24775 4160031596
64 813 24775 4160031596
64 814 24775 4160031596
64 815 24775 4160031596
64 816 24775 4160031596
64 817 24775 4160031596
64 818 24775 4160031596
64 819 24775 4160031596
64 820 24775 4160031596
64 821 24775 4160031596
64 822 24775 4160031596
64 823 24775 4160031596
64 824 24775 4160031596
64 825 24775 4160031596
64 826 24775 4160031596
64 827 24775 4160031596
64 828 24775 4160031596
64 829 24775 4160031596
64 830 24775 4160031596
64 831 24775 4160031596
64 832 24775 4160031596
64 833 24775 4160031596
64 834 24775 4160031596
64 835 24775 4160031596
64 836 24775 4160031596
64 837 24775 4160031596
64 838 24775 4160031596
64 839 24775 4160031596
64 840 24775 4160031596
64 841 24775 4160031596
64 842 24775 4160031596
64 843 24775 4160031596
64 844 24775 4160031596
64 845 24775 4160031596
64 846 24775 4160031596
64 847 24775 4160031596
64 848 24775 4160031596
64 849 24775 4160031596
64 850 24775 4160031596
64 851 24775 4160031596
64 852 24775 4160031596
64 853 24775 4160031596
64 854 24775 4160031596
64 855 24775 4160031596
64 856 24775 4160031596
64 857 24775 4160031596
64 858 24775 4160031596
64 859 24775 4160031596
64 860 24775 4160031596
64 861 24775 4160031596
64 862 24775 4160031596
64 863 24775 4160031596
64 864 24775 4160031596
64 865 24775 4160031596
64 866 24775 4160031596
64 867 24775 4160031596
64 868 24775 4160031596
64 869 24775 4160031596
64 870 24775 4160031596
64 871 24775 4160031596
64 872 24775 4160031596
64 873 24775 4160031596
64 874 24775 4160031596
64 875 24775 4160031596
64 876 24775 4160031596
64 877 24775 4160031596
64 878 24775 4160031596
64 879 24775 4160031596
64 880 24775 4160031596
64 881 24775 4160031596
64 882 24775 4160031596
64 883 24775 4160031596
64 884 24775 4160031596
64 885 24775 4160031596
64 886 24775 4160031596
64 887 24775 4160031596
64 888 24775 4160031596
64 889 24775 4160031596
64 890 24775 4160031596
64 891 24775 4160031596
64 892 24775 4160031596
64 893 24775 4160031596
64 894 24775 4160031596
64 895 24775 4160031596
64 896 24775 4160031596
64 897 24775 4160031596
64 898 24775 4160031596
64 899 24775 4160031596
64 900 24775 4160031596
64 901 24775 4160031596
64 902 24775 4160031596
64 903 24775 4160031596
64 904 24775 4160031596
64 905 24775 4160031596
64 906 24775 4160031596
64 907 24775 4160031596
64 908 24775 4160031596
64 909 24775 4160031596
64 910 24775 4160031596
64 911 24775 4160031596
64 912 24775 4160031596
64 913 24775 4160031596
64 914 24775 4160031596
64 915 24775 4160031596
64 916 24775 4160031596
64 917 24775 4160031596
64 918 24775 4160031596
64 919 24775 4160031596
64 920 24775 4160031596
64 921 24775 4160031596
64 922 24775 4160031596
64 923 24775 4160031596
64 924 24775 4160031596
64 925 24775 4160031596
64 926 24775 4160031596
64 927 24775 4160031596
64 928 24775 4160031596
64 929 24775 4160031596
64 930 24775 4160031596
64 931 24775 4160031596
64 932 24775 4160031596
64 933 24775 4160031596
64 934 24775 4160031596
64 935 24775 4160031596
64 936 24775 4160031596
64 937 24775 4160031596
64 938 24775 4160031596
64 939 24775 4160031596
64 940 24775 4160031596
64 941 24775 4160031596
64 942 24775 4160031596
64 943 24775 4160031596
64 944 24775 4160031596
64 945 24775 4160031596
64 946 24775 4160031596
64 947 24775 4160031596
64 948 24775 4160031596
64 949 24775 4160031596
64 950 24775 4160031596
64 951 24775 4160031596
64 952 24775 4160031596
64 953 24775 4160031596
64 954 24775 4160031596
64 955 24775 4160031596
64 956 24775 4160031596
64 957 24775 4160031596
64 958 24775 4160031596
64 959 24775 4160031596
64 960 24775 4160031596
64 961 24775 4160031596
64 962 24775 4160031596
64 963 24775 4160031596
64 964 24775 4160031596
64 965 24775 4160031596
64 966 24775 4160031596
64 967 24775 4160031596
64 968 24775 4160031596
64 969 24775 4160031596
64 970 24775 4160031596
64 971 24775 4160031596
64 972 24775 4160031596
64 973 24775 4160031596
64 974 24775 4160031596
64 975 24775 4160031596
64 976 24775 4160031596
64 977 24775 4160031596
64 978 24775 4160031596
64 979 24775 4160031596
64 980 24775 4160031596
64 981 24775 4160031596
64 982 24775 4160031596
64 983 24775 4160031596
64 984 24775 4160031596
64 985 24931 4160031596
64 986 24775 4160031596
64 987 24775 4160031596
64 988 24775 4160031596
64 989 24775 4160031596
64 990 24775 4160031596
64 991 24775 4160031596
64 992 24775 4160031596
64 993 24775 4160031596
64 994 24775 4160031596
64 995 24775 4160031596
64 996 24775 4160031596
64 997 24775 4160031596
64 998 24775 4160031596
64 999 24775 4160031596
