256 0 4197 4242606812
256 1 4188 4242606812
256 2 4173 4242606812
256 3 4177 4242606812
256 4 4172 4242606812
256 5 4152 4242606812
256 6 4181 4242606812
256 7 4189 4242606812
256 8 4217 4242606812
256 9 4167 4242606812
256 10 4167 4242606812
256 11 4185 4242606812
256 12 4209 4242606812
256 13 4166 4242606812
256 14 4232 4242606812
256 15 4194 4242606812
256 16 4197 4242606812
256 17 4218 4242606812
256 18 4179 4242606812
256 19 4181 4242606812
256 20 4166 4242606812
256 21 4231 4242606812
256 22 4182 4242606812
256 23 4251 4242606812
256 24 4141 4242606812
256 25 4246 4242606812
256 26 4186 4242606812
256 27 4266 4242606812
256 28 4157 4242606812
256 29 4219 4242606812
256 30 4142 4242606812
256 31 4216 4242606812
256 32 4130 4242606812
256 33 4267 4242606812
256 34 4166 4242606812
256 35 4186 4242606812
256 36 4239 4242606812
256 37 4172 4242606812
256 38 4227 4242606812
256 39 4163 4242606812
256 40 4217 4242606812
256 41 4221 4242606812
256 42 4196 4242606812
256 43 4166 4242606812
256 44 4241 4242606812
256 45 4172 4242606812
256 46 4243 4242606812
256 47 4181 4242606812
256 48 4172 4242606812
256 49 4256 4242606812
256 50 4167 4242606812
256 51 4296 4242606812
256 52 4164 4242606812
256 53 4182 4242606812
256 54 4201 4242606812
256 55 4166 4242606812
256 56 4257 4242606812
256 57 4156 4242606812
256 58 4162 4242606812
256 59 4231 4242606812
256 60 4208 4242606812
256 61 4196 4242606812
256 62 4151 4242606812
256 63 4170 4242606812
256 64 4252 4242606812
256 65 4219 4242606812
256 66 4176 4242606812
256 67 4186 4242606812
256 68 4240 4242606812
256 69 4188 4242606812
256 70 4166 4242606812
256 71 4231 4242606812
256 72 4192 4242606812
256 73 4291 4242606812
256 74 4172 4242606812
256 75 4182 4242606812
256 76 4156 4242606812
256 77 4167 4242606812
256 78 4247 4242606812
256 79 4156 4242606812
256 80 4244 4242606812
256 81 4224 4242606812
256 82 4165 4242606812
256 83 4156 4242606812
256 84 4211 4242606812
256 85 4161 4242606812
256 86 4171 4242606812
256 87 4211 4242606812
256 88 4164 4242606812
256 89 4262 4242606812
256 90 4180 4242606812
256 91 4228 4242606812
256 92 4170 4242606812
256 93 4241 4242606812
256 94 4186 4242606812
256 95 4187 4242606812
256 96 4156 4242606812
256 97 4221 4242606812
256 98 4171 4242606812
256 99 4182 4242606812
256 100 4181 4242606812
256 101 4152 4242606812
256 102 4166 4242606812
256 103 4167 4242606812
256 104 4142 4242606812
256 105 4172 4242606812
256 106 4157 4242606812
256 107 4151 4242606812
256 108 4195 4242606812
256 109 4156 4242606812
256 110 4162 4242606812
256 111 4213 4242606812
256 112 4182 4242606812
256 113 4187 4242606812
256 114 4172 4242606812
256 115 4173 4242606812
256 116 4166 4242606812
256 117 4151 4242606812
256 118 4159 4242606812
256 119 4176 4242606812
256 120 4189 4242606812
256 121 4170 4242606812
256 122 4167 4242606812
256 123 4183 4242606812
256 124 4186 4242606812
256 125 4232 4242606812
256 126 4154 4242606812
256 127 4162 4242606812
256 128 4173 4242606812
256 129 4157 4242606812
256 130 4192 4242606812
256 131 4187 4242606812
256 132 4171 4242606812
256 133 4181 4242606812
256 134 4192 4242606812
256 135 4166 4242606812
256 136 4206 4242606812
256 137 4182 4242606812
256 138 4159 4242606812
256 139 4156 4242606812
256 140 4157 4242606812
256 141 4172 4242606812
256 142 4171 4242606812
256 143 4142 4242606812
256 144 4167 4242606812
256 145 4157 4242606812
256 146 4227 4242606812
256 147 4157 4242606812
256 148 4175 4242606812
256 149 4193 4242606812
256 150 4145 4242606812
256 151 4152 4242606812
256 152 4171 4242606812
256 153 4166 4242606812
256 154 4161 4242606812
256 155 4147 4242606812
256 156 4161 4242606812
256 157 4161 4242606812
256 158 4181 4242606812
256 159 4186 4242606812
256 160 4146 4242606812
256 161 4206 4242606812
256 162 4160 4242606812
256 163 4147 4242606812
256 164 4160 4242606812
256 165 4175 4242606812
256 166 4155 4242606812
256 167 4201 4242606812
256 168 4151 4242606812
256 169 4137 4242606812
256 170 4156 4242606812
256 171 4177 4242606812
256 172 4176 4242606812
256 173 4167 4242606812
256 174 4150 4242606812
256 175 4163 4242606812
256 176 4177 4242606812
256 177 4157 4242606812
256 178 4168 4242606812
256 179 4142 4242606812
256 180 4186 4242606812
256 181 4181 4242606812
256 182 4180 4242606812
256 183 4164 4242606812
256 184 4181 4242606812
256 185 4181 4242606812
256 186 4162 4242606812
256 187 4168 4242606812
256 188 4191 4242606812
256 189 4181 4242606812
256 190 4170 4242606812
256 191 4184 4242606812
256 192 4157 4242606812
256 193 4162 4242606812
256 194 4171 4242606812
256 195 4147 4242606812
256 196 4157 4242606812
256 197 4152 4242606812
256 198 4177 4242606812
256 199 4177 4242606812
256 200 4182 4242606812
256 201 4156 4242606812
256 202 4210 4242606812
256 203 4198 4242606812
256 204 4147 4242606812
256 205 4200 4242606812
256 206 4194 4242606812
256 207 4201 4242606812
256 208 4197 4242606812
256 209 4170 4242606812
256 210 4176 4242606812
256 211 4141 4242606812
256 212 4161 4242606812
256 213 4147 4242606812
256 214 4167 4242606812
256 215 4197 4242606812
256 216 4146 4242606812
256 217 4171 4242606812
256 218 4187 4242606812
256 219 4142 4242606812
256 220 4171 4242606812
256 221 4192 4242606812
256 222 4177 4242606812
256 223 4206 4242606812
256 224 4204 4242606812
256 225 4210 4242606812
256 226 4179 4242606812
256 227 4161 4242606812
256 228 4175 4242606812
256 229 4157 4242606812
256 230 4156 4242606812
256 231 4156 4242606812
256 232 4201 4242606812
256 233 4162 4242606812
256 234 4187 4242606812
256 235 4191 4242606812
256 236 4168 4242606812
256 237 4151 4242606812
256 238 4160 4242606812
256 239 4179 4242606812
256 240 4171 4242606812
256 241 4161 4242606812
256 242 4181 4242606812
256 243 4171 4242606812
256 244 4196 4242606812
256 245 4156 4242606812
256 246 4181 4242606812
256 247 4175 4242606812
256 248 4160 4242606812
256 249 4176 4242606812
256 250 4177 4242606812
256 251 4160 4242606812
256 252 4179 4242606812
256 253 4188 4242606812
256 254 4176 4242606812
256 255 4181 4242606812
256 256 4192 4242606812
256 257 4152 4242606812
256 258 4192 4242606812
256 259 4170 4242606812
256 260 4153 4242606812
256 261 4156 4242606812
256 262 4166 4242606812
256 263 4213 4242606812
256 264 4157 4242606812
256 265 4156 4242606812
256 266 4156 4242606812
256 267 4192 4242606812
256 268 4185 4242606812
256 269 4174 4242606812
256 270 4164 4242606812
256 271 4188 4242606812
256 272 4156 4242606812
256 273 4180 4242606812
256 274 4180 4242606812
256 275 4156 4242606812
256 276 4198 4242606812
256 277 4146 4242606812
256 278 4182 4242606812
256 279 4212 4242606812
256 280 4171 4242606812
256 281 4166 4242606812
256 282 4168 4242606812
256 283 4152 4242606812
256 284 4190 4242606812
256 285 4180 4242606812
256 286 4141 4242606812
256 287 4152 4242606812
256 288 4201 4242606812
256 289 4167 4242606812
256 290 4182 4242606812
256 291 4176 4242606812
256 292 4177 4242606812
256 293 4162 4242606812
256 294 4203 4242606812
256 295 4177 4242606812
256 296 4191 4242606812
256 297 4161 4242606812
256 298 4169 4242606812
256 299 4181 4242606812
256 300 4177 4242606812
256 301 4181 4242606812
256 302 4161 4242606812
256 303 4191 4242606812
256 304 4156 4242606812
256 305 4186 4242606812
256 306 4176 4242606812
256 307 4156 4242606812
256 308 4177 4242606812
256 309 4157 4242606812
256 310 4161 4242606812
256 311 4167 4242606812
256 312 4190 4242606812
256 313 4176 4242606812
256 314 4190 4242606812
256 315 4182 4242606812
256 316 4156 4242606812
256 317 4169 4242606812
256 318 4167 4242606812
256 319 4156 4242606812
256 320 4195 4242606812
256 321 4182 4242606812
256 322 4205 4242606812
256 323 4175 4242606812
256 324 4146 4242606812
256 325 4181 4242606812
256 326 4176 4242606812
256 327 4187 4242606812
256 328 4140 4242606812
256 329 4162 4242606812
256 330 4169 4242606812
256 331 4162 4242606812
256 332 4166 4242606812
256 333 4157 4242606812
256 334 4156 4242606812
256 335 4212 4242606812
256 336 4200 4242606812
256 337 4196 4242606812
256 338 4192 4242606812
256 339 4176 4242606812
256 340 4190 4242606812
256 341 4167 4242606812
256 342 4161 4242606812
256 343 4171 4242606812
256 344 4175 4242606812
256 345 4180 4242606812
256 346 4177 4242606812
256 347 4181 4242606812
256 348 4179 4242606812
256 349 4141 4242606812
256 350 4170 4242606812
256 351 4181 4242606812
256 352 4167 4242606812
256 353 4186 4242606812
256 354 4172 4242606812
256 355 4182 4242606812
256 356 4207 4242606812
256 357 4171 4242606812
256 358 4171 4242606812
256 359 4181 4242606812
256 360 4196 4242606812
256 361 4177 4242606812
256 362 4176 4242606812
256 363 4136 4242606812
256 364 4194 4242606812
256 365 4181 4242606812
256 366 4188 4242606812
256 367 4166 4242606812
256 368 4171 4242606812
256 369 4196 4242606812
256 370 4230 4242606812
256 371 4176 4242606812
256 372 4156 4242606812
256 373 4180 4242606812
256 374 4216 4242606812
256 375 4171 4242606812
256 376 4152 4242606812
256 377 4156 4242606812
256 378 4177 4242606812
256 379 4171 4242606812
256 380 4172 4242606812
256 381 4190 4242606812
256 382 4162 4242606812
256 383 4175 4242606812
256 384 4162 4242606812
256 385 4172 4242606812
256 386 4196 4242606812
256 387 4156 4242606812
256 388 4182 4242606812
256 389 4166 4242606812
256 390 4177 4242606812
256 391 4162 4242606812
256 392 4167 4242606812
256 393 4223 4242606812
256 394 4194 4242606812
256 395 4196 4242606812
256 396 4190 4242606812
256 397 4186 4242606812
256 398 4184 4242606812
256 399 4183 4242606812
256 400 4166 4242606812
256 401 4182 4242606812
256 402 4191 4242606812
256 403 4186 4242606812
256 404 4162 4242606812
256 405 4202 4242606812
256 406 4179 4242606812
256 407 4191 4242606812
256 408 4186 4242606812
256 409 4147 4242606812
256 410 4177 4242606812
256 411 4176 4242606812
256 412 4156 4242606812
256 413 4202 4242606812
256 414 4171 4242606812
256 415 4186 4242606812
256 416 4220 4242606812
256 417 4151 4242606812
256 418 4162 4242606812
256 419 4156 4242606812
256 420 4223 4242606812
256 421 4136 4242606812
256 422 4156 4242606812
256 423 4174 4242606812
256 424 4172 4242606812
256 425 4166 4242606812
256 426 4171 4242606812
256 427 4181 4242606812
256 428 4147 4242606812
256 429 4187 4242606812
256 430 4152 4242606812
256 431 4157 4242606812
256 432 4193 4242606812
256 433 4155 4242606812
256 434 4167 4242606812
256 435 4161 4242606812
256 436 4185 4242606812
256 437 4172 4242606812
256 438 4189 4242606812
256 439 4166 4242606812
256 440 4221 4242606812
256 441 4214 4242606812
256 442 4181 4242606812
256 443 4156 4242606812
256 444 4161 4242606812
256 445 4167 4242606812
256 446 4158 4242606812
256 447 4178 4242606812
256 448 4197 4242606812
256 449 4142 4242606812
256 450 4152 4242606812
256 451 4156 4242606812
256 452 4176 4242606812
256 453 4182 4242606812
256 454 4160 4242606812
256 455 4170 4242606812
256 456 4191 4242606812
256 457 4171 4242606812
256 458 4172 4242606812
256 459 4191 4242606812
256 460 4179 4242606812
256 461 4216 4242606812
256 462 4173 4242606812
256 463 4151 4242606812
256 464 4157 4242606812
256 465 4167 4242606812
256 466 4200 4242606812
256 467 4166 4242606812
256 468 4181 4242606812
256 469 4171 4242606812
256 470 4171 4242606812
256 471 4171 4242606812
256 472 4146 4242606812
256 473 4157 4242606812
256 474 4161 4242606812
256 475 4147 4242606812
256 476 4178 4242606812
256 477 4161 4242606812
256 478 4184 4242606812
256 479 4174 4242606812
256 480 4166 4242606812
256 481 4151 4242606812
256 482 4205 4242606812
256 483 4176 4242606812
256 484 4176 4242606812
256 485 4156 4242606812
256 486 4172 4242606812
256 487 4206 4242606812
256 488 4184 4242606812
256 489 4151 4242606812
256 490 4184 4242606812
256 491 4171 4242606812
256 492 4161 4242606812
256 493 4175 4242606812
256 494 4186 4242606812
256 495 4165 4242606812
256 496 4151 4242606812
256 497 4173 4242606812
256 498 4177 4242606812
256 499 4157 4242606812
256 500 4142 4242606812
256 501 4162 4242606812
256 502 4190 4242606812
256 503 4182 4242606812
256 504 4141 4242606812
256 505 4178 4242606812
256 506 4176 4242606812
256 507 4142 4242606812
256 508 4202 4242606812
256 509 4167 4242606812
256 510 4141 4242606812
256 511 4175 4242606812
256 512 4166 4242606812
256 513 4147 4242606812
256 514 4191 4242606812
256 515 4189 4242606812
256 516 4162 4242606812
256 517 4217 4242606812
256 518 4167 4242606812
256 519 4194 4242606812
256 520 4163 4242606812
256 521 4166 4242606812
256 522 4180 4242606812
256 523 4161 4242606812
256 524 4186 4242606812
256 525 4146 4242606812
256 526 4166 4242606812
256 527 4186 4242606812
256 528 4172 4242606812
256 529 4161 4242606812
256 530 4161 4242606812
256 531 4141 4242606812
256 532 4167 4242606812
256 533 4217 4242606812
256 534 4187 4242606812
256 535 4160 4242606812
256 536 4150 4242606812
256 537 4157 4242606812
256 538 4202 4242606812
256 539 4181 4242606812
256 540 4161 4242606812
256 541 4151 4242606812
256 542 4192 4242606812
256 543 4182 4242606812
256 544 4181 4242606812
256 545 4156 4242606812
256 546 4191 4242606812
256 547 4201 4242606812
256 548 4162 4242606812
256 549 4171 4242606812
256 550 4157 4242606812
256 551 4162 4242606812
256 552 4147 4242606812
256 553 4192 4242606812
256 554 4206 4242606812
256 555 4171 4242606812
256 556 4159 4242606812
256 557 4174 4242606812
256 558 4161 4242606812
256 559 4192 4242606812
256 560 4151 4242606812
256 561 4176 4242606812
256 562 4157 4242606812
256 563 4177 4242606812
256 564 4175 4242606812
256 565 4192 4242606812
256 566 4146 4242606812
256 567 4171 4242606812
256 568 4181 4242606812
256 569 4182 4242606812
256 570 4205 4242606812
256 571 4167 4242606812
256 572 4187 4242606812
256 573 4162 4242606812
256 574 4181 4242606812
256 575 4218 4242606812
256 576 4141 4242606812
256 577 4176 4242606812
256 578 4167 4242606812
256 579 4182 4242606812
256 580 4182 4242606812
256 581 4192 4242606812
256 582 4152 4242606812
256 583 4155 4242606812
256 584 4162 4242606812
256 585 4180 4242606812
256 586 4161 4242606812
256 587 4180 4242606812
256 588 4192 4242606812
256 589 4171 4242606812
256 590 4187 4242606812
256 591 4161 4242606812
256 592 4177 4242606812
256 593 4159 4242606812
256 594 4211 4242606812
256 595 4172 4242606812
256 596 4162 4242606812
256 597 4162 4242606812
256 598 4166 4242606812
256 599 4165 4242606812
256 600 4186 4242606812
256 601 4174 4242606812
256 602 4172 4242606812
256 603 4150 4242606812
256 604 4190 4242606812
256 605 4177 4242606812
256 606 4162 4242606812
256 607 4166 4242606812
256 608 4146 4242606812
256 609 4190 4242606812
256 610 4198 4242606812
256 611 4174 4242606812
256 612 4147 4242606812
256 613 4167 4242606812
256 614 4136 4242606812
256 615 4226 4242606812
256 616 4171 4242606812
256 617 4174 4242606812
256 618 4211 4242606812
256 619 4202 4242606812
256 620 4186 4242606812
256 621 4146 4242606812
256 622 4175 4242606812
256 623 4166 4242606812
256 624 4162 4242606812
256 625 4216 4242606812
256 626 4171 4242606812
256 627 4180 4242606812
256 628 4181 4242606812
256 629 4176 4242606812
256 630 4151 4242606812
256 631 4161 4242606812
256 632 4161 4242606812
256 633 4187 4242606812
256 634 4172 4242606812
256 635 4181 4242606812
256 636 4176 4242606812
256 637 4147 4242606812
256 638 4182 4242606812
256 639 4162 4242606812
256 640 4147 4242606812
256 641 4170 4242606812
256 642 4185 4242606812
256 643 4146 4242606812
256 644 4177 4242606812
256 645 4157 4242606812
256 646 4177 4242606812
256 647 4152 4242606812
256 648 4157 4242606812
256 649 4171 4242606812
256 650 4151 4242606812
256 651 4195 4242606812
256 652 4167 4242606812
256 653 4161 4242606812
256 654 4181 4242606812
256 655 4177 4242606812
256 656 4167 4242606812
256 657 4207 4242606812
256 658 4210 4242606812
256 659 4172 4242606812
256 660 4200 4242606812
256 661 4191 4242606812
256 662 4192 4242606812
256 663 4142 4242606812
256 664 4170 4242606812
256 665 4189 4242606812
256 666 4152 4242606812
256 667 4182 4242606812
256 668 4176 4242606812
256 669 4151 4242606812
256 670 4182 4242606812
256 671 4171 4242606812
256 672 4156 4242606812
256 673 4166 4242606812
256 674 4200 4242606812
256 675 4181 4242606812
256 676 4176 4242606812
256 677 4176 4242606812
256 678 4206 4242606812
256 679 4207 4242606812
256 680 4141 4242606812
256 681 4146 4242606812
256 682 4161 4242606812
256 683 4194 4242606812
256 684 4147 4242606812
256 685 4151 4242606812
256 686 4177 4242606812
256 687 4156 4242606812
256 688 4161 4242606812
256 689 4162 4242606812
256 690 4187 4242606812
256 691 4151 4242606812
256 692 4224 4242606812
256 693 4192 4242606812
256 694 4157 4242606812
256 695 4161 4242606812
256 696 4177 4242606812
256 697 4165 4242606812
256 698 4167 4242606812
256 699 4160 4242606812
256 700 4183 4242606812
256 701 4171 4242606812
256 702 4179 4242606812
256 703 4167 4242606812
256 704 4157 4242606812
256 705 4151 4242606812
256 706 4151 4242606812
256 707 4192 4242606812
256 708 4141 4242606812
256 709 4190 4242606812
256 710 4172 4242606812
256 711 4170 4242606812
256 712 4172 4242606812
256 713 4196 4242606812
256 714 4157 4242606812
256 715 4167 4242606812
256 716 4177 4242606812
256 717 4180 4242606812
256 718 4181 4242606812
256 719 4160 4242606812
256 720 4146 4242606812
256 721 4171 4242606812
256 722 4167 4242606812
256 723 4172 4242606812
256 724 4161 4242606812
256 725 4191 4242606812
256 726 4176 4242606812
256 727 4172 4242606812
256 728 4161 4242606812
256 729 4193 4242606812
256 730 4157 4242606812
256 731 4156 4242606812
256 732 4202 4242606812
256 733 4175 4242606812
256 734 4212 4242606812
256 735 4186 4242606812
256 736 4171 4242606812
256 737 4152 4242606812
256 738 4142 4242606812
256 739 4152 4242606812
256 740 4176 4242606812
256 741 4176 4242606812
256 742 4211 4242606812
256 743 4156 4242606812
256 744 4166 4242606812
256 745 4166 4242606812
256 746 4196 4242606812
256 747 4187 4242606812
256 748 4166 4242606812
256 749 4178 4242606812
256 750 4170 4242606812
256 751 4186 4242606812
256 752 4166 4242606812
256 753 4176 4242606812
256 754 4157 4242606812
256 755 4217 4242606812
256 756 4167 4242606812
256 757 4176 4242606812
256 758 4166 4242606812
256 759 4177 4242606812
256 760 4171 4242606812
256 761 4192 4242606812
256 762 4176 4242606812
256 763 4206 4242606812
256 764 4161 4242606812
256 765 4171 4242606812
256 766 4197 4242606812
256 767 4171 4242606812
256 768 4152 4242606812
256 769 4142 4242606812
256 770 4167 4242606812
256 771 4201 4242606812
256 772 4161 4242606812
256 773 4182 4242606812
256 774 4169 4242606812
256 775 4176 4242606812
256 776 4187 4242606812
256 777 4166 4242606812
256 778 4162 4242606812
256 779 4209 4242606812
256 780 4177 4242606812
256 781 4156 4242606812
256 782 4162 4242606812
256 783 4146 4242606812
256 784 4197 4242606812
256 785 4161 4242606812
256 786 4161 4242606812
256 787 4150 4242606812
256 788 4176 4242606812
256 789 4171 4242606812
256 790 4198 4242606812
256 791 4177 4242606812
256 792 4176 4242606812
256 793 4170 4242606812
256 794 4161 4242606812
256 795 4182 4242606812
256 796 4208 4242606812
256 797 4173 4242606812
256 798 4185 4242606812
256 799 4192 4242606812
256 800 4160 4242606812
256 801 4152 4242606812
256 802 4172 4242606812
256 803 4162 4242606812
256 804 4161 4242606812
256 805 4168 4242606812
256 806 4150 4242606812
256 807 4176 4242606812
256 808 4187 4242606812
256 809 4190 4242606812
256 810 4151 4242606812
256 811 4155 4242606812
256 812 4176 4242606812
256 813 4160 4242606812
256 814 4181 4242606812
256 815 4152 4242606812
256 816 4182 4242606812
256 817 4159 4242606812
256 818 4207 4242606812
256 819 4176 4242606812
256 820 4162 4242606812
256 821 4163 4242606812
256 822 4197 4242606812
256 823 4186 4242606812
256 824 4151 4242606812
256 825 4156 4242606812
256 826 4190 4242606812
256 827 4166 4242606812
256 828 4165 4242606812
256 829 4186 4242606812
256 830 4156 4242606812
256 831 4137 4242606812
256 832 4176 4242606812
256 833 4171 4242606812
256 834 4200 4242606812
256 835 4171 4242606812
256 836 4157 4242606812
256 837 4172 4242606812
256 838 4171 4242606812
256 839 4211 4242606812
256 840 4176 4242606812
256 841 4166 4242606812
256 842 4176 4242606812
256 843 4202 4242606812
256 844 4151 4242606812
256 845 4172 4242606812
256 846 4151 4242606812
256 847 4174 4242606812
256 848 4171 4242606812
256 849 4178 4242606812
256 850 4196 4242606812
256 851 4177 4242606812
256 852 4167 4242606812
256 853 4165 4242606812
256 854 4191 4242606812
256 855 4191 4242606812
256 856 4142 4242606812
256 857 4147 4242606812
256 858 4157 4242606812
256 859 4177 4242606812
256 860 4240 4242606812
256 861 4189 4242606812
256 862 4172 4242606812
256 863 4152 4242606812
256 864 4161 4242606812
256 865 4171 4242606812
256 866 4167 4242606812
256 867 4165 4242606812
256 868 4196 4242606812
256 869 4191 4242606812
256 870 4176 4242606812
256 871 4151 4242606812
256 872 4157 4242606812
256 873 4221 4242606812
256 874 4207 4242606812
256 875 4200 4242606812
256 876 4172 4242606812
256 877 4167 4242606812
256 878 4167 4242606812
256 879 4177 4242606812
256 880 4192 4242606812
256 881 4156 4242606812
256 882 4162 4242606812
256 883 4156 4242606812
256 884 4162 4242606812
256 885 4191 4242606812
256 886 4197 4242606812
256 887 4161 4242606812
256 888 4147 4242606812
256 889 4156 4242606812
256 890 4156 4242606812
256 891 4137 4242606812
256 892 4166 4242606812
256 893 4167 4242606812
256 894 4171 4242606812
256 895 4200 4242606812
256 896 4147 4242606812
256 897 4181 4242606812
256 898 4177 4242606812
256 899 4175 4242606812
256 900 4167 4242606812
256 901 4191 4242606812
256 902 4141 4242606812
256 903 4146 4242606812
256 904 4172 4242606812
256 905 4187 4242606812
256 906 4182 4242606812
256 907 4161 4242606812
256 908 4160 4242606812
256 909 4247 4242606812
256 910 4175 4242606812
256 911 4192 4242606812
256 912 4176 4242606812
256 913 4157 4242606812
256 914 4175 4242606812
256 915 4186 4242606812
256 916 4166 4242606812
256 917 4201 4242606812
256 918 4178 4242606812
256 919 4156 4242606812
256 920 4166 4242606812
256 921 4181 4242606812
256 922 4166 4242606812
256 923 4156 4242606812
256 924 4182 4242606812
256 925 4176 4242606812
256 926 4170 4242606812
256 927 4172 4242606812
256 928 4187 4242606812
256 929 4183 4242606812
256 930 4242 4242606812
256 931 4177 4242606812
256 932 4176 4242606812
256 933 4176 4242606812
256 934 4196 4242606812
256 935 4185 4242606812
256 936 4167 4242606812
256 937 4161 4242606812
256 938 4176 4242606812
256 939 4173 4242606812
256 940 4161 4242606812
256 941 4157 4242606812
256 942 4161 4242606812
256 943 4174 4242606812
256 944 4159 4242606812
256 945 4186 4242606812
256 946 4172 4242606812
256 947 4176 4242606812
256 948 4171 4242606812
256 949 4157 4242606812
256 950 4165 4242606812
256 951 4177 4242606812
256 952 4188 4242606812
256 953 4190 4242606812
256 954 4166 4242606812
256 955 4181 4242606812
256 956 4166 4242606812
256 957 4161 4242606812
256 958 4155 4242606812
256 959 4196 4242606812
256 960 4167 4242606812
256 961 4190 4242606812
256 962 4171 4242606812
256 963 4147 4242606812
256 964 4182 4242606812
256 965 4136 4242606812
256 966 4172 4242606812
256 967 4170 4242606812
256 968 4187 4242606812
256 969 4160 4242606812
256 970 4173 4242606812
256 971 4155 4242606812
256 972 4176 4242606812
256 973 4216 4242606812
256 974 4162 4242606812
256 975 4192 4242606812
256 976 4182 4242606812
256 977 4176 4242606812
256 978 4177 4242606812
256 979 4141 4242606812
256 980 4201 4242606812
256 981 4172 4242606812
256 982 4220 4242606812
256 983 4142 4242606812
256 984 4166 4242606812
256 985 4180 4242606812
256 986 4208 4242606812
256 987 4176 4242606812
256 988 4168 4242606812
256 989 4170 4242606812
256 990 4192 4242606812
256 991 4171 4242606812
256 992 4171 4242606812
256 993 4151 4242606812
256 994 4195 4242606812
256 995 4157 4242606812
256 996 4172 4242606812
256 997 4212 4242606812
256 998 4156 4242606812
256 999 4146 4242606812
