64 0 112779 7513088
64 1 69106 7513088
64 2 69106 7513088
64 3 69106 7513088
64 4 69106 7513088
64 5 69117 7513088
64 6 69106 7513088
64 7 69106 7513088
64 8 69106 7513088
64 9 69106 7513088
64 10 69106 7513088
64 11 69109 7513088
64 12 69106 7513088
64 13 69106 7513088
64 14 69106 7513088
64 15 69106 7513088
64 16 69182 7513088
64 17 69106 7513088
64 18 69106 7513088
64 19 69106 7513088
64 20 69106 7513088
64 21 69108 7513088
64 22 69106 7513088
64 23 69106 7513088
64 24 69106 7513088
64 25 69106 7513088
64 26 69106 7513088
64 27 69108 7513088
64 28 69106 7513088
64 29 69106 7513088
64 30 69106 7513088
64 31 69106 7513088
64 32 69106 7513088
64 33 69108 7513088
64 34 69106 7513088
64 35 69106 7513088
64 36 69106 7513088
64 37 69106 7513088
64 38 69108 7513088
64 39 69106 7513088
64 40 69106 7513088
64 41 69106 7513088
64 42 69106 7513088
64 43 69108 7513088
64 44 69106 7513088
64 45 69106 7513088
64 46 69106 7513088
64 47 69106 7513088
64 48 69106 7513088
64 49 69108 7513088
64 50 69106 7513088
64 51 69106 7513088
64 52 69106 7513088
64 53 69106 7513088
64 54 69108 7513088
64 55 69106 7513088
64 56 69106 7513088
64 57 69106 7513088
64 58 69106 7513088
64 59 69108 7513088
64 60 69106 7513088
64 61 69106 7513088
64 62 69106 7513088
64 63 69106 7513088
64 64 69106 7513088
64 65 69106 7513088
64 66 69108 7513088
64 67 69106 7513088
64 68 69106 7513088
64 69 69106 7513088
64 70 69106 7513088
64 71 69108 7513088
64 72 69106 7513088
64 73 69106 7513088
64 74 69106 7513088
64 75 69106 7513088
64 76 69108 7513088
64 77 69106 7513088
64 78 69106 7513088
64 79 69106 7513088
64 80 69106 7513088
64 81 69106 7513088
64 82 69123 7513088
64 83 69121 7513088
64 84 69121 7513088
64 85 69121 7513088
64 86 69121 7513088
64 87 69123 7513088
64 88 69121 7513088
64 89 69121 7513088
64 90 69121 7513088
64 91 69106 7513088
64 92 69108 7513088
64 93 69106 7513088
64 94 69106 7513088
64 95 69106 7513088
64 96 69106 7513088
64 97 69106 7513088
64 98 69108 7513088
64 99 69106 7513088
64 100 69106 7513088
64 101 69106 7513088
64 102 69106 7513088
64 103 69116 7513088
64 104 69106 7513088
64 105 69106 7513088
64 106 69106 7513088
64 107 69106 7513088
64 108 69106 7513088
64 109 69108 7513088
64 110 69106 7513088
64 111 69106 7513088
64 112 69106 7513088
64 113 69106 7513088
64 114 69108 7513088
64 115 69106 7513088
64 116 69106 7513088
64 117 69106 7513088
64 118 69106 7513088
64 119 69108 7513088
64 120 69106 7513088
64 121 69106 7513088
64 122 69106 7513088
64 123 69106 7513088
64 124 69108 7513088
64 125 69106 7513088
64 126 69106 7513088
64 127 69106 7513088
64 128 69106 7513088
64 129 69106 7513088
64 130 69108 7513088
64 131 69106 7513088
64 132 69106 7513088
64 133 69106 7513088
64 134 69106 7513088
64 135 69108 7513088
64 136 69106 7513088
64 137 69106 7513088
64 138 69106 7513088
64 139 69106 7513088
64 140 69108 7513088
64 141 69106 7513088
64 142 69106 7513088
64 143 69106 7513088
64 144 69106 7513088
64 145 69108 7513088
64 146 69106 7513088
64 147 69106 7513088
64 148 69106 7513088
64 149 69106 7513088
64 150 69108 7513088
64 151 69106 7513088
64 152 69106 7513088
64 153 69106 7513088
64 154 69106 7513088
64 155 69108 7513088
64 156 69106 7513088
64 157 69106 7513088
64 158 69106 7513088
64 159 69106 7513088
64 160 69106 7513088
64 161 69108 7513088
64 162 69106 7513088
64 163 69106 7513088
64 164 69106 7513088
64 165 69106 7513088
64 166 69108 7513088
64 167 69106 7513088
64 168 69106 7513088
64 169 69106 7513088
64 170 69106 7513088
64 171 69108 7513088
64 172 69106 7513088
64 173 69106 7513088
64 174 69106 7513088
64 175 69106 7513088
64 176 69108 7513088
64 177 69106 7513088
64 178 69106 7513088
64 179 69106 7513088
64 180 69106 7513088
64 181 69108 7513088
64 182 69106 7513088
64 183 69106 7513088
64 184 69106 7513088
64 185 69106 7513088
64 186 69108 7513088
64 187 69106 7513088
64 188 69106 7513088
64 189 69106 7513088
64 190 69106 7513088
64 191 69106 7513088
64 192 69108 7513088
64 193 69106 7513088
64 194 69106 7513088
64 195 69106 7513088
64 196 69106 7513088
64 197 69108 7513088
64 198 69106 7513088
64 199 69106 7513088
64 200 69106 7513088
64 201 69106 7513088
64 202 69108 7513088
64 203 69106 7513088
64 204 69106 7513088
64 205 69106 7513088
64 206 69106 7513088
64 207 69108 7513088
64 208 69106 7513088
64 209 69106 7513088
64 210 69106 7513088
64 211 69106 7513088
64 212 69106 7513088
64 213 69108 7513088
64 214 69106 7513088
64 215 69106 7513088
64 216 69106 7513088
64 217 69106 7513088
64 218 69108 7513088
64 219 69106 7513088
64 220 69106 7513088
64 221 69106 7513088
64 222 69106 7513088
64 223 69108 7513088
64 224 69106 7513088
64 225 69106 7513088
64 226 69106 7513088
64 227 69106 7513088
64 228 69106 7513088
64 229 69108 7513088
64 230 69106 7513088
64 231 69106 7513088
64 232 69106 7513088
64 233 69106 7513088
64 234 69108 7513088
64 235 69106 7513088
64 236 69106 7513088
64 237 69106 7513088
64 238 69106 7513088
64 239 69108 7513088
64 240 69106 7513088
64 241 69106 7513088
64 242 69106 7513088
64 243 69106 7513088
64 244 69108 7513088
64 245 69106 7513088
64 246 69106 7513088
64 247 69106 7513088
64 248 69106 7513088
64 249 69108 7513088
64 250 69106 7513088
64 251 69106 7513088
64 252 69106 7513088
64 253 69106 7513088
64 254 69106 7513088
64 255 69108 7513088
64 256 69106 7513088
64 257 69106 7513088
64 258 69106 7513088
64 259 69106 7513088
64 260 69108 7513088
64 261 69106 7513088
64 262 69106 7513088
64 263 69106 7513088
64 264 69106 7513088
64 265 69108 7513088
64 266 69106 7513088
64 267 69106 7513088
64 268 69106 7513088
64 269 69106 7513088
64 270 69116 7513088
64 271 69106 7513088
64 272 69106 7513088
64 273 69106 7513088
64 274 69106 7513088
64 275 69116 7513088
64 276 69106 7513088
64 277 69106 7513088
64 278 69106 7513088
64 279 69106 7513088
64 280 69108 7513088
64 281 69106 7513088
64 282 69106 7513088
64 283 69106 7513088
64 284 69106 7513088
64 285 69106 7513088
64 286 69109 7513088
64 287 69106 7513088
64 288 69106 7513088
64 289 69106 7513088
64 290 69106 7513088
64 291 69108 7513088
64 292 69106 7513088
64 293 69106 7513088
64 294 69106 7513088
64 295 69106 7513088
64 296 69108 7513088
64 297 69106 7513088
64 298 69106 7513088
64 299 69106 7513088
64 300 69106 7513088
64 301 69108 7513088
64 302 69106 7513088
64 303 69106 7513088
64 304 69106 7513088
64 305 69106 7513088
64 306 69108 7513088
64 307 69106 7513088
64 308 69106 7513088
64 309 69106 7513088
64 310 69106 7513088
64 311 69108 7513088
64 312 69106 7513088
64 313 69106 7513088
64 314 69106 7513088
64 315 69106 7513088
64 316 69106 7513088
64 317 69108 7513088
64 318 69106 7513088
64 319 69106 7513088
64 320 69106 7513088
64 321 69106 7513088
64 322 69108 7513088
64 323 69106 7513088
64 324 69106 7513088
64 325 69106 7513088
64 326 69106 7513088
64 327 69108 7513088
64 328 69106 7513088
64 329 69106 7513088
64 330 69106 7513088
64 331 69106 7513088
64 332 69106 7513088
64 333 69108 7513088
64 334 69106 7513088
64 335 69106 7513088
64 336 69106 7513088
64 337 69106 7513088
64 338 69108 7513088
64 339 69106 7513088
64 340 69106 7513088
64 341 69106 7513088
64 342 69106 7513088
64 343 69108 7513088
64 344 69106 7513088
64 345 69106 7513088
64 346 69106 7513088
64 347 69106 7513088
64 348 69106 7513088
64 349 69108 7513088
64 350 69106 7513088
64 351 69106 7513088
64 352 69106 7513088
64 353 69106 7513088
64 354 69108 7513088
64 355 69106 7513088
64 356 69106 7513088
64 357 69106 7513088
64 358 69106 7513088
64 359 69108 7513088
64 360 69106 7513088
64 361 69106 7513088
64 362 69106 7513088
64 363 69106 7513088
64 364 69108 7513088
64 365 69106 7513088
64 366 69106 7513088
64 367 69106 7513088
64 368 69106 7513088
64 369 69108 7513088
64 370 69106 7513088
64 371 69106 7513088
64 372 69106 7513088
64 373 69106 7513088
64 374 69108 7513088
64 375 69106 7513088
64 376 69106 7513088
64 377 69106 7513088
64 378 69106 7513088
64 379 69106 7513088
64 380 69108 7513088
64 381 69106 7513088
64 382 69106 7513088
64 383 69106 7513088
64 384 69106 7513088
64 385 69108 7513088
64 386 69106 7513088
64 387 69106 7513088
64 388 69106 7513088
64 389 69106 7513088
64 390 69116 7513088
64 391 69106 7513088
64 392 69106 7513088
64 393 69106 7513088
64 394 69106 7513088
64 395 69108 7513088
64 396 69106 7513088
64 397 69106 7513088
64 398 69106 7513088
64 399 69106 7513088
64 400 69108 7513088
64 401 69106 7513088
64 402 69106 7513088
64 403 69106 7513088
64 404 69106 7513088
64 405 69116 7513088
64 406 69106 7513088
64 407 69106 7513088
64 408 69106 7513088
64 409 69106 7513088
64 410 69106 7513088
64 411 69108 7513088
64 412 69106 7513088
64 413 69106 7513088
64 414 69106 7513088
64 415 69106 7513088
64 416 69108 7513088
64 417 69106 7513088
64 418 69106 7513088
64 419 69106 7513088
64 420 69106 7513088
64 421 69108 7513088
64 422 69106 7513088
64 423 69106 7513088
64 424 69106 7513088
64 425 69106 7513088
64 426 69108 7513088
64 427 69106 7513088
64 428 69106 7513088
64 429 69106 7513088
64 430 69106 7513088
64 431 69108 7513088
64 432 69106 7513088
64 433 69106 7513088
64 434 69106 7513088
64 435 69106 7513088
64 436 69106 7513088
64 437 69109 7513088
64 438 69106 7513088
64 439 69106 7513088
64 440 69106 7513088
64 441 69106 7513088
64 442 69108 7513088
64 443 69106 7513088
64 444 69106 7513088
64 445 69106 7513088
64 446 69106 7513088
64 447 69108 7513088
64 448 69106 7513088
64 449 69106 7513088
64 450 69106 7513088
64 451 69106 7513088
64 452 69106 7513088
64 453 69116 7513088
64 454 69106 7513088
64 455 69106 7513088
64 456 69106 7513088
64 457 69106 7513088
64 458 69108 7513088
64 459 69106 7513088
64 460 69106 7513088
64 461 69106 7513088
64 462 69106 7513088
64 463 69108 7513088
64 464 69106 7513088
64 465 69106 7513088
64 466 69106 7513088
64 467 69106 7513088
64 468 70724 7513088
64 469 69106 7513088
64 470 69106 7513088
64 471 69106 7513088
64 472 69106 7513088
64 473 69106 7513088
64 474 69108 7513088
64 475 69106 7513088
64 476 69106 7513088
64 477 69106 7513088
64 478 69106 7513088
64 479 69108 7513088
64 480 69106 7513088
64 481 69106 7513088
64 482 69106 7513088
64 483 69106 7513088
64 484 69108 7513088
64 485 69106 7513088
64 486 69106 7513088
64 487 69106 7513088
64 488 69106 7513088
64 489 69108 7513088
64 490 69106 7513088
64 491 69106 7513088
64 492 69106 7513088
64 493 69106 7513088
64 494 69108 7513088
64 495 69106 7513088
64 496 69106 7513088
64 497 69106 7513088
64 498 69106 7513088
64 499 70767 7513088
64 500 69106 7513088
64 501 69106 7513088
64 502 69106 7513088
64 503 69106 7513088
64 504 69106 7513088
64 505 69108 7513088
64 506 69106 7513088
64 507 69106 7513088
64 508 69106 7513088
64 509 69106 7513088
64 510 69108 7513088
64 511 69106 7513088
64 512 69106 7513088
64 513 69106 7513088
64 514 69106 7513088
64 515 69108 7513088
64 516 69106 7513088
64 517 69106 7513088
64 518 69106 7513088
64 519 69106 7513088
64 520 69108 7513088
64 521 69106 7513088
64 522 69106 7513088
64 523 69106 7513088
64 524 69106 7513088
64 525 69108 7513088
64 526 69106 7513088
64 527 69106 7513088
64 528 69106 7513088
64 529 69106 7513088
64 530 70722 7513088
64 531 69106 7513088
64 532 69106 7513088
64 533 69106 7513088
64 534 69106 7513088
64 535 69106 7513088
64 536 69116 7513088
64 537 69106 7513088
64 538 69106 7513088
64 539 69106 7513088
64 540 69106 7513088
64 541 69108 7513088
64 542 69106 7513088
64 543 69106 7513088
64 544 69106 7513088
64 545 69106 7513088
64 546 69108 7513088
64 547 69106 7513088
64 548 69106 7513088
64 549 69106 7513088
64 550 69106 7513088
64 551 69116 7513088
64 552 69106 7513088
64 553 69106 7513088
64 554 69106 7513088
64 555 69106 7513088
64 556 69106 7513088
64 557 69108 7513088
64 558 69106 7513088
64 559 69106 7513088
64 560 69106 7513088
64 561 69106 7513088
64 562 69108 7513088
64 563 69106 7513088
64 564 69106 7513088
64 565 69106 7513088
64 566 69106 7513088
64 567 69108 7513088
64 568 69106 7513088
64 569 69106 7513088
64 570 69106 7513088
64 571 69106 7513088
64 572 69106 7513088
64 573 69108 7513088
64 574 69106 7513088
64 575 69106 7513088
64 576 69106 7513088
64 577 69106 7513088
64 578 69108 7513088
64 579 69106 7513088
64 580 69106 7513088
64 581 69106 7513088
64 582 69106 7513088
64 583 69108 7513088
64 584 69106 7513088
64 585 69106 7513088
64 586 69106 7513088
64 587 69106 7513088
64 588 69108 7513088
64 589 69106 7513088
64 590 69106 7513088
64 591 69106 7513088
64 592 69106 7513088
64 593 70683 7513088
64 594 69106 7513088
64 595 69106 7513088
64 596 69106 7513088
64 597 69106 7513088
64 598 69106 7513088
64 599 69108 7513088
64 600 69106 7513088
64 601 69106 7513088
64 602 69106 7513088
64 603 69106 7513088
64 604 69108 7513088
64 605 69106 7513088
64 606 69106 7513088
64 607 69106 7513088
64 608 69106 7513088
64 609 69108 7513088
64 610 69106 7513088
64 611 69106 7513088
64 612 69106 7513088
64 613 69106 7513088
64 614 69108 7513088
64 615 69106 7513088
64 616 69106 7513088
64 617 69106 7513088
64 618 69106 7513088
64 619 69116 7513088
64 620 69106 7513088
64 621 69106 7513088
64 622 69106 7513088
64 623 69106 7513088
64 624 70798 7513088
64 625 69106 7513088
64 626 69106 7513088
64 627 69106 7513088
64 628 69106 7513088
64 629 69106 7513088
64 630 69108 7513088
64 631 69106 7513088
64 632 69106 7513088
64 633 69106 7513088
64 634 69106 7513088
64 635 69116 7513088
64 636 69106 7513088
64 637 69106 7513088
64 638 69106 7513088
64 639 69106 7513088
64 640 69108 7513088
64 641 69106 7513088
64 642 69106 7513088
64 643 69106 7513088
64 644 69106 7513088
64 645 69116 7513088
64 646 69106 7513088
64 647 69106 7513088
64 648 69106 7513088
64 649 69106 7513088
64 650 69108 7513088
64 651 69106 7513088
64 652 69106 7513088
64 653 69106 7513088
64 654 69106 7513088
64 655 70703 7513088
64 656 69106 7513088
64 657 69106 7513088
64 658 69106 7513088
64 659 69106 7513088
64 660 69106 7513088
64 661 69108 7513088
64 662 69106 7513088
64 663 69106 7513088
64 664 69106 7513088
64 665 69106 7513088
64 666 69108 7513088
64 667 69106 7513088
64 668 69106 7513088
64 669 69106 7513088
64 670 69106 7513088
64 671 69108 7513088
64 672 69106 7513088
64 673 69106 7513088
64 674 69106 7513088
64 675 69106 7513088
64 676 69106 7513088
64 677 69108 7513088
64 678 69106 7513088
64 679 69106 7513088
64 680 69106 7513088
64 681 69106 7513088
64 682 69108 7513088
64 683 69106 7513088
64 684 69106 7513088
64 685 69106 7513088
64 686 69106 7513088
64 687 69108 7513088
64 688 69106 7513088
64 689 69106 7513088
64 690 69106 7513088
64 691 69106 7513088
64 692 69106 7513088
64 693 69108 7513088
64 694 69106 7513088
64 695 69106 7513088
64 696 69106 7513088
64 697 69106 7513088
64 698 69108 7513088
64 699 69106 7513088
64 700 69106 7513088
64 701 69106 7513088
64 702 69106 7513088
64 703 69108 7513088
64 704 69106 7513088
64 705 69106 7513088
64 706 69106 7513088
64 707 69106 7513088
64 708 69108 7513088
64 709 69106 7513088
64 710 69106 7513088
64 711 69106 7513088
64 712 69106 7513088
64 713 69108 7513088
64 714 69106 7513088
64 715 69106 7513088
64 716 69106 7513088
64 717 69106 7513088
64 718 70684 7513088
64 719 69098 7513088
64 720 69106 7513088
64 721 69106 7513088
64 722 69106 7513088
64 723 69106 7513088
64 724 69108 7513088
64 725 69106 7513088
64 726 69106 7513088
64 727 69106 7513088
64 728 69106 7513088
64 729 69109 7513088
64 730 69106 7513088
64 731 69106 7513088
64 732 69106 7513088
64 733 69106 7513088
64 734 69108 7513088
64 735 69106 7513088
64 736 69106 7513088
64 737 69106 7513088
64 738 69106 7513088
64 739 69108 7513088
64 740 69106 7513088
64 741 69106 7513088
64 742 69106 7513088
64 743 69106 7513088
64 744 69108 7513088
64 745 69106 7513088
64 746 69106 7513088
64 747 69106 7513088
64 748 69106 7513088
64 749 69106 7513088
64 750 69106 7513088
64 751 69106 7513088
64 752 69106 7513088
64 753 69106 7513088
64 754 69106 7513088
64 755 69108 7513088
64 756 69106 7513088
64 757 69106 7513088
64 758 69106 7513088
64 759 69106 7513088
64 760 69108 7513088
64 761 69106 7513088
64 762 69106 7513088
64 763 69106 7513088
64 764 69106 7513088
64 765 69108 7513088
64 766 69106 7513088
64 767 69106 7513088
64 768 69106 7513088
64 769 69106 7513088
64 770 69108 7513088
64 771 69106 7513088
64 772 69106 7513088
64 773 69106 7513088
64 774 69106 7513088
64 775 69108 7513088
64 776 69106 7513088
64 777 69106 7513088
64 778 69106 7513088
64 779 69106 7513088
64 780 69106 7513088
64 781 69108 7513088
64 782 69106 7513088
64 783 69106 7513088
64 784 69106 7513088
64 785 69106 7513088
64 786 69116 7513088
64 787 69106 7513088
64 788 69106 7513088
64 789 69106 7513088
64 790 69106 7513088
64 791 69108 7513088
64 792 69106 7513088
64 793 69106 7513088
64 794 69106 7513088
64 795 69106 7513088
64 796 69106 7513088
64 797 69108 7513088
64 798 69106 7513088
64 799 69106 7513088
64 800 69106 7513088
64 801 69106 7513088
64 802 69108 7513088
64 803 69121 7513088
64 804 69121 7513088
64 805 69121 7513088
64 806 69121 7513088
64 807 69123 7513088
64 808 69121 7513088
64 809 69121 7513088
64 810 69121 7513088
64 811 69121 7513088
64 812 69121 7513088
64 813 69123 7513088
64 814 69121 7513088
64 815 69121 7513088
64 816 69121 7513088
64 817 69121 7513088
64 818 69123 7513088
64 819 69121 7513088
64 820 69121 7513088
64 821 69121 7513088
64 822 69121 7513088
64 823 69108 7513088
64 824 69121 7513088
64 825 69121 7513088
64 826 69121 7513088
64 827 69121 7513088
64 828 69123 7513088
64 829 69121 7513088
64 830 69121 7513088
64 831 69121 7513088
64 832 69121 7513088
64 833 69123 7513088
64 834 69121 7513088
64 835 69121 7513088
64 836 69121 7513088
64 837 69121 7513088
64 838 69123 7513088
64 839 69121 7513088
64 840 69121 7513088
64 841 69121 7513088
64 842 69121 7513088
64 843 69121 7513088
64 844 69123 7513088
64 845 69121 7513088
64 846 69121 7513088
64 847 69121 7513088
64 848 69121 7513088
64 849 69123 7513088
64 850 69121 7513088
64 851 69121 7513088
64 852 69121 7513088
64 853 69121 7513088
64 854 69131 7513088
64 855 69121 7513088
64 856 69121 7513088
64 857 69121 7513088
64 858 69121 7513088
64 859 69123 7513088
64 860 69121 7513088
64 861 69121 7513088
64 862 69121 7513088
64 863 69121 7513088
64 864 69123 7513088
64 865 69121 7513088
64 866 69121 7513088
64 867 69121 7513088
64 868 69121 7513088
64 869 69123 7513088
64 870 69121 7513088
64 871 69121 7513088
64 872 69121 7513088
64 873 69106 7513088
64 874 69121 7513088
64 875 69123 7513088
64 876 69121 7513088
64 877 69121 7513088
64 878 69121 7513088
64 879 69121 7513088
64 880 69123 7513088
64 881 69121 7513088
64 882 69121 7513088
64 883 69121 7513088
64 884 69121 7513088
64 885 69123 7513088
64 886 69121 7513088
64 887 69121 7513088
64 888 69121 7513088
64 889 69121 7513088
64 890 69123 7513088
64 891 69121 7513088
64 892 69121 7513088
64 893 69121 7513088
64 894 69121 7513088
64 895 69123 7513088
64 896 69121 7513088
64 897 69121 7513088
64 898 69121 7513088
64 899 69121 7513088
64 900 69121 7513088
64 901 69108 7513088
64 902 69106 7513088
64 903 69106 7513088
64 904 69106 7513088
64 905 69106 7513088
64 906 69116 7513088
64 907 69106 7513088
64 908 69106 7513088
64 909 69106 7513088
64 910 69106 7513088
64 911 69108 7513088
64 912 69106 7513088
64 913 69106 7513088
64 914 69106 7513088
64 915 69106 7513088
64 916 69106 7513088
64 917 69108 7513088
64 918 69106 7513088
64 919 69106 7513088
64 920 69106 7513088
64 921 69106 7513088
64 922 69108 7513088
64 923 69106 7513088
64 924 69106 7513088
64 925 69106 7513088
64 926 69106 7513088
64 927 69108 7513088
64 928 69106 7513088
64 929 69106 7513088
64 930 69106 7513088
64 931 69106 7513088
64 932 69108 7513088
64 933 69106 7513088
64 934 69106 7513088
64 935 69106 7513088
64 936 69106 7513088
64 937 69106 7513088
64 938 69108 7513088
64 939 69106 7513088
64 940 69106 7513088
64 941 69106 7513088
64 942 69106 7513088
64 943 69108 7513088
64 944 69106 7513088
64 945 69106 7513088
64 946 69106 7513088
64 947 69106 7513088
64 948 69108 7513088
64 949 69106 7513088
64 950 69106 7513088
64 951 69106 7513088
64 952 69106 7513088
64 953 69108 7513088
64 954 69106 7513088
64 955 69106 7513088
64 956 69106 7513088
64 957 69106 7513088
64 958 69108 7513088
64 959 69106 7513088
64 960 69106 7513088
64 961 69106 7513088
64 962 69106 7513088
64 963 69108 7513088
64 964 69106 7513088
64 965 69106 7513088
64 966 69106 7513088
64 967 69106 7513088
64 968 69106 7513088
64 969 69108 7513088
64 970 69106 7513088
64 971 69106 7513088
64 972 69106 7513088
64 973 69106 7513088
64 974 69108 7513088
64 975 69106 7513088
64 976 69106 7513088
64 977 69106 7513088
64 978 69106 7513088
64 979 69108 7513088
64 980 69106 7513088
64 981 69106 7513088
64 982 69106 7513088
64 983 69106 7513088
64 984 69108 7513088
64 985 69106 7513088
64 986 69106 7513088
64 987 69106 7513088
64 988 69106 7513088
64 989 69108 7513088
64 990 69106 7513088
64 991 69106 7513088
64 992 69106 7513088
64 993 69106 7513088
64 994 69108 7513088
64 995 69106 7513088
64 996 69106 7513088
64 997 69106 7513088
64 998 69106 7513088
64 999 69106 7513088
