512 0 22148312 3131637760
512 1 21734704 3131637760
512 2 21747593 3131637760
512 3 21693489 3131637760
512 4 21656490 3131637760
512 5 21714397 3131637760
512 6 21747590 3131637760
512 7 21735703 3131637760
512 8 21703202 3131637760
512 9 21729968 3131637760
512 10 21701418 3131637760
512 11 21750172 3131637760
512 12 21712433 3131637760
512 13 21755604 3131637760
512 14 21691620 3131637760
512 15 21678946 3131637760
512 16 21685561 3131637760
512 17 21725493 3131637760
512 18 21634807 3131637760
512 19 21717957 3131637760
512 20 21682160 3131637760
512 21 21701668 3131637760
512 22 21764921 3131637760
512 23 21694450 3131637760
512 24 21696860 3131637760
512 25 21705243 3131637760
512 26 21651536 3131637760
512 27 21685076 3131637760
512 28 21640686 3131637760
512 29 21705272 3131637760
512 30 21737609 3131637760
512 31 21701895 3131637760
512 32 21709611 3131637760
512 33 21679771 3131637760
512 34 21729346 3131637760
512 35 21693078 3131637760
512 36 21717173 3131637760
512 37 21721024 3131637760
512 38 21672031 3131637760
512 39 21744100 3131637760
512 40 21696331 3131637760
512 41 21655322 3131637760
512 42 21637055 3131637760
512 43 21666312 3131637760
512 44 21656747 3131637760
512 45 21671126 3131637760
512 46 21616830 3131637760
512 47 21690536 3131637760
512 48 21684380 3131637760
512 49 21693190 3131637760
512 50 21693889 3131637760
512 51 21672952 3131637760
512 52 21703414 3131637760
512 53 21676625 3131637760
512 54 21758791 3131637760
512 55 21734225 3131637760
512 56 21657415 3131637760
512 57 21653089 3131637760
512 58 21705995 3131637760
512 59 21698868 3131637760
512 60 21711209 3131637760
512 61 21670031 3131637760
512 62 21658591 3131637760
512 63 21728944 3131637760
512 64 21730538 3131637760
512 65 21725171 3131637760
512 66 21666257 3131637760
512 67 21763443 3131637760
512 68 21700565 3131637760
512 69 21741180 3131637760
512 70 21638684 3131637760
512 71 21726000 3131637760
512 72 21706695 3131637760
512 73 21703448 3131637760
512 74 21734333 3131637760
512 75 21705405 3131637760
512 76 21723494 3131637760
512 77 21675023 3131637760
512 78 21739944 3131637760
512 79 21719988 3131637760
512 80 21721186 3131637760
512 81 21696777 3131637760
512 82 21648026 3131637760
512 83 21711690 3131637760
512 84 21720339 3131637760
512 85 21645343 3131637760
512 86 21721543 3131637760
512 87 21774526 3131637760
512 88 21755683 3131637760
512 89 21760689 3131637760
512 90 21683812 3131637760
512 91 21675760 3131637760
512 92 21670332 3131637760
512 93 21692359 3131637760
512 94 21682210 3131637760
512 95 21779224 3131637760
512 96 21707058 3131637760
512 97 21723010 3131637760
512 98 21664764 3131637760
512 99 21720750 3131637760
512 100 21670992 3131637760
512 101 21672416 3131637760
512 102 21666234 3131637760
512 103 21655861 3131637760
512 104 21697100 3131637760
512 105 21726015 3131637760
512 106 21657229 3131637760
512 107 21699448 3131637760
512 108 21717518 3131637760
512 109 21645414 3131637760
512 110 21675897 3131637760
512 111 21707515 3131637760
512 112 21615166 3131637760
512 113 21600016 3131637760
512 114 21655832 3131637760
512 115 21684764 3131637760
512 116 21682256 3131637760
512 117 21687763 3131637760
512 118 21598618 3131637760
512 119 21676736 3131637760
512 120 21707693 3131637760
512 121 21728440 3131637760
512 122 21704604 3131637760
512 123 21748239 3131637760
512 124 21639201 3131637760
512 125 21756892 3131637760
512 126 21674512 3131637760
512 127 21719238 3131637760
512 128 21735146 3131637760
512 129 21734088 3131637760
512 130 21681064 3131637760
512 131 21682074 3131637760
512 132 21732400 3131637760
512 133 21648501 3131637760
512 134 21694721 3131637760
512 135 21685936 3131637760
512 136 21709805 3131637760
512 137 21630765 3131637760
512 138 21667506 3131637760
512 139 21680715 3131637760
512 140 21662458 3131637760
512 141 21654705 3131637760
512 142 21679971 3131637760
512 143 21714896 3131637760
512 144 21667574 3131637760
512 145 21661540 3131637760
512 146 21661644 3131637760
512 147 21657170 3131637760
512 148 21681432 3131637760
512 149 21725282 3131637760
512 150 21618614 3131637760
512 151 21619591 3131637760
512 152 21674526 3131637760
512 153 21670498 3131637760
512 154 21723268 3131637760
512 155 21657414 3131637760
512 156 21658323 3131637760
512 157 21705502 3131637760
512 158 21696363 3131637760
512 159 21669442 3131637760
512 160 21673159 3131637760
512 161 21702441 3131637760
512 162 21612221 3131637760
512 163 21671574 3131637760
512 164 21663538 3131637760
512 165 21656554 3131637760
512 166 21648285 3131637760
512 167 21698870 3131637760
512 168 21713482 3131637760
512 169 21661320 3131637760
512 170 21677653 3131637760
512 171 21702915 3131637760
512 172 21693071 3131637760
512 173 21606891 3131637760
512 174 21613846 3131637760
512 175 21692151 3131637760
512 176 21661500 3131637760
512 177 21688894 3131637760
512 178 21695655 3131637760
512 179 21684331 3131637760
512 180 21627432 3131637760
512 181 21710278 3131637760
512 182 21709633 3131637760
512 183 21680492 3131637760
512 184 21666132 3131637760
512 185 21704204 3131637760
512 186 21658836 3131637760
512 187 21683589 3131637760
512 188 21671254 3131637760
512 189 21650861 3131637760
512 190 21688138 3131637760
512 191 21711386 3131637760
512 192 21703791 3131637760
512 193 21736451 3131637760
512 194 21731011 3131637760
512 195 21719877 3131637760
512 196 21724496 3131637760
512 197 21747772 3131637760
512 198 21680487 3131637760
512 199 21673893 3131637760
512 200 21669995 3131637760
512 201 21688570 3131637760
512 202 21677366 3131637760
512 203 21667298 3131637760
512 204 21741966 3131637760
512 205 21697800 3131637760
512 206 21726228 3131637760
512 207 21711137 3131637760
512 208 21652962 3131637760
512 209 21751981 3131637760
512 210 21728152 3131637760
512 211 21693000 3131637760
512 212 21654258 3131637760
512 213 21669921 3131637760
512 214 21644477 3131637760
512 215 21637767 3131637760
512 216 21671809 3131637760
512 217 21669556 3131637760
512 218 21655769 3131637760
512 219 21644708 3131637760
512 220 21699428 3131637760
512 221 21732412 3131637760
512 222 21717784 3131637760
512 223 21678586 3131637760
512 224 21670648 3131637760
512 225 21742281 3131637760
512 226 21663764 3131637760
512 227 21724689 3131637760
512 228 21666490 3131637760
512 229 21701324 3131637760
512 230 21700275 3131637760
512 231 21700737 3131637760
512 232 21687978 3131637760
512 233 21713838 3131637760
512 234 21678042 3131637760
512 235 21723990 3131637760
512 236 21715173 3131637760
512 237 21648960 3131637760
512 238 21652444 3131637760
512 239 21601001 3131637760
512 240 21683909 3131637760
512 241 21703538 3131637760
512 242 21674295 3131637760
512 243 21681346 3131637760
512 244 21661880 3131637760
512 245 21630940 3131637760
512 246 21696947 3131637760
512 247 21635183 3131637760
512 248 21648588 3131637760
512 249 21667743 3131637760
512 250 21663725 3131637760
512 251 21665212 3131637760
512 252 21666374 3131637760
512 253 21652602 3131637760
512 254 21669191 3131637760
512 255 21651375 3131637760
512 256 21619916 3131637760
512 257 21632620 3131637760
512 258 21677984 3131637760
512 259 21657322 3131637760
512 260 21625500 3131637760
512 261 21669032 3131637760
512 262 21628200 3131637760
512 263 21690678 3131637760
512 264 21681040 3131637760
512 265 21702142 3131637760
512 266 21685792 3131637760
512 267 21707390 3131637760
512 268 21711286 3131637760
512 269 21691563 3131637760
512 270 21629012 3131637760
512 271 21674257 3131637760
512 272 21682570 3131637760
512 273 21678262 3131637760
512 274 21696867 3131637760
512 275 21707844 3131637760
512 276 21681655 3131637760
512 277 21643511 3131637760
512 278 21674458 3131637760
512 279 21662489 3131637760
512 280 21713345 3131637760
512 281 21666239 3131637760
512 282 21640421 3131637760
512 283 21578226 3131637760
512 284 21660087 3131637760
512 285 21690358 3131637760
512 286 21695406 3131637760
512 287 21741368 3131637760
512 288 21695078 3131637760
512 289 21712622 3131637760
512 290 21727771 3131637760
512 291 21708402 3131637760
512 292 21669349 3131637760
512 293 21747804 3131637760
512 294 21678470 3131637760
512 295 21675382 3131637760
512 296 21739223 3131637760
512 297 21740157 3131637760
512 298 21665996 3131637760
512 299 21672786 3131637760
512 300 21669479 3131637760
512 301 21711140 3131637760
512 302 21652185 3131637760
512 303 21604031 3131637760
512 304 21698779 3131637760
512 305 21654219 3131637760
512 306 21697656 3131637760
512 307 21709785 3131637760
512 308 21678267 3131637760
512 309 21673867 3131637760
512 310 21655423 3131637760
512 311 21657085 3131637760
512 312 21668957 3131637760
512 313 21684538 3131637760
512 314 21593391 3131637760
512 315 21646527 3131637760
512 316 21658318 3131637760
512 317 21646842 3131637760
512 318 21682004 3131637760
512 319 21670109 3131637760
512 320 21684915 3131637760
512 321 21675359 3131637760
512 322 21682010 3131637760
512 323 21716937 3131637760
512 324 21745196 3131637760
512 325 21678146 3131637760
512 326 21692385 3131637760
512 327 21705572 3131637760
512 328 21698735 3131637760
512 329 21672533 3131637760
512 330 21698052 3131637760
512 331 21660771 3131637760
512 332 21668712 3131637760
512 333 21699374 3131637760
512 334 21705513 3131637760
512 335 21681200 3131637760
512 336 21709130 3131637760
512 337 21653848 3131637760
512 338 21726323 3131637760
512 339 21715318 3131637760
512 340 21727123 3131637760
512 341 21750340 3131637760
512 342 21667160 3131637760
512 343 21661536 3131637760
512 344 21664965 3131637760
512 345 21674592 3131637760
512 346 21645924 3131637760
512 347 21626340 3131637760
512 348 21654423 3131637760
512 349 21742505 3131637760
512 350 21659268 3131637760
512 351 21620102 3131637760
512 352 21638429 3131637760
512 353 21636939 3131637760
512 354 21680234 3131637760
512 355 21650851 3131637760
512 356 21678036 3131637760
512 357 21720822 3131637760
512 358 21661848 3131637760
512 359 21711806 3131637760
512 360 21748701 3131637760
512 361 21641780 3131637760
512 362 21660700 3131637760
512 363 21694738 3131637760
512 364 21730604 3131637760
512 365 21750604 3131637760
512 366 21758524 3131637760
512 367 21732328 3131637760
512 368 21642940 3131637760
512 369 21670572 3131637760
512 370 21655852 3131637760
512 371 21637649 3131637760
512 372 21698030 3131637760
512 373 21706910 3131637760
512 374 21734186 3131637760
512 375 21693799 3131637760
512 376 21669724 3131637760
512 377 21664036 3131637760
512 378 21694395 3131637760
512 379 21664858 3131637760
512 380 21709442 3131637760
512 381 21727723 3131637760
512 382 21679948 3131637760
512 383 21719781 3131637760
512 384 21701502 3131637760
512 385 21725804 3131637760
512 386 21655081 3131637760
512 387 21730652 3131637760
512 388 21713599 3131637760
512 389 21697595 3131637760
512 390 21686588 3131637760
512 391 21712114 3131637760
512 392 21681040 3131637760
512 393 21700998 3131637760
512 394 21681492 3131637760
512 395 21724550 3131637760
512 396 21647990 3131637760
512 397 21705785 3131637760
512 398 21707212 3131637760
512 399 21684701 3131637760
512 400 21676555 3131637760
512 401 21664444 3131637760
512 402 21681037 3131637760
512 403 21718041 3131637760
512 404 21704554 3131637760
512 405 21732533 3131637760
512 406 21654678 3131637760
512 407 21736803 3131637760
512 408 21691953 3131637760
512 409 21699505 3131637760
512 410 21691597 3131637760
512 411 21715110 3131637760
512 412 21691288 3131637760
512 413 21704092 3131637760
512 414 21649952 3131637760
512 415 21690813 3131637760
512 416 21681729 3131637760
512 417 21691257 3131637760
512 418 21725756 3131637760
512 419 21625451 3131637760
512 420 21720236 3131637760
512 421 21734729 3131637760
512 422 21702941 3131637760
512 423 21696694 3131637760
512 424 21714281 3131637760
512 425 21694095 3131637760
512 426 21740553 3131637760
512 427 21707462 3131637760
512 428 21751101 3131637760
512 429 21693214 3131637760
512 430 21769621 3131637760
512 431 21688271 3131637760
512 432 21689224 3131637760
512 433 21663987 3131637760
512 434 21659640 3131637760
512 435 21624184 3131637760
512 436 21654811 3131637760
512 437 21714807 3131637760
512 438 21686152 3131637760
512 439 21669321 3131637760
512 440 21650306 3131637760
512 441 21662257 3131637760
512 442 21624860 3131637760
512 443 21695566 3131637760
512 444 21682682 3131637760
512 445 21679248 3131637760
512 446 21699052 3131637760
512 447 21646645 3131637760
512 448 21639803 3131637760
512 449 21650077 3131637760
512 450 21662794 3131637760
512 451 21673133 3131637760
512 452 21676693 3131637760
512 453 21661985 3131637760
512 454 21671126 3131637760
512 455 21661724 3131637760
512 456 21645816 3131637760
512 457 21713318 3131637760
512 458 21682503 3131637760
512 459 21738329 3131637760
512 460 21662003 3131637760
512 461 21653236 3131637760
512 462 21687129 3131637760
512 463 21635946 3131637760
512 464 21649309 3131637760
512 465 21653313 3131637760
512 466 21676864 3131637760
512 467 21670132 3131637760
512 468 21668306 3131637760
512 469 21675402 3131637760
512 470 21692070 3131637760
512 471 21629992 3131637760
512 472 21703820 3131637760
512 473 21707182 3131637760
512 474 21698682 3131637760
512 475 21675474 3131637760
512 476 21684830 3131637760
512 477 21652369 3131637760
512 478 21642188 3131637760
512 479 21680938 3131637760
512 480 21655090 3131637760
512 481 21648138 3131637760
512 482 21718811 3131637760
512 483 21683210 3131637760
512 484 21657557 3131637760
512 485 21702709 3131637760
512 486 21686726 3131637760
512 487 21701480 3131637760
512 488 21676162 3131637760
512 489 21661622 3131637760
512 490 21758294 3131637760
512 491 21705453 3131637760
512 492 21677968 3131637760
512 493 21713262 3131637760
512 494 21693742 3131637760
512 495 21681372 3131637760
512 496 21667416 3131637760
512 497 21665146 3131637760
512 498 21705431 3131637760
512 499 21654226 3131637760
512 500 21643890 3131637760
512 501 21721612 3131637760
512 502 21672036 3131637760
512 503 21670895 3131637760
512 504 21672300 3131637760
512 505 21698876 3131637760
512 506 21673446 3131637760
512 507 21615909 3131637760
512 508 21737793 3131637760
512 509 21688457 3131637760
512 510 21722137 3131637760
512 511 21685789 3131637760
512 512 21663593 3131637760
512 513 21639441 3131637760
512 514 21669110 3131637760
512 515 21650504 3131637760
512 516 21680933 3131637760
512 517 21691160 3131637760
512 518 21706529 3131637760
512 519 21666070 3131637760
512 520 21667941 3131637760
512 521 21652996 3131637760
512 522 21652917 3131637760
512 523 21694773 3131637760
512 524 21681746 3131637760
512 525 21694305 3131637760
512 526 21622230 3131637760
512 527 21707382 3131637760
512 528 21695458 3131637760
512 529 21649140 3131637760
512 530 21666589 3131637760
512 531 21671413 3131637760
512 532 21634644 3131637760
512 533 21704992 3131637760
512 534 21627190 3131637760
512 535 21680005 3131637760
512 536 21610167 3131637760
512 537 21615518 3131637760
512 538 21591240 3131637760
512 539 21653840 3131637760
512 540 21661432 3131637760
512 541 21635396 3131637760
512 542 21627860 3131637760
512 543 21613410 3131637760
512 544 21697627 3131637760
512 545 21666263 3131637760
512 546 21647345 3131637760
512 547 21672047 3131637760
512 548 21654837 3131637760
512 549 21669855 3131637760
512 550 21675282 3131637760
512 551 21645389 3131637760
512 552 21653270 3131637760
512 553 21629403 3131637760
512 554 21672361 3131637760
512 555 21656664 3131637760
512 556 21702080 3131637760
512 557 21650702 3131637760
512 558 21628960 3131637760
512 559 21698791 3131637760
512 560 21699260 3131637760
512 561 21685061 3131637760
512 562 21608674 3131637760
512 563 21651236 3131637760
512 564 21671578 3131637760
512 565 21662494 3131637760
512 566 21720312 3131637760
512 567 21657533 3131637760
512 568 21626887 3131637760
512 569 21648331 3131637760
512 570 21633956 3131637760
512 571 21646388 3131637760
512 572 21658566 3131637760
512 573 21704750 3131637760
512 574 21671780 3131637760
512 575 21688672 3131637760
512 576 21660357 3131637760
512 577 21661160 3131637760
512 578 21655637 3131637760
512 579 21672512 3131637760
512 580 21663052 3131637760
512 581 21663278 3131637760
512 582 21629495 3131637760
512 583 21655668 3131637760
512 584 21658244 3131637760
512 585 21643660 3131637760
512 586 21716629 3131637760
512 587 21612433 3131637760
512 588 21721846 3131637760
512 589 21665918 3131637760
512 590 21642854 3131637760
512 591 21641291 3131637760
512 592 21628260 3131637760
512 593 21647330 3131637760
512 594 21648251 3131637760
512 595 21661649 3131637760
512 596 21675852 3131637760
512 597 21651653 3131637760
512 598 21665846 3131637760
512 599 21637634 3131637760
512 600 21585965 3131637760
512 601 21705873 3131637760
512 602 21697733 3131637760
512 603 21691104 3131637760
512 604 21636461 3131637760
512 605 21648819 3131637760
512 606 21601673 3131637760
512 607 21681114 3131637760
512 608 21669112 3131637760
512 609 21665876 3131637760
512 610 21680743 3131637760
512 611 21664844 3131637760
512 612 21682273 3131637760
512 613 21627844 3131637760
512 614 21671880 3131637760
512 615 21638201 3131637760
512 616 21621937 3131637760
512 617 21711795 3131637760
512 618 21657218 3131637760
512 619 21709052 3131637760
512 620 21694991 3131637760
512 621 21695005 3131637760
512 622 21687304 3131637760
512 623 21662827 3131637760
512 624 21694874 3131637760
512 625 21699064 3131637760
512 626 21676304 3131637760
512 627 21684766 3131637760
512 628 21730022 3131637760
512 629 21714704 3131637760
512 630 21619163 3131637760
512 631 21686128 3131637760
512 632 21685450 3131637760
512 633 21674758 3131637760
512 634 21660767 3131637760
512 635 21699073 3131637760
512 636 21715685 3131637760
512 637 21682914 3131637760
512 638 21722337 3131637760
512 639 21735924 3131637760
512 640 21691466 3131637760
512 641 21664898 3131637760
512 642 21644282 3131637760
512 643 21685796 3131637760
512 644 21700412 3131637760
512 645 21647265 3131637760
512 646 21667426 3131637760
512 647 21649267 3131637760
512 648 21697156 3131637760
512 649 21678994 3131637760
512 650 21703754 3131637760
512 651 21697115 3131637760
512 652 21686651 3131637760
512 653 21720194 3131637760
512 654 21720187 3131637760
512 655 21618636 3131637760
512 656 21714371 3131637760
512 657 21604310 3131637760
512 658 21698063 3131637760
512 659 21641054 3131637760
512 660 21700137 3131637760
512 661 21685548 3131637760
512 662 21700338 3131637760
512 663 21685012 3131637760
512 664 21668630 3131637760
512 665 21715975 3131637760
512 666 21677623 3131637760
512 667 21742178 3131637760
512 668 21707046 3131637760
512 669 21665801 3131637760
512 670 21629063 3131637760
512 671 21752451 3131637760
512 672 21682813 3131637760
512 673 21717272 3131637760
512 674 21684561 3131637760
512 675 21748542 3131637760
512 676 21681734 3131637760
512 677 21693485 3131637760
512 678 21691818 3131637760
512 679 21650411 3131637760
512 680 21706794 3131637760
512 681 21682656 3131637760
512 682 21661490 3131637760
512 683 21684607 3131637760
512 684 21654660 3131637760
512 685 21719893 3131637760
512 686 21671511 3131637760
512 687 21631019 3131637760
512 688 21652246 3131637760
512 689 21682050 3131637760
512 690 21683517 3131637760
512 691 21655865 3131637760
512 692 21695625 3131637760
512 693 21682557 3131637760
512 694 21675321 3131637760
512 695 21689295 3131637760
512 696 21702259 3131637760
512 697 21725306 3131637760
512 698 21677720 3131637760
512 699 21648754 3131637760
512 700 21684062 3131637760
512 701 21623334 3131637760
512 702 21639204 3131637760
512 703 21654368 3131637760
512 704 21704637 3131637760
512 705 21665652 3131637760
512 706 21688523 3131637760
512 707 21734710 3131637760
512 708 21704030 3131637760
512 709 21675822 3131637760
512 710 21667075 3131637760
512 711 21671339 3131637760
512 712 21676278 3131637760
512 713 21666652 3131637760
512 714 21708589 3131637760
512 715 21716435 3131637760
512 716 21683651 3131637760
512 717 21664105 3131637760
512 718 21690111 3131637760
512 719 21689356 3131637760
512 720 21663615 3131637760
512 721 21674639 3131637760
512 722 21654067 3131637760
512 723 21716872 3131637760
512 724 21705861 3131637760
512 725 21709112 3131637760
512 726 21705602 3131637760
512 727 21674188 3131637760
512 728 21695988 3131637760
512 729 21628617 3131637760
512 730 21651566 3131637760
512 731 21724703 3131637760
512 732 21676497 3131637760
512 733 21683421 3131637760
512 734 21690546 3131637760
512 735 21657380 3131637760
512 736 21633772 3131637760
512 737 21694432 3131637760
512 738 21672604 3131637760
512 739 21659012 3131637760
512 740 21675544 3131637760
512 741 21647138 3131637760
512 742 21644683 3131637760
512 743 21712830 3131637760
512 744 21646660 3131637760
512 745 21690522 3131637760
512 746 21655671 3131637760
512 747 21643605 3131637760
512 748 21616197 3131637760
512 749 21661234 3131637760
512 750 21634367 3131637760
512 751 21765535 3131637760
512 752 21692503 3131637760
512 753 21713974 3131637760
512 754 21760633 3131637760
512 755 21719221 3131637760
512 756 21691998 3131637760
512 757 21721243 3131637760
512 758 21644768 3131637760
512 759 21621709 3131637760
512 760 21687079 3131637760
512 761 21619853 3131637760
512 762 21710838 3131637760
512 763 21696248 3131637760
512 764 21663715 3131637760
512 765 21707471 3131637760
512 766 21642343 3131637760
512 767 21633348 3131637760
512 768 21637925 3131637760
512 769 21611613 3131637760
512 770 21719006 3131637760
512 771 21616193 3131637760
512 772 21666582 3131637760
512 773 21631723 3131637760
512 774 21645955 3131637760
512 775 21654920 3131637760
512 776 21614276 3131637760
512 777 21624250 3131637760
512 778 21690334 3131637760
512 779 21645825 3131637760
512 780 21649004 3131637760
512 781 21727662 3131637760
512 782 21689768 3131637760
512 783 21672949 3131637760
512 784 21687104 3131637760
512 785 21707760 3131637760
512 786 21685401 3131637760
512 787 21659368 3131637760
512 788 21785796 3131637760
512 789 21650419 3131637760
512 790 21653358 3131637760
512 791 21686500 3131637760
512 792 21684778 3131637760
512 793 21659483 3131637760
512 794 21642894 3131637760
512 795 21679212 3131637760
512 796 21668964 3131637760
512 797 21714312 3131637760
512 798 21705825 3131637760
512 799 21715803 3131637760
512 800 21736340 3131637760
512 801 21694734 3131637760
512 802 21635194 3131637760
512 803 21666006 3131637760
512 804 21644918 3131637760
512 805 21667792 3131637760
512 806 21679116 3131637760
512 807 21698376 3131637760
512 808 21660352 3131637760
512 809 21639778 3131637760
512 810 21620619 3131637760
512 811 21625082 3131637760
512 812 21739183 3131637760
512 813 21688474 3131637760
512 814 21645573 3131637760
512 815 21637635 3131637760
512 816 21650793 3131637760
512 817 21622355 3131637760
512 818 21685496 3131637760
512 819 21674892 3131637760
512 820 21642618 3131637760
512 821 21646002 3131637760
512 822 21698391 3131637760
512 823 21691286 3131637760
512 824 21659675 3131637760
512 825 21646122 3131637760
512 826 21679850 3131637760
512 827 21708707 3131637760
512 828 21695287 3131637760
512 829 21663066 3131637760
512 830 21644319 3131637760
512 831 21654081 3131637760
512 832 21684442 3131637760
512 833 21628721 3131637760
512 834 21647930 3131637760
512 835 21650195 3131637760
512 836 21632529 3131637760
512 837 21652816 3131637760
512 838 21645422 3131637760
512 839 21644121 3131637760
512 840 21628470 3131637760
512 841 21626430 3131637760
512 842 21663785 3131637760
512 843 21647083 3131637760
512 844 21692813 3131637760
512 845 21634314 3131637760
512 846 21661926 3131637760
512 847 21622033 3131637760
512 848 21677680 3131637760
512 849 21677997 3131637760
512 850 21665499 3131637760
512 851 21599735 3131637760
512 852 21676574 3131637760
512 853 21682220 3131637760
512 854 21710005 3131637760
512 855 21658323 3131637760
512 856 21624809 3131637760
512 857 21631800 3131637760
512 858 21660913 3131637760
512 859 21675441 3131637760
512 860 21623948 3131637760
512 861 21707578 3131637760
512 862 21640922 3131637760
512 863 21706847 3131637760
512 864 21695597 3131637760
512 865 21703621 3131637760
512 866 21654538 3131637760
512 867 21618071 3131637760
512 868 21727752 3131637760
512 869 21691240 3131637760
512 870 21728496 3131637760
512 871 21761729 3131637760
512 872 21671876 3131637760
512 873 21660833 3131637760
512 874 21689444 3131637760
512 875 21681340 3131637760
512 876 21701185 3131637760
512 877 21704180 3131637760
512 878 21704045 3131637760
512 879 21694608 3131637760
512 880 21669768 3131637760
512 881 21673037 3131637760
512 882 21643225 3131637760
512 883 21620142 3131637760
512 884 21660269 3131637760
512 885 21733911 3131637760
512 886 21688900 3131637760
512 887 21654960 3131637760
512 888 21695839 3131637760
512 889 21682272 3131637760
512 890 21685886 3131637760
512 891 21677132 3131637760
512 892 21688116 3131637760
512 893 21694975 3131637760
512 894 21745903 3131637760
512 895 21681927 3131637760
512 896 21663616 3131637760
512 897 21656346 3131637760
512 898 21675858 3131637760
512 899 21641295 3131637760
512 900 21646840 3131637760
512 901 21679048 3131637760
512 902 21681636 3131637760
512 903 21609501 3131637760
512 904 21673537 3131637760
512 905 21663940 3131637760
512 906 21676422 3131637760
512 907 21704294 3131637760
512 908 21689492 3131637760
512 909 21591562 3131637760
512 910 21690311 3131637760
512 911 21621588 3131637760
512 912 21695954 3131637760
512 913 21693690 3131637760
512 914 21707862 3131637760
512 915 21692093 3131637760
512 916 21666754 3131637760
512 917 21666292 3131637760
512 918 21691289 3131637760
512 919 21661265 3131637760
512 920 21699022 3131637760
512 921 21655513 3131637760
512 922 21658300 3131637760
512 923 21653258 3131637760
512 924 21660265 3131637760
512 925 21685532 3131637760
512 926 21676675 3131637760
512 927 21670584 3131637760
512 928 21658280 3131637760
512 929 21622635 3131637760
512 930 21663016 3131637760
512 931 21720180 3131637760
512 932 21675673 3131637760
512 933 21689065 3131637760
512 934 21667700 3131637760
512 935 21641836 3131637760
512 936 21623624 3131637760
512 937 21662283 3131637760
512 938 21633906 3131637760
512 939 21622556 3131637760
512 940 21687411 3131637760
512 941 21688412 3131637760
512 942 21697761 3131637760
512 943 21711772 3131637760
512 944 21661124 3131637760
512 945 21679568 3131637760
512 946 21643122 3131637760
512 947 21683966 3131637760
512 948 21658412 3131637760
512 949 21662306 3131637760
512 950 21604403 3131637760
512 951 21679095 3131637760
512 952 21650576 3131637760
512 953 21703648 3131637760
512 954 21649794 3131637760
512 955 21719492 3131637760
512 956 21717689 3131637760
512 957 21709576 3131637760
512 958 21704206 3131637760
512 959 21665000 3131637760
512 960 21658137 3131637760
512 961 21665042 3131637760
512 962 21645657 3131637760
512 963 21634611 3131637760
512 964 21635512 3131637760
512 965 21675290 3131637760
512 966 21654628 3131637760
512 967 21663782 3131637760
512 968 21637699 3131637760
512 969 21673353 3131637760
512 970 21674241 3131637760
512 971 21693377 3131637760
512 972 21672700 3131637760
512 973 21673029 3131637760
512 974 21671946 3131637760
512 975 21658046 3131637760
512 976 21677514 3131637760
512 977 21659924 3131637760
512 978 21641097 3131637760
512 979 21640199 3131637760
512 980 21611011 3131637760
512 981 21617696 3131637760
512 982 21662974 3131637760
512 983 21694040 3131637760
512 984 21675150 3131637760
512 985 21628565 3131637760
512 986 21665099 3131637760
512 987 21687715 3131637760
512 988 21693565 3131637760
512 989 21670755 3131637760
512 990 21630858 3131637760
512 991 21685416 3131637760
512 992 21643906 3131637760
512 993 21676314 3131637760
512 994 21704790 3131637760
512 995 21678156 3131637760
512 996 21718891 3131637760
512 997 21662074 3131637760
512 998 21690528 3131637760
512 999 21675036 3131637760
