512 0 1099749 3131637760
512 1 1099737 3131637760
512 2 1099814 3131637760
512 3 1099761 3131637760
512 4 1099745 3131637760
512 5 1099767 3131637760
512 6 1099574 3131637760
512 7 1099879 3131637760
512 8 1099633 3131637760
512 9 1099765 3131637760
512 10 1099806 3131637760
512 11 1099844 3131637760
512 12 1099628 3131637760
512 13 1099729 3131637760
512 14 1099784 3131637760
512 15 1099825 3131637760
512 16 1099809 3131637760
512 17 1099864 3131637760
512 18 1099787 3131637760
512 19 1099660 3131637760
512 20 1099732 3131637760
512 21 1099860 3131637760
512 22 1099722 3131637760
512 23 1099852 3131637760
512 24 1099837 3131637760
512 25 1099765 3131637760
512 26 1099715 3131637760
512 27 1099749 3131637760
512 28 1099857 3131637760
512 29 1099701 3131637760
512 30 1099586 3131637760
512 31 1099724 3131637760
512 32 1099662 3131637760
512 33 1099811 3131637760
512 34 1099697 3131637760
512 35 1099816 3131637760
512 36 1099504 3131637760
512 37 1099755 3131637760
512 38 1099756 3131637760
512 39 1099716 3131637760
512 40 1099842 3131637760
512 41 1099715 3131637760
512 42 1099759 3131637760
512 43 1099659 3131637760
512 44 1099768 3131637760
512 45 1099756 3131637760
512 46 1099743 3131637760
512 47 1099804 3131637760
512 48 1099841 3131637760
512 49 1099825 3131637760
512 50 1099714 3131637760
512 51 1099644 3131637760
512 52 1099804 3131637760
512 53 1099862 3131637760
512 54 1099714 3131637760
512 55 1099851 3131637760
512 56 1099735 3131637760
512 57 1099860 3131637760
512 58 1099831 3131637760
512 59 1099699 3131637760
512 60 1099873 3131637760
512 61 1099734 3131637760
512 62 1099808 3131637760
512 63 1099836 3131637760
512 64 1099673 3131637760
512 65 1099828 3131637760
512 66 1099768 3131637760
512 67 1099700 3131637760
512 68 1099675 3131637760
512 69 1099694 3131637760
512 70 1099701 3131637760
512 71 1099726 3131637760
512 72 1099841 3131637760
512 73 1099867 3131637760
512 74 1099745 3131637760
512 75 1099737 3131637760
512 76 1099695 3131637760
512 77 1099731 3131637760
512 78 1099716 3131637760
512 79 1099717 3131637760
512 80 1099946 3131637760
512 81 1099769 3131637760
512 82 1099911 3131637760
512 83 1099589 3131637760
512 84 1099823 3131637760
512 85 1099745 3131637760
512 86 1099877 3131637760
512 87 1099885 3131637760
512 88 1099697 3131637760
512 89 1099859 3131637760
512 90 1099772 3131637760
512 91 1099934 3131637760
512 92 1099800 3131637760
512 93 1099706 3131637760
512 94 1099749 3131637760
512 95 1099797 3131637760
512 96 1099886 3131637760
512 97 1099794 3131637760
512 98 1099787 3131637760
512 99 1099750 3131637760
512 100 1099849 3131637760
512 101 1099738 3131637760
512 102 1099806 3131637760
512 103 1099726 3131637760
512 104 1099580 3131637760
512 105 1099790 3131637760
512 106 1099808 3131637760
512 107 1099685 3131637760
512 108 1099798 3131637760
512 109 1099811 3131637760
512 110 1099718 3131637760
512 111 1099775 3131637760
512 112 1099875 3131637760
512 113 1099912 3131637760
512 114 1099561 3131637760
512 115 1099830 3131637760
512 116 1099810 3131637760
512 117 1099643 3131637760
512 118 1099820 3131637760
512 119 1099743 3131637760
512 120 1099821 3131637760
512 121 1099823 3131637760
512 122 1099787 3131637760
512 123 1099675 3131637760
512 124 1099865 3131637760
512 125 1099875 3131637760
512 126 1099792 3131637760
512 127 1099779 3131637760
512 128 1099886 3131637760
512 129 1099794 3131637760
512 130 1099853 3131637760
512 131 1099765 3131637760
512 132 1099747 3131637760
512 133 1099897 3131637760
512 134 1099813 3131637760
512 135 1099673 3131637760
512 136 1099854 3131637760
512 137 1099674 3131637760
512 138 1099791 3131637760
512 139 1099809 3131637760
512 140 1099800 3131637760
512 141 1099674 3131637760
512 142 1099731 3131637760
512 143 1099739 3131637760
512 144 1099838 3131637760
512 145 1099734 3131637760
512 146 1099851 3131637760
512 147 1099644 3131637760
512 148 1099873 3131637760
512 149 1099788 3131637760
512 150 1099763 3131637760
512 151 1099608 3131637760
512 152 1099550 3131637760
512 153 1099763 3131637760
512 154 1099696 3131637760
512 155 1099698 3131637760
512 156 1099791 3131637760
512 157 1099788 3131637760
512 158 1099756 3131637760
512 159 1099746 3131637760
512 160 1099740 3131637760
512 161 1099765 3131637760
512 162 1099899 3131637760
512 163 1099714 3131637760
512 164 1099705 3131637760
512 165 1099745 3131637760
512 166 1099779 3131637760
512 167 1099822 3131637760
512 168 1099716 3131637760
512 169 1099682 3131637760
512 170 1099844 3131637760
512 171 1099849 3131637760
512 172 1099815 3131637760
512 173 1099686 3131637760
512 174 1099769 3131637760
512 175 1099725 3131637760
512 176 1099671 3131637760
512 177 1099777 3131637760
512 178 1099772 3131637760
512 179 1099754 3131637760
512 180 1099759 3131637760
512 181 1099677 3131637760
512 182 1099776 3131637760
512 183 1099862 3131637760
512 184 1099754 3131637760
512 185 1099728 3131637760
512 186 1099786 3131637760
512 187 1099772 3131637760
512 188 1099840 3131637760
512 189 1099581 3131637760
512 190 1099742 3131637760
512 191 1099692 3131637760
512 192 1099701 3131637760
512 193 1099749 3131637760
512 194 1099639 3131637760
512 195 1099741 3131637760
512 196 1099646 3131637760
512 197 1099859 3131637760
512 198 1099819 3131637760
512 199 1099588 3131637760
512 200 1099764 3131637760
512 201 1099796 3131637760
512 202 1099699 3131637760
512 203 1099727 3131637760
512 204 1099682 3131637760
512 205 1099792 3131637760
512 206 1099713 3131637760
512 207 1099743 3131637760
512 208 1099710 3131637760
512 209 1099781 3131637760
512 210 1099719 3131637760
512 211 1099788 3131637760
512 212 1099824 3131637760
512 213 1099811 3131637760
512 214 1099801 3131637760
512 215 1099832 3131637760
512 216 1099764 3131637760
512 217 1099818 3131637760
512 218 1099743 3131637760
512 219 1099702 3131637760
512 220 1099794 3131637760
512 221 1099711 3131637760
512 222 1099811 3131637760
512 223 1099786 3131637760
512 224 1099702 3131637760
512 225 1099842 3131637760
512 226 1099763 3131637760
512 227 1099746 3131637760
512 228 1099680 3131637760
512 229 1099748 3131637760
512 230 1099745 3131637760
512 231 1099727 3131637760
512 232 1099845 3131637760
512 233 1099696 3131637760
512 234 1099834 3131637760
512 235 1099833 3131637760
512 236 1099744 3131637760
512 237 1099699 3131637760
512 238 1099788 3131637760
512 239 1099825 3131637760
512 240 1099743 3131637760
512 241 1099860 3131637760
512 242 1099824 3131637760
512 243 1099747 3131637760
512 244 1099693 3131637760
512 245 1099749 3131637760
512 246 1099717 3131637760
512 247 1099722 3131637760
512 248 1099736 3131637760
512 249 1099697 3131637760
512 250 1099629 3131637760
512 251 1099605 3131637760
512 252 1099629 3131637760
512 253 1099660 3131637760
512 254 1099728 3131637760
512 255 1099741 3131637760
512 256 1099778 3131637760
512 257 1099871 3131637760
512 258 1099791 3131637760
512 259 1099780 3131637760
512 260 1099659 3131637760
512 261 1099704 3131637760
512 262 1099768 3131637760
512 263 1099714 3131637760
512 264 1099798 3131637760
512 265 1099740 3131637760
512 266 1099771 3131637760
512 267 1099873 3131637760
512 268 1099856 3131637760
512 269 1099883 3131637760
512 270 1099735 3131637760
512 271 1099549 3131637760
512 272 1099642 3131637760
512 273 1099804 3131637760
512 274 1099753 3131637760
512 275 1099741 3131637760
512 276 1099653 3131637760
512 277 1099878 3131637760
512 278 1099658 3131637760
512 279 1099901 3131637760
512 280 1099703 3131637760
512 281 1099643 3131637760
512 282 1099676 3131637760
512 283 1099702 3131637760
512 284 1099653 3131637760
512 285 1099707 3131637760
512 286 1099724 3131637760
512 287 1099693 3131637760
512 288 1099775 3131637760
512 289 1099803 3131637760
512 290 1099775 3131637760
512 291 1099732 3131637760
512 292 1099812 3131637760
512 293 1099718 3131637760
512 294 1099660 3131637760
512 295 1099738 3131637760
512 296 1099722 3131637760
512 297 1099744 3131637760
512 298 1099860 3131637760
512 299 1099664 3131637760
512 300 1099763 3131637760
512 301 1099687 3131637760
512 302 1099687 3131637760
512 303 1099757 3131637760
512 304 1099661 3131637760
512 305 1099700 3131637760
512 306 1099729 3131637760
512 307 1099782 3131637760
512 308 1099676 3131637760
512 309 1099825 3131637760
512 310 1099666 3131637760
512 311 1099748 3131637760
512 312 1099592 3131637760
512 313 1099746 3131637760
512 314 1099777 3131637760
512 315 1099754 3131637760
512 316 1099737 3131637760
512 317 1099650 3131637760
512 318 1099778 3131637760
512 319 1099777 3131637760
512 320 1099754 3131637760
512 321 1099697 3131637760
512 322 1099899 3131637760
512 323 1099763 3131637760
512 324 1099743 3131637760
512 325 1099701 3131637760
512 326 1099624 3131637760
512 327 1099736 3131637760
512 328 1099668 3131637760
512 329 1099716 3131637760
512 330 1099830 3131637760
512 331 1099732 3131637760
512 332 1099754 3131637760
512 333 1099926 3131637760
512 334 1099829 3131637760
512 335 1099778 3131637760
512 336 1099683 3131637760
512 337 1099689 3131637760
512 338 1099654 3131637760
512 339 1099764 3131637760
512 340 1099669 3131637760
512 341 1099620 3131637760
512 342 1099734 3131637760
512 343 1099664 3131637760
512 344 1099827 3131637760
512 345 1099854 3131637760
512 346 1099635 3131637760
512 347 1099742 3131637760
512 348 1099812 3131637760
512 349 1099751 3131637760
512 350 1099630 3131637760
512 351 1099788 3131637760
512 352 1099745 3131637760
512 353 1099785 3131637760
512 354 1099831 3131637760
512 355 1099758 3131637760
512 356 1099850 3131637760
512 357 1099622 3131637760
512 358 1099792 3131637760
512 359 1099662 3131637760
512 360 1099641 3131637760
512 361 1099787 3131637760
512 362 1099867 3131637760
512 363 1099661 3131637760
512 364 1099759 3131637760
512 365 1099810 3131637760
512 366 1099703 3131637760
512 367 1099583 3131637760
512 368 1099733 3131637760
512 369 1099789 3131637760
512 370 1099729 3131637760
512 371 1099757 3131637760
512 372 1099773 3131637760
512 373 1099720 3131637760
512 374 1099739 3131637760
512 375 1099763 3131637760
512 376 1099734 3131637760
512 377 1099785 3131637760
512 378 1099789 3131637760
512 379 1099909 3131637760
512 380 1099676 3131637760
512 381 1099680 3131637760
512 382 1099716 3131637760
512 383 1099778 3131637760
512 384 1099870 3131637760
512 385 1099750 3131637760
512 386 1099800 3131637760
512 387 1099678 3131637760
512 388 1099807 3131637760
512 389 1099672 3131637760
512 390 1099600 3131637760
512 391 1099734 3131637760
512 392 1099755 3131637760
512 393 1099740 3131637760
512 394 1099840 3131637760
512 395 1099858 3131637760
512 396 1099663 3131637760
512 397 1099763 3131637760
512 398 1099746 3131637760
512 399 1099767 3131637760
512 400 1099738 3131637760
512 401 1099976 3131637760
512 402 1099826 3131637760
512 403 1099870 3131637760
512 404 1099740 3131637760
512 405 1099908 3131637760
512 406 1099808 3131637760
512 407 1099676 3131637760
512 408 1099743 3131637760
512 409 1099687 3131637760
512 410 1099785 3131637760
512 411 1099759 3131637760
512 412 1099736 3131637760
512 413 1099823 3131637760
512 414 1099792 3131637760
512 415 1099743 3131637760
512 416 1099743 3131637760
512 417 1099693 3131637760
512 418 1099791 3131637760
512 419 1099767 3131637760
512 420 1099860 3131637760
512 421 1099818 3131637760
512 422 1099719 3131637760
512 423 1099716 3131637760
512 424 1099840 3131637760
512 425 1099752 3131637760
512 426 1099972 3131637760
512 427 1099726 3131637760
512 428 1099663 3131637760
512 429 1099948 3131637760
512 430 1099682 3131637760
512 431 1099864 3131637760
512 432 1099678 3131637760
512 433 1099760 3131637760
512 434 1099644 3131637760
512 435 1099756 3131637760
512 436 1099947 3131637760
512 437 1099887 3131637760
512 438 1099769 3131637760
512 439 1099831 3131637760
512 440 1099652 3131637760
512 441 1099820 3131637760
512 442 1099743 3131637760
512 443 1099681 3131637760
512 444 1099603 3131637760
512 445 1099601 3131637760
512 446 1099772 3131637760
512 447 1099581 3131637760
512 448 1099912 3131637760
512 449 1099844 3131637760
512 450 1099764 3131637760
512 451 1099905 3131637760
512 452 1099906 3131637760
512 453 1099836 3131637760
512 454 1099889 3131637760
512 455 1099857 3131637760
512 456 1099898 3131637760
512 457 1099748 3131637760
512 458 1099836 3131637760
512 459 1099872 3131637760
512 460 1099618 3131637760
512 461 1099848 3131637760
512 462 1099815 3131637760
512 463 1099734 3131637760
512 464 1099714 3131637760
512 465 1099803 3131637760
512 466 1099822 3131637760
512 467 1099716 3131637760
512 468 1099747 3131637760
512 469 1099736 3131637760
512 470 1099761 3131637760
512 471 1099733 3131637760
512 472 1099758 3131637760
512 473 1099709 3131637760
512 474 1099720 3131637760
512 475 1099808 3131637760
512 476 1099926 3131637760
512 477 1099681 3131637760
512 478 1099792 3131637760
512 479 1099732 3131637760
512 480 1099856 3131637760
512 481 1099812 3131637760
512 482 1099737 3131637760
512 483 1099876 3131637760
512 484 1099722 3131637760
512 485 1099718 3131637760
512 486 1099751 3131637760
512 487 1099635 3131637760
512 488 1099856 3131637760
512 489 1099751 3131637760
512 490 1099763 3131637760
512 491 1099980 3131637760
512 492 1099816 3131637760
512 493 1099707 3131637760
512 494 1099775 3131637760
512 495 1099759 3131637760
512 496 1099761 3131637760
512 497 1099682 3131637760
512 498 1099716 3131637760
512 499 1099784 3131637760
512 500 1099811 3131637760
512 501 1099894 3131637760
512 502 1099739 3131637760
512 503 1099720 3131637760
512 504 1099796 3131637760
512 505 1099810 3131637760
512 506 1099950 3131637760
512 507 1099663 3131637760
512 508 1099891 3131637760
512 509 1099918 3131637760
512 510 1099743 3131637760
512 511 1099980 3131637760
512 512 1099793 3131637760
512 513 1099746 3131637760
512 514 1099853 3131637760
512 515 1099781 3131637760
512 516 1099896 3131637760
512 517 1099615 3131637760
512 518 1099802 3131637760
512 519 1099665 3131637760
512 520 1099864 3131637760
512 521 1099940 3131637760
512 522 1099709 3131637760
512 523 1099703 3131637760
512 524 1099776 3131637760
512 525 1099878 3131637760
512 526 1099923 3131637760
512 527 1099696 3131637760
512 528 1099851 3131637760
512 529 1099662 3131637760
512 530 1099741 3131637760
512 531 1099813 3131637760
512 532 1099772 3131637760
512 533 1099845 3131637760
512 534 1099760 3131637760
512 535 1099848 3131637760
512 536 1099763 3131637760
512 537 1099705 3131637760
512 538 1099678 3131637760
512 539 1099825 3131637760
512 540 1099722 3131637760
512 541 1099952 3131637760
512 542 1099711 3131637760
512 543 1099774 3131637760
512 544 1099859 3131637760
512 545 1099692 3131637760
512 546 1099657 3131637760
512 547 1099884 3131637760
512 548 1099816 3131637760
512 549 1099757 3131637760
512 550 1099790 3131637760
512 551 1099881 3131637760
512 552 1099795 3131637760
512 553 1099852 3131637760
512 554 1099919 3131637760
512 555 1099720 3131637760
512 556 1099806 3131637760
512 557 1099636 3131637760
512 558 1099963 3131637760
512 559 1099823 3131637760
512 560 1099699 3131637760
512 561 1099900 3131637760
512 562 1099834 3131637760
512 563 1099625 3131637760
512 564 1099822 3131637760
512 565 1099707 3131637760
512 566 1099907 3131637760
512 567 1099848 3131637760
512 568 1099768 3131637760
512 569 1099860 3131637760
512 570 1099778 3131637760
512 571 1099721 3131637760
512 572 1099830 3131637760
512 573 1099724 3131637760
512 574 1099948 3131637760
512 575 1099712 3131637760
512 576 1099718 3131637760
512 577 1099854 3131637760
512 578 1099631 3131637760
512 579 1099686 3131637760
512 580 1099704 3131637760
512 581 1099774 3131637760
512 582 1099893 3131637760
512 583 1099841 3131637760
512 584 1099826 3131637760
512 585 1099857 3131637760
512 586 1099691 3131637760
512 587 1099842 3131637760
512 588 1099750 3131637760
512 589 1099919 3131637760
512 590 1099630 3131637760
512 591 1099924 3131637760
512 592 1099720 3131637760
512 593 1099803 3131637760
512 594 1099759 3131637760
512 595 1099728 3131637760
512 596 1099969 3131637760
512 597 1099744 3131637760
512 598 1099795 3131637760
512 599 1099811 3131637760
512 600 1099850 3131637760
512 601 1099795 3131637760
512 602 1099760 3131637760
512 603 1099898 3131637760
512 604 1099723 3131637760
512 605 1099732 3131637760
512 606 1099743 3131637760
512 607 1099851 3131637760
512 608 1099728 3131637760
512 609 1099785 3131637760
512 610 1099736 3131637760
512 611 1099788 3131637760
512 612 1099829 3131637760
512 613 1099839 3131637760
512 614 1099803 3131637760
512 615 1099906 3131637760
512 616 1099733 3131637760
512 617 1099658 3131637760
512 618 1099887 3131637760
512 619 1099972 3131637760
512 620 1099843 3131637760
512 621 1099746 3131637760
512 622 1099832 3131637760
512 623 1099876 3131637760
512 624 1099680 3131637760
512 625 1099762 3131637760
512 626 1099870 3131637760
512 627 1099873 3131637760
512 628 1099867 3131637760
512 629 1099824 3131637760
512 630 1099842 3131637760
512 631 1099658 3131637760
512 632 1099741 3131637760
512 633 1099737 3131637760
512 634 1099826 3131637760
512 635 1099718 3131637760
512 636 1100000 3131637760
512 637 1099765 3131637760
512 638 1099864 3131637760
512 639 1099752 3131637760
512 640 1099731 3131637760
512 641 1099823 3131637760
512 642 1099690 3131637760
512 643 1099879 3131637760
512 644 1099795 3131637760
512 645 1099763 3131637760
512 646 1099812 3131637760
512 647 1099961 3131637760
512 648 1099683 3131637760
512 649 1099881 3131637760
512 650 1099706 3131637760
512 651 1099608 3131637760
512 652 1099667 3131637760
512 653 1099811 3131637760
512 654 1099833 3131637760
512 655 1099718 3131637760
512 656 1099815 3131637760
512 657 1099658 3131637760
512 658 1099741 3131637760
512 659 1099696 3131637760
512 660 1099611 3131637760
512 661 1099816 3131637760
512 662 1099742 3131637760
512 663 1099760 3131637760
512 664 1099634 3131637760
512 665 1099755 3131637760
512 666 1099769 3131637760
512 667 1099528 3131637760
512 668 1099820 3131637760
512 669 1099794 3131637760
512 670 1099580 3131637760
512 671 1099573 3131637760
512 672 1099781 3131637760
512 673 1099682 3131637760
512 674 1099732 3131637760
512 675 1099709 3131637760
512 676 1099692 3131637760
512 677 1099784 3131637760
512 678 1099865 3131637760
512 679 1099757 3131637760
512 680 1099717 3131637760
512 681 1099856 3131637760
512 682 1099676 3131637760
512 683 1099816 3131637760
512 684 1099817 3131637760
512 685 1099563 3131637760
512 686 1099656 3131637760
512 687 1099772 3131637760
512 688 1099735 3131637760
512 689 1099694 3131637760
512 690 1099815 3131637760
512 691 1099854 3131637760
512 692 1099756 3131637760
512 693 1099894 3131637760
512 694 1099765 3131637760
512 695 1099680 3131637760
512 696 1099774 3131637760
512 697 1099783 3131637760
512 698 1099830 3131637760
512 699 1099927 3131637760
512 700 1099748 3131637760
512 701 1099881 3131637760
512 702 1099832 3131637760
512 703 1099745 3131637760
512 704 1099780 3131637760
512 705 1099776 3131637760
512 706 1099968 3131637760
512 707 1099662 3131637760
512 708 1099838 3131637760
512 709 1099857 3131637760
512 710 1099802 3131637760
512 711 1099842 3131637760
512 712 1099740 3131637760
512 713 1099825 3131637760
512 714 1099798 3131637760
512 715 1099689 3131637760
512 716 1099758 3131637760
512 717 1099617 3131637760
512 718 1099668 3131637760
512 719 1099784 3131637760
512 720 1099654 3131637760
512 721 1099846 3131637760
512 722 1099718 3131637760
512 723 1099734 3131637760
512 724 1099769 3131637760
512 725 1099751 3131637760
512 726 1099715 3131637760
512 727 1099685 3131637760
512 728 1099896 3131637760
512 729 1099713 3131637760
512 730 1099758 3131637760
512 731 1099933 3131637760
512 732 1099724 3131637760
512 733 1099791 3131637760
512 734 1099765 3131637760
512 735 1099894 3131637760
512 736 1099707 3131637760
512 737 1099761 3131637760
512 738 1099735 3131637760
512 739 1099794 3131637760
512 740 1099791 3131637760
512 741 1099848 3131637760
512 742 1099819 3131637760
512 743 1099720 3131637760
512 744 1099906 3131637760
512 745 1099760 3131637760
512 746 1099837 3131637760
512 747 1099714 3131637760
512 748 1099762 3131637760
512 749 1099744 3131637760
512 750 1099767 3131637760
512 751 1099850 3131637760
512 752 1099798 3131637760
512 753 1099650 3131637760
512 754 1099864 3131637760
512 755 1099771 3131637760
512 756 1099934 3131637760
512 757 1099585 3131637760
512 758 1099778 3131637760
512 759 1099767 3131637760
512 760 1099704 3131637760
512 761 1099859 3131637760
512 762 1099639 3131637760
512 763 1099811 3131637760
512 764 1099797 3131637760
512 765 1099698 3131637760
512 766 1099899 3131637760
512 767 1099813 3131637760
512 768 1099872 3131637760
512 769 1099796 3131637760
512 770 1099832 3131637760
512 771 1099844 3131637760
512 772 1099789 3131637760
512 773 1099804 3131637760
512 774 1099796 3131637760
512 775 1099683 3131637760
512 776 1099753 3131637760
512 777 1099706 3131637760
512 778 1099771 3131637760
512 779 1099861 3131637760
512 780 1099857 3131637760
512 781 1099784 3131637760
512 782 1099697 3131637760
512 783 1099840 3131637760
512 784 1099840 3131637760
512 785 1099749 3131637760
512 786 1099736 3131637760
512 787 1099903 3131637760
512 788 1099861 3131637760
512 789 1099754 3131637760
512 790 1099682 3131637760
512 791 1099760 3131637760
512 792 1099924 3131637760
512 793 1099772 3131637760
512 794 1099708 3131637760
512 795 1099906 3131637760
512 796 1099818 3131637760
512 797 1099692 3131637760
512 798 1099923 3131637760
512 799 1099849 3131637760
512 800 1099666 3131637760
512 801 1099699 3131637760
512 802 1099822 3131637760
512 803 1099762 3131637760
512 804 1099821 3131637760
512 805 1099809 3131637760
512 806 1099767 3131637760
512 807 1099719 3131637760
512 808 1099807 3131637760
512 809 1099775 3131637760
512 810 1099749 3131637760
512 811 1099859 3131637760
512 812 1099782 3131637760
512 813 1099769 3131637760
512 814 1099756 3131637760
512 815 1099664 3131637760
512 816 1099803 3131637760
512 817 1099871 3131637760
512 818 1099761 3131637760
512 819 1099731 3131637760
512 820 1099828 3131637760
512 821 1099810 3131637760
512 822 1099749 3131637760
512 823 1099830 3131637760
512 824 1099654 3131637760
512 825 1099668 3131637760
512 826 1099661 3131637760
512 827 1099791 3131637760
512 828 1099764 3131637760
512 829 1099875 3131637760
512 830 1099905 3131637760
512 831 1099699 3131637760
512 832 1099835 3131637760
512 833 1099843 3131637760
512 834 1099682 3131637760
512 835 1099857 3131637760
512 836 1099740 3131637760
512 837 1099824 3131637760
512 838 1099717 3131637760
512 839 1099720 3131637760
512 840 1099795 3131637760
512 841 1099832 3131637760
512 842 1099889 3131637760
512 843 1099800 3131637760
512 844 1099691 3131637760
512 845 1099814 3131637760
512 846 1099762 3131637760
512 847 1099993 3131637760
512 848 1099823 3131637760
512 849 1099785 3131637760
512 850 1099839 3131637760
512 851 1099721 3131637760
512 852 1099703 3131637760
512 853 1099758 3131637760
512 854 1099697 3131637760
512 855 1099750 3131637760
512 856 1099768 3131637760
512 857 1099820 3131637760
512 858 1099870 3131637760
512 859 1099747 3131637760
512 860 1099819 3131637760
512 861 1099874 3131637760
512 862 1099807 3131637760
512 863 1099617 3131637760
512 864 1099614 3131637760
512 865 1099795 3131637760
512 866 1099704 3131637760
512 867 1100011 3131637760
512 868 1099736 3131637760
512 869 1099872 3131637760
512 870 1099802 3131637760
512 871 1099816 3131637760
512 872 1099822 3131637760
512 873 1099791 3131637760
512 874 1099835 3131637760
512 875 1099766 3131637760
512 876 1099759 3131637760
512 877 1099774 3131637760
512 878 1099772 3131637760
512 879 1099776 3131637760
512 880 1099804 3131637760
512 881 1099870 3131637760
512 882 1099822 3131637760
512 883 1099656 3131637760
512 884 1099789 3131637760
512 885 1099813 3131637760
512 886 1099802 3131637760
512 887 1099832 3131637760
512 888 1099727 3131637760
512 889 1099692 3131637760
512 890 1099690 3131637760
512 891 1099773 3131637760
512 892 1099866 3131637760
512 893 1099821 3131637760
512 894 1099633 3131637760
512 895 1099734 3131637760
512 896 1099766 3131637760
512 897 1099812 3131637760
512 898 1099838 3131637760
512 899 1099720 3131637760
512 900 1099822 3131637760
512 901 1099721 3131637760
512 902 1099819 3131637760
512 903 1099813 3131637760
512 904 1099802 3131637760
512 905 1099683 3131637760
512 906 1099670 3131637760
512 907 1099716 3131637760
512 908 1099703 3131637760
512 909 1099699 3131637760
512 910 1099795 3131637760
512 911 1099577 3131637760
512 912 1099555 3131637760
512 913 1099781 3131637760
512 914 1099718 3131637760
512 915 1099744 3131637760
512 916 1099817 3131637760
512 917 1099701 3131637760
512 918 1099882 3131637760
512 919 1099770 3131637760
512 920 1099856 3131637760
512 921 1099801 3131637760
512 922 1099736 3131637760
512 923 1099720 3131637760
512 924 1099759 3131637760
512 925 1099712 3131637760
512 926 1099809 3131637760
512 927 1099765 3131637760
512 928 1099844 3131637760
512 929 1099699 3131637760
512 930 1099719 3131637760
512 931 1099670 3131637760
512 932 1099788 3131637760
512 933 1099685 3131637760
512 934 1099789 3131637760
512 935 1099803 3131637760
512 936 1099708 3131637760
512 937 1099760 3131637760
512 938 1099727 3131637760
512 939 1099784 3131637760
512 940 1099828 3131637760
512 941 1099821 3131637760
512 942 1099808 3131637760
512 943 1099690 3131637760
512 944 1099648 3131637760
512 945 1099757 3131637760
512 946 1099869 3131637760
512 947 1099780 3131637760
512 948 1099746 3131637760
512 949 1099738 3131637760
512 950 1099944 3131637760
512 951 1099820 3131637760
512 952 1099730 3131637760
512 953 1099779 3131637760
512 954 1099712 3131637760
512 955 1099728 3131637760
512 956 1099839 3131637760
512 957 1099809 3131637760
512 958 1099751 3131637760
512 959 1099910 3131637760
512 960 1099777 3131637760
512 961 1099652 3131637760
512 962 1099854 3131637760
512 963 1099853 3131637760
512 964 1099882 3131637760
512 965 1099939 3131637760
512 966 1099811 3131637760
512 967 1099798 3131637760
512 968 1099882 3131637760
512 969 1099850 3131637760
512 970 1099805 3131637760
512 971 1099831 3131637760
512 972 1099735 3131637760
512 973 1099650 3131637760
512 974 1099723 3131637760
512 975 1099768 3131637760
512 976 1099833 3131637760
512 977 1099702 3131637760
512 978 1099757 3131637760
512 979 1099842 3131637760
512 980 1099600 3131637760
512 981 1099780 3131637760
512 982 1099684 3131637760
512 983 1099740 3131637760
512 984 1099737 3131637760
512 985 1099991 3131637760
512 986 1099799 3131637760
512 987 1099747 3131637760
512 988 1099770 3131637760
512 989 1099711 3131637760
512 990 1099991 3131637760
512 991 1099767 3131637760
512 992 1099726 3131637760
512 993 1099847 3131637760
512 994 1099816 3131637760
512 995 1099763 3131637760
512 996 1099826 3131637760
512 997 1099855 3131637760
512 998 1099654 3131637760
512 999 1099796 3131637760
