256 0 787187 1823096832
256 1 787011 1823096832
256 2 786764 1823096832
256 3 786980 1823096832
256 4 786918 1823096832
256 5 786935 1823096832
256 6 786841 1823096832
256 7 786915 1823096832
256 8 786939 1823096832
256 9 786846 1823096832
256 10 786878 1823096832
256 11 786859 1823096832
256 12 787035 1823096832
256 13 786860 1823096832
256 14 787076 1823096832
256 15 786820 1823096832
256 16 787042 1823096832
256 17 786843 1823096832
256 18 787077 1823096832
256 19 786973 1823096832
256 20 787025 1823096832
256 21 786876 1823096832
256 22 787007 1823096832
256 23 786785 1823096832
256 24 787004 1823096832
256 25 786783 1823096832
256 26 787177 1823096832
256 27 786975 1823096832
256 28 786837 1823096832
256 29 786953 1823096832
256 30 786842 1823096832
256 31 786840 1823096832
256 32 786900 1823096832
256 33 787001 1823096832
256 34 786878 1823096832
256 35 786993 1823096832
256 36 786933 1823096832
256 37 787066 1823096832
256 38 786896 1823096832
256 39 787087 1823096832
256 40 786879 1823096832
256 41 787175 1823096832
256 42 786917 1823096832
256 43 787004 1823096832
256 44 786841 1823096832
256 45 787042 1823096832
256 46 786883 1823096832
256 47 787139 1823096832
256 48 786859 1823096832
256 49 787121 1823096832
256 50 786858 1823096832
256 51 786859 1823096832
256 52 786820 1823096832
256 53 786917 1823096832
256 54 786803 1823096832
256 55 786861 1823096832
256 56 787118 1823096832
256 57 786911 1823096832
256 58 787111 1823096832
256 59 786781 1823096832
256 60 787004 1823096832
256 61 786821 1823096832
256 62 787100 1823096832
256 63 786918 1823096832
256 64 787070 1823096832
256 65 786956 1823096832
256 66 787026 1823096832
256 67 786784 1823096832
256 68 787045 1823096832
256 69 786903 1823096832
256 70 787123 1823096832
256 71 786844 1823096832
256 72 786822 1823096832
256 73 786919 1823096832
256 74 786899 1823096832
256 75 786847 1823096832
256 76 786876 1823096832
256 77 787085 1823096832
256 78 786880 1823096832
256 79 787087 1823096832
256 80 786899 1823096832
256 81 787060 1823096832
256 82 786954 1823096832
256 83 786994 1823096832
256 84 786862 1823096832
256 85 787114 1823096832
256 86 786881 1823096832
256 87 787131 1823096832
256 88 786917 1823096832
256 89 787094 1823096832
256 90 786974 1823096832
256 91 787011 1823096832
256 92 786882 1823096832
256 93 786979 1823096832
256 94 786876 1823096832
256 95 786821 1823096832
256 96 787013 1823096832
256 97 786844 1823096832
256 98 786744 1823096832
256 99 786894 1823096832
256 100 787073 1823096832
256 101 786971 1823096832
256 102 787093 1823096832
256 103 786841 1823096832
256 104 787030 1823096832
256 105 786863 1823096832
256 106 787120 1823096832
256 107 786838 1823096832
256 108 787044 1823096832
256 109 786806 1823096832
256 110 787024 1823096832
256 111 786801 1823096832
256 112 787001 1823096832
256 113 786818 1823096832
256 114 787019 1823096832
256 115 786863 1823096832
256 116 786900 1823096832
256 117 786897 1823096832
256 118 786877 1823096832
256 119 786859 1823096832
256 120 786841 1823096832
256 121 786823 1823096832
256 122 786861 1823096832
256 123 787122 1823096832
256 124 786936 1823096832
256 125 787038 1823096832
256 126 786803 1823096832
256 127 787013 1823096832
256 128 786824 1823096832
256 129 787024 1823096832
256 130 786840 1823096832
256 131 787090 1823096832
256 132 786800 1823096832
256 133 787071 1823096832
256 134 786861 1823096832
256 135 786962 1823096832
256 136 786902 1823096832
256 137 787040 1823096832
256 138 786878 1823096832
256 139 786840 1823096832
256 140 786916 1823096832
256 141 786825 1823096832
256 142 786841 1823096832
256 143 786973 1823096832
256 144 787098 1823096832
256 145 786825 1823096832
256 146 786963 1823096832
256 147 786861 1823096832
256 148 787112 1823096832
256 149 786880 1823096832
256 150 787078 1823096832
256 151 786787 1823096832
256 152 787047 1823096832
256 153 786824 1823096832
256 154 787083 1823096832
256 155 786859 1823096832
256 156 787016 1823096832
256 157 786859 1823096832
256 158 787041 1823096832
256 159 786861 1823096832
256 160 787054 1823096832
256 161 786914 1823096832
256 162 786864 1823096832
256 163 786954 1823096832
256 164 786770 1823096832
256 165 786897 1823096832
256 166 786864 1823096832
256 167 787122 1823096832
256 168 786898 1823096832
256 169 787037 1823096832
256 170 786823 1823096832
256 171 787106 1823096832
256 172 786935 1823096832
256 173 787062 1823096832
256 174 786802 1823096832
256 175 787135 1823096832
256 176 786938 1823096832
256 177 786967 1823096832
256 178 786840 1823096832
256 179 787054 1823096832
256 180 786825 1823096832
256 181 787116 1823096832
256 182 786763 1823096832
256 183 786859 1823096832
256 184 786839 1823096832
256 185 786898 1823096832
256 186 786824 1823096832
256 187 786973 1823096832
256 188 787117 1823096832
256 189 786801 1823096832
256 190 787052 1823096832
256 191 787032 1823096832
256 192 787075 1823096832
256 193 786878 1823096832
256 194 787097 1823096832
256 195 786879 1823096832
256 196 786978 1823096832
256 197 786863 1823096832
256 198 787114 1823096832
256 199 786801 1823096832
256 200 786946 1823096832
256 201 786882 1823096832
256 202 787060 1823096832
256 203 786786 1823096832
256 204 787076 1823096832
256 205 786920 1823096832
256 206 786843 1823096832
256 207 786840 1823096832
256 208 786860 1823096832
256 209 786958 1823096832
256 210 786896 1823096832
256 211 787005 1823096832
256 212 786877 1823096832
256 213 787029 1823096832
256 214 786806 1823096832
256 215 787115 1823096832
256 216 786809 1823096832
256 217 787067 1823096832
256 218 786970 1823096832
256 219 787020 1823096832
256 220 786807 1823096832
256 221 786985 1823096832
256 222 786935 1823096832
256 223 787076 1823096832
256 224 786880 1823096832
256 225 787029 1823096832
256 226 786918 1823096832
256 227 786877 1823096832
256 228 786783 1823096832
256 229 786880 1823096832
256 230 786916 1823096832
256 231 786860 1823096832
256 232 787043 1823096832
256 233 786860 1823096832
256 234 786922 1823096832
256 235 786919 1823096832
256 236 786983 1823096832
256 237 786879 1823096832
256 238 787082 1823096832
256 239 786938 1823096832
256 240 787012 1823096832
256 241 786917 1823096832
256 242 787018 1823096832
256 243 786879 1823096832
256 244 787059 1823096832
256 245 786826 1823096832
256 246 787013 1823096832
256 247 786976 1823096832
256 248 787211 1823096832
256 249 786843 1823096832
256 250 786839 1823096832
256 251 786879 1823096832
256 252 786823 1823096832
256 253 786919 1823096832
256 254 786879 1823096832
256 255 787039 1823096832
256 256 786841 1823096832
256 257 787088 1823096832
256 258 786786 1823096832
256 259 787001 1823096832
256 260 786921 1823096832
256 261 787068 1823096832
256 262 786862 1823096832
256 263 787044 1823096832
256 264 786767 1823096832
256 265 787066 1823096832
256 266 786895 1823096832
256 267 787007 1823096832
256 268 787014 1823096832
256 269 787024 1823096832
256 270 786953 1823096832
256 271 786879 1823096832
256 272 786988 1823096832
256 273 786861 1823096832
256 274 786941 1823096832
256 275 787047 1823096832
256 276 786861 1823096832
256 277 786876 1823096832
256 278 787005 1823096832
256 279 786787 1823096832
256 280 787007 1823096832
256 281 786859 1823096832
256 282 787052 1823096832
256 283 786862 1823096832
256 284 787043 1823096832
256 285 786884 1823096832
256 286 787060 1823096832
256 287 786937 1823096832
256 288 787132 1823096832
256 289 786822 1823096832
256 290 787120 1823096832
256 291 786820 1823096832
256 292 787126 1823096832
256 293 786744 1823096832
256 294 786823 1823096832
256 295 786782 1823096832
256 296 786843 1823096832
256 297 786863 1823096832
256 298 786897 1823096832
256 299 787025 1823096832
256 300 786896 1823096832
256 301 786971 1823096832
256 302 786898 1823096832
256 303 787002 1823096832
256 304 786843 1823096832
256 305 787037 1823096832
256 306 786843 1823096832
256 307 787009 1823096832
256 308 786917 1823096832
256 309 787117 1823096832
256 310 786842 1823096832
256 311 787168 1823096832
256 312 786881 1823096832
256 313 786995 1823096832
256 314 786803 1823096832
256 315 786920 1823096832
256 316 786954 1823096832
256 317 786898 1823096832
256 318 786842 1823096832
256 319 786896 1823096832
256 320 786861 1823096832
256 321 786861 1823096832
256 322 786995 1823096832
256 323 786863 1823096832
256 324 787071 1823096832
256 325 786935 1823096832
256 326 787056 1823096832
256 327 786845 1823096832
256 328 786984 1823096832
256 329 786916 1823096832
256 330 786945 1823096832
256 331 786847 1823096832
256 332 787061 1823096832
256 333 786881 1823096832
256 334 787027 1823096832
256 335 786862 1823096832
256 336 787024 1823096832
256 337 786884 1823096832
256 338 786939 1823096832
256 339 786896 1823096832
256 340 786806 1823096832
256 341 786952 1823096832
256 342 786916 1823096832
256 343 786987 1823096832
256 344 786821 1823096832
256 345 787073 1823096832
256 346 786805 1823096832
256 347 787157 1823096832
256 348 786790 1823096832
256 349 787101 1823096832
256 350 786899 1823096832
256 351 787002 1823096832
256 352 786823 1823096832
256 353 787033 1823096832
256 354 786919 1823096832
256 355 786972 1823096832
256 356 786863 1823096832
256 357 787083 1823096832
256 358 786896 1823096832
256 359 787018 1823096832
256 360 786806 1823096832
256 361 786823 1823096832
256 362 786865 1823096832
256 363 786822 1823096832
256 364 786752 1823096832
256 365 786918 1823096832
256 366 787098 1823096832
256 367 786805 1823096832
256 368 787099 1823096832
256 369 786877 1823096832
256 370 787038 1823096832
256 371 786897 1823096832
256 372 787097 1823096832
256 373 786921 1823096832
256 374 786962 1823096832
256 375 786881 1823096832
256 376 787099 1823096832
256 377 786863 1823096832
256 378 787066 1823096832
256 379 786808 1823096832
256 380 787093 1823096832
256 381 786840 1823096832
256 382 786878 1823096832
256 383 786938 1823096832
256 384 786764 1823096832
256 385 786859 1823096832
256 386 786917 1823096832
256 387 786827 1823096832
256 388 786803 1823096832
256 389 786998 1823096832
256 390 786825 1823096832
256 391 787019 1823096832
256 392 786879 1823096832
256 393 787080 1823096832
256 394 786861 1823096832
256 395 787073 1823096832
256 396 786799 1823096832
256 397 786966 1823096832
256 398 786804 1823096832
256 399 786984 1823096832
256 400 786823 1823096832
256 401 787092 1823096832
256 402 786861 1823096832
256 403 787043 1823096832
256 404 786920 1823096832
256 405 786822 1823096832
256 406 786898 1823096832
256 407 786896 1823096832
256 408 786916 1823096832
256 409 786747 1823096832
256 410 786986 1823096832
256 411 786878 1823096832
256 412 787059 1823096832
256 413 786894 1823096832
256 414 787040 1823096832
256 415 786955 1823096832
256 416 787109 1823096832
256 417 786933 1823096832
256 418 786993 1823096832
256 419 786845 1823096832
256 420 786996 1823096832
256 421 786858 1823096832
256 422 787027 1823096832
256 423 786883 1823096832
256 424 787004 1823096832
256 425 786804 1823096832
256 426 786986 1823096832
256 427 786916 1823096832
256 428 786992 1823096832
256 429 786787 1823096832
256 430 786861 1823096832
256 431 786973 1823096832
256 432 786826 1823096832
256 433 787020 1823096832
256 434 786916 1823096832
256 435 787015 1823096832
256 436 786937 1823096832
256 437 787041 1823096832
256 438 786859 1823096832
256 439 787094 1823096832
256 440 786842 1823096832
256 441 787072 1823096832
256 442 786936 1823096832
256 443 787086 1823096832
256 444 786857 1823096832
256 445 786996 1823096832
256 446 786937 1823096832
256 447 787062 1823096832
256 448 786845 1823096832
256 449 786879 1823096832
256 450 786821 1823096832
256 451 786975 1823096832
256 452 786862 1823096832
256 453 786865 1823096832
256 454 786991 1823096832
256 455 786840 1823096832
256 456 787022 1823096832
256 457 786936 1823096832
256 458 787086 1823096832
256 459 786897 1823096832
256 460 787116 1823096832
256 461 786804 1823096832
256 462 787046 1823096832
256 463 786917 1823096832
256 464 787085 1823096832
256 465 786934 1823096832
256 466 787032 1823096832
256 467 786936 1823096832
256 468 786971 1823096832
256 469 786934 1823096832
256 470 787014 1823096832
256 471 786805 1823096832
256 472 786902 1823096832
256 473 786764 1823096832
256 474 786840 1823096832
256 475 786904 1823096832
256 476 786901 1823096832
256 477 786963 1823096832
256 478 786898 1823096832
256 479 787004 1823096832
256 480 786880 1823096832
256 481 787052 1823096832
256 482 786902 1823096832
256 483 786964 1823096832
256 484 786807 1823096832
256 485 787156 1823096832
256 486 786954 1823096832
256 487 787008 1823096832
256 488 786934 1823096832
256 489 786994 1823096832
256 490 786841 1823096832
256 491 787087 1823096832
256 492 786916 1823096832
256 493 786898 1823096832
256 494 786955 1823096832
256 495 786904 1823096832
256 496 786914 1823096832
256 497 786842 1823096832
256 498 786885 1823096832
256 499 786864 1823096832
256 500 787079 1823096832
256 501 786821 1823096832
256 502 787095 1823096832
256 503 786876 1823096832
256 504 787003 1823096832
256 505 786804 1823096832
256 506 786994 1823096832
256 507 786857 1823096832
256 508 787054 1823096832
256 509 786765 1823096832
256 510 787021 1823096832
256 511 786879 1823096832
256 512 787034 1823096832
256 513 786903 1823096832
256 514 787101 1823096832
256 515 786937 1823096832
256 516 786916 1823096832
256 517 786843 1823096832
256 518 786885 1823096832
256 519 786935 1823096832
256 520 786825 1823096832
256 521 787043 1823096832
256 522 786878 1823096832
256 523 786999 1823096832
256 524 786882 1823096832
256 525 787009 1823096832
256 526 786953 1823096832
256 527 787064 1823096832
256 528 786881 1823096832
256 529 787120 1823096832
256 530 786843 1823096832
256 531 786975 1823096832
256 532 786785 1823096832
256 533 787078 1823096832
256 534 786859 1823096832
256 535 787082 1823096832
256 536 786844 1823096832
256 537 786880 1823096832
256 538 786826 1823096832
256 539 786790 1823096832
256 540 786822 1823096832
256 541 786879 1823096832
256 542 786882 1823096832
256 543 787046 1823096832
256 544 787042 1823096832
256 545 786919 1823096832
256 546 787131 1823096832
256 547 786859 1823096832
256 548 787086 1823096832
256 549 786884 1823096832
256 550 787027 1823096832
256 551 786880 1823096832
256 552 787024 1823096832
256 553 786787 1823096832
256 554 787061 1823096832
256 555 786762 1823096832
256 556 786965 1823096832
256 557 786939 1823096832
256 558 787027 1823096832
256 559 787054 1823096832
256 560 786857 1823096832
256 561 786878 1823096832
256 562 786803 1823096832
256 563 786938 1823096832
256 564 786956 1823096832
256 565 787106 1823096832
256 566 786728 1823096832
256 567 786947 1823096832
256 568 786875 1823096832
256 569 787053 1823096832
256 570 786788 1823096832
256 571 787011 1823096832
256 572 786785 1823096832
256 573 787117 1823096832
256 574 786880 1823096832
256 575 786998 1823096832
256 576 786879 1823096832
256 577 787082 1823096832
256 578 786918 1823096832
256 579 787137 1823096832
256 580 786864 1823096832
256 581 787049 1823096832
256 582 786878 1823096832
256 583 786976 1823096832
256 584 786881 1823096832
256 585 786804 1823096832
256 586 786876 1823096832
256 587 786843 1823096832
256 588 787079 1823096832
256 589 786788 1823096832
256 590 787110 1823096832
256 591 786805 1823096832
256 592 787044 1823096832
256 593 786937 1823096832
256 594 787001 1823096832
256 595 786824 1823096832
256 596 787073 1823096832
256 597 786880 1823096832
256 598 787021 1823096832
256 599 786841 1823096832
256 600 787077 1823096832
256 601 786840 1823096832
256 602 787138 1823096832
256 603 786916 1823096832
256 604 786898 1823096832
256 605 786846 1823096832
256 606 786806 1823096832
256 607 786914 1823096832
256 608 786839 1823096832
256 609 787068 1823096832
256 610 786877 1823096832
256 611 787012 1823096832
256 612 786823 1823096832
256 613 787036 1823096832
256 614 786856 1823096832
256 615 787083 1823096832
256 616 786860 1823096832
256 617 787083 1823096832
256 618 786859 1823096832
256 619 787043 1823096832
256 620 786904 1823096832
256 621 787042 1823096832
256 622 786880 1823096832
256 623 787023 1823096832
256 624 786877 1823096832
256 625 787021 1823096832
256 626 786896 1823096832
256 627 786844 1823096832
256 628 786876 1823096832
256 629 786939 1823096832
256 630 786958 1823096832
256 631 786878 1823096832
256 632 786933 1823096832
256 633 786957 1823096832
256 634 786997 1823096832
256 635 786894 1823096832
256 636 787165 1823096832
256 637 786882 1823096832
256 638 787096 1823096832
256 639 786879 1823096832
256 640 787025 1823096832
256 641 786822 1823096832
256 642 787005 1823096832
256 643 786880 1823096832
256 644 786986 1823096832
256 645 786878 1823096832
256 646 786971 1823096832
256 647 786896 1823096832
256 648 786879 1823096832
256 649 786839 1823096832
256 650 786879 1823096832
256 651 786839 1823096832
256 652 786807 1823096832
256 653 786820 1823096832
256 654 786898 1823096832
256 655 787097 1823096832
256 656 786917 1823096832
256 657 786965 1823096832
256 658 786802 1823096832
256 659 787058 1823096832
256 660 786783 1823096832
256 661 786963 1823096832
256 662 786862 1823096832
256 663 787029 1823096832
256 664 786883 1823096832
256 665 787031 1823096832
256 666 786790 1823096832
256 667 787037 1823096832
256 668 786900 1823096832
256 669 787104 1823096832
256 670 786844 1823096832
256 671 786883 1823096832
256 672 786879 1823096832
256 673 786864 1823096832
256 674 786824 1823096832
256 675 786953 1823096832
256 676 787041 1823096832
256 677 786821 1823096832
256 678 787137 1823096832
256 679 786784 1823096832
256 680 787087 1823096832
256 681 786916 1823096832
256 682 787182 1823096832
256 683 786864 1823096832
256 684 787026 1823096832
256 685 786841 1823096832
256 686 787066 1823096832
256 687 786823 1823096832
256 688 787094 1823096832
256 689 786804 1823096832
256 690 786986 1823096832
256 691 786879 1823096832
256 692 787038 1823096832
256 693 786821 1823096832
256 694 786822 1823096832
256 695 786840 1823096832
256 696 786918 1823096832
256 697 786823 1823096832
256 698 786822 1823096832
256 699 787066 1823096832
256 700 786901 1823096832
256 701 787075 1823096832
256 702 786860 1823096832
256 703 787020 1823096832
256 704 786904 1823096832
256 705 786989 1823096832
256 706 786976 1823096832
256 707 787061 1823096832
256 708 786912 1823096832
256 709 787104 1823096832
256 710 786995 1823096832
256 711 787034 1823096832
256 712 786847 1823096832
256 713 787060 1823096832
256 714 786841 1823096832
256 715 786939 1823096832
256 716 786838 1823096832
256 717 786880 1823096832
256 718 786822 1823096832
256 719 786841 1823096832
256 720 787101 1823096832
256 721 786823 1823096832
256 722 787095 1823096832
256 723 786860 1823096832
256 724 786891 1823096832
256 725 786896 1823096832
256 726 787107 1823096832
256 727 786878 1823096832
256 728 787119 1823096832
256 729 786845 1823096832
256 730 786978 1823096832
256 731 786744 1823096832
256 732 787056 1823096832
256 733 786823 1823096832
256 734 786987 1823096832
256 735 786859 1823096832
256 736 787019 1823096832
256 737 786824 1823096832
256 738 786784 1823096832
256 739 786882 1823096832
256 740 786785 1823096832
256 741 786861 1823096832
256 742 786876 1823096832
256 743 787051 1823096832
256 744 786767 1823096832
256 745 787121 1823096832
256 746 786897 1823096832
256 747 787053 1823096832
256 748 786877 1823096832
256 749 787038 1823096832
256 750 786846 1823096832
256 751 787087 1823096832
256 752 786824 1823096832
256 753 787125 1823096832
256 754 786941 1823096832
256 755 787022 1823096832
256 756 786894 1823096832
256 757 787118 1823096832
256 758 786860 1823096832
256 759 786822 1823096832
256 760 786920 1823096832
256 761 786864 1823096832
256 762 786899 1823096832
256 763 786840 1823096832
256 764 786840 1823096832
256 765 786820 1823096832
256 766 787089 1823096832
256 767 786858 1823096832
256 768 787076 1823096832
256 769 786876 1823096832
256 770 787088 1823096832
256 771 786844 1823096832
256 772 787007 1823096832
256 773 786917 1823096832
256 774 786988 1823096832
256 775 786807 1823096832
256 776 787010 1823096832
256 777 786863 1823096832
256 778 787053 1823096832
256 779 786864 1823096832
256 780 787107 1823096832
256 781 786975 1823096832
256 782 786937 1823096832
256 783 786822 1823096832
256 784 786859 1823096832
256 785 786880 1823096832
256 786 786879 1823096832
256 787 787025 1823096832
256 788 786824 1823096832
256 789 787116 1823096832
256 790 787012 1823096832
256 791 786991 1823096832
256 792 786789 1823096832
256 793 787128 1823096832
256 794 786842 1823096832
256 795 787050 1823096832
256 796 786919 1823096832
256 797 787022 1823096832
256 798 786806 1823096832
256 799 787024 1823096832
256 800 786863 1823096832
256 801 787062 1823096832
256 802 786941 1823096832
256 803 787021 1823096832
256 804 786895 1823096832
256 805 786901 1823096832
256 806 786972 1823096832
256 807 786882 1823096832
256 808 786881 1823096832
256 809 786783 1823096832
256 810 787034 1823096832
256 811 786898 1823096832
256 812 787095 1823096832
256 813 786881 1823096832
256 814 787047 1823096832
256 815 786841 1823096832
256 816 786991 1823096832
256 817 786938 1823096832
256 818 787087 1823096832
256 819 786800 1823096832
256 820 787045 1823096832
256 821 786823 1823096832
256 822 786989 1823096832
256 823 786898 1823096832
256 824 787078 1823096832
256 825 786900 1823096832
256 826 786804 1823096832
256 827 786915 1823096832
256 828 786857 1823096832
256 829 786879 1823096832
256 830 786784 1823096832
256 831 787042 1823096832
256 832 786897 1823096832
256 833 787142 1823096832
256 834 786879 1823096832
256 835 787047 1823096832
256 836 786844 1823096832
256 837 787156 1823096832
256 838 786842 1823096832
256 839 787030 1823096832
256 840 786937 1823096832
256 841 786967 1823096832
256 842 786972 1823096832
256 843 787051 1823096832
256 844 786957 1823096832
256 845 787080 1823096832
256 846 786880 1823096832
256 847 787051 1823096832
256 848 786745 1823096832
256 849 786876 1823096832
256 850 786875 1823096832
256 851 786800 1823096832
256 852 786933 1823096832
256 853 786898 1823096832
256 854 786989 1823096832
256 855 786842 1823096832
256 856 787060 1823096832
256 857 786805 1823096832
256 858 787041 1823096832
256 859 786876 1823096832
256 860 786989 1823096832
256 861 786824 1823096832
256 862 787052 1823096832
256 863 786825 1823096832
256 864 787043 1823096832
256 865 786877 1823096832
256 866 787038 1823096832
256 867 786822 1823096832
256 868 787080 1823096832
256 869 786875 1823096832
256 870 786845 1823096832
256 871 786917 1823096832
256 872 786972 1823096832
256 873 786861 1823096832
256 874 786844 1823096832
256 875 787117 1823096832
256 876 786845 1823096832
256 877 787075 1823096832
256 878 786901 1823096832
256 879 787092 1823096832
256 880 786876 1823096832
256 881 786986 1823096832
256 882 786826 1823096832
256 883 787021 1823096832
256 884 786942 1823096832
256 885 787013 1823096832
256 886 787092 1823096832
256 887 786982 1823096832
256 888 786915 1823096832
256 889 787004 1823096832
256 890 786899 1823096832
256 891 787023 1823096832
256 892 786996 1823096832
256 893 786934 1823096832
256 894 786801 1823096832
256 895 786897 1823096832
256 896 786802 1823096832
256 897 787052 1823096832
256 898 787062 1823096832
256 899 786802 1823096832
256 900 787054 1823096832
256 901 786804 1823096832
256 902 787029 1823096832
256 903 786974 1823096832
256 904 787054 1823096832
256 905 786763 1823096832
256 906 787079 1823096832
256 907 786862 1823096832
256 908 787026 1823096832
256 909 786901 1823096832
256 910 787021 1823096832
256 911 786975 1823096832
256 912 786986 1823096832
256 913 786747 1823096832
256 914 786936 1823096832
256 915 786837 1823096832
256 916 786842 1823096832
256 917 786841 1823096832
256 918 786882 1823096832
256 919 786781 1823096832
256 920 786975 1823096832
256 921 787007 1823096832
256 922 786936 1823096832
256 923 787051 1823096832
256 924 786806 1823096832
256 925 787023 1823096832
256 926 786915 1823096832
256 927 787007 1823096832
256 928 786800 1823096832
256 929 787039 1823096832
256 930 786748 1823096832
256 931 787075 1823096832
256 932 786841 1823096832
256 933 787070 1823096832
256 934 786915 1823096832
256 935 787007 1823096832
256 936 786810 1823096832
256 937 786865 1823096832
256 938 786748 1823096832
256 939 786972 1823096832
256 940 786783 1823096832
256 941 786858 1823096832
256 942 786987 1823096832
256 943 786881 1823096832
256 944 787115 1823096832
256 945 786863 1823096832
256 946 787098 1823096832
256 947 786786 1823096832
256 948 786981 1823096832
256 949 786894 1823096832
256 950 787022 1823096832
256 951 786863 1823096832
256 952 787038 1823096832
256 953 786846 1823096832
256 954 787042 1823096832
256 955 786804 1823096832
256 956 787136 1823096832
256 957 786939 1823096832
256 958 787060 1823096832
256 959 786762 1823096832
256 960 786952 1823096832
256 961 786896 1823096832
256 962 786934 1823096832
256 963 786861 1823096832
256 964 786876 1823096832
256 965 787056 1823096832
256 966 786919 1823096832
256 967 787070 1823096832
256 968 786903 1823096832
256 969 787040 1823096832
256 970 786858 1823096832
256 971 787106 1823096832
256 972 786918 1823096832
256 973 787025 1823096832
256 974 786841 1823096832
256 975 787053 1823096832
256 976 786764 1823096832
256 977 787038 1823096832
256 978 786879 1823096832
256 979 787144 1823096832
256 980 786912 1823096832
256 981 786859 1823096832
256 982 786940 1823096832
256 983 786880 1823096832
256 984 786799 1823096832
256 985 786803 1823096832
256 986 787065 1823096832
256 987 786856 1823096832
256 988 787026 1823096832
256 989 786915 1823096832
256 990 786992 1823096832
256 991 786822 1823096832
256 992 787024 1823096832
256 993 786824 1823096832
256 994 787025 1823096832
256 995 786919 1823096832
256 996 787140 1823096832
256 997 786838 1823096832
256 998 786966 1823096832
256 999 786822 1823096832
