64 0 51176 7513088
64 1 49287 7513088
64 2 49340 7513088
64 3 49372 7513088
64 4 49372 7513088
64 5 49369 7513088
64 6 49316 7513088
64 7 49338 7513088
64 8 49314 7513088
64 9 49315 7513088
64 10 49398 7513088
64 11 49343 7513088
64 12 49285 7513088
64 13 49345 7513088
64 14 49343 7513088
64 15 49316 7513088
64 16 49371 7513088
64 17 49313 7513088
64 18 49317 7513088
64 19 49314 7513088
64 20 49368 7513088
64 21 49342 7513088
64 22 49313 7513088
64 23 49396 7513088
64 24 49371 7513088
64 25 49316 7513088
64 26 49338 7513088
64 27 49314 7513088
64 28 49316 7513088
64 29 49343 7513088
64 30 49288 7513088
64 31 49313 7513088
64 32 49335 7513088
64 33 49371 7513088
64 34 49314 7513088
64 35 49312 7513088
64 36 49398 7513088
64 37 49288 7513088
64 38 49287 7513088
64 39 49397 7513088
64 40 49316 7513088
64 41 49286 7513088
64 42 49340 7513088
64 43 49287 7513088
64 44 49340 7513088
64 45 49396 7513088
64 46 49371 7513088
64 47 49345 7513088
64 48 49341 7513088
64 49 49344 7513088
64 50 49287 7513088
64 51 49339 7513088
64 52 49337 7513088
64 53 49316 7513088
64 54 49315 7513088
64 55 49313 7513088
64 56 49334 7513088
64 57 49311 7513088
64 58 49314 7513088
64 59 49340 7513088
64 60 49288 7513088
64 61 49345 7513088
64 62 49317 7513088
64 63 49288 7513088
64 64 49287 7513088
64 65 49340 7513088
64 66 49314 7513088
64 67 49288 7513088
64 68 49286 7513088
64 69 49289 7513088
64 70 49340 7513088
64 71 49370 7513088
64 72 49340 7513088
64 73 49288 7513088
64 74 49342 7513088
64 75 49286 7513088
64 76 49315 7513088
64 77 49314 7513088
64 78 49315 7513088
64 79 49315 7513088
64 80 49288 7513088
64 81 49341 7513088
64 82 49316 7513088
64 83 49344 7513088
64 84 49313 7513088
64 85 49288 7513088
64 86 49339 7513088
64 87 49341 7513088
64 88 49316 7513088
64 89 49316 7513088
64 90 49339 7513088
64 91 49286 7513088
64 92 49341 7513088
64 93 49344 7513088
64 94 49288 7513088
64 95 49287 7513088
64 96 49288 7513088
64 97 49360 7513088
64 98 49313 7513088
64 99 49370 7513088
64 100 49286 7513088
64 101 49287 7513088
64 102 49489 7513088
64 103 49288 7513088
64 104 49340 7513088
64 105 49370 7513088
64 106 49314 7513088
64 107 49340 7513088
64 108 49315 7513088
64 109 49339 7513088
64 110 49340 7513088
64 111 49285 7513088
64 112 49346 7513088
64 113 49314 7513088
64 114 49344 7513088
64 115 49313 7513088
64 116 49316 7513088
64 117 49338 7513088
64 118 49315 7513088
64 119 49427 7513088
64 120 49313 7513088
64 121 49315 7513088
64 122 49287 7513088
64 123 49315 7513088
64 124 49369 7513088
64 125 49314 7513088
64 126 49340 7513088
64 127 49314 7513088
64 128 49370 7513088
64 129 49451 7513088
64 130 49341 7513088
64 131 49315 7513088
64 132 49424 7513088
64 133 49286 7513088
64 134 49346 7513088
64 135 49287 7513088
64 136 49314 7513088
64 137 49314 7513088
64 138 49287 7513088
64 139 49347 7513088
64 140 49400 7513088
64 141 49330 7513088
64 142 49344 7513088
64 143 49313 7513088
64 144 49370 7513088
64 145 49315 7513088
64 146 49366 7513088
64 147 49338 7513088
64 148 49340 7513088
64 149 49316 7513088
64 150 49314 7513088
64 151 49315 7513088
64 152 49288 7513088
64 153 49338 7513088
64 154 49344 7513088
64 155 49287 7513088
64 156 49360 7513088
64 157 49345 7513088
64 158 49315 7513088
64 159 49314 7513088
64 160 49288 7513088
64 161 49312 7513088
64 162 49331 7513088
64 163 49290 7513088
64 164 49366 7513088
64 165 49287 7513088
64 166 49376 7513088
64 167 49341 7513088
64 168 49346 7513088
64 169 49316 7513088
64 170 49315 7513088
64 171 49347 7513088
64 172 49346 7513088
64 173 49289 7513088
64 174 49318 7513088
64 175 49342 7513088
64 176 49288 7513088
64 177 49342 7513088
64 178 49313 7513088
64 179 49370 7513088
64 180 49339 7513088
64 181 49478 7513088
64 182 49316 7513088
64 183 49314 7513088
64 184 49368 7513088
64 185 49367 7513088
64 186 49316 7513088
64 187 49316 7513088
64 188 49346 7513088
64 189 49316 7513088
64 190 49343 7513088
64 191 49340 7513088
64 192 49315 7513088
64 193 49337 7513088
64 194 49396 7513088
64 195 49316 7513088
64 196 49368 7513088
64 197 49286 7513088
64 198 49371 7513088
64 199 49397 7513088
64 200 49287 7513088
64 201 49313 7513088
64 202 49341 7513088
64 203 49376 7513088
64 204 49316 7513088
64 205 49313 7513088
64 206 49314 7513088
64 207 49341 7513088
64 208 49287 7513088
64 209 49365 7513088
64 210 49396 7513088
64 211 49315 7513088
64 212 49345 7513088
64 213 49287 7513088
64 214 49289 7513088
64 215 49315 7513088
64 216 49343 7513088
64 217 49286 7513088
64 218 49343 7513088
64 219 49317 7513088
64 220 49315 7513088
64 221 49403 7513088
64 222 49318 7513088
64 223 49361 7513088
64 224 49318 7513088
64 225 49370 7513088
64 226 49342 7513088
64 227 49340 7513088
64 228 49288 7513088
64 229 49342 7513088
64 230 49315 7513088
64 231 49343 7513088
64 232 49286 7513088
64 233 49317 7513088
64 234 49315 7513088
64 235 49287 7513088
64 236 49371 7513088
64 237 49339 7513088
64 238 49314 7513088
64 239 49371 7513088
64 240 49316 7513088
64 241 49312 7513088
64 242 49315 7513088
64 243 49318 7513088
64 244 49342 7513088
64 245 49314 7513088
64 246 49370 7513088
64 247 49312 7513088
64 248 49363 7513088
64 249 49286 7513088
64 250 49338 7513088
64 251 49313 7513088
64 252 49287 7513088
64 253 49318 7513088
64 254 49315 7513088
64 255 49346 7513088
64 256 49343 7513088
64 257 49287 7513088
64 258 49315 7513088
64 259 49371 7513088
64 260 49336 7513088
64 261 49367 7513088
64 262 49316 7513088
64 263 49339 7513088
64 264 49373 7513088
64 265 49394 7513088
64 266 49314 7513088
64 267 49338 7513088
64 268 49316 7513088
64 269 49342 7513088
64 270 49340 7513088
64 271 49369 7513088
64 272 49313 7513088
64 273 49370 7513088
64 274 49287 7513088
64 275 49340 7513088
64 276 49315 7513088
64 277 49314 7513088
64 278 49339 7513088
64 279 49371 7513088
64 280 49543 7513088
64 281 49316 7513088
64 282 49341 7513088
64 283 49342 7513088
64 284 49286 7513088
64 285 49310 7513088
64 286 49423 7513088
64 287 49312 7513088
64 288 49286 7513088
64 289 49314 7513088
64 290 49289 7513088
64 291 49339 7513088
64 292 49371 7513088
64 293 49315 7513088
64 294 49340 7513088
64 295 49288 7513088
64 296 49285 7513088
64 297 49314 7513088
64 298 49288 7513088
64 299 49314 7513088
64 300 49342 7513088
64 301 49316 7513088
64 302 49371 7513088
64 303 49316 7513088
64 304 49316 7513088
64 305 49314 7513088
64 306 49288 7513088
64 307 49364 7513088
64 308 49343 7513088
64 309 49287 7513088
64 310 49311 7513088
64 311 49574 7513088
64 312 49315 7513088
64 313 49371 7513088
64 314 49314 7513088
64 315 49364 7513088
64 316 49371 7513088
64 317 49288 7513088
64 318 49317 7513088
64 319 49342 7513088
64 320 49341 7513088
64 321 49316 7513088
64 322 49391 7513088
64 323 49288 7513088
64 324 49342 7513088
64 325 49286 7513088
64 326 49318 7513088
64 327 49341 7513088
64 328 49344 7513088
64 329 49340 7513088
64 330 49289 7513088
64 331 49288 7513088
64 332 49369 7513088
64 333 49314 7513088
64 334 49314 7513088
64 335 49316 7513088
64 336 49316 7513088
64 337 49399 7513088
64 338 49288 7513088
64 339 49314 7513088
64 340 49369 7513088
64 341 49368 7513088
64 342 49289 7513088
64 343 49316 7513088
64 344 49286 7513088
64 345 49338 7513088
64 346 49288 7513088
64 347 49320 7513088
64 348 49314 7513088
64 349 49312 7513088
64 350 49346 7513088
64 351 49342 7513088
64 352 49287 7513088
64 353 49397 7513088
64 354 49312 7513088
64 355 49290 7513088
64 356 49315 7513088
64 357 49375 7513088
64 358 49311 7513088
64 359 49373 7513088
64 360 49343 7513088
64 361 49287 7513088
64 362 49457 7513088
64 363 49341 7513088
64 364 49343 7513088
64 365 49342 7513088
64 366 49288 7513088
64 367 49316 7513088
64 368 49340 7513088
64 369 49334 7513088
64 370 49340 7513088
64 371 49363 7513088
64 372 49368 7513088
64 373 49313 7513088
64 374 49416 7513088
64 375 49313 7513088
64 376 49342 7513088
64 377 49341 7513088
64 378 49369 7513088
64 379 49287 7513088
64 380 49342 7513088
64 381 49345 7513088
64 382 49316 7513088
64 383 49315 7513088
64 384 49286 7513088
64 385 49316 7513088
64 386 49313 7513088
64 387 49288 7513088
64 388 49317 7513088
64 389 49365 7513088
64 390 49316 7513088
64 391 49367 7513088
64 392 49289 7513088
64 393 49313 7513088
64 394 49316 7513088
64 395 49315 7513088
64 396 49340 7513088
64 397 49342 7513088
64 398 49313 7513088
64 399 49396 7513088
64 400 49345 7513088
64 401 49338 7513088
64 402 49376 7513088
64 403 49342 7513088
64 404 49316 7513088
64 405 49480 7513088
64 406 49345 7513088
64 407 49317 7513088
64 408 49341 7513088
64 409 49371 7513088
64 410 49335 7513088
64 411 49372 7513088
64 412 49341 7513088
64 413 49341 7513088
64 414 49316 7513088
64 415 49370 7513088
64 416 49373 7513088
64 417 49399 7513088
64 418 49314 7513088
64 419 49286 7513088
64 420 49286 7513088
64 421 49345 7513088
64 422 49316 7513088
64 423 49316 7513088
64 424 49371 7513088
64 425 49344 7513088
64 426 49315 7513088
64 427 49425 7513088
64 428 49313 7513088
64 429 49287 7513088
64 430 49374 7513088
64 431 49313 7513088
64 432 49337 7513088
64 433 49285 7513088
64 434 49313 7513088
64 435 49364 7513088
64 436 49488 7513088
64 437 49369 7513088
64 438 49343 7513088
64 439 49343 7513088
64 440 49312 7513088
64 441 49313 7513088
64 442 49313 7513088
64 443 49339 7513088
64 444 49287 7513088
64 445 49312 7513088
64 446 49346 7513088
64 447 49370 7513088
64 448 49368 7513088
64 449 49373 7513088
64 450 49317 7513088
64 451 49374 7513088
64 452 49373 7513088
64 453 49343 7513088
64 454 49315 7513088
64 455 49344 7513088
64 456 49286 7513088
64 457 49341 7513088
64 458 49287 7513088
64 459 49345 7513088
64 460 49341 7513088
64 461 49316 7513088
64 462 49313 7513088
64 463 49343 7513088
64 464 49315 7513088
64 465 49314 7513088
64 466 49345 7513088
64 467 49341 7513088
64 468 49314 7513088
64 469 49317 7513088
64 470 49429 7513088
64 471 49312 7513088
64 472 49338 7513088
64 473 49316 7513088
64 474 49318 7513088
64 475 49373 7513088
64 476 49315 7513088
64 477 49314 7513088
64 478 49311 7513088
64 479 49398 7513088
64 480 49341 7513088
64 481 49372 7513088
64 482 49289 7513088
64 483 49313 7513088
64 484 49314 7513088
64 485 49315 7513088
64 486 49339 7513088
64 487 49343 7513088
64 488 49374 7513088
64 489 49400 7513088
64 490 49286 7513088
64 491 49344 7513088
64 492 49315 7513088
64 493 49308 7513088
64 494 49423 7513088
64 495 49374 7513088
64 496 49336 7513088
64 497 49342 7513088
64 498 49343 7513088
64 499 49455 7513088
64 500 49343 7513088
64 501 49368 7513088
64 502 49315 7513088
64 503 49318 7513088
64 504 49343 7513088
64 505 49371 7513088
64 506 49313 7513088
64 507 49288 7513088
64 508 49375 7513088
64 509 49342 7513088
64 510 49317 7513088
64 511 49360 7513088
64 512 49314 7513088
64 513 49313 7513088
64 514 49312 7513088
64 515 49341 7513088
64 516 49346 7513088
64 517 49287 7513088
64 518 49370 7513088
64 519 49366 7513088
64 520 49370 7513088
64 521 49342 7513088
64 522 49313 7513088
64 523 49315 7513088
64 524 49373 7513088
64 525 49288 7513088
64 526 49287 7513088
64 527 49342 7513088
64 528 49343 7513088
64 529 49341 7513088
64 530 49462 7513088
64 531 49286 7513088
64 532 49338 7513088
64 533 49289 7513088
64 534 49374 7513088
64 535 49313 7513088
64 536 49343 7513088
64 537 49315 7513088
64 538 49316 7513088
64 539 49343 7513088
64 540 49339 7513088
64 541 49318 7513088
64 542 49288 7513088
64 543 49343 7513088
64 544 49371 7513088
64 545 49398 7513088
64 546 49345 7513088
64 547 49313 7513088
64 548 49317 7513088
64 549 49343 7513088
64 550 49289 7513088
64 551 49342 7513088
64 552 49316 7513088
64 553 49315 7513088
64 554 49316 7513088
64 555 49317 7513088
64 556 49367 7513088
64 557 49309 7513088
64 558 49311 7513088
64 559 49343 7513088
64 560 49286 7513088
64 561 49374 7513088
64 562 49372 7513088
64 563 49286 7513088
64 564 49316 7513088
64 565 49343 7513088
64 566 49288 7513088
64 567 49425 7513088
64 568 49342 7513088
64 569 49288 7513088
64 570 49317 7513088
64 571 49371 7513088
64 572 49316 7513088
64 573 49373 7513088
64 574 49288 7513088
64 575 49392 7513088
64 576 49365 7513088
64 577 49343 7513088
64 578 49313 7513088
64 579 49316 7513088
64 580 49314 7513088
64 581 49314 7513088
64 582 49288 7513088
64 583 49342 7513088
64 584 49345 7513088
64 585 49286 7513088
64 586 49315 7513088
64 587 49318 7513088
64 588 49427 7513088
64 589 49316 7513088
64 590 49317 7513088
64 591 49286 7513088
64 592 49316 7513088
64 593 49370 7513088
64 594 49287 7513088
64 595 49316 7513088
64 596 49343 7513088
64 597 49315 7513088
64 598 49345 7513088
64 599 49399 7513088
64 600 49314 7513088
64 601 49371 7513088
64 602 49344 7513088
64 603 49313 7513088
64 604 49343 7513088
64 605 49345 7513088
64 606 49314 7513088
64 607 49371 7513088
64 608 49316 7513088
64 609 49315 7513088
64 610 49343 7513088
64 611 49346 7513088
64 612 49315 7513088
64 613 49341 7513088
64 614 49372 7513088
64 615 49314 7513088
64 616 49314 7513088
64 617 49314 7513088
64 618 49288 7513088
64 619 49423 7513088
64 620 49317 7513088
64 621 49287 7513088
64 622 49373 7513088
64 623 49314 7513088
64 624 49316 7513088
64 625 49369 7513088
64 626 49317 7513088
64 627 49343 7513088
64 628 49289 7513088
64 629 49316 7513088
64 630 49340 7513088
64 631 49315 7513088
64 632 49287 7513088
64 633 49312 7513088
64 634 49343 7513088
64 635 49394 7513088
64 636 49316 7513088
64 637 49341 7513088
64 638 49315 7513088
64 639 49342 7513088
64 640 49339 7513088
64 641 49371 7513088
64 642 49315 7513088
64 643 49315 7513088
64 644 49342 7513088
64 645 49316 7513088
64 646 49314 7513088
64 647 49290 7513088
64 648 49338 7513088
64 649 49317 7513088
64 650 49341 7513088
64 651 49365 7513088
64 652 49336 7513088
64 653 49345 7513088
64 654 49317 7513088
64 655 49340 7513088
64 656 49345 7513088
64 657 49340 7513088
64 658 49287 7513088
64 659 49315 7513088
64 660 49314 7513088
64 661 49343 7513088
64 662 49372 7513088
64 663 49314 7513088
64 664 49314 7513088
64 665 49369 7513088
64 666 49422 7513088
64 667 49287 7513088
64 668 49344 7513088
64 669 49288 7513088
64 670 49314 7513088
64 671 49316 7513088
64 672 49289 7513088
64 673 49338 7513088
64 674 49343 7513088
64 675 49317 7513088
64 676 49371 7513088
64 677 49373 7513088
64 678 49344 7513088
64 679 49316 7513088
64 680 49316 7513088
64 681 49341 7513088
64 682 49287 7513088
64 683 49313 7513088
64 684 49339 7513088
64 685 49315 7513088
64 686 49286 7513088
64 687 49397 7513088
64 688 49315 7513088
64 689 49343 7513088
64 690 49345 7513088
64 691 49315 7513088
64 692 49422 7513088
64 693 49316 7513088
64 694 49315 7513088
64 695 49316 7513088
64 696 49316 7513088
64 697 49342 7513088
64 698 49288 7513088
64 699 49288 7513088
64 700 49340 7513088
64 701 49342 7513088
64 702 49341 7513088
64 703 49398 7513088
64 704 49341 7513088
64 705 49428 7513088
64 706 49344 7513088
64 707 49312 7513088
64 708 49341 7513088
64 709 49289 7513088
64 710 49368 7513088
64 711 49398 7513088
64 712 49316 7513088
64 713 49313 7513088
64 714 49364 7513088
64 715 49342 7513088
64 716 49316 7513088
64 717 49286 7513088
64 718 49315 7513088
64 719 49363 7513088
64 720 49288 7513088
64 721 49343 7513088
64 722 49315 7513088
64 723 49288 7513088
64 724 49370 7513088
64 725 49316 7513088
64 726 49287 7513088
64 727 49313 7513088
64 728 49286 7513088
64 729 49314 7513088
64 730 49340 7513088
64 731 49343 7513088
64 732 49343 7513088
64 733 49342 7513088
64 734 49315 7513088
64 735 49368 7513088
64 736 49403 7513088
64 737 49315 7513088
64 738 49314 7513088
64 739 49313 7513088
64 740 49314 7513088
64 741 49366 7513088
64 742 49314 7513088
64 743 49314 7513088
64 744 49313 7513088
64 745 49317 7513088
64 746 49315 7513088
64 747 49340 7513088
64 748 49285 7513088
64 749 49341 7513088
64 750 49359 7513088
64 751 49401 7513088
64 752 49313 7513088
64 753 49288 7513088
64 754 49345 7513088
64 755 49314 7513088
64 756 49314 7513088
64 757 49317 7513088
64 758 49340 7513088
64 759 49340 7513088
64 760 49373 7513088
64 761 49342 7513088
64 762 49343 7513088
64 763 49316 7513088
64 764 49367 7513088
64 765 49371 7513088
64 766 49287 7513088
64 767 49312 7513088
64 768 49315 7513088
64 769 49314 7513088
64 770 49398 7513088
64 771 49315 7513088
64 772 49343 7513088
64 773 49371 7513088
64 774 49344 7513088
64 775 49366 7513088
64 776 49372 7513088
64 777 49286 7513088
64 778 49341 7513088
64 779 49316 7513088
64 780 49340 7513088
64 781 49314 7513088
64 782 49372 7513088
64 783 49286 7513088
64 784 49340 7513088
64 785 49343 7513088
64 786 49344 7513088
64 787 49336 7513088
64 788 49316 7513088
64 789 49391 7513088
64 790 49341 7513088
64 791 49344 7513088
64 792 49315 7513088
64 793 49338 7513088
64 794 49317 7513088
64 795 49342 7513088
64 796 49341 7513088
64 797 49369 7513088
64 798 49316 7513088
64 799 49345 7513088
64 800 49342 7513088
64 801 49286 7513088
64 802 49289 7513088
64 803 49312 7513088
64 804 49314 7513088
64 805 49317 7513088
64 806 49315 7513088
64 807 49315 7513088
64 808 49312 7513088
64 809 49314 7513088
64 810 49317 7513088
64 811 49396 7513088
64 812 49364 7513088
64 813 49316 7513088
64 814 49314 7513088
64 815 49316 7513088
64 816 49344 7513088
64 817 49397 7513088
64 818 49289 7513088
64 819 49344 7513088
64 820 49314 7513088
64 821 49317 7513088
64 822 49317 7513088
64 823 49315 7513088
64 824 49365 7513088
64 825 49368 7513088
64 826 49315 7513088
64 827 49316 7513088
64 828 49370 7513088
64 829 49339 7513088
64 830 49317 7513088
64 831 49348 7513088
64 832 49340 7513088
64 833 49391 7513088
64 834 49343 7513088
64 835 49341 7513088
64 836 49315 7513088
64 837 49372 7513088
64 838 49316 7513088
64 839 49315 7513088
64 840 49314 7513088
64 841 49315 7513088
64 842 49288 7513088
64 843 49288 7513088
64 844 49285 7513088
64 845 49313 7513088
64 846 49362 7513088
64 847 49344 7513088
64 848 49315 7513088
64 849 49430 7513088
64 850 49287 7513088
64 851 49315 7513088
64 852 49340 7513088
64 853 49289 7513088
64 854 49398 7513088
64 855 49368 7513088
64 856 49343 7513088
64 857 49370 7513088
64 858 49287 7513088
64 859 49316 7513088
64 860 49341 7513088
64 861 49289 7513088
64 862 49315 7513088
64 863 49341 7513088
64 864 49287 7513088
64 865 49315 7513088
64 866 49316 7513088
64 867 49343 7513088
64 868 49427 7513088
64 869 49402 7513088
64 870 49316 7513088
64 871 49370 7513088
64 872 49345 7513088
64 873 49315 7513088
64 874 49344 7513088
64 875 49287 7513088
64 876 49315 7513088
64 877 49315 7513088
64 878 49344 7513088
64 879 49341 7513088
64 880 49370 7513088
64 881 49344 7513088
64 882 49287 7513088
64 883 49369 7513088
64 884 49313 7513088
64 885 49344 7513088
64 886 49343 7513088
64 887 49344 7513088
64 888 49341 7513088
64 889 49340 7513088
64 890 49287 7513088
64 891 49288 7513088
64 892 49287 7513088
64 893 49343 7513088
64 894 49418 7513088
64 895 49367 7513088
64 896 49285 7513088
64 897 49314 7513088
64 898 49372 7513088
64 899 49288 7513088
64 900 49401 7513088
64 901 49340 7513088
64 902 49341 7513088
64 903 49314 7513088
64 904 49316 7513088
64 905 49288 7513088
64 906 49458 7513088
64 907 49288 7513088
64 908 49371 7513088
64 909 49317 7513088
64 910 49285 7513088
64 911 49345 7513088
64 912 49369 7513088
64 913 49316 7513088
64 914 49341 7513088
64 915 49316 7513088
64 916 49337 7513088
64 917 49343 7513088
64 918 49287 7513088
64 919 49314 7513088
64 920 49371 7513088
64 921 49398 7513088
64 922 49342 7513088
64 923 49316 7513088
64 924 49315 7513088
64 925 49343 7513088
64 926 49336 7513088
64 927 49395 7513088
64 928 49343 7513088
64 929 49288 7513088
64 930 49315 7513088
64 931 49287 7513088
64 932 49344 7513088
64 933 49344 7513088
64 934 49368 7513088
64 935 49314 7513088
64 936 49343 7513088
64 937 49314 7513088
64 938 49287 7513088
64 939 49316 7513088
64 940 49314 7513088
64 941 49315 7513088
64 942 49374 7513088
64 943 49376 7513088
64 944 49313 7513088
64 945 49314 7513088
64 946 49287 7513088
64 947 49337 7513088
64 948 49342 7513088
64 949 49315 7513088
64 950 49345 7513088
64 951 49317 7513088
64 952 49316 7513088
64 953 49367 7513088
64 954 49343 7513088
64 955 49370 7513088
64 956 49316 7513088
64 957 49318 7513088
64 958 49340 7513088
64 959 49315 7513088
64 960 49431 7513088
64 961 49342 7513088
64 962 49314 7513088
64 963 49404 7513088
64 964 49393 7513088
64 965 49313 7513088
64 966 49390 7513088
64 967 49313 7513088
64 968 49314 7513088
64 969 49399 7513088
64 970 49342 7513088
64 971 49341 7513088
64 972 49428 7513088
64 973 49286 7513088
64 974 49395 7513088
64 975 49289 7513088
64 976 49288 7513088
64 977 49338 7513088
64 978 49341 7513088
64 979 49313 7513088
64 980 49288 7513088
64 981 49314 7513088
64 982 49402 7513088
64 983 49368 7513088
64 984 49288 7513088
64 985 49342 7513088
64 986 49288 7513088
64 987 49315 7513088
64 988 49315 7513088
64 989 49287 7513088
64 990 49311 7513088
64 991 49315 7513088
64 992 49341 7513088
64 993 49314 7513088
64 994 49313 7513088
64 995 49344 7513088
64 996 49314 7513088
64 997 49318 7513088
64 998 49344 7513088
64 999 49341 7513088
