64 0 51751 7513088
64 1 49288 7513088
64 2 49288 7513088
64 3 49288 7513088
64 4 49288 7513088
64 5 49287 7513088
64 6 49288 7513088
64 7 49288 7513088
64 8 49288 7513088
64 9 49288 7513088
64 10 49287 7513088
64 11 49288 7513088
64 12 49288 7513088
64 13 49288 7513088
64 14 49288 7513088
64 15 49288 7513088
64 16 49287 7513088
64 17 49288 7513088
64 18 49288 7513088
64 19 49288 7513088
64 20 49288 7513088
64 21 49287 7513088
64 22 49288 7513088
64 23 49288 7513088
64 24 49288 7513088
64 25 49288 7513088
64 26 49287 7513088
64 27 49288 7513088
64 28 49288 7513088
64 29 49288 7513088
64 30 49288 7513088
64 31 49288 7513088
64 32 49288 7513088
64 33 49287 7513088
64 34 49288 7513088
64 35 49288 7513088
64 36 49288 7513088
64 37 49288 7513088
64 38 49287 7513088
64 39 49288 7513088
64 40 49288 7513088
64 41 49288 7513088
64 42 49288 7513088
64 43 49287 7513088
64 44 49288 7513088
64 45 49288 7513088
64 46 49288 7513088
64 47 49288 7513088
64 48 49288 7513088
64 49 49287 7513088
64 50 49288 7513088
64 51 49288 7513088
64 52 49288 7513088
64 53 49288 7513088
64 54 49287 7513088
64 55 49288 7513088
64 56 49288 7513088
64 57 49288 7513088
64 58 49288 7513088
64 59 49287 7513088
64 60 49288 7513088
64 61 49288 7513088
64 62 49288 7513088
64 63 49288 7513088
64 64 49288 7513088
64 65 49287 7513088
64 66 49288 7513088
64 67 49288 7513088
64 68 49288 7513088
64 69 49288 7513088
64 70 49288 7513088
64 71 49287 7513088
64 72 49288 7513088
64 73 49288 7513088
64 74 49288 7513088
64 75 49288 7513088
64 76 49287 7513088
64 77 49288 7513088
64 78 49288 7513088
64 79 49288 7513088
64 80 49288 7513088
64 81 49287 7513088
64 82 49288 7513088
64 83 49288 7513088
64 84 49288 7513088
64 85 49288 7513088
64 86 49288 7513088
64 87 49287 7513088
64 88 49288 7513088
64 89 49288 7513088
64 90 49288 7513088
64 91 49288 7513088
64 92 49287 7513088
64 93 49288 7513088
64 94 49288 7513088
64 95 49288 7513088
64 96 49288 7513088
64 97 49288 7513088
64 98 49287 7513088
64 99 49288 7513088
64 100 49288 7513088
64 101 49288 7513088
64 102 49288 7513088
64 103 49287 7513088
64 104 49288 7513088
64 105 49288 7513088
64 106 49288 7513088
64 107 49288 7513088
64 108 49287 7513088
64 109 49288 7513088
64 110 49288 7513088
64 111 49288 7513088
64 112 49288 7513088
64 113 49287 7513088
64 114 49288 7513088
64 115 49288 7513088
64 116 49288 7513088
64 117 49288 7513088
64 118 49288 7513088
64 119 49287 7513088
64 120 49288 7513088
64 121 49288 7513088
64 122 49288 7513088
64 123 49288 7513088
64 124 49287 7513088
64 125 49288 7513088
64 126 49288 7513088
64 127 49288 7513088
64 128 49288 7513088
64 129 49287 7513088
64 130 49288 7513088
64 131 49288 7513088
64 132 49288 7513088
64 133 49288 7513088
64 134 49288 7513088
64 135 49287 7513088
64 136 49288 7513088
64 137 49288 7513088
64 138 49288 7513088
64 139 49288 7513088
64 140 49287 7513088
64 141 49288 7513088
64 142 49288 7513088
64 143 49288 7513088
64 144 49288 7513088
64 145 49287 7513088
64 146 49288 7513088
64 147 49288 7513088
64 148 49288 7513088
64 149 49288 7513088
64 150 49287 7513088
64 151 49288 7513088
64 152 49288 7513088
64 153 49288 7513088
64 154 49288 7513088
64 155 49467 7513088
64 156 49288 7513088
64 157 49288 7513088
64 158 49288 7513088
64 159 49288 7513088
64 160 49288 7513088
64 161 49287 7513088
64 162 49288 7513088
64 163 49288 7513088
64 164 49288 7513088
64 165 49288 7513088
64 166 49287 7513088
64 167 49288 7513088
64 168 49288 7513088
64 169 49288 7513088
64 170 49288 7513088
64 171 49287 7513088
64 172 49288 7513088
64 173 49288 7513088
64 174 49288 7513088
64 175 49288 7513088
64 176 49287 7513088
64 177 49288 7513088
64 178 49288 7513088
64 179 49288 7513088
64 180 49288 7513088
64 181 49287 7513088
64 182 49288 7513088
64 183 49288 7513088
64 184 49288 7513088
64 185 49288 7513088
64 186 49444 7513088
64 187 49288 7513088
64 188 49288 7513088
64 189 49288 7513088
64 190 49288 7513088
64 191 49288 7513088
64 192 49287 7513088
64 193 49288 7513088
64 194 49288 7513088
64 195 49288 7513088
64 196 49288 7513088
64 197 49287 7513088
64 198 49288 7513088
64 199 49288 7513088
64 200 49288 7513088
64 201 49288 7513088
64 202 49287 7513088
64 203 49288 7513088
64 204 49288 7513088
64 205 49288 7513088
64 206 49288 7513088
64 207 49287 7513088
64 208 49288 7513088
64 209 49288 7513088
64 210 49288 7513088
64 211 49288 7513088
64 212 49287 7513088
64 213 49288 7513088
64 214 49288 7513088
64 215 49288 7513088
64 216 49288 7513088
64 217 49448 7513088
64 218 49288 7513088
64 219 49288 7513088
64 220 49288 7513088
64 221 49288 7513088
64 222 49288 7513088
64 223 49287 7513088
64 224 49288 7513088
64 225 49288 7513088
64 226 49288 7513088
64 227 49288 7513088
64 228 49287 7513088
64 229 49288 7513088
64 230 49288 7513088
64 231 49288 7513088
64 232 49288 7513088
64 233 49287 7513088
64 234 49288 7513088
64 235 49288 7513088
64 236 49288 7513088
64 237 49288 7513088
64 238 49288 7513088
64 239 49287 7513088
64 240 49288 7513088
64 241 49288 7513088
64 242 49288 7513088
64 243 49288 7513088
64 244 49287 7513088
64 245 49288 7513088
64 246 49288 7513088
64 247 49288 7513088
64 248 49288 7513088
64 249 49287 7513088
64 250 49288 7513088
64 251 49288 7513088
64 252 49288 7513088
64 253 49288 7513088
64 254 49288 7513088
64 255 49287 7513088
64 256 49288 7513088
64 257 49288 7513088
64 258 49288 7513088
64 259 49288 7513088
64 260 49287 7513088
64 261 49288 7513088
64 262 49288 7513088
64 263 49288 7513088
64 264 49288 7513088
64 265 49287 7513088
64 266 49288 7513088
64 267 49288 7513088
64 268 49288 7513088
64 269 49288 7513088
64 270 49287 7513088
64 271 49288 7513088
64 272 49288 7513088
64 273 49288 7513088
64 274 49288 7513088
64 275 49287 7513088
64 276 49288 7513088
64 277 49288 7513088
64 278 49288 7513088
64 279 49288 7513088
64 280 49437 7513088
64 281 49288 7513088
64 282 49288 7513088
64 283 49288 7513088
64 284 49288 7513088
64 285 49288 7513088
64 286 49287 7513088
64 287 49288 7513088
64 288 49288 7513088
64 289 49288 7513088
64 290 49288 7513088
64 291 49287 7513088
64 292 49288 7513088
64 293 49288 7513088
64 294 49288 7513088
64 295 49288 7513088
64 296 49287 7513088
64 297 49288 7513088
64 298 49288 7513088
64 299 49288 7513088
64 300 49288 7513088
64 301 49287 7513088
64 302 49288 7513088
64 303 49288 7513088
64 304 49288 7513088
64 305 49288 7513088
64 306 49287 7513088
64 307 49288 7513088
64 308 49288 7513088
64 309 49288 7513088
64 310 49288 7513088
64 311 49446 7513088
64 312 49288 7513088
64 313 49288 7513088
64 314 49288 7513088
64 315 49288 7513088
64 316 49288 7513088
64 317 49287 7513088
64 318 49288 7513088
64 319 49288 7513088
64 320 49288 7513088
64 321 49288 7513088
64 322 49287 7513088
64 323 49288 7513088
64 324 49288 7513088
64 325 49288 7513088
64 326 49288 7513088
64 327 49287 7513088
64 328 49288 7513088
64 329 49288 7513088
64 330 49288 7513088
64 331 49288 7513088
64 332 49287 7513088
64 333 49288 7513088
64 334 49288 7513088
64 335 49288 7513088
64 336 49288 7513088
64 337 49287 7513088
64 338 49288 7513088
64 339 49288 7513088
64 340 49288 7513088
64 341 49288 7513088
64 342 49288 7513088
64 343 49287 7513088
64 344 49288 7513088
64 345 49288 7513088
64 346 49288 7513088
64 347 49288 7513088
64 348 49287 7513088
64 349 49288 7513088
64 350 49288 7513088
64 351 49288 7513088
64 352 49288 7513088
64 353 49287 7513088
64 354 49288 7513088
64 355 49288 7513088
64 356 49288 7513088
64 357 49288 7513088
64 358 49288 7513088
64 359 49287 7513088
64 360 49288 7513088
64 361 49288 7513088
64 362 49288 7513088
64 363 49288 7513088
64 364 49287 7513088
64 365 49288 7513088
64 366 49288 7513088
64 367 49288 7513088
64 368 49288 7513088
64 369 49287 7513088
64 370 49288 7513088
64 371 49288 7513088
64 372 49288 7513088
64 373 49288 7513088
64 374 49458 7513088
64 375 49288 7513088
64 376 49288 7513088
64 377 49288 7513088
64 378 49288 7513088
64 379 49288 7513088
64 380 49287 7513088
64 381 49288 7513088
64 382 49288 7513088
64 383 49288 7513088
64 384 49288 7513088
64 385 49287 7513088
64 386 49288 7513088
64 387 49288 7513088
64 388 49288 7513088
64 389 49288 7513088
64 390 49287 7513088
64 391 49288 7513088
64 392 49288 7513088
64 393 49288 7513088
64 394 49288 7513088
64 395 49287 7513088
64 396 49288 7513088
64 397 49288 7513088
64 398 49288 7513088
64 399 49288 7513088
64 400 49287 7513088
64 401 49288 7513088
64 402 49288 7513088
64 403 49288 7513088
64 404 49288 7513088
64 405 49288 7513088
64 406 49287 7513088
64 407 49288 7513088
64 408 49288 7513088
64 409 49288 7513088
64 410 49288 7513088
64 411 49287 7513088
64 412 49288 7513088
64 413 49288 7513088
64 414 49288 7513088
64 415 49288 7513088
64 416 49287 7513088
64 417 49288 7513088
64 418 49288 7513088
64 419 49288 7513088
64 420 49288 7513088
64 421 49287 7513088
64 422 49288 7513088
64 423 49288 7513088
64 424 49288 7513088
64 425 49288 7513088
64 426 49287 7513088
64 427 49288 7513088
64 428 49288 7513088
64 429 49288 7513088
64 430 49288 7513088
64 431 49287 7513088
64 432 49288 7513088
64 433 49288 7513088
64 434 49288 7513088
64 435 49288 7513088
64 436 49288 7513088
64 437 49287 7513088
64 438 49288 7513088
64 439 49288 7513088
64 440 49288 7513088
64 441 49288 7513088
64 442 49287 7513088
64 443 49288 7513088
64 444 49288 7513088
64 445 49288 7513088
64 446 49288 7513088
64 447 49287 7513088
64 448 49288 7513088
64 449 49288 7513088
64 450 49288 7513088
64 451 49288 7513088
64 452 49287 7513088
64 453 49288 7513088
64 454 49288 7513088
64 455 49288 7513088
64 456 49288 7513088
64 457 49287 7513088
64 458 49288 7513088
64 459 49288 7513088
64 460 49288 7513088
64 461 49288 7513088
64 462 49288 7513088
64 463 49287 7513088
64 464 49288 7513088
64 465 49288 7513088
64 466 49288 7513088
64 467 49288 7513088
64 468 49287 7513088
64 469 49288 7513088
64 470 49288 7513088
64 471 49288 7513088
64 472 49288 7513088
64 473 49287 7513088
64 474 49288 7513088
64 475 49288 7513088
64 476 49288 7513088
64 477 49288 7513088
64 478 49288 7513088
64 479 49287 7513088
64 480 49288 7513088
64 481 49288 7513088
64 482 49288 7513088
64 483 49288 7513088
64 484 49287 7513088
64 485 49288 7513088
64 486 49288 7513088
64 487 49288 7513088
64 488 49288 7513088
64 489 49287 7513088
64 490 49288 7513088
64 491 49288 7513088
64 492 49288 7513088
64 493 49288 7513088
64 494 49287 7513088
64 495 49288 7513088
64 496 49288 7513088
64 497 49288 7513088
64 498 49288 7513088
64 499 49288 7513088
64 500 49287 7513088
64 501 49288 7513088
64 502 49288 7513088
64 503 49288 7513088
64 504 49288 7513088
64 505 49287 7513088
64 506 49288 7513088
64 507 49288 7513088
64 508 49288 7513088
64 509 49288 7513088
64 510 49287 7513088
64 511 49288 7513088
64 512 49288 7513088
64 513 49288 7513088
64 514 49288 7513088
64 515 49287 7513088
64 516 49288 7513088
64 517 49288 7513088
64 518 49288 7513088
64 519 49288 7513088
64 520 49287 7513088
64 521 49288 7513088
64 522 49288 7513088
64 523 49288 7513088
64 524 49288 7513088
64 525 49287 7513088
64 526 49288 7513088
64 527 49288 7513088
64 528 49288 7513088
64 529 49288 7513088
64 530 49288 7513088
64 531 49287 7513088
64 532 49288 7513088
64 533 49288 7513088
64 534 49288 7513088
64 535 49288 7513088
64 536 49287 7513088
64 537 49288 7513088
64 538 49288 7513088
64 539 49288 7513088
64 540 49288 7513088
64 541 49287 7513088
64 542 49288 7513088
64 543 49288 7513088
64 544 49288 7513088
64 545 49288 7513088
64 546 49287 7513088
64 547 49288 7513088
64 548 49288 7513088
64 549 49288 7513088
64 550 49288 7513088
64 551 49287 7513088
64 552 49288 7513088
64 553 49288 7513088
64 554 49288 7513088
64 555 49288 7513088
64 556 49287 7513088
64 557 49288 7513088
64 558 49288 7513088
64 559 49288 7513088
64 560 49288 7513088
64 561 49288 7513088
64 562 49287 7513088
64 563 49288 7513088
64 564 49288 7513088
64 565 49288 7513088
64 566 49288 7513088
64 567 49287 7513088
64 568 49288 7513088
64 569 49288 7513088
64 570 49288 7513088
64 571 49288 7513088
64 572 49287 7513088
64 573 49288 7513088
64 574 49288 7513088
64 575 49288 7513088
64 576 49288 7513088
64 577 49287 7513088
64 578 49288 7513088
64 579 49288 7513088
64 580 49288 7513088
64 581 49288 7513088
64 582 49288 7513088
64 583 49287 7513088
64 584 49288 7513088
64 585 49288 7513088
64 586 49288 7513088
64 587 49288 7513088
64 588 49287 7513088
64 589 49288 7513088
64 590 49288 7513088
64 591 49288 7513088
64 592 49288 7513088
64 593 49287 7513088
64 594 49288 7513088
64 595 49288 7513088
64 596 49288 7513088
64 597 49288 7513088
64 598 49288 7513088
64 599 49287 7513088
64 600 49288 7513088
64 601 49288 7513088
64 602 49288 7513088
64 603 49288 7513088
64 604 49287 7513088
64 605 49288 7513088
64 606 49288 7513088
64 607 49288 7513088
64 608 49288 7513088
64 609 49287 7513088
64 610 49288 7513088
64 611 49288 7513088
64 612 49288 7513088
64 613 49288 7513088
64 614 49287 7513088
64 615 49288 7513088
64 616 49288 7513088
64 617 49288 7513088
64 618 49288 7513088
64 619 49287 7513088
64 620 49288 7513088
64 621 49288 7513088
64 622 49288 7513088
64 623 49288 7513088
64 624 49288 7513088
64 625 49287 7513088
64 626 49288 7513088
64 627 49288 7513088
64 628 49288 7513088
64 629 49288 7513088
64 630 49287 7513088
64 631 49288 7513088
64 632 49288 7513088
64 633 49288 7513088
64 634 49288 7513088
64 635 49287 7513088
64 636 49288 7513088
64 637 49288 7513088
64 638 49288 7513088
64 639 49288 7513088
64 640 49287 7513088
64 641 49288 7513088
64 642 49288 7513088
64 643 49288 7513088
64 644 49288 7513088
64 645 49287 7513088
64 646 49288 7513088
64 647 49288 7513088
64 648 49288 7513088
64 649 49288 7513088
64 650 49287 7513088
64 651 49288 7513088
64 652 49288 7513088
64 653 49288 7513088
64 654 49288 7513088
64 655 49288 7513088
64 656 49287 7513088
64 657 49288 7513088
64 658 49288 7513088
64 659 49288 7513088
64 660 49288 7513088
64 661 49287 7513088
64 662 49288 7513088
64 663 49288 7513088
64 664 49288 7513088
64 665 49288 7513088
64 666 49287 7513088
64 667 49288 7513088
64 668 49288 7513088
64 669 49288 7513088
64 670 49288 7513088
64 671 49287 7513088
64 672 49288 7513088
64 673 49288 7513088
64 674 49288 7513088
64 675 49288 7513088
64 676 49287 7513088
64 677 49288 7513088
64 678 49288 7513088
64 679 49288 7513088
64 680 49288 7513088
64 681 49287 7513088
64 682 49288 7513088
64 683 49288 7513088
64 684 49288 7513088
64 685 49288 7513088
64 686 49288 7513088
64 687 49287 7513088
64 688 49288 7513088
64 689 49288 7513088
64 690 49288 7513088
64 691 49288 7513088
64 692 49287 7513088
64 693 49288 7513088
64 694 49288 7513088
64 695 49288 7513088
64 696 49288 7513088
64 697 49287 7513088
64 698 49288 7513088
64 699 49288 7513088
64 700 49288 7513088
64 701 49288 7513088
64 702 49288 7513088
64 703 49287 7513088
64 704 49288 7513088
64 705 49288 7513088
64 706 49288 7513088
64 707 49288 7513088
64 708 49287 7513088
64 709 49288 7513088
64 710 49288 7513088
64 711 49288 7513088
64 712 49288 7513088
64 713 49287 7513088
64 714 49288 7513088
64 715 49288 7513088
64 716 49288 7513088
64 717 49288 7513088
64 718 49288 7513088
64 719 49287 7513088
64 720 49288 7513088
64 721 49288 7513088
64 722 49288 7513088
64 723 49288 7513088
64 724 49287 7513088
64 725 49288 7513088
64 726 49288 7513088
64 727 49288 7513088
64 728 49288 7513088
64 729 49287 7513088
64 730 49288 7513088
64 731 49288 7513088
64 732 49288 7513088
64 733 49288 7513088
64 734 49287 7513088
64 735 49288 7513088
64 736 49288 7513088
64 737 49288 7513088
64 738 49288 7513088
64 739 49287 7513088
64 740 49288 7513088
64 741 49288 7513088
64 742 49288 7513088
64 743 49288 7513088
64 744 49287 7513088
64 745 49288 7513088
64 746 49288 7513088
64 747 49288 7513088
64 748 49288 7513088
64 749 49288 7513088
64 750 49287 7513088
64 751 49288 7513088
64 752 49288 7513088
64 753 49288 7513088
64 754 49288 7513088
64 755 49287 7513088
64 756 49288 7513088
64 757 49288 7513088
64 758 49288 7513088
64 759 49288 7513088
64 760 49287 7513088
64 761 49288 7513088
64 762 49288 7513088
64 763 49288 7513088
64 764 49288 7513088
64 765 49287 7513088
64 766 49288 7513088
64 767 49288 7513088
64 768 49288 7513088
64 769 49288 7513088
64 770 49287 7513088
64 771 49288 7513088
64 772 49288 7513088
64 773 49288 7513088
64 774 49288 7513088
64 775 49287 7513088
64 776 49288 7513088
64 777 49288 7513088
64 778 49288 7513088
64 779 49288 7513088
64 780 49288 7513088
64 781 49287 7513088
64 782 49288 7513088
64 783 49288 7513088
64 784 49288 7513088
64 785 49288 7513088
64 786 49287 7513088
64 787 49288 7513088
64 788 49288 7513088
64 789 49288 7513088
64 790 49288 7513088
64 791 49287 7513088
64 792 49288 7513088
64 793 49288 7513088
64 794 49288 7513088
64 795 49288 7513088
64 796 49287 7513088
64 797 49288 7513088
64 798 49288 7513088
64 799 49288 7513088
64 800 49288 7513088
64 801 49287 7513088
64 802 49288 7513088
64 803 49288 7513088
64 804 49288 7513088
64 805 49288 7513088
64 806 49288 7513088
64 807 49287 7513088
64 808 49288 7513088
64 809 49288 7513088
64 810 49288 7513088
64 811 49288 7513088
64 812 49287 7513088
64 813 49288 7513088
64 814 49288 7513088
64 815 49288 7513088
64 816 49288 7513088
64 817 49287 7513088
64 818 49288 7513088
64 819 49288 7513088
64 820 49288 7513088
64 821 49288 7513088
64 822 49288 7513088
64 823 49287 7513088
64 824 49288 7513088
64 825 49288 7513088
64 826 49288 7513088
64 827 49288 7513088
64 828 49287 7513088
64 829 49288 7513088
64 830 49288 7513088
64 831 49288 7513088
64 832 49288 7513088
64 833 49287 7513088
64 834 49288 7513088
64 835 49288 7513088
64 836 49288 7513088
64 837 49288 7513088
64 838 49287 7513088
64 839 49288 7513088
64 840 49288 7513088
64 841 49288 7513088
64 842 49288 7513088
64 843 49288 7513088
64 844 49287 7513088
64 845 49288 7513088
64 846 49288 7513088
64 847 49288 7513088
64 848 49288 7513088
64 849 49287 7513088
64 850 49288 7513088
64 851 49288 7513088
64 852 49288 7513088
64 853 49288 7513088
64 854 49287 7513088
64 855 49288 7513088
64 856 49288 7513088
64 857 49288 7513088
64 858 49288 7513088
64 859 49287 7513088
64 860 49288 7513088
64 861 49288 7513088
64 862 49288 7513088
64 863 49288 7513088
64 864 49287 7513088
64 865 49288 7513088
64 866 49288 7513088
64 867 49288 7513088
64 868 49288 7513088
64 869 49287 7513088
64 870 49288 7513088
64 871 49288 7513088
64 872 49288 7513088
64 873 49288 7513088
64 874 49288 7513088
64 875 49287 7513088
64 876 49288 7513088
64 877 49288 7513088
64 878 49288 7513088
64 879 49288 7513088
64 880 49287 7513088
64 881 49288 7513088
64 882 49288 7513088
64 883 49288 7513088
64 884 49288 7513088
64 885 49287 7513088
64 886 49288 7513088
64 887 49288 7513088
64 888 49288 7513088
64 889 49288 7513088
64 890 49287 7513088
64 891 49288 7513088
64 892 49288 7513088
64 893 49288 7513088
64 894 49288 7513088
64 895 49287 7513088
64 896 49288 7513088
64 897 49288 7513088
64 898 49288 7513088
64 899 49288 7513088
64 900 49287 7513088
64 901 49288 7513088
64 902 49288 7513088
64 903 49288 7513088
64 904 49288 7513088
64 905 49288 7513088
64 906 49287 7513088
64 907 49288 7513088
64 908 49288 7513088
64 909 49288 7513088
64 910 49288 7513088
64 911 49287 7513088
64 912 49288 7513088
64 913 49288 7513088
64 914 49288 7513088
64 915 49288 7513088
64 916 49287 7513088
64 917 49288 7513088
64 918 49288 7513088
64 919 49288 7513088
64 920 49288 7513088
64 921 49287 7513088
64 922 49288 7513088
64 923 49288 7513088
64 924 49288 7513088
64 925 49288 7513088
64 926 49288 7513088
64 927 49287 7513088
64 928 49288 7513088
64 929 49288 7513088
64 930 49288 7513088
64 931 49288 7513088
64 932 49287 7513088
64 933 49288 7513088
64 934 49288 7513088
64 935 49288 7513088
64 936 49288 7513088
64 937 49287 7513088
64 938 49288 7513088
64 939 49288 7513088
64 940 49288 7513088
64 941 49288 7513088
64 942 49288 7513088
64 943 49287 7513088
64 944 49288 7513088
64 945 49288 7513088
64 946 49288 7513088
64 947 49288 7513088
64 948 49287 7513088
64 949 49288 7513088
64 950 49288 7513088
64 951 49288 7513088
64 952 49288 7513088
64 953 49287 7513088
64 954 49288 7513088
64 955 49288 7513088
64 956 49288 7513088
64 957 49288 7513088
64 958 49287 7513088
64 959 49288 7513088
64 960 49288 7513088
64 961 49288 7513088
64 962 49288 7513088
64 963 49287 7513088
64 964 49288 7513088
64 965 49288 7513088
64 966 49288 7513088
64 967 49288 7513088
64 968 49288 7513088
64 969 49287 7513088
64 970 49288 7513088
64 971 49288 7513088
64 972 49288 7513088
64 973 49288 7513088
64 974 49287 7513088
64 975 49288 7513088
64 976 49288 7513088
64 977 49288 7513088
64 978 49288 7513088
64 979 49287 7513088
64 980 49288 7513088
64 981 49288 7513088
64 982 49288 7513088
64 983 49288 7513088
64 984 49287 7513088
64 985 49288 7513088
64 986 49288 7513088
64 987 49288 7513088
64 988 49288 7513088
64 989 49287 7513088
64 990 49288 7513088
64 991 49288 7513088
64 992 49288 7513088
64 993 49288 7513088
64 994 49287 7513088
64 995 49288 7513088
64 996 49288 7513088
64 997 49288 7513088
64 998 49288 7513088
64 999 49288 7513088
