512 0 1508410 3131637760
512 1 1403150 3131637760
512 2 1388030 3131637760
512 3 1397714 3131637760
512 4 1400591 3131637760
512 5 1402214 3131637760
512 6 1395018 3131637760
512 7 1387794 3131637760
512 8 1396390 3131637760
512 9 1402402 3131637760
512 10 1394078 3131637760
512 11 1399090 3131637760
512 12 1394062 3131637760
512 13 1398630 3131637760
512 14 1398510 3131637760
512 15 1396638 3131637760
512 16 1396942 3131637760
512 17 1401618 3131637760
512 18 1400634 3131637760
512 19 1401178 3131637760
512 20 1399486 3131637760
512 21 1404250 3131637760
512 22 1399330 3131637760
512 23 1396474 3131637760
512 24 1398118 3131637760
512 25 1401710 3131637760
512 26 1399634 3131637760
512 27 1403690 3131637760
512 28 1397330 3131637760
512 29 1403474 3131637760
512 30 1390638 3131637760
512 31 1392950 3131637760
512 32 1393662 3131637760
512 33 1398826 3131637760
512 34 1398650 3131637760
512 35 1392562 3131637760
512 36 1397274 3131637760
512 37 1398210 3131637760
512 38 1401058 3131637760
512 39 1395142 3131637760
512 40 1394602 3131637760
512 41 1395174 3131637760
512 42 1394854 3131637760
512 43 1401466 3131637760
512 44 1391598 3131637760
512 45 1406378 3131637760
512 46 1396338 3131637760
512 47 1398698 3131637760
512 48 1405182 3131637760
512 49 1396006 3131637760
512 50 1399650 3131637760
512 51 1401218 3131637760
512 52 1399946 3131637760
512 53 1397731 3131637760
512 54 1398310 3131637760
512 55 1398434 3131637760
512 56 1398002 3131637760
512 57 1398786 3131637760
512 58 1398694 3131637760
512 59 1397814 3131637760
512 60 1398454 3131637760
512 61 1392862 3131637760
512 62 1396770 3131637760
512 63 1405542 3131637760
512 64 1393202 3131637760
512 65 1398878 3131637760
512 66 1402262 3131637760
512 67 1392847 3131637760
512 68 1393914 3131637760
512 69 1402351 3131637760
512 70 1393483 3131637760
512 71 1399975 3131637760
512 72 1397647 3131637760
512 73 1397391 3131637760
512 74 1399818 3131637760
512 75 1393595 3131637760
512 76 1394251 3131637760
512 77 1403715 3131637760
512 78 1402403 3131637760
512 79 1394035 3131637760
512 80 1396506 3131637760
512 81 1394141 3131637760
512 82 1401157 3131637760
512 83 1399555 3131637760
512 84 1391195 3131637760
512 85 1395799 3131637760
512 86 1392595 3131637760
512 87 1396459 3131637760
512 88 1394131 3131637760
512 89 1401863 3131637760
512 90 1393751 3131637760
512 91 1393267 3131637760
512 92 1394287 3131637760
512 93 1394803 3131637760
512 94 1390351 3131637760
512 95 1394499 3131637760
512 96 1392371 3131637760
512 97 1393951 3131637760
512 98 1394591 3131637760
512 99 1398951 3131637760
512 100 1393963 3131637760
512 101 1398063 3131637760
512 102 1395091 3131637760
512 103 1396579 3131637760
512 104 1392527 3131637760
512 105 1396383 3131637760
512 106 1397131 3131637760
512 107 1400979 3131637760
512 108 1394067 3131637760
512 109 1396763 3131637760
512 110 1389959 3131637760
512 111 1396703 3131637760
512 112 1387499 3131637760
512 113 1392195 3131637760
512 114 1392770 3131637760
512 115 1391939 3131637760
512 116 1404243 3131637760
512 117 1400107 3131637760
512 118 1389623 3131637760
512 119 1399870 3131637760
512 120 1405202 3131637760
512 121 1398863 3131637760
512 122 1397326 3131637760
512 123 1396507 3131637760
512 124 1400218 3131637760
512 125 1396374 3131637760
512 126 1399066 3131637760
512 127 1393283 3131637760
512 128 1398027 3131637760
512 129 1398249 3131637760
512 130 1394161 3131637760
512 131 1402323 3131637760
512 132 1397487 3131637760
512 133 1401731 3131637760
512 134 1394871 3131637760
512 135 1399815 3131637760
512 136 1399347 3131637760
512 137 1400607 3131637760
512 138 1390663 3131637760
512 139 1393699 3131637760
512 140 1399335 3131637760
512 141 1392495 3131637760
512 142 1393767 3131637760
512 143 1395595 3131637760
512 144 1395631 3131637760
512 145 1397691 3131637760
512 146 1394899 3131637760
512 147 1393647 3131637760
512 148 1403871 3131637760
512 149 1394023 3131637760
512 150 1398804 3131637760
512 151 1400263 3131637760
512 152 1399043 3131637760
512 153 1393499 3131637760
512 154 1389903 3131637760
512 155 1395991 3131637760
512 156 1395307 3131637760
512 157 1401391 3131637760
512 158 1389863 3131637760
512 159 1388295 3131637760
512 160 1402147 3131637760
512 161 1399987 3131637760
512 162 1392831 3131637760
512 163 1400247 3131637760
512 164 1399167 3131637760
512 165 1393983 3131637760
512 166 1395811 3131637760
512 167 1394407 3131637760
512 168 1396431 3131637760
512 169 1394783 3131637760
512 170 1395875 3131637760
512 171 1396747 3131637760
512 172 1398359 3131637760
512 173 1398659 3131637760
512 174 1395559 3131637760
512 175 1395478 3131637760
512 176 1399643 3131637760
512 177 1394239 3131637760
512 178 1394067 3131637760
512 179 1396471 3131637760
512 180 1399471 3131637760
512 181 1396771 3131637760
512 182 1397015 3131637760
512 183 1404487 3131637760
512 184 1398363 3131637760
512 185 1402823 3131637760
512 186 1394927 3131637760
512 187 1400633 3131637760
512 188 1406255 3131637760
512 189 1394935 3131637760
512 190 1400535 3131637760
512 191 1396511 3131637760
512 192 1399263 3131637760
512 193 1407677 3131637760
512 194 1400871 3131637760
512 195 1388899 3131637760
512 196 1394011 3131637760
512 197 1396658 3131637760
512 198 1399613 3131637760
512 199 1397735 3131637760
512 200 1395619 3131637760
512 201 1398567 3131637760
512 202 1402067 3131637760
512 203 1392367 3131637760
512 204 1400219 3131637760
512 205 1392511 3131637760
512 206 1403183 3131637760
512 207 1403423 3131637760
512 208 1398155 3131637760
512 209 1395703 3131637760
512 210 1400235 3131637760
512 211 1393035 3131637760
512 212 1394173 3131637760
512 213 1393379 3131637760
512 214 1393527 3131637760
512 215 1404539 3131637760
512 216 1392567 3131637760
512 217 1398431 3131637760
512 218 1398187 3131637760
512 219 1401359 3131637760
512 220 1403327 3131637760
512 221 1397539 3131637760
512 222 1396331 3131637760
512 223 1386731 3131637760
512 224 1406887 3131637760
512 225 1400867 3131637760
512 226 1400606 3131637760
512 227 1403230 3131637760
512 228 1397626 3131637760
512 229 1397214 3131637760
512 230 1393346 3131637760
512 231 1394486 3131637760
512 232 1398258 3131637760
512 233 1392154 3131637760
512 234 1398958 3131637760
512 235 1395362 3131637760
512 236 1394034 3131637760
512 237 1398514 3131637760
512 238 1398586 3131637760
512 239 1392998 3131637760
512 240 1393874 3131637760
512 241 1400506 3131637760
512 242 1398826 3131637760
512 243 1400942 3131637760
512 244 1395274 3131637760
512 245 1398082 3131637760
512 246 1400674 3131637760
512 247 1398278 3131637760
512 248 1402242 3131637760
512 249 1400086 3131637760
512 250 1402670 3131637760
512 251 1392182 3131637760
512 252 1401742 3131637760
512 253 1402170 3131637760
512 254 1405218 3131637760
512 255 1398218 3131637760
512 256 1400808 3131637760
512 257 1399234 3131637760
512 258 1391418 3131637760
512 259 1401938 3131637760
512 260 1389878 3131637760
512 261 1395650 3131637760
512 262 1398306 3131637760
512 263 1394506 3131637760
512 264 1400150 3131637760
512 265 1406514 3131637760
512 266 1400670 3131637760
512 267 1397538 3131637760
512 268 1394382 3131637760
512 269 1401634 3131637760
512 270 1398942 3131637760
512 271 1401094 3131637760
512 272 1395530 3131637760
512 273 1398632 3131637760
512 274 1401210 3131637760
512 275 1395414 3131637760
512 276 1402562 3131637760
512 277 1400630 3131637760
512 278 1398142 3131637760
512 279 1397106 3131637760
512 280 1396774 3131637760
512 281 1403066 3131637760
512 282 1403174 3131637760
512 283 1396994 3131637760
512 284 1400662 3131637760
512 285 1399014 3131637760
512 286 1399274 3131637760
512 287 1399870 3131637760
512 288 1393158 3131637760
512 289 1397390 3131637760
512 290 1400034 3131637760
512 291 1394970 3131637760
512 292 1402426 3131637760
512 293 1393710 3131637760
512 294 1391050 3131637760
512 295 1399246 3131637760
512 296 1395782 3131637760
512 297 1394894 3131637760
512 298 1399646 3131637760
512 299 1391906 3131637760
512 300 1397662 3131637760
512 301 1402854 3131637760
512 302 1401134 3131637760
512 303 1400478 3131637760
512 304 1396230 3131637760
512 305 1396630 3131637760
512 306 1398130 3131637760
512 307 1400098 3131637760
512 308 1396014 3131637760
512 309 1400194 3131637760
512 310 1403546 3131637760
512 311 1403358 3131637760
512 312 1401248 3131637760
512 313 1396576 3131637760
512 314 1396390 3131637760
512 315 1401374 3131637760
512 316 1397511 3131637760
512 317 1396642 3131637760
512 318 1399948 3131637760
512 319 1402514 3131637760
512 320 1401778 3131637760
512 321 1403122 3131637760
512 322 1397358 3131637760
512 323 1397914 3131637760
512 324 1403078 3131637760
512 325 1396758 3131637760
512 326 1402738 3131637760
512 327 1393198 3131637760
512 328 1397358 3131637760
512 329 1399394 3131637760
512 330 1394594 3131637760
512 331 1399698 3131637760
512 332 1399510 3131637760
512 333 1400798 3131637760
512 334 1396102 3131637760
512 335 1400246 3131637760
512 336 1400874 3131637760
512 337 1401171 3131637760
512 338 1394766 3131637760
512 339 1400614 3131637760
512 340 1394234 3131637760
512 341 1398867 3131637760
512 342 1397534 3131637760
512 343 1396706 3131637760
512 344 1401202 3131637760
512 345 1399562 3131637760
512 346 1400304 3131637760
512 347 1399458 3131637760
512 348 1393498 3131637760
512 349 1392490 3131637760
512 350 1397614 3131637760
512 351 1395154 3131637760
512 352 1405386 3131637760
512 353 1396054 3131637760
512 354 1400682 3131637760
512 355 1395926 3131637760
512 356 1397218 3131637760
512 357 1394790 3131637760
512 358 1395886 3131637760
512 359 1404350 3131637760
512 360 1400342 3131637760
512 361 1402718 3131637760
512 362 1396442 3131637760
512 363 1398206 3131637760
512 364 1399498 3131637760
512 365 1399814 3131637760
512 366 1396014 3131637760
512 367 1409138 3131637760
512 368 1400076 3131637760
512 369 1399850 3131637760
512 370 1396762 3131637760
512 371 1393054 3131637760
512 372 1400922 3131637760
512 373 1402877 3131637760
512 374 1395342 3131637760
512 375 1402186 3131637760
512 376 1399430 3131637760
512 377 1400778 3131637760
512 378 1391594 3131637760
512 379 1398378 3131637760
512 380 1402818 3131637760
512 381 1405174 3131637760
512 382 1397166 3131637760
512 383 1395730 3131637760
512 384 1400194 3131637760
512 385 1398446 3131637760
512 386 1395906 3131637760
512 387 1395418 3131637760
512 388 1402174 3131637760
512 389 1395782 3131637760
512 390 1397478 3131637760
512 391 1398542 3131637760
512 392 1392062 3131637760
512 393 1396086 3131637760
512 394 1401208 3131637760
512 395 1393942 3131637760
512 396 1398662 3131637760
512 397 1392902 3131637760
512 398 1404282 3131637760
512 399 1398170 3131637760
512 400 1401535 3131637760
512 401 1395675 3131637760
512 402 1406007 3131637760
512 403 1399539 3131637760
512 404 1400491 3131637760
512 405 1399919 3131637760
512 406 1391851 3131637760
512 407 1399311 3131637760
512 408 1402139 3131637760
512 409 1390243 3131637760
512 410 1399459 3131637760
512 411 1399103 3131637760
512 412 1394863 3131637760
512 413 1403219 3131637760
512 414 1400851 3131637760
512 415 1398965 3131637760
512 416 1400423 3131637760
512 417 1392977 3131637760
512 418 1392063 3131637760
512 419 1398227 3131637760
512 420 1401991 3131637760
512 421 1398739 3131637760
512 422 1399239 3131637760
512 423 1398399 3131637760
512 424 1393787 3131637760
512 425 1398419 3131637760
512 426 1389655 3131637760
512 427 1402899 3131637760
512 428 1397099 3131637760
512 429 1395583 3131637760
512 430 1404715 3131637760
512 431 1386519 3131637760
512 432 1398895 3131637760
512 433 1395583 3131637760
512 434 1398035 3131637760
512 435 1391859 3131637760
512 436 1397525 3131637760
512 437 1401119 3131637760
512 438 1398155 3131637760
512 439 1395589 3131637760
512 440 1397339 3131637760
512 441 1407875 3131637760
512 442 1396467 3131637760
512 443 1395055 3131637760
512 444 1397775 3131637760
512 445 1397375 3131637760
512 446 1401191 3131637760
512 447 1402655 3131637760
512 448 1396835 3131637760
512 449 1392772 3131637760
512 450 1401850 3131637760
512 451 1397078 3131637760
512 452 1396855 3131637760
512 453 1396650 3131637760
512 454 1397398 3131637760
512 455 1397326 3131637760
512 456 1395726 3131637760
512 457 1399854 3131637760
512 458 1395250 3131637760
512 459 1405636 3131637760
512 460 1392666 3131637760
512 461 1396846 3131637760
512 462 1390946 3131637760
512 463 1398118 3131637760
512 464 1395362 3131637760
512 465 1399142 3131637760
512 466 1399738 3131637760
512 467 1401898 3131637760
512 468 1398747 3131637760
512 469 1403666 3131637760
512 470 1398347 3131637760
512 471 1400198 3131637760
512 472 1404442 3131637760
512 473 1404488 3131637760
512 474 1398986 3131637760
512 475 1405438 3131637760
512 476 1401398 3131637760
512 477 1401725 3131637760
512 478 1397770 3131637760
512 479 1395578 3131637760
512 480 1395194 3131637760
512 481 1398714 3131637760
512 482 1398070 3131637760
512 483 1397818 3131637760
512 484 1401542 3131637760
512 485 1393382 3131637760
512 486 1391562 3131637760
512 487 1394894 3131637760
512 488 1401818 3131637760
512 489 1399370 3131637760
512 490 1398722 3131637760
512 491 1396206 3131637760
512 492 1392118 3131637760
512 493 1392854 3131637760
512 494 1405498 3131637760
512 495 1396842 3131637760
512 496 1393986 3131637760
512 497 1402251 3131637760
512 498 1391498 3131637760
512 499 1398958 3131637760
512 500 1397822 3131637760
512 501 1390862 3131637760
512 502 1394172 3131637760
512 503 1399670 3131637760
512 504 1396050 3131637760
512 505 1397718 3131637760
512 506 1395310 3131637760
512 507 1401150 3131637760
512 508 1394874 3131637760
512 509 1399982 3131637760
512 510 1400141 3131637760
512 511 1388042 3131637760
512 512 1397658 3131637760
512 513 1401666 3131637760
512 514 1393230 3131637760
512 515 1394840 3131637760
512 516 1404010 3131637760
512 517 1397062 3131637760
512 518 1406174 3131637760
512 519 1392542 3131637760
512 520 1403814 3131637760
512 521 1394838 3131637760
512 522 1391946 3131637760
512 523 1397726 3131637760
512 524 1397086 3131637760
512 525 1394376 3131637760
512 526 1403242 3131637760
512 527 1399510 3131637760
512 528 1394345 3131637760
512 529 1394986 3131637760
512 530 1396926 3131637760
512 531 1403918 3131637760
512 532 1394250 3131637760
512 533 1396666 3131637760
512 534 1398534 3131637760
512 535 1399514 3131637760
512 536 1402098 3131637760
512 537 1401398 3131637760
512 538 1399766 3131637760
512 539 1398594 3131637760
512 540 1398688 3131637760
512 541 1400090 3131637760
512 542 1399670 3131637760
512 543 1396790 3131637760
512 544 1400358 3131637760
512 545 1398518 3131637760
512 546 1394770 3131637760
512 547 1400170 3131637760
512 548 1395543 3131637760
512 549 1400702 3131637760
512 550 1395942 3131637760
512 551 1398805 3131637760
512 552 1401642 3131637760
512 553 1396998 3131637760
512 554 1397070 3131637760
512 555 1396834 3131637760
512 556 1395918 3131637760
512 557 1401830 3131637760
512 558 1397842 3131637760
512 559 1396738 3131637760
512 560 1395434 3131637760
512 561 1396302 3131637760
512 562 1402582 3131637760
512 563 1399986 3131637760
512 564 1398718 3131637760
512 565 1396170 3131637760
512 566 1393790 3131637760
512 567 1397242 3131637760
512 568 1403618 3131637760
512 569 1393634 3131637760
512 570 1399514 3131637760
512 571 1393602 3131637760
512 572 1402430 3131637760
512 573 1396910 3131637760
512 574 1390450 3131637760
512 575 1401156 3131637760
512 576 1400546 3131637760
512 577 1397042 3131637760
512 578 1393586 3131637760
512 579 1396152 3131637760
512 580 1395326 3131637760
512 581 1392838 3131637760
512 582 1403378 3131637760
512 583 1394930 3131637760
512 584 1395946 3131637760
512 585 1399474 3131637760
512 586 1394342 3131637760
512 587 1398509 3131637760
512 588 1394950 3131637760
512 589 1391178 3131637760
512 590 1398350 3131637760
512 591 1391522 3131637760
512 592 1398110 3131637760
512 593 1396534 3131637760
512 594 1399051 3131637760
512 595 1400166 3131637760
512 596 1401586 3131637760
512 597 1400110 3131637760
512 598 1402406 3131637760
512 599 1402822 3131637760
512 600 1397043 3131637760
512 601 1395534 3131637760
512 602 1390750 3131637760
512 603 1397942 3131637760
512 604 1398490 3131637760
512 605 1400994 3131637760
512 606 1393218 3131637760
512 607 1398494 3131637760
512 608 1397250 3131637760
512 609 1404638 3131637760
512 610 1396718 3131637760
512 611 1400856 3131637760
512 612 1399306 3131637760
512 613 1394754 3131637760
512 614 1398754 3131637760
512 615 1394166 3131637760
512 616 1401942 3131637760
512 617 1400286 3131637760
512 618 1396592 3131637760
512 619 1400626 3131637760
512 620 1397754 3131637760
512 621 1399239 3131637760
512 622 1391694 3131637760
512 623 1395326 3131637760
512 624 1400586 3131637760
512 625 1401682 3131637760
512 626 1402546 3131637760
512 627 1398402 3131637760
512 628 1398474 3131637760
512 629 1398442 3131637760
512 630 1403906 3131637760
512 631 1403562 3131637760
512 632 1394354 3131637760
512 633 1397238 3131637760
512 634 1397138 3131637760
512 635 1391802 3131637760
512 636 1399822 3131637760
512 637 1399150 3131637760
512 638 1400178 3131637760
512 639 1395266 3131637760
512 640 1394434 3131637760
512 641 1395646 3131637760
512 642 1398906 3131637760
512 643 1398890 3131637760
512 644 1401534 3131637760
512 645 1406630 3131637760
512 646 1400862 3131637760
512 647 1397810 3131637760
512 648 1403114 3131637760
512 649 1395650 3131637760
512 650 1398578 3131637760
512 651 1393642 3131637760
512 652 1395862 3131637760
512 653 1398330 3131637760
512 654 1397774 3131637760
512 655 1401126 3131637760
512 656 1393142 3131637760
512 657 1390206 3131637760
512 658 1400108 3131637760
512 659 1393750 3131637760
512 660 1401306 3131637760
512 661 1407582 3131637760
512 662 1394058 3131637760
512 663 1396310 3131637760
512 664 1398162 3131637760
512 665 1400078 3131637760
512 666 1396650 3131637760
512 667 1404866 3131637760
512 668 1403258 3131637760
512 669 1397158 3131637760
512 670 1398750 3131637760
512 671 1399746 3131637760
512 672 1398478 3131637760
512 673 1394454 3131637760
512 674 1394274 3131637760
512 675 1396438 3131637760
512 676 1397846 3131637760
512 677 1399806 3131637760
512 678 1390338 3131637760
512 679 1396010 3131637760
512 680 1397150 3131637760
512 681 1393866 3131637760
512 682 1397138 3131637760
512 683 1395819 3131637760
512 684 1390594 3131637760
512 685 1395306 3131637760
512 686 1395214 3131637760
512 687 1396422 3131637760
512 688 1401498 3131637760
512 689 1396942 3131637760
512 690 1398930 3131637760
512 691 1398670 3131637760
512 692 1398494 3131637760
512 693 1402006 3131637760
512 694 1397266 3131637760
512 695 1399102 3131637760
512 696 1398114 3131637760
512 697 1393156 3131637760
512 698 1399326 3131637760
512 699 1398094 3131637760
512 700 1397654 3131637760
512 701 1396398 3131637760
512 702 1401074 3131637760
512 703 1407126 3131637760
512 704 1397506 3131637760
512 705 1392294 3131637760
512 706 1397256 3131637760
512 707 1399506 3131637760
512 708 1393290 3131637760
512 709 1392006 3131637760
512 710 1397006 3131637760
512 711 1398214 3131637760
512 712 1389586 3131637760
512 713 1393354 3131637760
512 714 1402086 3131637760
512 715 1392706 3131637760
512 716 1400146 3131637760
512 717 1395506 3131637760
512 718 1401574 3131637760
512 719 1395742 3131637760
512 720 1399898 3131637760
512 721 1391670 3131637760
512 722 1395698 3131637760
512 723 1405570 3131637760
512 724 1393154 3131637760
512 725 1400542 3131637760
512 726 1393646 3131637760
512 727 1404282 3131637760
512 728 1402158 3131637760
512 729 1398050 3131637760
512 730 1396906 3131637760
512 731 1393706 3131637760
512 732 1403946 3131637760
512 733 1398718 3131637760
512 734 1399898 3131637760
512 735 1399714 3131637760
512 736 1388262 3131637760
512 737 1398002 3131637760
512 738 1394334 3131637760
512 739 1396722 3131637760
512 740 1398902 3131637760
512 741 1395626 3131637760
512 742 1394210 3131637760
512 743 1400566 3131637760
512 744 1398678 3131637760
512 745 1400054 3131637760
512 746 1400258 3131637760
512 747 1399714 3131637760
512 748 1399370 3131637760
512 749 1398478 3131637760
512 750 1402246 3131637760
512 751 1402282 3131637760
512 752 1396274 3131637760
512 753 1401826 3131637760
512 754 1402695 3131637760
512 755 1397559 3131637760
512 756 1393979 3131637760
512 757 1398907 3131637760
512 758 1404983 3131637760
512 759 1399139 3131637760
512 760 1401319 3131637760
512 761 1395611 3131637760
512 762 1392743 3131637760
512 763 1397775 3131637760
512 764 1397459 3131637760
512 765 1405258 3131637760
512 766 1398859 3131637760
512 767 1391879 3131637760
512 768 1397351 3131637760
512 769 1393617 3131637760
512 770 1397103 3131637760
512 771 1394679 3131637760
512 772 1393703 3131637760
512 773 1398067 3131637760
512 774 1399059 3131637760
512 775 1397115 3131637760
512 776 1396715 3131637760
512 777 1401725 3131637760
512 778 1396391 3131637760
512 779 1402295 3131637760
512 780 1399515 3131637760
512 781 1396635 3131637760
512 782 1399067 3131637760
512 783 1394659 3131637760
512 784 1396447 3131637760
512 785 1402039 3131637760
512 786 1394731 3131637760
512 787 1399279 3131637760
512 788 1400499 3131637760
512 789 1399679 3131637760
512 790 1400537 3131637760
512 791 1393529 3131637760
512 792 1389883 3131637760
512 793 1403732 3131637760
512 794 1399567 3131637760
512 795 1399919 3131637760
512 796 1398543 3131637760
512 797 1391579 3131637760
512 798 1399871 3131637760
512 799 1394743 3131637760
512 800 1391675 3131637760
512 801 1398659 3131637760
512 802 1396003 3131637760
512 803 1391503 3131637760
512 804 1394105 3131637760
512 805 1402003 3131637760
512 806 1405115 3131637760
512 807 1396419 3131637760
512 808 1395747 3131637760
512 809 1395327 3131637760
512 810 1399023 3131637760
512 811 1398707 3131637760
512 812 1403719 3131637760
512 813 1395295 3131637760
512 814 1394080 3131637760
512 815 1395547 3131637760
512 816 1396923 3131637760
512 817 1395167 3131637760
512 818 1402363 3131637760
512 819 1388831 3131637760
512 820 1401115 3131637760
512 821 1394115 3131637760
512 822 1398035 3131637760
512 823 1394655 3131637760
512 824 1395195 3131637760
512 825 1395848 3131637760
512 826 1403275 3131637760
512 827 1401982 3131637760
512 828 1397550 3131637760
512 829 1408574 3131637760
512 830 1399250 3131637760
512 831 1398082 3131637760
512 832 1395638 3131637760
512 833 1403074 3131637760
512 834 1392250 3131637760
512 835 1393766 3131637760
512 836 1392242 3131637760
512 837 1392906 3131637760
512 838 1397218 3131637760
512 839 1405202 3131637760
512 840 1405322 3131637760
512 841 1391398 3131637760
512 842 1388866 3131637760
512 843 1406542 3131637760
512 844 1400274 3131637760
512 845 1394370 3131637760
512 846 1405166 3131637760
512 847 1399786 3131637760
512 848 1393001 3131637760
512 849 1392106 3131637760
512 850 1394706 3131637760
512 851 1396894 3131637760
512 852 1396446 3131637760
512 853 1394634 3131637760
512 854 1399226 3131637760
512 855 1393370 3131637760
512 856 1400813 3131637760
512 857 1401034 3131637760
512 858 1402626 3131637760
512 859 1398150 3131637760
512 860 1402954 3131637760
512 861 1402818 3131637760
512 862 1404898 3131637760
512 863 1401250 3131637760
512 864 1396520 3131637760
512 865 1397834 3131637760
512 866 1397770 3131637760
512 867 1399314 3131637760
512 868 1395198 3131637760
512 869 1399550 3131637760
512 870 1396178 3131637760
512 871 1393498 3131637760
512 872 1398650 3131637760
512 873 1399546 3131637760
512 874 1397226 3131637760
512 875 1392422 3131637760
512 876 1403266 3131637760
512 877 1390506 3131637760
512 878 1395866 3131637760
512 879 1399270 3131637760
512 880 1399486 3131637760
512 881 1397850 3131637760
512 882 1394130 3131637760
512 883 1398438 3131637760
512 884 1403770 3131637760
512 885 1399396 3131637760
512 886 1393468 3131637760
512 887 1400038 3131637760
512 888 1392974 3131637760
512 889 1405122 3131637760
512 890 1400662 3131637760
512 891 1393978 3131637760
512 892 1402078 3131637760
512 893 1402471 3131637760
512 894 1400498 3131637760
512 895 1402194 3131637760
512 896 1400110 3131637760
512 897 1400234 3131637760
512 898 1393062 3131637760
512 899 1396092 3131637760
512 900 1402350 3131637760
512 901 1400560 3131637760
512 902 1401380 3131637760
512 903 1394226 3131637760
512 904 1394167 3131637760
512 905 1404610 3131637760
512 906 1402378 3131637760
512 907 1390990 3131637760
512 908 1392482 3131637760
512 909 1398074 3131637760
512 910 1392202 3131637760
512 911 1393586 3131637760
512 912 1403470 3131637760
512 913 1401838 3131637760
512 914 1401050 3131637760
512 915 1393702 3131637760
512 916 1395750 3131637760
512 917 1401390 3131637760
512 918 1407518 3131637760
512 919 1399458 3131637760
512 920 1391026 3131637760
512 921 1391050 3131637760
512 922 1396534 3131637760
512 923 1392734 3131637760
512 924 1391826 3131637760
512 925 1387610 3131637760
512 926 1395094 3131637760
512 927 1391982 3131637760
512 928 1398366 3131637760
512 929 1404186 3131637760
512 930 1401680 3131637760
512 931 1397678 3131637760
512 932 1397510 3131637760
512 933 1395358 3131637760
512 934 1398418 3131637760
512 935 1397278 3131637760
512 936 1394102 3131637760
512 937 1391657 3131637760
512 938 1404356 3131637760
512 939 1397994 3131637760
512 940 1402298 3131637760
512 941 1394038 3131637760
512 942 1400398 3131637760
512 943 1398362 3131637760
512 944 1397278 3131637760
512 945 1395994 3131637760
512 946 1400834 3131637760
512 947 1404366 3131637760
512 948 1396452 3131637760
512 949 1405342 3131637760
512 950 1398257 3131637760
512 951 1404778 3131637760
512 952 1408522 3131637760
512 953 1392110 3131637760
512 954 1398782 3131637760
512 955 1395966 3131637760
512 956 1395694 3131637760
512 957 1393642 3131637760
512 958 1395142 3131637760
512 959 1395650 3131637760
512 960 1400458 3131637760
512 961 1400166 3131637760
512 962 1395318 3131637760
512 963 1399766 3131637760
512 964 1394818 3131637760
512 965 1396938 3131637760
512 966 1395286 3131637760
512 967 1386378 3131637760
512 968 1399238 3131637760
512 969 1396838 3131637760
512 970 1394066 3131637760
512 971 1402018 3131637760
512 972 1400862 3131637760
512 973 1400030 3131637760
512 974 1397898 3131637760
512 975 1396462 3131637760
512 976 1393602 3131637760
512 977 1400886 3131637760
512 978 1393306 3131637760
512 979 1400458 3131637760
512 980 1395314 3131637760
512 981 1398118 3131637760
512 982 1399488 3131637760
512 983 1394766 3131637760
512 984 1396782 3131637760
512 985 1399502 3131637760
512 986 1397874 3131637760
512 987 1399562 3131637760
512 988 1397118 3131637760
512 989 1396446 3131637760
512 990 1398474 3131637760
512 991 1395580 3131637760
512 992 1393806 3131637760
512 993 1393257 3131637760
512 994 1402550 3131637760
512 995 1401766 3131637760
512 996 1396098 3131637760
512 997 1394826 3131637760
512 998 1397326 3131637760
512 999 1400654 3131637760
