128 0 1198446 116035584
128 1 1147874 116035584
128 2 1147209 116035584
128 3 1149548 116035584
128 4 1147918 116035584
128 5 1147894 116035584
128 6 1147474 116035584
128 7 1148047 116035584
128 8 1147292 116035584
128 9 1147977 116035584
128 10 1147341 116035584
128 11 1146773 116035584
128 12 1147474 116035584
128 13 1147029 116035584
128 14 1147742 116035584
128 15 1147633 116035584
128 16 1149306 116035584
128 17 1148138 116035584
128 18 1147050 116035584
128 19 1147868 116035584
128 20 1147763 116035584
128 21 1147712 116035584
128 22 1147382 116035584
128 23 1147395 116035584
128 24 1147178 116035584
128 25 1147191 116035584
128 26 1148033 116035584
128 27 1147346 116035584
128 28 1147528 116035584
128 29 1149680 116035584
128 30 1147198 116035584
128 31 1146988 116035584
128 32 1148037 116035584
128 33 1148331 116035584
128 34 1147087 116035584
128 35 1147957 116035584
128 36 1147299 116035584
128 37 1147543 116035584
128 38 1146985 116035584
128 39 1147913 116035584
128 40 1147266 116035584
128 41 1147275 116035584
128 42 1148774 116035584
128 43 1147605 116035584
128 44 1148616 116035584
128 45 1148322 116035584
128 46 1147698 116035584
128 47 1148048 116035584
128 48 1148266 116035584
128 49 1147461 116035584
128 50 1147340 116035584
128 51 1147562 116035584
128 52 1147385 116035584
128 53 1147881 116035584
128 54 1148032 116035584
128 55 1149111 116035584
128 56 1147711 116035584
128 57 1147009 116035584
128 58 1147905 116035584
128 59 1147525 116035584
128 60 1146847 116035584
128 61 1148077 116035584
128 62 1147372 116035584
128 63 1148220 116035584
128 64 1148156 116035584
128 65 1147810 116035584
128 66 1147803 116035584
128 67 1148077 116035584
128 68 1149555 116035584
128 69 1147745 116035584
128 70 1147493 116035584
128 71 1148397 116035584
128 72 1148185 116035584
128 73 1147291 116035584
128 74 1147073 116035584
128 75 1147768 116035584
128 76 1147944 116035584
128 77 1147395 116035584
128 78 1147516 116035584
128 79 1147259 116035584
128 80 1147843 116035584
128 81 1149182 116035584
128 82 1147361 116035584
128 83 1147781 116035584
128 84 1147849 116035584
128 85 1147815 116035584
128 86 1147845 116035584
128 87 1147174 116035584
128 88 1147236 116035584
128 89 1147509 116035584
128 90 1147603 116035584
128 91 1147174 116035584
128 92 1147113 116035584
128 93 1147596 116035584
128 94 1148786 116035584
128 95 1146549 116035584
128 96 1147535 116035584
128 97 1148140 116035584
128 98 1147485 116035584
128 99 1146484 116035584
128 100 1147585 116035584
128 101 1147116 116035584
128 102 1147614 116035584
128 103 1147117 116035584
128 104 1147920 116035584
128 105 1146561 116035584
128 106 1147692 116035584
128 107 1147778 116035584
128 108 1147306 116035584
128 109 1147595 116035584
128 110 1147547 116035584
128 111 1148397 116035584
128 112 1147194 116035584
128 113 1147375 116035584
128 114 1148210 116035584
128 115 1147581 116035584
128 116 1148037 116035584
128 117 1147550 116035584
128 118 1147334 116035584
128 119 1147693 116035584
128 120 1147201 116035584
128 121 1148331 116035584
128 122 1147523 116035584
128 123 1148084 116035584
128 124 1147322 116035584
128 125 1147583 116035584
128 126 1147656 116035584
128 127 1148154 116035584
128 128 1148528 116035584
128 129 1147327 116035584
128 130 1147170 116035584
128 131 1147365 116035584
128 132 1146397 116035584
128 133 1147059 116035584
128 134 1146523 116035584
128 135 1146930 116035584
128 136 1148281 116035584
128 137 1147413 116035584
128 138 1147334 116035584
128 139 1147336 116035584
128 140 1147493 116035584
128 141 1147906 116035584
128 142 1148019 116035584
128 143 1147151 116035584
128 144 1147309 116035584
128 145 1148820 116035584
128 146 1147262 116035584
128 147 1147185 116035584
128 148 1147606 116035584
128 149 1147384 116035584
128 150 1146618 116035584
128 151 1147217 116035584
128 152 1146822 116035584
128 153 1147504 116035584
128 154 1147027 116035584
128 155 1147482 116035584
128 156 1147783 116035584
128 157 1146985 116035584
128 158 1147626 116035584
128 159 1148152 116035584
128 160 1148093 116035584
128 161 1147569 116035584
128 162 1149074 116035584
128 163 1146901 116035584
128 164 1148139 116035584
128 165 1147400 116035584
128 166 1147106 116035584
128 167 1147751 116035584
128 168 1147715 116035584
128 169 1147702 116035584
128 170 1148479 116035584
128 171 1147149 116035584
128 172 1147046 116035584
128 173 1147331 116035584
128 174 1147187 116035584
128 175 1147784 116035584
128 176 1147711 116035584
128 177 1147353 116035584
128 178 1148145 116035584
128 179 1149105 116035584
128 180 1148022 116035584
128 181 1147280 116035584
128 182 1147666 116035584
128 183 1147400 116035584
128 184 1147090 116035584
128 185 1147660 116035584
128 186 1147176 116035584
128 187 1147224 116035584
128 188 1147024 116035584
128 189 1148175 116035584
128 190 1147521 116035584
128 191 1147799 116035584
128 192 1147225 116035584
128 193 1147390 116035584
128 194 1147847 116035584
128 195 1147134 116035584
128 196 1148536 116035584
128 197 1147251 116035584
128 198 1147589 116035584
128 199 1147155 116035584
128 200 1147622 116035584
128 201 1147597 116035584
128 202 1147597 116035584
128 203 1147143 116035584
128 204 1147215 116035584
128 205 1147758 116035584
128 206 1147493 116035584
128 207 1147335 116035584
128 208 1148140 116035584
128 209 1147261 116035584
128 210 1148016 116035584
128 211 1146996 116035584
128 212 1147220 116035584
128 213 1148935 116035584
128 214 1147241 116035584
128 215 1147457 116035584
128 216 1148147 116035584
128 217 1147123 116035584
128 218 1147364 116035584
128 219 1148005 116035584
128 220 1147874 116035584
128 221 1146847 116035584
128 222 1146608 116035584
128 223 1147629 116035584
128 224 1148752 116035584
128 225 1147841 116035584
128 226 1148454 116035584
128 227 1148031 116035584
128 228 1147413 116035584
128 229 1147359 116035584
128 230 1149307 116035584
128 231 1147427 116035584
128 232 1148215 116035584
128 233 1147648 116035584
128 234 1147731 116035584
128 235 1147599 116035584
128 236 1147567 116035584
128 237 1148073 116035584
128 238 1148009 116035584
128 239 1148140 116035584
128 240 1147364 116035584
128 241 1147949 116035584
128 242 1147670 116035584
128 243 1147829 116035584
128 244 1147641 116035584
128 245 1147174 116035584
128 246 1147471 116035584
128 247 1149311 116035584
128 248 1147331 116035584
128 249 1148091 116035584
128 250 1146280 116035584
128 251 1148844 116035584
128 252 1147260 116035584
128 253 1147366 116035584
128 254 1147845 116035584
128 255 1147737 116035584
128 256 1146477 116035584
128 257 1147444 116035584
128 258 1147271 116035584
128 259 1147543 116035584
128 260 1147398 116035584
128 261 1148054 116035584
128 262 1147720 116035584
128 263 1147134 116035584
128 264 1149396 116035584
128 265 1147595 116035584
128 266 1147710 116035584
128 267 1147886 116035584
128 268 1149227 116035584
128 269 1147683 116035584
128 270 1147742 116035584
128 271 1147303 116035584
128 272 1147727 116035584
128 273 1147634 116035584
128 274 1147228 116035584
128 275 1147468 116035584
128 276 1147101 116035584
128 277 1147013 116035584
128 278 1147188 116035584
128 279 1147391 116035584
128 280 1147502 116035584
128 281 1149148 116035584
128 282 1147880 116035584
128 283 1147339 116035584
128 284 1147644 116035584
128 285 1148211 116035584
128 286 1148173 116035584
128 287 1148029 116035584
128 288 1147813 116035584
128 289 1147396 116035584
128 290 1147104 116035584
128 291 1147789 116035584
128 292 1146991 116035584
128 293 1147464 116035584
128 294 1148105 116035584
128 295 1147876 116035584
128 296 1147453 116035584
128 297 1147607 116035584
128 298 1149100 116035584
128 299 1147791 116035584
128 300 1147735 116035584
128 301 1147420 116035584
128 302 1149098 116035584
128 303 1147561 116035584
128 304 1148234 116035584
128 305 1147494 116035584
128 306 1147713 116035584
128 307 1147731 116035584
128 308 1147080 116035584
128 309 1147432 116035584
128 310 1147977 116035584
128 311 1147609 116035584
128 312 1147379 116035584
128 313 1147768 116035584
128 314 1147663 116035584
128 315 1149136 116035584
128 316 1146907 116035584
128 317 1148122 116035584
128 318 1147248 116035584
128 319 1149297 116035584
128 320 1147990 116035584
128 321 1147685 116035584
128 322 1148005 116035584
128 323 1147082 116035584
128 324 1147934 116035584
128 325 1148117 116035584
128 326 1148033 116035584
128 327 1147300 116035584
128 328 1147893 116035584
128 329 1148068 116035584
128 330 1147657 116035584
128 331 1147500 116035584
128 332 1149428 116035584
128 333 1148433 116035584
128 334 1147299 116035584
128 335 1147614 116035584
128 336 1149616 116035584
128 337 1147437 116035584
128 338 1148302 116035584
128 339 1147494 116035584
128 340 1148191 116035584
128 341 1147422 116035584
128 342 1147916 116035584
128 343 1147419 116035584
128 344 1147744 116035584
128 345 1148340 116035584
128 346 1147940 116035584
128 347 1147464 116035584
128 348 1147671 116035584
128 349 1149548 116035584
128 350 1148048 116035584
128 351 1147337 116035584
128 352 1147109 116035584
128 353 1148833 116035584
128 354 1147309 116035584
128 355 1147532 116035584
128 356 1147342 116035584
128 357 1147113 116035584
128 358 1147257 116035584
128 359 1147429 116035584
128 360 1147763 116035584
128 361 1148722 116035584
128 362 1147115 116035584
128 363 1146979 116035584
128 364 1147027 116035584
128 365 1147231 116035584
128 366 1149188 116035584
128 367 1148065 116035584
128 368 1147028 116035584
128 369 1147154 116035584
128 370 1149108 116035584
128 371 1146973 116035584
128 372 1147448 116035584
128 373 1147318 116035584
128 374 1147410 116035584
128 375 1147858 116035584
128 376 1148339 116035584
128 377 1147161 116035584
128 378 1148182 116035584
128 379 1147580 116035584
128 380 1147126 116035584
128 381 1147689 116035584
128 382 1147850 116035584
128 383 1148935 116035584
128 384 1148251 116035584
128 385 1147800 116035584
128 386 1147035 116035584
128 387 1149373 116035584
128 388 1147808 116035584
128 389 1147840 116035584
128 390 1147928 116035584
128 391 1147647 116035584
128 392 1147684 116035584
128 393 1147460 116035584
128 394 1147605 116035584
128 395 1147893 116035584
128 396 1148143 116035584
128 397 1148174 116035584
128 398 1147864 116035584
128 399 1147366 116035584
128 400 1149656 116035584
128 401 1148094 116035584
128 402 1147712 116035584
128 403 1147743 116035584
128 404 1148348 116035584
128 405 1148326 116035584
128 406 1148492 116035584
128 407 1147602 116035584
128 408 1147205 116035584
128 409 1147523 116035584
128 410 1147925 116035584
128 411 1147862 116035584
128 412 1148260 116035584
128 413 1146836 116035584
128 414 1147409 116035584
128 415 1147302 116035584
128 416 1147420 116035584
128 417 1149247 116035584
128 418 1147828 116035584
128 419 1147442 116035584
128 420 1147771 116035584
128 421 1148746 116035584
128 422 1146665 116035584
128 423 1147426 116035584
128 424 1147529 116035584
128 425 1147840 116035584
128 426 1147850 116035584
128 427 1147301 116035584
128 428 1146832 116035584
128 429 1148055 116035584
128 430 1147905 116035584
128 431 1147927 116035584
128 432 1148026 116035584
128 433 1147424 116035584
128 434 1148996 116035584
128 435 1147696 116035584
128 436 1148108 116035584
128 437 1147477 116035584
128 438 1148505 116035584
128 439 1148192 116035584
128 440 1146926 116035584
128 441 1147465 116035584
128 442 1147759 116035584
128 443 1147528 116035584
128 444 1148183 116035584
128 445 1147655 116035584
128 446 1148967 116035584
128 447 1146745 116035584
128 448 1147495 116035584
128 449 1148161 116035584
128 450 1147205 116035584
128 451 1149191 116035584
128 452 1147240 116035584
128 453 1147644 116035584
128 454 1147304 116035584
128 455 1149194 116035584
128 456 1147670 116035584
128 457 1147264 116035584
128 458 1147952 116035584
128 459 1147857 116035584
128 460 1147582 116035584
128 461 1147300 116035584
128 462 1147947 116035584
128 463 1148009 116035584
128 464 1147411 116035584
128 465 1147657 116035584
128 466 1148722 116035584
128 467 1147945 116035584
128 468 1148701 116035584
128 469 1147675 116035584
128 470 1148287 116035584
128 471 1147713 116035584
128 472 1148926 116035584
128 473 1147580 116035584
128 474 1147397 116035584
128 475 1147303 116035584
128 476 1147733 116035584
128 477 1147584 116035584
128 478 1147501 116035584
128 479 1147752 116035584
128 480 1147569 116035584
128 481 1147807 116035584
128 482 1147911 116035584
128 483 1147658 116035584
128 484 1147778 116035584
128 485 1148832 116035584
128 486 1147666 116035584
128 487 1147689 116035584
128 488 1147503 116035584
128 489 1148260 116035584
128 490 1147763 116035584
128 491 1147403 116035584
128 492 1148110 116035584
128 493 1148202 116035584
128 494 1147736 116035584
128 495 1147892 116035584
128 496 1147959 116035584
128 497 1147112 116035584
128 498 1147090 116035584
128 499 1147856 116035584
128 500 1147256 116035584
128 501 1147826 116035584
128 502 1147482 116035584
128 503 1147332 116035584
128 504 1147730 116035584
128 505 1147475 116035584
128 506 1149155 116035584
128 507 1147758 116035584
128 508 1147529 116035584
128 509 1148129 116035584
128 510 1148021 116035584
128 511 1147614 116035584
128 512 1147283 116035584
128 513 1148150 116035584
128 514 1147527 116035584
128 515 1146937 116035584
128 516 1147998 116035584
128 517 1147658 116035584
128 518 1148143 116035584
128 519 1147313 116035584
128 520 1147217 116035584
128 521 1147591 116035584
128 522 1147273 116035584
128 523 1148487 116035584
128 524 1147472 116035584
128 525 1147743 116035584
128 526 1147368 116035584
128 527 1147197 116035584
128 528 1147269 116035584
128 529 1147536 116035584
128 530 1147851 116035584
128 531 1147967 116035584
128 532 1147721 116035584
128 533 1148229 116035584
128 534 1147396 116035584
128 535 1147120 116035584
128 536 1147159 116035584
128 537 1147289 116035584
128 538 1148240 116035584
128 539 1147452 116035584
128 540 1148398 116035584
128 541 1147379 116035584
128 542 1148115 116035584
128 543 1148001 116035584
128 544 1147099 116035584
128 545 1147600 116035584
128 546 1146853 116035584
128 547 1147429 116035584
128 548 1147412 116035584
128 549 1147422 116035584
128 550 1148452 116035584
128 551 1147557 116035584
128 552 1147919 116035584
128 553 1147906 116035584
128 554 1148252 116035584
128 555 1148612 116035584
128 556 1147382 116035584
128 557 1149546 116035584
128 558 1147467 116035584
128 559 1147684 116035584
128 560 1147315 116035584
128 561 1147299 116035584
128 562 1147680 116035584
128 563 1147070 116035584
128 564 1147574 116035584
128 565 1147742 116035584
128 566 1147304 116035584
128 567 1147018 116035584
128 568 1148045 116035584
128 569 1147782 116035584
128 570 1147664 116035584
128 571 1147446 116035584
128 572 1147001 116035584
128 573 1146873 116035584
128 574 1148915 116035584
128 575 1147549 116035584
128 576 1147453 116035584
128 577 1147376 116035584
128 578 1147918 116035584
128 579 1146833 116035584
128 580 1147812 116035584
128 581 1147550 116035584
128 582 1146823 116035584
128 583 1147560 116035584
128 584 1147095 116035584
128 585 1147159 116035584
128 586 1147595 116035584
128 587 1146938 116035584
128 588 1147153 116035584
128 589 1146986 116035584
128 590 1146748 116035584
128 591 1148315 116035584
128 592 1148491 116035584
128 593 1146890 116035584
128 594 1147439 116035584
128 595 1146960 116035584
128 596 1146963 116035584
128 597 1148556 116035584
128 598 1147722 116035584
128 599 1147798 116035584
128 600 1148119 116035584
128 601 1147195 116035584
128 602 1147165 116035584
128 603 1147455 116035584
128 604 1147890 116035584
128 605 1147304 116035584
128 606 1148142 116035584
128 607 1147103 116035584
128 608 1148651 116035584
128 609 1147525 116035584
128 610 1147612 116035584
128 611 1147729 116035584
128 612 1147641 116035584
128 613 1147665 116035584
128 614 1147395 116035584
128 615 1148114 116035584
128 616 1147585 116035584
128 617 1147910 116035584
128 618 1148013 116035584
128 619 1147521 116035584
128 620 1147550 116035584
128 621 1148193 116035584
128 622 1148004 116035584
128 623 1148233 116035584
128 624 1148345 116035584
128 625 1148867 116035584
128 626 1147642 116035584
128 627 1147088 116035584
128 628 1147732 116035584
128 629 1147996 116035584
128 630 1147434 116035584
128 631 1147269 116035584
128 632 1148237 116035584
128 633 1147487 116035584
128 634 1147435 116035584
128 635 1147365 116035584
128 636 1147475 116035584
128 637 1147692 116035584
128 638 1146966 116035584
128 639 1147596 116035584
128 640 1147858 116035584
128 641 1148143 116035584
128 642 1148993 116035584
128 643 1147601 116035584
128 644 1147518 116035584
128 645 1147176 116035584
128 646 1147376 116035584
128 647 1148069 116035584
128 648 1146950 116035584
128 649 1147075 116035584
128 650 1147517 116035584
128 651 1147392 116035584
128 652 1147653 116035584
128 653 1147258 116035584
128 654 1147324 116035584
128 655 1147181 116035584
128 656 1147910 116035584
128 657 1147656 116035584
128 658 1147598 116035584
128 659 1149906 116035584
128 660 1147822 116035584
128 661 1147111 116035584
128 662 1148223 116035584
128 663 1149690 116035584
128 664 1148242 116035584
128 665 1147989 116035584
128 666 1148172 116035584
128 667 1147398 116035584
128 668 1146384 116035584
128 669 1147803 116035584
128 670 1147785 116035584
128 671 1147878 116035584
128 672 1147552 116035584
128 673 1148000 116035584
128 674 1147341 116035584
128 675 1147377 116035584
128 676 1149470 116035584
128 677 1148187 116035584
128 678 1147351 116035584
128 679 1147904 116035584
128 680 1149357 116035584
128 681 1148273 116035584
128 682 1147893 116035584
128 683 1147344 116035584
128 684 1148316 116035584
128 685 1146963 116035584
128 686 1147481 116035584
128 687 1147265 116035584
128 688 1147644 116035584
128 689 1147439 116035584
128 690 1147073 116035584
128 691 1147749 116035584
128 692 1148150 116035584
128 693 1149795 116035584
128 694 1147723 116035584
128 695 1147830 116035584
128 696 1147682 116035584
128 697 1149737 116035584
128 698 1148690 116035584
128 699 1147220 116035584
128 700 1146832 116035584
128 701 1147301 116035584
128 702 1147426 116035584
128 703 1147851 116035584
128 704 1147774 116035584
128 705 1147066 116035584
128 706 1147378 116035584
128 707 1147146 116035584
128 708 1147581 116035584
128 709 1147232 116035584
128 710 1148573 116035584
128 711 1147202 116035584
128 712 1147783 116035584
128 713 1147477 116035584
128 714 1149396 116035584
128 715 1146933 116035584
128 716 1147421 116035584
128 717 1147652 116035584
128 718 1148078 116035584
128 719 1147453 116035584
128 720 1147195 116035584
128 721 1147142 116035584
128 722 1148437 116035584
128 723 1147160 116035584
128 724 1147221 116035584
128 725 1147619 116035584
128 726 1146966 116035584
128 727 1148898 116035584
128 728 1146808 116035584
128 729 1147526 116035584
128 730 1147667 116035584
128 731 1149200 116035584
128 732 1148464 116035584
128 733 1147765 116035584
128 734 1148147 116035584
128 735 1147166 116035584
128 736 1147746 116035584
128 737 1146811 116035584
128 738 1147600 116035584
128 739 1147746 116035584
128 740 1147246 116035584
128 741 1146823 116035584
128 742 1147998 116035584
128 743 1147408 116035584
128 744 1149271 116035584
128 745 1148745 116035584
128 746 1146704 116035584
128 747 1146898 116035584
128 748 1148900 116035584
128 749 1147801 116035584
128 750 1147536 116035584
128 751 1147977 116035584
128 752 1147681 116035584
128 753 1147604 116035584
128 754 1147046 116035584
128 755 1147598 116035584
128 756 1147198 116035584
128 757 1147515 116035584
128 758 1147597 116035584
128 759 1147414 116035584
128 760 1148432 116035584
128 761 1149431 116035584
128 762 1148384 116035584
128 763 1148254 116035584
128 764 1147668 116035584
128 765 1149286 116035584
128 766 1147578 116035584
128 767 1148171 116035584
128 768 1147533 116035584
128 769 1147692 116035584
128 770 1147909 116035584
128 771 1147392 116035584
128 772 1147193 116035584
128 773 1148431 116035584
128 774 1147640 116035584
128 775 1148058 116035584
128 776 1147764 116035584
128 777 1147274 116035584
128 778 1149489 116035584
128 779 1147973 116035584
128 780 1146820 116035584
128 781 1147282 116035584
128 782 1149019 116035584
128 783 1147353 116035584
128 784 1147316 116035584
128 785 1147194 116035584
128 786 1147612 116035584
128 787 1147116 116035584
128 788 1147445 116035584
128 789 1147580 116035584
128 790 1147715 116035584
128 791 1148109 116035584
128 792 1147521 116035584
128 793 1147990 116035584
128 794 1147421 116035584
128 795 1149300 116035584
128 796 1147169 116035584
128 797 1147797 116035584
128 798 1147733 116035584
128 799 1149644 116035584
128 800 1147815 116035584
128 801 1147122 116035584
128 802 1147574 116035584
128 803 1148021 116035584
128 804 1147956 116035584
128 805 1147911 116035584
128 806 1148177 116035584
128 807 1147414 116035584
128 808 1147682 116035584
128 809 1147100 116035584
128 810 1147590 116035584
128 811 1147589 116035584
128 812 1149752 116035584
128 813 1147127 116035584
128 814 1147789 116035584
128 815 1147523 116035584
128 816 1149415 116035584
128 817 1148230 116035584
128 818 1148187 116035584
128 819 1147363 116035584
128 820 1146647 116035584
128 821 1147085 116035584
128 822 1147832 116035584
128 823 1148142 116035584
128 824 1147251 116035584
128 825 1147375 116035584
128 826 1147508 116035584
128 827 1147446 116035584
128 828 1147961 116035584
128 829 1148661 116035584
128 830 1147988 116035584
128 831 1147383 116035584
128 832 1147790 116035584
128 833 1148571 116035584
128 834 1147522 116035584
128 835 1147372 116035584
128 836 1147393 116035584
128 837 1147767 116035584
128 838 1147644 116035584
128 839 1147141 116035584
128 840 1147296 116035584
128 841 1147547 116035584
128 842 1147658 116035584
128 843 1147201 116035584
128 844 1148236 116035584
128 845 1147221 116035584
128 846 1149126 116035584
128 847 1147495 116035584
128 848 1147036 116035584
128 849 1147783 116035584
128 850 1149046 116035584
128 851 1147547 116035584
128 852 1146999 116035584
128 853 1147031 116035584
128 854 1147098 116035584
128 855 1147244 116035584
128 856 1147799 116035584
128 857 1147020 116035584
128 858 1148054 116035584
128 859 1147732 116035584
128 860 1147221 116035584
128 861 1147137 116035584
128 862 1147692 116035584
128 863 1148634 116035584
128 864 1147064 116035584
128 865 1147866 116035584
128 866 1148059 116035584
128 867 1148924 116035584
128 868 1147534 116035584
128 869 1147356 116035584
128 870 1148013 116035584
128 871 1147816 116035584
128 872 1147254 116035584
128 873 1147481 116035584
128 874 1148269 116035584
128 875 1148392 116035584
128 876 1147482 116035584
128 877 1147562 116035584
128 878 1147811 116035584
128 879 1147661 116035584
128 880 1149413 116035584
128 881 1147016 116035584
128 882 1147331 116035584
128 883 1148230 116035584
128 884 1148938 116035584
128 885 1146966 116035584
128 886 1147758 116035584
128 887 1148249 116035584
128 888 1147452 116035584
128 889 1147885 116035584
128 890 1147324 116035584
128 891 1147725 116035584
128 892 1147945 116035584
128 893 1146918 116035584
128 894 1147762 116035584
128 895 1147787 116035584
128 896 1147705 116035584
128 897 1148327 116035584
128 898 1148154 116035584
128 899 1147363 116035584
128 900 1147204 116035584
128 901 1149556 116035584
128 902 1147028 116035584
128 903 1147452 116035584
128 904 1147730 116035584
128 905 1148457 116035584
128 906 1147744 116035584
128 907 1147060 116035584
128 908 1147867 116035584
128 909 1147609 116035584
128 910 1147405 116035584
128 911 1147001 116035584
128 912 1147193 116035584
128 913 1146996 116035584
128 914 1147454 116035584
128 915 1146896 116035584
128 916 1148073 116035584
128 917 1148148 116035584
128 918 1148878 116035584
128 919 1147635 116035584
128 920 1147460 116035584
128 921 1147819 116035584
128 922 1147208 116035584
128 923 1148017 116035584
128 924 1147374 116035584
128 925 1147280 116035584
128 926 1148067 116035584
128 927 1147218 116035584
128 928 1147739 116035584
128 929 1147496 116035584
128 930 1147482 116035584
128 931 1146869 116035584
128 932 1147428 116035584
128 933 1147959 116035584
128 934 1148195 116035584
128 935 1148945 116035584
128 936 1147838 116035584
128 937 1148128 116035584
128 938 1147735 116035584
128 939 1147655 116035584
128 940 1147653 116035584
128 941 1147848 116035584
128 942 1148500 116035584
128 943 1148293 116035584
128 944 1147581 116035584
128 945 1147743 116035584
128 946 1147342 116035584
128 947 1147103 116035584
128 948 1146980 116035584
128 949 1147877 116035584
128 950 1146995 116035584
128 951 1147624 116035584
128 952 1148935 116035584
128 953 1147642 116035584
128 954 1147254 116035584
128 955 1148265 116035584
128 956 1148112 116035584
128 957 1148352 116035584
128 958 1146719 116035584
128 959 1147332 116035584
128 960 1146848 116035584
128 961 1147495 116035584
128 962 1147690 116035584
128 963 1147686 116035584
128 964 1148656 116035584
128 965 1147261 116035584
128 966 1147889 116035584
128 967 1147404 116035584
128 968 1147544 116035584
128 969 1148872 116035584
128 970 1147598 116035584
128 971 1147782 116035584
128 972 1147644 116035584
128 973 1147845 116035584
128 974 1147797 116035584
128 975 1147714 116035584
128 976 1147263 116035584
128 977 1147632 116035584
128 978 1147239 116035584
128 979 1148244 116035584
128 980 1147873 116035584
128 981 1148067 116035584
128 982 1146775 116035584
128 983 1147142 116035584
128 984 1147845 116035584
128 985 1147475 116035584
128 986 1149289 116035584
128 987 1147919 116035584
128 988 1147490 116035584
128 989 1147495 116035584
128 990 1147835 116035584
128 991 1147362 116035584
128 992 1147154 116035584
128 993 1148159 116035584
128 994 1146894 116035584
128 995 1148039 116035584
128 996 1148439 116035584
128 997 1147815 116035584
128 998 1147745 116035584
128 999 1147227 116035584
