512 0 21991172 3131637760
512 1 21648633 3131637760
512 2 21656030 3131637760
512 3 21675323 3131637760
512 4 21645992 3131637760
512 5 21607782 3131637760
512 6 21645838 3131637760
512 7 21700552 3131637760
512 8 21655552 3131637760
512 9 21660489 3131637760
512 10 21634509 3131637760
512 11 21650645 3131637760
512 12 21640971 3131637760
512 13 21636420 3131637760
512 14 21634772 3131637760
512 15 21653067 3131637760
512 16 21661003 3131637760
512 17 21665487 3131637760
512 18 21649352 3131637760
512 19 21650051 3131637760
512 20 21640176 3131637760
512 21 21637828 3131637760
512 22 21624888 3131637760
512 23 21633895 3131637760
512 24 21673722 3131637760
512 25 21666707 3131637760
512 26 21646122 3131637760
512 27 21659262 3131637760
512 28 21731195 3131637760
512 29 21707682 3131637760
512 30 21658305 3131637760
512 31 21651879 3131637760
512 32 21630203 3131637760
512 33 21675399 3131637760
512 34 21612272 3131637760
512 35 21648942 3131637760
512 36 21609576 3131637760
512 37 21662542 3131637760
512 38 21681450 3131637760
512 39 21597080 3131637760
512 40 21599777 3131637760
512 41 21643618 3131637760
512 42 21650483 3131637760
512 43 21643247 3131637760
512 44 21583938 3131637760
512 45 21620960 3131637760
512 46 21643050 3131637760
512 47 21593948 3131637760
512 48 21589063 3131637760
512 49 21625746 3131637760
512 50 21567182 3131637760
512 51 21665464 3131637760
512 52 21614477 3131637760
512 53 21603501 3131637760
512 54 21624344 3131637760
512 55 21590490 3131637760
512 56 21618774 3131637760
512 57 21640037 3131637760
512 58 21645518 3131637760
512 59 21649236 3131637760
512 60 21662579 3131637760
512 61 21654156 3131637760
512 62 21617558 3131637760
512 63 21688015 3131637760
512 64 21672536 3131637760
512 65 21617705 3131637760
512 66 21634810 3131637760
512 67 21681527 3131637760
512 68 21656298 3131637760
512 69 21639893 3131637760
512 70 21628056 3131637760
512 71 21622093 3131637760
512 72 21648013 3131637760
512 73 21702431 3131637760
512 74 21653316 3131637760
512 75 21678207 3131637760
512 76 21640745 3131637760
512 77 21613682 3131637760
512 78 21654459 3131637760
512 79 21616784 3131637760
512 80 21657744 3131637760
512 81 21645933 3131637760
512 82 21687476 3131637760
512 83 21652849 3131637760
512 84 21661420 3131637760
512 85 21632076 3131637760
512 86 21580138 3131637760
512 87 21595959 3131637760
512 88 21596428 3131637760
512 89 21657310 3131637760
512 90 21658062 3131637760
512 91 21708844 3131637760
512 92 21634101 3131637760
512 93 21663753 3131637760
512 94 21666677 3131637760
512 95 21715166 3131637760
512 96 21762299 3131637760
512 97 21666122 3131637760
512 98 21666188 3131637760
512 99 21712389 3131637760
512 100 21690600 3131637760
512 101 21691176 3131637760
512 102 21647024 3131637760
512 103 21686245 3131637760
512 104 21681826 3131637760
512 105 21703188 3131637760
512 106 21673123 3131637760
512 107 21693021 3131637760
512 108 21697684 3131637760
512 109 21663020 3131637760
512 110 21716182 3131637760
512 111 21688269 3131637760
512 112 21658818 3131637760
512 113 21684101 3131637760
512 114 21672566 3131637760
512 115 21679013 3131637760
512 116 21682416 3131637760
512 117 21670992 3131637760
512 118 21643538 3131637760
512 119 21717880 3131637760
512 120 21688827 3131637760
512 121 21626184 3131637760
512 122 21655186 3131637760
512 123 21620506 3131637760
512 124 21653937 3131637760
512 125 21652245 3131637760
512 126 21694717 3131637760
512 127 21712983 3131637760
512 128 21632143 3131637760
512 129 21672144 3131637760
512 130 21706412 3131637760
512 131 21621454 3131637760
512 132 21657410 3131637760
512 133 21652297 3131637760
512 134 21700296 3131637760
512 135 21633324 3131637760
512 136 21685025 3131637760
512 137 21718068 3131637760
512 138 21668835 3131637760
512 139 21680383 3131637760
512 140 21692790 3131637760
512 141 21677115 3131637760
512 142 21642065 3131637760
512 143 21647040 3131637760
512 144 21637981 3131637760
512 145 21669274 3131637760
512 146 21647352 3131637760
512 147 21664653 3131637760
512 148 21631259 3131637760
512 149 21650530 3131637760
512 150 21658038 3131637760
512 151 21653566 3131637760
512 152 21658101 3131637760
512 153 21648482 3131637760
512 154 21707793 3131637760
512 155 21640687 3131637760
512 156 21711942 3131637760
512 157 21622499 3131637760
512 158 21617988 3131637760
512 159 21633382 3131637760
512 160 21667247 3131637760
512 161 21685331 3131637760
512 162 21631227 3131637760
512 163 21670022 3131637760
512 164 21670871 3131637760
512 165 21609237 3131637760
512 166 21683364 3131637760
512 167 21677838 3131637760
512 168 21674640 3131637760
512 169 21728093 3131637760
512 170 21658068 3131637760
512 171 21687105 3131637760
512 172 21666260 3131637760
512 173 21684706 3131637760
512 174 21719535 3131637760
512 175 21658616 3131637760
512 176 21626938 3131637760
512 177 21639460 3131637760
512 178 21675501 3131637760
512 179 21652194 3131637760
512 180 21637105 3131637760
512 181 21667521 3131637760
512 182 21702138 3131637760
512 183 21678151 3131637760
512 184 21667036 3131637760
512 185 21682128 3131637760
512 186 21690908 3131637760
512 187 21629873 3131637760
512 188 21658406 3131637760
512 189 21704220 3131637760
512 190 21604229 3131637760
512 191 21711341 3131637760
512 192 21668042 3131637760
512 193 21608152 3131637760
512 194 21722983 3131637760
512 195 21631223 3131637760
512 196 21648242 3131637760
512 197 21681597 3131637760
512 198 21688732 3131637760
512 199 21659873 3131637760
512 200 21711588 3131637760
512 201 21694736 3131637760
512 202 21675531 3131637760
512 203 21636876 3131637760
512 204 21712695 3131637760
512 205 21657052 3131637760
512 206 21629803 3131637760
512 207 21676228 3131637760
512 208 21700121 3131637760
512 209 21642924 3131637760
512 210 21677104 3131637760
512 211 21693274 3131637760
512 212 21696457 3131637760
512 213 21662832 3131637760
512 214 21649532 3131637760
512 215 21716308 3131637760
512 216 21667203 3131637760
512 217 21710008 3131637760
512 218 21638574 3131637760
512 219 21672544 3131637760
512 220 21718181 3131637760
512 221 21672914 3131637760
512 222 21683446 3131637760
512 223 21664122 3131637760
512 224 21637190 3131637760
512 225 21652107 3131637760
512 226 21705093 3131637760
512 227 21665403 3131637760
512 228 21675897 3131637760
512 229 21670555 3131637760
512 230 21649296 3131637760
512 231 21665813 3131637760
512 232 21661150 3131637760
512 233 21704443 3131637760
512 234 21631849 3131637760
512 235 21628906 3131637760
512 236 21635181 3131637760
512 237 21643441 3131637760
512 238 21663313 3131637760
512 239 21727571 3131637760
512 240 21722146 3131637760
512 241 21721623 3131637760
512 242 21637609 3131637760
512 243 21679621 3131637760
512 244 21652509 3131637760
512 245 21660979 3131637760
512 246 21687012 3131637760
512 247 21727730 3131637760
512 248 21663448 3131637760
512 249 21622494 3131637760
512 250 21669316 3131637760
512 251 21679337 3131637760
512 252 21599679 3131637760
512 253 21709040 3131637760
512 254 21654721 3131637760
512 255 21652359 3131637760
512 256 21701644 3131637760
512 257 21653146 3131637760
512 258 21658048 3131637760
512 259 21706753 3131637760
512 260 21687385 3131637760
512 261 21663835 3131637760
512 262 21698049 3131637760
512 263 21715607 3131637760
512 264 21696418 3131637760
512 265 21661016 3131637760
512 266 21722271 3131637760
512 267 21695939 3131637760
512 268 21649038 3131637760
512 269 21646893 3131637760
512 270 21705038 3131637760
512 271 21672526 3131637760
512 272 21597849 3131637760
512 273 21687755 3131637760
512 274 21675677 3131637760
512 275 21720652 3131637760
512 276 21676476 3131637760
512 277 21679813 3131637760
512 278 21677233 3131637760
512 279 21645078 3131637760
512 280 21635938 3131637760
512 281 21686074 3131637760
512 282 21637037 3131637760
512 283 21641277 3131637760
512 284 21674924 3131637760
512 285 21669053 3131637760
512 286 21666248 3131637760
512 287 21701558 3131637760
512 288 21674669 3131637760
512 289 21764932 3131637760
512 290 21702240 3131637760
512 291 21670128 3131637760
512 292 21664014 3131637760
512 293 21687942 3131637760
512 294 21632437 3131637760
512 295 21688152 3131637760
512 296 21657981 3131637760
512 297 21720827 3131637760
512 298 21699892 3131637760
512 299 21656006 3131637760
512 300 21588580 3131637760
512 301 21679406 3131637760
512 302 21636394 3131637760
512 303 21661443 3131637760
512 304 21633358 3131637760
512 305 21709301 3131637760
512 306 21639890 3131637760
512 307 21666462 3131637760
512 308 21631498 3131637760
512 309 21680139 3131637760
512 310 21689551 3131637760
512 311 21637408 3131637760
512 312 21658237 3131637760
512 313 21667995 3131637760
512 314 21651548 3131637760
512 315 21614879 3131637760
512 316 21663590 3131637760
512 317 21663556 3131637760
512 318 21689055 3131637760
512 319 21672049 3131637760
512 320 21662129 3131637760
512 321 21706849 3131637760
512 322 21657546 3131637760
512 323 21579484 3131637760
512 324 21617015 3131637760
512 325 21613500 3131637760
512 326 21658785 3131637760
512 327 21638876 3131637760
512 328 21652076 3131637760
512 329 21625034 3131637760
512 330 21608448 3131637760
512 331 21686720 3131637760
512 332 21622362 3131637760
512 333 21705176 3131637760
512 334 21672142 3131637760
512 335 21690022 3131637760
512 336 21685673 3131637760
512 337 21728690 3131637760
512 338 21652960 3131637760
512 339 21702208 3131637760
512 340 21656421 3131637760
512 341 21689469 3131637760
512 342 21699260 3131637760
512 343 21695449 3131637760
512 344 21703116 3131637760
512 345 21691216 3131637760
512 346 21670651 3131637760
512 347 21632930 3131637760
512 348 21682831 3131637760
512 349 21697673 3131637760
512 350 21734881 3131637760
512 351 21680213 3131637760
512 352 21701460 3131637760
512 353 21719839 3131637760
512 354 21714820 3131637760
512 355 21690054 3131637760
512 356 21713479 3131637760
512 357 21678272 3131637760
512 358 21704388 3131637760
512 359 21706310 3131637760
512 360 21681314 3131637760
512 361 21668111 3131637760
512 362 21631291 3131637760
512 363 21698513 3131637760
512 364 21698666 3131637760
512 365 21711064 3131637760
512 366 21675194 3131637760
512 367 21689266 3131637760
512 368 21646341 3131637760
512 369 21616534 3131637760
512 370 21686376 3131637760
512 371 21671481 3131637760
512 372 21683205 3131637760
512 373 21672432 3131637760
512 374 21731954 3131637760
512 375 21653934 3131637760
512 376 21703318 3131637760
512 377 21631219 3131637760
512 378 21605702 3131637760
512 379 21609413 3131637760
512 380 21720095 3131637760
512 381 21622906 3131637760
512 382 21657754 3131637760
512 383 21678001 3131637760
512 384 21680026 3131637760
512 385 21632179 3131637760
512 386 21614771 3131637760
512 387 21675426 3131637760
512 388 21721149 3131637760
512 389 21652006 3131637760
512 390 21674730 3131637760
512 391 21716193 3131637760
512 392 21722484 3131637760
512 393 21669461 3131637760
512 394 21667232 3131637760
512 395 21660934 3131637760
512 396 21693928 3131637760
512 397 21663896 3131637760
512 398 21653746 3131637760
512 399 21680813 3131637760
512 400 21677545 3131637760
512 401 21640471 3131637760
512 402 21666144 3131637760
512 403 21703261 3131637760
512 404 21669678 3131637760
512 405 21693363 3131637760
512 406 21674408 3131637760
512 407 21642346 3131637760
512 408 21687484 3131637760
512 409 21677384 3131637760
512 410 21689209 3131637760
512 411 21686470 3131637760
512 412 21725724 3131637760
512 413 21664917 3131637760
512 414 21758839 3131637760
512 415 21648254 3131637760
512 416 21723786 3131637760
512 417 21645346 3131637760
512 418 21627876 3131637760
512 419 21622634 3131637760
512 420 21625775 3131637760
512 421 21611934 3131637760
512 422 21643777 3131637760
512 423 21625899 3131637760
512 424 21682774 3131637760
512 425 21650163 3131637760
512 426 21704718 3131637760
512 427 21622306 3131637760
512 428 21566292 3131637760
512 429 21596457 3131637760
512 430 21629672 3131637760
512 431 21656175 3131637760
512 432 21639279 3131637760
512 433 21703716 3131637760
512 434 21688860 3131637760
512 435 21672388 3131637760
512 436 21730923 3131637760
512 437 21662741 3131637760
512 438 21680646 3131637760
512 439 21674384 3131637760
512 440 21651471 3131637760
512 441 21694705 3131637760
512 442 21645158 3131637760
512 443 21679142 3131637760
512 444 21718670 3131637760
512 445 21699846 3131637760
512 446 21665652 3131637760
512 447 21697289 3131637760
512 448 21671062 3131637760
512 449 21611736 3131637760
512 450 21641140 3131637760
512 451 21651453 3131637760
512 452 21652900 3131637760
512 453 21670924 3131637760
512 454 21686131 3131637760
512 455 21612118 3131637760
512 456 21630116 3131637760
512 457 21654351 3131637760
512 458 21630893 3131637760
512 459 21637677 3131637760
512 460 21667491 3131637760
512 461 21694922 3131637760
512 462 21688947 3131637760
512 463 21659888 3131637760
512 464 21630447 3131637760
512 465 21737098 3131637760
512 466 21666614 3131637760
512 467 21688181 3131637760
512 468 21701879 3131637760
512 469 21687808 3131637760
512 470 21660670 3131637760
512 471 21652739 3131637760
512 472 21652629 3131637760
512 473 21601029 3131637760
512 474 21643663 3131637760
512 475 21630379 3131637760
512 476 21638760 3131637760
512 477 21649760 3131637760
512 478 21679742 3131637760
512 479 21678912 3131637760
512 480 21623310 3131637760
512 481 21654768 3131637760
512 482 21676486 3131637760
512 483 21661951 3131637760
512 484 21589447 3131637760
512 485 21639263 3131637760
512 486 21642221 3131637760
512 487 21616121 3131637760
512 488 21709839 3131637760
512 489 21641481 3131637760
512 490 21653252 3131637760
512 491 21649783 3131637760
512 492 21682659 3131637760
512 493 21607254 3131637760
512 494 21617476 3131637760
512 495 21690594 3131637760
512 496 21615446 3131637760
512 497 21616869 3131637760
512 498 21603159 3131637760
512 499 21634142 3131637760
512 500 21622358 3131637760
512 501 21649301 3131637760
512 502 21690022 3131637760
512 503 21656871 3131637760
512 504 21708803 3131637760
512 505 21689246 3131637760
512 506 21733277 3131637760
512 507 21677398 3131637760
512 508 21702767 3131637760
512 509 21659278 3131637760
512 510 21641702 3131637760
512 511 21615294 3131637760
512 512 21637713 3131637760
512 513 21582605 3131637760
512 514 21653170 3131637760
512 515 21693462 3131637760
512 516 21639341 3131637760
512 517 21633857 3131637760
512 518 21636506 3131637760
512 519 21662006 3131637760
512 520 21681915 3131637760
512 521 21699100 3131637760
512 522 21709074 3131637760
512 523 21677178 3131637760
512 524 21664824 3131637760
512 525 21685372 3131637760
512 526 21644030 3131637760
512 527 21664730 3131637760
512 528 21679125 3131637760
512 529 21631268 3131637760
512 530 21651876 3131637760
512 531 21653937 3131637760
512 532 21641576 3131637760
512 533 21699719 3131637760
512 534 21636275 3131637760
512 535 21691612 3131637760
512 536 21626420 3131637760
512 537 21610661 3131637760
512 538 21644044 3131637760
512 539 21680499 3131637760
512 540 21702523 3131637760
512 541 21705781 3131637760
512 542 21686127 3131637760
512 543 21597090 3131637760
512 544 21687430 3131637760
512 545 21625927 3131637760
512 546 21650789 3131637760
512 547 21674198 3131637760
512 548 21671470 3131637760
512 549 21630668 3131637760
512 550 21678072 3131637760
512 551 21634030 3131637760
512 552 21631582 3131637760
512 553 21645905 3131637760
512 554 21756767 3131637760
512 555 21672028 3131637760
512 556 21734453 3131637760
512 557 21649445 3131637760
512 558 21671235 3131637760
512 559 21686819 3131637760
512 560 21672725 3131637760
512 561 21689292 3131637760
512 562 21661386 3131637760
512 563 21671267 3131637760
512 564 21654864 3131637760
512 565 21659696 3131637760
512 566 21687792 3131637760
512 567 21655904 3131637760
512 568 21646124 3131637760
512 569 21720570 3131637760
512 570 21680350 3131637760
512 571 21692795 3131637760
512 572 21655660 3131637760
512 573 21743562 3131637760
512 574 21624800 3131637760
512 575 21652434 3131637760
512 576 21688145 3131637760
512 577 21638324 3131637760
512 578 21722354 3131637760
512 579 21679237 3131637760
512 580 21712850 3131637760
512 581 21681633 3131637760
512 582 21656668 3131637760
512 583 21570924 3131637760
512 584 21628140 3131637760
512 585 21661558 3131637760
512 586 21671997 3131637760
512 587 21642302 3131637760
512 588 21653901 3131637760
512 589 21655689 3131637760
512 590 21697281 3131637760
512 591 21695952 3131637760
512 592 21634144 3131637760
512 593 21651232 3131637760
512 594 21639506 3131637760
512 595 21630316 3131637760
512 596 21644009 3131637760
512 597 21657916 3131637760
512 598 21632338 3131637760
512 599 21641963 3131637760
512 600 21612009 3131637760
512 601 21647737 3131637760
512 602 21632207 3131637760
512 603 21626728 3131637760
512 604 21609168 3131637760
512 605 21591946 3131637760
512 606 21658868 3131637760
512 607 21631638 3131637760
512 608 21639065 3131637760
512 609 21642624 3131637760
512 610 21641726 3131637760
512 611 21722414 3131637760
512 612 21649459 3131637760
512 613 21626767 3131637760
512 614 21628954 3131637760
512 615 21675045 3131637760
512 616 21664620 3131637760
512 617 21657543 3131637760
512 618 21739620 3131637760
512 619 21693846 3131637760
512 620 21690279 3131637760
512 621 21669922 3131637760
512 622 21613744 3131637760
512 623 21630113 3131637760
512 624 21621034 3131637760
512 625 21659503 3131637760
512 626 21712143 3131637760
512 627 21625167 3131637760
512 628 21668444 3131637760
512 629 21647005 3131637760
512 630 21630110 3131637760
512 631 21642314 3131637760
512 632 21616681 3131637760
512 633 21598287 3131637760
512 634 21700511 3131637760
512 635 21611070 3131637760
512 636 21661746 3131637760
512 637 21623845 3131637760
512 638 21618696 3131637760
512 639 21694781 3131637760
512 640 21679235 3131637760
512 641 21650163 3131637760
512 642 21668350 3131637760
512 643 21675744 3131637760
512 644 21727984 3131637760
512 645 21660720 3131637760
512 646 21672878 3131637760
512 647 21718418 3131637760
512 648 21699267 3131637760
512 649 21656197 3131637760
512 650 21703037 3131637760
512 651 21652400 3131637760
512 652 21675292 3131637760
512 653 21666742 3131637760
512 654 21662451 3131637760
512 655 21592424 3131637760
512 656 21647886 3131637760
512 657 21634376 3131637760
512 658 21709447 3131637760
512 659 21696640 3131637760
512 660 21686390 3131637760
512 661 21654449 3131637760
512 662 21672853 3131637760
512 663 21667126 3131637760
512 664 21626450 3131637760
512 665 21662304 3131637760
512 666 21655180 3131637760
512 667 21638482 3131637760
512 668 21690161 3131637760
512 669 21673877 3131637760
512 670 21630783 3131637760
512 671 21673473 3131637760
512 672 21643818 3131637760
512 673 21691436 3131637760
512 674 21683318 3131637760
512 675 21664647 3131637760
512 676 21713311 3131637760
512 677 21670069 3131637760
512 678 21693832 3131637760
512 679 21718459 3131637760
512 680 21704571 3131637760
512 681 21660118 3131637760
512 682 21702144 3131637760
512 683 21665045 3131637760
512 684 21675315 3131637760
512 685 21716870 3131637760
512 686 21719208 3131637760
512 687 21645330 3131637760
512 688 21677467 3131637760
512 689 21684016 3131637760
512 690 21674915 3131637760
512 691 21644389 3131637760
512 692 21683740 3131637760
512 693 21672113 3131637760
512 694 21587894 3131637760
512 695 21672074 3131637760
512 696 21671296 3131637760
512 697 21683789 3131637760
512 698 21679572 3131637760
512 699 21662890 3131637760
512 700 21658915 3131637760
512 701 21665315 3131637760
512 702 21640335 3131637760
512 703 21683432 3131637760
512 704 21649477 3131637760
512 705 21692218 3131637760
512 706 21645404 3131637760
512 707 21646825 3131637760
512 708 21676192 3131637760
512 709 21643053 3131637760
512 710 21694687 3131637760
512 711 21677186 3131637760
512 712 21670094 3131637760
512 713 21627039 3131637760
512 714 21639166 3131637760
512 715 21676210 3131637760
512 716 21666237 3131637760
512 717 21633272 3131637760
512 718 21664885 3131637760
512 719 21656144 3131637760
512 720 21665599 3131637760
512 721 21667540 3131637760
512 722 21641904 3131637760
512 723 21649134 3131637760
512 724 21650792 3131637760
512 725 21697957 3131637760
512 726 21668744 3131637760
512 727 21690329 3131637760
512 728 21721872 3131637760
512 729 21694159 3131637760
512 730 21690736 3131637760
512 731 21659557 3131637760
512 732 21616816 3131637760
512 733 21647955 3131637760
512 734 21680614 3131637760
512 735 21694584 3131637760
512 736 21698469 3131637760
512 737 21665692 3131637760
512 738 21681362 3131637760
512 739 21685442 3131637760
512 740 21690190 3131637760
512 741 21632740 3131637760
512 742 21624072 3131637760
512 743 21688529 3131637760
512 744 21670831 3131637760
512 745 21654795 3131637760
512 746 21644708 3131637760
512 747 21683046 3131637760
512 748 21672422 3131637760
512 749 21637476 3131637760
512 750 21715769 3131637760
512 751 21708424 3131637760
512 752 21620404 3131637760
512 753 21672454 3131637760
512 754 21688349 3131637760
512 755 21688941 3131637760
512 756 21684630 3131637760
512 757 21716417 3131637760
512 758 21651835 3131637760
512 759 21728578 3131637760
512 760 21700490 3131637760
512 761 21668646 3131637760
512 762 21681662 3131637760
512 763 21716019 3131637760
512 764 21687579 3131637760
512 765 21708138 3131637760
512 766 21631227 3131637760
512 767 21710213 3131637760
512 768 21709286 3131637760
512 769 21684069 3131637760
512 770 21667074 3131637760
512 771 21670522 3131637760
512 772 21711570 3131637760
512 773 21681294 3131637760
512 774 21652170 3131637760
512 775 21705252 3131637760
512 776 21693833 3131637760
512 777 21700945 3131637760
512 778 21630615 3131637760
512 779 21688396 3131637760
512 780 21671057 3131637760
512 781 21694909 3131637760
512 782 21726443 3131637760
512 783 21691092 3131637760
512 784 21725434 3131637760
512 785 21658313 3131637760
512 786 21686394 3131637760
512 787 21666636 3131637760
512 788 21692735 3131637760
512 789 21677603 3131637760
512 790 21662115 3131637760
512 791 21685545 3131637760
512 792 21668340 3131637760
512 793 21676755 3131637760
512 794 21675384 3131637760
512 795 21650901 3131637760
512 796 21693570 3131637760
512 797 21679767 3131637760
512 798 21664694 3131637760
512 799 21671454 3131637760
512 800 21692864 3131637760
512 801 21650691 3131637760
512 802 21673675 3131637760
512 803 21627350 3131637760
512 804 21681489 3131637760
512 805 21636638 3131637760
512 806 21676322 3131637760
512 807 21675271 3131637760
512 808 21685609 3131637760
512 809 21723976 3131637760
512 810 21759536 3131637760
512 811 21671597 3131637760
512 812 21611558 3131637760
512 813 21673590 3131637760
512 814 21743490 3131637760
512 815 21718687 3131637760
512 816 21682528 3131637760
512 817 21677059 3131637760
512 818 21638340 3131637760
512 819 21652761 3131637760
512 820 21686459 3131637760
512 821 21656008 3131637760
512 822 21714996 3131637760
512 823 21693031 3131637760
512 824 21598038 3131637760
512 825 21739351 3131637760
512 826 21705672 3131637760
512 827 21672635 3131637760
512 828 21798190 3131637760
512 829 21742523 3131637760
512 830 21764826 3131637760
512 831 21694743 3131637760
512 832 21663519 3131637760
512 833 21694695 3131637760
512 834 21673962 3131637760
512 835 21691541 3131637760
512 836 21662072 3131637760
512 837 21701980 3131637760
512 838 21704551 3131637760
512 839 21629760 3131637760
512 840 21674145 3131637760
512 841 21658622 3131637760
512 842 21721187 3131637760
512 843 21682696 3131637760
512 844 21713584 3131637760
512 845 21679088 3131637760
512 846 21655441 3131637760
512 847 21668974 3131637760
512 848 21680151 3131637760
512 849 21665251 3131637760
512 850 21660217 3131637760
512 851 21668298 3131637760
512 852 21654333 3131637760
512 853 21670734 3131637760
512 854 21655990 3131637760
512 855 21697031 3131637760
512 856 21720180 3131637760
512 857 21670583 3131637760
512 858 21704068 3131637760
512 859 21680724 3131637760
512 860 21635637 3131637760
512 861 21658583 3131637760
512 862 21633981 3131637760
512 863 21665148 3131637760
512 864 21675144 3131637760
512 865 21667147 3131637760
512 866 21667071 3131637760
512 867 21645972 3131637760
512 868 21681209 3131637760
512 869 21683988 3131637760
512 870 21735804 3131637760
512 871 21665128 3131637760
512 872 21704790 3131637760
512 873 21656903 3131637760
512 874 21633694 3131637760
512 875 21643090 3131637760
512 876 21661971 3131637760
512 877 21624130 3131637760
512 878 21669371 3131637760
512 879 21669750 3131637760
512 880 21701992 3131637760
512 881 21689678 3131637760
512 882 21633650 3131637760
512 883 21683852 3131637760
512 884 21669818 3131637760
512 885 21646905 3131637760
512 886 21632478 3131637760
512 887 21683666 3131637760
512 888 21647132 3131637760
512 889 21696682 3131637760
512 890 21695035 3131637760
512 891 21697487 3131637760
512 892 21684902 3131637760
512 893 21667218 3131637760
512 894 21659422 3131637760
512 895 21648741 3131637760
512 896 21706618 3131637760
512 897 21652228 3131637760
512 898 21673521 3131637760
512 899 21681407 3131637760
512 900 21734773 3131637760
512 901 21704877 3131637760
512 902 21671311 3131637760
512 903 21637994 3131637760
512 904 21696206 3131637760
512 905 21649704 3131637760
512 906 21619540 3131637760
512 907 21644325 3131637760
512 908 21620701 3131637760
512 909 21677790 3131637760
512 910 21660180 3131637760
512 911 21646305 3131637760
512 912 21648496 3131637760
512 913 21694615 3131637760
512 914 21736441 3131637760
512 915 21692647 3131637760
512 916 21696507 3131637760
512 917 21711530 3131637760
512 918 21686170 3131637760
512 919 21708776 3131637760
512 920 21697235 3131637760
512 921 21747759 3131637760
512 922 21691340 3131637760
512 923 21701064 3131637760
512 924 21670950 3131637760
512 925 21692216 3131637760
512 926 21701341 3131637760
512 927 21682780 3131637760
512 928 21711975 3131637760
512 929 21665684 3131637760
512 930 21708421 3131637760
512 931 21683232 3131637760
512 932 21629569 3131637760
512 933 21709260 3131637760
512 934 21703302 3131637760
512 935 21630547 3131637760
512 936 21678454 3131637760
512 937 21666957 3131637760
512 938 21650637 3131637760
512 939 21657504 3131637760
512 940 21702215 3131637760
512 941 21630765 3131637760
512 942 21626953 3131637760
512 943 21666494 3131637760
512 944 21648975 3131637760
512 945 21671052 3131637760
512 946 21616611 3131637760
512 947 21670666 3131637760
512 948 21683786 3131637760
512 949 21643943 3131637760
512 950 21614695 3131637760
512 951 21650724 3131637760
512 952 21664391 3131637760
512 953 21693021 3131637760
512 954 21680670 3131637760
512 955 21672653 3131637760
512 956 21667970 3131637760
512 957 21669519 3131637760
512 958 21681910 3131637760
512 959 21679938 3131637760
512 960 21715880 3131637760
512 961 21670592 3131637760
512 962 21634389 3131637760
512 963 21669127 3131637760
512 964 21667394 3131637760
512 965 21633830 3131637760
512 966 21679234 3131637760
512 967 21627183 3131637760
512 968 21629415 3131637760
512 969 21735626 3131637760
512 970 21650488 3131637760
512 971 21676241 3131637760
512 972 21674851 3131637760
512 973 21651960 3131637760
512 974 21672780 3131637760
512 975 21642762 3131637760
512 976 21666805 3131637760
512 977 21708530 3131637760
512 978 21611031 3131637760
512 979 21635588 3131637760
512 980 21677730 3131637760
512 981 21707404 3131637760
512 982 21669911 3131637760
512 983 21701881 3131637760
512 984 21670350 3131637760
512 985 21661124 3131637760
512 986 21686234 3131637760
512 987 21661734 3131637760
512 988 21686932 3131637760
512 989 21675968 3131637760
512 990 21621577 3131637760
512 991 21630331 3131637760
512 992 21651992 3131637760
512 993 21706070 3131637760
512 994 21647950 3131637760
512 995 21670305 3131637760
512 996 21640581 3131637760
512 997 21659155 3131637760
512 998 21618589 3131637760
512 999 21617380 3131637760
