8 0 775 2704
8 1 774 2704
8 2 776 2704
8 3 774 2704
8 4 774 2704
8 5 774 2704
8 6 774 2704
8 7 774 2704
8 8 774 2704
8 9 774 2704
8 10 774 2704
8 11 774 2704
8 12 774 2704
8 13 774 2704
8 14 774 2704
8 15 774 2704
8 16 774 2704
8 17 774 2704
8 18 774 2704
8 19 774 2704
8 20 774 2704
8 21 774 2704
8 22 774 2704
8 23 774 2704
8 24 774 2704
8 25 774 2704
8 26 774 2704
8 27 774 2704
8 28 774 2704
8 29 774 2704
8 30 774 2704
8 31 774 2704
8 32 774 2704
8 33 774 2704
8 34 774 2704
8 35 774 2704
8 36 774 2704
8 37 774 2704
8 38 774 2704
8 39 774 2704
8 40 774 2704
8 41 774 2704
8 42 774 2704
8 43 774 2704
8 44 774 2704
8 45 774 2704
8 46 774 2704
8 47 774 2704
8 48 774 2704
8 49 774 2704
8 50 774 2704
8 51 774 2704
8 52 774 2704
8 53 774 2704
8 54 774 2704
8 55 774 2704
8 56 774 2704
8 57 774 2704
8 58 774 2704
8 59 774 2704
8 60 774 2704
8 61 774 2704
8 62 774 2704
8 63 774 2704
8 64 774 2704
8 65 774 2704
8 66 774 2704
8 67 774 2704
8 68 774 2704
8 69 774 2704
8 70 774 2704
8 71 774 2704
8 72 774 2704
8 73 774 2704
8 74 774 2704
8 75 774 2704
8 76 774 2704
8 77 774 2704
8 78 774 2704
8 79 774 2704
8 80 774 2704
8 81 774 2704
8 82 774 2704
8 83 774 2704
8 84 774 2704
8 85 774 2704
8 86 774 2704
8 87 774 2704
8 88 774 2704
8 89 774 2704
8 90 774 2704
8 91 774 2704
8 92 774 2704
8 93 774 2704
8 94 774 2704
8 95 774 2704
8 96 774 2704
8 97 774 2704
8 98 774 2704
8 99 774 2704
8 100 774 2704
8 101 774 2704
8 102 774 2704
8 103 774 2704
8 104 774 2704
8 105 774 2704
8 106 774 2704
8 107 774 2704
8 108 774 2704
8 109 774 2704
8 110 774 2704
8 111 774 2704
8 112 774 2704
8 113 774 2704
8 114 774 2704
8 115 774 2704
8 116 774 2704
8 117 774 2704
8 118 774 2704
8 119 774 2704
8 120 774 2704
8 121 774 2704
8 122 774 2704
8 123 774 2704
8 124 774 2704
8 125 774 2704
8 126 774 2704
8 127 774 2704
8 128 774 2704
8 129 774 2704
8 130 774 2704
8 131 774 2704
8 132 774 2704
8 133 774 2704
8 134 774 2704
8 135 774 2704
8 136 774 2704
8 137 774 2704
8 138 774 2704
8 139 774 2704
8 140 774 2704
8 141 774 2704
8 142 774 2704
8 143 774 2704
8 144 774 2704
8 145 774 2704
8 146 774 2704
8 147 774 2704
8 148 774 2704
8 149 774 2704
8 150 774 2704
8 151 774 2704
8 152 774 2704
8 153 774 2704
8 154 774 2704
8 155 774 2704
8 156 774 2704
8 157 774 2704
8 158 774 2704
8 159 774 2704
8 160 774 2704
8 161 774 2704
8 162 774 2704
8 163 774 2704
8 164 774 2704
8 165 774 2704
8 166 774 2704
8 167 774 2704
8 168 774 2704
8 169 774 2704
8 170 774 2704
8 171 774 2704
8 172 774 2704
8 173 774 2704
8 174 774 2704
8 175 774 2704
8 176 774 2704
8 177 774 2704
8 178 774 2704
8 179 774 2704
8 180 774 2704
8 181 774 2704
8 182 774 2704
8 183 774 2704
8 184 774 2704
8 185 774 2704
8 186 774 2704
8 187 774 2704
8 188 774 2704
8 189 774 2704
8 190 774 2704
8 191 774 2704
8 192 774 2704
8 193 774 2704
8 194 774 2704
8 195 774 2704
8 196 774 2704
8 197 774 2704
8 198 774 2704
8 199 774 2704
8 200 774 2704
8 201 774 2704
8 202 774 2704
8 203 774 2704
8 204 774 2704
8 205 774 2704
8 206 774 2704
8 207 774 2704
8 208 774 2704
8 209 774 2704
8 210 774 2704
8 211 774 2704
8 212 774 2704
8 213 774 2704
8 214 774 2704
8 215 774 2704
8 216 774 2704
8 217 774 2704
8 218 774 2704
8 219 774 2704
8 220 774 2704
8 221 774 2704
8 222 774 2704
8 223 774 2704
8 224 774 2704
8 225 774 2704
8 226 774 2704
8 227 774 2704
8 228 774 2704
8 229 774 2704
8 230 774 2704
8 231 774 2704
8 232 774 2704
8 233 774 2704
8 234 774 2704
8 235 774 2704
8 236 774 2704
8 237 774 2704
8 238 774 2704
8 239 774 2704
8 240 774 2704
8 241 774 2704
8 242 774 2704
8 243 774 2704
8 244 774 2704
8 245 774 2704
8 246 774 2704
8 247 774 2704
8 248 774 2704
8 249 774 2704
8 250 774 2704
8 251 774 2704
8 252 774 2704
8 253 774 2704
8 254 774 2704
8 255 774 2704
8 256 774 2704
8 257 774 2704
8 258 774 2704
8 259 774 2704
8 260 774 2704
8 261 774 2704
8 262 774 2704
8 263 774 2704
8 264 774 2704
8 265 774 2704
8 266 774 2704
8 267 774 2704
8 268 774 2704
8 269 774 2704
8 270 774 2704
8 271 774 2704
8 272 774 2704
8 273 774 2704
8 274 774 2704
8 275 774 2704
8 276 774 2704
8 277 774 2704
8 278 774 2704
8 279 774 2704
8 280 774 2704
8 281 774 2704
8 282 774 2704
8 283 774 2704
8 284 774 2704
8 285 774 2704
8 286 774 2704
8 287 774 2704
8 288 774 2704
8 289 774 2704
8 290 774 2704
8 291 774 2704
8 292 774 2704
8 293 774 2704
8 294 774 2704
8 295 774 2704
8 296 774 2704
8 297 774 2704
8 298 774 2704
8 299 774 2704
8 300 774 2704
8 301 774 2704
8 302 774 2704
8 303 774 2704
8 304 774 2704
8 305 774 2704
8 306 774 2704
8 307 774 2704
8 308 774 2704
8 309 774 2704
8 310 774 2704
8 311 774 2704
8 312 774 2704
8 313 774 2704
8 314 774 2704
8 315 774 2704
8 316 774 2704
8 317 774 2704
8 318 774 2704
8 319 774 2704
8 320 774 2704
8 321 774 2704
8 322 774 2704
8 323 774 2704
8 324 774 2704
8 325 774 2704
8 326 774 2704
8 327 774 2704
8 328 774 2704
8 329 774 2704
8 330 774 2704
8 331 774 2704
8 332 774 2704
8 333 774 2704
8 334 774 2704
8 335 774 2704
8 336 774 2704
8 337 774 2704
8 338 774 2704
8 339 774 2704
8 340 774 2704
8 341 774 2704
8 342 774 2704
8 343 774 2704
8 344 774 2704
8 345 774 2704
8 346 774 2704
8 347 774 2704
8 348 774 2704
8 349 774 2704
8 350 774 2704
8 351 774 2704
8 352 774 2704
8 353 774 2704
8 354 774 2704
8 355 774 2704
8 356 774 2704
8 357 774 2704
8 358 774 2704
8 359 774 2704
8 360 774 2704
8 361 774 2704
8 362 774 2704
8 363 774 2704
8 364 774 2704
8 365 774 2704
8 366 774 2704
8 367 774 2704
8 368 774 2704
8 369 774 2704
8 370 774 2704
8 371 774 2704
8 372 774 2704
8 373 774 2704
8 374 774 2704
8 375 774 2704
8 376 774 2704
8 377 774 2704
8 378 774 2704
8 379 774 2704
8 380 774 2704
8 381 774 2704
8 382 774 2704
8 383 774 2704
8 384 774 2704
8 385 774 2704
8 386 774 2704
8 387 774 2704
8 388 774 2704
8 389 774 2704
8 390 774 2704
8 391 774 2704
8 392 774 2704
8 393 774 2704
8 394 774 2704
8 395 774 2704
8 396 774 2704
8 397 774 2704
8 398 774 2704
8 399 774 2704
8 400 774 2704
8 401 774 2704
8 402 774 2704
8 403 774 2704
8 404 774 2704
8 405 774 2704
8 406 774 2704
8 407 774 2704
8 408 774 2704
8 409 774 2704
8 410 774 2704
8 411 774 2704
8 412 774 2704
8 413 774 2704
8 414 774 2704
8 415 774 2704
8 416 774 2704
8 417 774 2704
8 418 774 2704
8 419 774 2704
8 420 774 2704
8 421 774 2704
8 422 774 2704
8 423 774 2704
8 424 774 2704
8 425 774 2704
8 426 774 2704
8 427 774 2704
8 428 774 2704
8 429 774 2704
8 430 774 2704
8 431 774 2704
8 432 774 2704
8 433 774 2704
8 434 774 2704
8 435 774 2704
8 436 774 2704
8 437 774 2704
8 438 774 2704
8 439 774 2704
8 440 774 2704
8 441 774 2704
8 442 774 2704
8 443 774 2704
8 444 774 2704
8 445 774 2704
8 446 774 2704
8 447 774 2704
8 448 774 2704
8 449 774 2704
8 450 774 2704
8 451 774 2704
8 452 774 2704
8 453 774 2704
8 454 774 2704
8 455 774 2704
8 456 774 2704
8 457 774 2704
8 458 774 2704
8 459 774 2704
8 460 774 2704
8 461 774 2704
8 462 774 2704
8 463 774 2704
8 464 774 2704
8 465 774 2704
8 466 774 2704
8 467 774 2704
8 468 774 2704
8 469 774 2704
8 470 774 2704
8 471 774 2704
8 472 774 2704
8 473 774 2704
8 474 774 2704
8 475 774 2704
8 476 774 2704
8 477 774 2704
8 478 774 2704
8 479 774 2704
8 480 774 2704
8 481 774 2704
8 482 774 2704
8 483 774 2704
8 484 774 2704
8 485 774 2704
8 486 774 2704
8 487 774 2704
8 488 774 2704
8 489 774 2704
8 490 774 2704
8 491 774 2704
8 492 774 2704
8 493 774 2704
8 494 774 2704
8 495 774 2704
8 496 774 2704
8 497 774 2704
8 498 774 2704
8 499 774 2704
8 500 774 2704
8 501 774 2704
8 502 774 2704
8 503 774 2704
8 504 774 2704
8 505 774 2704
8 506 774 2704
8 507 774 2704
8 508 774 2704
8 509 774 2704
8 510 774 2704
8 511 774 2704
8 512 774 2704
8 513 774 2704
8 514 774 2704
8 515 774 2704
8 516 774 2704
8 517 774 2704
8 518 774 2704
8 519 774 2704
8 520 774 2704
8 521 774 2704
8 522 774 2704
8 523 774 2704
8 524 774 2704
8 525 774 2704
8 526 774 2704
8 527 774 2704
8 528 774 2704
8 529 774 2704
8 530 774 2704
8 531 774 2704
8 532 774 2704
8 533 774 2704
8 534 774 2704
8 535 774 2704
8 536 774 2704
8 537 774 2704
8 538 774 2704
8 539 774 2704
8 540 774 2704
8 541 774 2704
8 542 774 2704
8 543 774 2704
8 544 774 2704
8 545 774 2704
8 546 774 2704
8 547 774 2704
8 548 774 2704
8 549 774 2704
8 550 774 2704
8 551 774 2704
8 552 774 2704
8 553 774 2704
8 554 774 2704
8 555 774 2704
8 556 774 2704
8 557 774 2704
8 558 774 2704
8 559 774 2704
8 560 774 2704
8 561 774 2704
8 562 774 2704
8 563 774 2704
8 564 774 2704
8 565 774 2704
8 566 774 2704
8 567 774 2704
8 568 774 2704
8 569 774 2704
8 570 774 2704
8 571 774 2704
8 572 774 2704
8 573 774 2704
8 574 774 2704
8 575 774 2704
8 576 774 2704
8 577 774 2704
8 578 774 2704
8 579 774 2704
8 580 774 2704
8 581 774 2704
8 582 774 2704
8 583 774 2704
8 584 774 2704
8 585 774 2704
8 586 774 2704
8 587 774 2704
8 588 774 2704
8 589 774 2704
8 590 774 2704
8 591 774 2704
8 592 774 2704
8 593 774 2704
8 594 774 2704
8 595 774 2704
8 596 774 2704
8 597 774 2704
8 598 774 2704
8 599 774 2704
8 600 774 2704
8 601 774 2704
8 602 774 2704
8 603 774 2704
8 604 774 2704
8 605 774 2704
8 606 774 2704
8 607 774 2704
8 608 774 2704
8 609 774 2704
8 610 774 2704
8 611 774 2704
8 612 774 2704
8 613 774 2704
8 614 774 2704
8 615 774 2704
8 616 774 2704
8 617 774 2704
8 618 774 2704
8 619 774 2704
8 620 774 2704
8 621 774 2704
8 622 774 2704
8 623 774 2704
8 624 774 2704
8 625 774 2704
8 626 774 2704
8 627 774 2704
8 628 774 2704
8 629 774 2704
8 630 774 2704
8 631 774 2704
8 632 774 2704
8 633 774 2704
8 634 774 2704
8 635 774 2704
8 636 774 2704
8 637 774 2704
8 638 774 2704
8 639 774 2704
8 640 774 2704
8 641 774 2704
8 642 774 2704
8 643 774 2704
8 644 774 2704
8 645 774 2704
8 646 774 2704
8 647 774 2704
8 648 774 2704
8 649 774 2704
8 650 774 2704
8 651 774 2704
8 652 774 2704
8 653 774 2704
8 654 774 2704
8 655 774 2704
8 656 774 2704
8 657 774 2704
8 658 774 2704
8 659 774 2704
8 660 774 2704
8 661 774 2704
8 662 774 2704
8 663 774 2704
8 664 774 2704
8 665 774 2704
8 666 774 2704
8 667 774 2704
8 668 774 2704
8 669 774 2704
8 670 774 2704
8 671 774 2704
8 672 774 2704
8 673 774 2704
8 674 774 2704
8 675 774 2704
8 676 774 2704
8 677 774 2704
8 678 774 2704
8 679 774 2704
8 680 774 2704
8 681 774 2704
8 682 774 2704
8 683 774 2704
8 684 774 2704
8 685 774 2704
8 686 774 2704
8 687 774 2704
8 688 774 2704
8 689 774 2704
8 690 774 2704
8 691 774 2704
8 692 774 2704
8 693 774 2704
8 694 774 2704
8 695 774 2704
8 696 774 2704
8 697 774 2704
8 698 774 2704
8 699 774 2704
8 700 774 2704
8 701 774 2704
8 702 774 2704
8 703 774 2704
8 704 774 2704
8 705 774 2704
8 706 774 2704
8 707 774 2704
8 708 774 2704
8 709 774 2704
8 710 774 2704
8 711 774 2704
8 712 774 2704
8 713 774 2704
8 714 774 2704
8 715 774 2704
8 716 774 2704
8 717 774 2704
8 718 774 2704
8 719 774 2704
8 720 774 2704
8 721 774 2704
8 722 774 2704
8 723 774 2704
8 724 774 2704
8 725 774 2704
8 726 774 2704
8 727 774 2704
8 728 774 2704
8 729 774 2704
8 730 774 2704
8 731 774 2704
8 732 774 2704
8 733 774 2704
8 734 774 2704
8 735 774 2704
8 736 774 2704
8 737 774 2704
8 738 774 2704
8 739 774 2704
8 740 774 2704
8 741 774 2704
8 742 774 2704
8 743 774 2704
8 744 774 2704
8 745 774 2704
8 746 774 2704
8 747 774 2704
8 748 774 2704
8 749 774 2704
8 750 774 2704
8 751 774 2704
8 752 774 2704
8 753 774 2704
8 754 774 2704
8 755 774 2704
8 756 774 2704
8 757 774 2704
8 758 774 2704
8 759 774 2704
8 760 774 2704
8 761 774 2704
8 762 774 2704
8 763 774 2704
8 764 774 2704
8 765 774 2704
8 766 774 2704
8 767 774 2704
8 768 774 2704
8 769 774 2704
8 770 774 2704
8 771 774 2704
8 772 774 2704
8 773 774 2704
8 774 774 2704
8 775 774 2704
8 776 774 2704
8 777 774 2704
8 778 774 2704
8 779 774 2704
8 780 774 2704
8 781 774 2704
8 782 774 2704
8 783 774 2704
8 784 774 2704
8 785 774 2704
8 786 774 2704
8 787 774 2704
8 788 774 2704
8 789 774 2704
8 790 774 2704
8 791 774 2704
8 792 774 2704
8 793 774 2704
8 794 774 2704
8 795 774 2704
8 796 774 2704
8 797 774 2704
8 798 774 2704
8 799 774 2704
8 800 774 2704
8 801 774 2704
8 802 774 2704
8 803 774 2704
8 804 774 2704
8 805 774 2704
8 806 774 2704
8 807 774 2704
8 808 774 2704
8 809 774 2704
8 810 774 2704
8 811 774 2704
8 812 774 2704
8 813 774 2704
8 814 774 2704
8 815 774 2704
8 816 774 2704
8 817 774 2704
8 818 774 2704
8 819 774 2704
8 820 774 2704
8 821 774 2704
8 822 774 2704
8 823 774 2704
8 824 774 2704
8 825 774 2704
8 826 774 2704
8 827 774 2704
8 828 774 2704
8 829 774 2704
8 830 774 2704
8 831 774 2704
8 832 774 2704
8 833 774 2704
8 834 774 2704
8 835 774 2704
8 836 774 2704
8 837 774 2704
8 838 774 2704
8 839 774 2704
8 840 774 2704
8 841 774 2704
8 842 774 2704
8 843 774 2704
8 844 774 2704
8 845 774 2704
8 846 774 2704
8 847 774 2704
8 848 774 2704
8 849 774 2704
8 850 774 2704
8 851 774 2704
8 852 774 2704
8 853 774 2704
8 854 774 2704
8 855 774 2704
8 856 774 2704
8 857 774 2704
8 858 774 2704
8 859 774 2704
8 860 774 2704
8 861 774 2704
8 862 774 2704
8 863 774 2704
8 864 774 2704
8 865 774 2704
8 866 774 2704
8 867 774 2704
8 868 774 2704
8 869 774 2704
8 870 774 2704
8 871 774 2704
8 872 774 2704
8 873 774 2704
8 874 774 2704
8 875 774 2704
8 876 774 2704
8 877 774 2704
8 878 774 2704
8 879 774 2704
8 880 774 2704
8 881 774 2704
8 882 774 2704
8 883 774 2704
8 884 774 2704
8 885 774 2704
8 886 774 2704
8 887 774 2704
8 888 774 2704
8 889 774 2704
8 890 774 2704
8 891 774 2704
8 892 774 2704
8 893 774 2704
8 894 774 2704
8 895 774 2704
8 896 774 2704
8 897 774 2704
8 898 774 2704
8 899 774 2704
8 900 774 2704
8 901 774 2704
8 902 774 2704
8 903 774 2704
8 904 774 2704
8 905 774 2704
8 906 774 2704
8 907 774 2704
8 908 774 2704
8 909 774 2704
8 910 774 2704
8 911 774 2704
8 912 774 2704
8 913 774 2704
8 914 774 2704
8 915 774 2704
8 916 774 2704
8 917 774 2704
8 918 774 2704
8 919 774 2704
8 920 774 2704
8 921 774 2704
8 922 774 2704
8 923 774 2704
8 924 774 2704
8 925 774 2704
8 926 774 2704
8 927 774 2704
8 928 774 2704
8 929 774 2704
8 930 774 2704
8 931 774 2704
8 932 774 2704
8 933 774 2704
8 934 774 2704
8 935 774 2704
8 936 774 2704
8 937 774 2704
8 938 774 2704
8 939 774 2704
8 940 774 2704
8 941 774 2704
8 942 774 2704
8 943 774 2704
8 944 774 2704
8 945 774 2704
8 946 774 2704
8 947 774 2704
8 948 774 2704
8 949 774 2704
8 950 774 2704
8 951 774 2704
8 952 774 2704
8 953 774 2704
8 954 774 2704
8 955 774 2704
8 956 774 2704
8 957 774 2704
8 958 774 2704
8 959 774 2704
8 960 774 2704
8 961 774 2704
8 962 774 2704
8 963 774 2704
8 964 774 2704
8 965 774 2704
8 966 774 2704
8 967 774 2704
8 968 774 2704
8 969 774 2704
8 970 774 2704
8 971 774 2704
8 972 774 2704
8 973 774 2704
8 974 774 2704
8 975 774 2704
8 976 774 2704
8 977 774 2704
8 978 774 2704
8 979 774 2704
8 980 774 2704
8 981 774 2704
8 982 774 2704
8 983 774 2704
8 984 774 2704
8 985 774 2704
8 986 774 2704
8 987 774 2704
8 988 774 2704
8 989 774 2704
8 990 774 2704
8 991 774 2704
8 992 774 2704
8 993 774 2704
8 994 774 2704
8 995 774 2704
8 996 774 2704
8 997 774 2704
8 998 774 2704
8 999 774 2704
