256 0 4739546 1823096832
256 1 4544817 1823096832
256 2 4541432 1823096832
256 3 4541481 1823096832
256 4 4540465 1823096832
256 5 4539598 1823096832
256 6 4540174 1823096832
256 7 4540673 1823096832
256 8 4541088 1823096832
256 9 4540134 1823096832
256 10 4539056 1823096832
256 11 4540880 1823096832
256 12 4542141 1823096832
256 13 4540406 1823096832
256 14 4541821 1823096832
256 15 4539670 1823096832
256 16 4542779 1823096832
256 17 4540524 1823096832
256 18 4540807 1823096832
256 19 4540716 1823096832
256 20 4541634 1823096832
256 21 4540961 1823096832
256 22 4542461 1823096832
256 23 4540755 1823096832
256 24 4541405 1823096832
256 25 4540415 1823096832
256 26 4542445 1823096832
256 27 4539989 1823096832
256 28 4541057 1823096832
256 29 4540247 1823096832
256 30 4539960 1823096832
256 31 4540345 1823096832
256 32 4540512 1823096832
256 33 4541992 1823096832
256 34 4539640 1823096832
256 35 4542500 1823096832
256 36 4540236 1823096832
256 37 4541758 1823096832
256 38 4540747 1823096832
256 39 4542984 1823096832
256 40 4539612 1823096832
256 41 4542902 1823096832
256 42 4541071 1823096832
256 43 4542388 1823096832
256 44 4541056 1823096832
256 45 4541989 1823096832
256 46 4541218 1823096832
256 47 4541646 1823096832
256 48 4540313 1823096832
256 49 4542145 1823096832
256 50 4540588 1823096832
256 51 4539933 1823096832
256 52 4540474 1823096832
256 53 4540352 1823096832
256 54 4540200 1823096832
256 55 4541051 1823096832
256 56 4542035 1823096832
256 57 4540234 1823096832
256 58 4540829 1823096832
256 59 4540644 1823096832
256 60 4540866 1823096832
256 61 4540668 1823096832
256 62 4542792 1823096832
256 63 4540487 1823096832
256 64 4541051 1823096832
256 65 4540653 1823096832
256 66 4542613 1823096832
256 67 4540723 1823096832
256 68 4543015 1823096832
256 69 4540706 1823096832
256 70 4541248 1823096832
256 71 4540576 1823096832
256 72 4539168 1823096832
256 73 4540715 1823096832
256 74 4540256 1823096832
256 75 4539054 1823096832
256 76 4539888 1823096832
256 77 4542112 1823096832
256 78 4539989 1823096832
256 79 4540735 1823096832
256 80 4539535 1823096832
256 81 4541941 1823096832
256 82 4540054 1823096832
256 83 4542814 1823096832
256 84 4541105 1823096832
256 85 4541956 1823096832
256 86 4541345 1823096832
256 87 4541466 1823096832
256 88 4541197 1823096832
256 89 4542391 1823096832
256 90 4540814 1823096832
256 91 4542871 1823096832
256 92 4540297 1823096832
256 93 4541157 1823096832
256 94 4539701 1823096832
256 95 4540736 1823096832
256 96 4540254 1823096832
256 97 4541383 1823096832
256 98 4539535 1823096832
256 99 4540032 1823096832
256 100 4541509 1823096832
256 101 4539668 1823096832
256 102 4541634 1823096832
256 103 4539953 1823096832
256 104 4541397 1823096832
256 105 4538893 1823096832
256 106 4541596 1823096832
256 107 4540492 1823096832
256 108 4542445 1823096832
256 109 4539485 1823096832
256 110 4541610 1823096832
256 111 4540312 1823096832
256 112 4540900 1823096832
256 113 4540497 1823096832
256 114 4541328 1823096832
256 115 4540033 1823096832
256 116 4539755 1823096832
256 117 4540072 1823096832
256 118 4540203 1823096832
256 119 4539200 1823096832
256 120 4541122 1823096832
256 121 4540824 1823096832
256 122 4540054 1823096832
256 123 4541932 1823096832
256 124 4540555 1823096832
256 125 4542085 1823096832
256 126 4539997 1823096832
256 127 4541895 1823096832
256 128 4540006 1823096832
256 129 4542853 1823096832
256 130 4540806 1823096832
256 131 4542103 1823096832
256 132 4540603 1823096832
256 133 4542246 1823096832
256 134 4539808 1823096832
256 135 4542071 1823096832
256 136 4540440 1823096832
256 137 4542667 1823096832
256 138 4539255 1823096832
256 139 4540370 1823096832
256 140 4539671 1823096832
256 141 4539881 1823096832
256 142 4540001 1823096832
256 143 4539681 1823096832
256 144 4541274 1823096832
256 145 4539734 1823096832
256 146 4542253 1823096832
256 147 4539775 1823096832
256 148 4542571 1823096832
256 149 4539257 1823096832
256 150 4541542 1823096832
256 151 4540814 1823096832
256 152 4542236 1823096832
256 153 4540585 1823096832
256 154 4542636 1823096832
256 155 4541538 1823096832
256 156 4541648 1823096832
256 157 4539922 1823096832
256 158 4541151 1823096832
256 159 4539850 1823096832
256 160 4540475 1823096832
256 161 4540082 1823096832
256 162 4539432 1823096832
256 163 4541151 1823096832
256 164 4540241 1823096832
256 165 4541077 1823096832
256 166 4540121 1823096832
256 167 4541636 1823096832
256 168 4540546 1823096832
256 169 4542193 1823096832
256 170 4540471 1823096832
256 171 4541605 1823096832
256 172 4540384 1823096832
256 173 4543226 1823096832
256 174 4540778 1823096832
256 175 4542348 1823096832
256 176 4539764 1823096832
256 177 4541805 1823096832
256 178 4540372 1823096832
256 179 4541454 1823096832
256 180 4540200 1823096832
256 181 4541758 1823096832
256 182 4539344 1823096832
256 183 4540440 1823096832
256 184 4540168 1823096832
256 185 4540190 1823096832
256 186 4540047 1823096832
256 187 4540036 1823096832
256 188 4542188 1823096832
256 189 4540378 1823096832
256 190 4541336 1823096832
256 191 4540418 1823096832
256 192 4541641 1823096832
256 193 4541307 1823096832
256 194 4542837 1823096832
256 195 4541037 1823096832
256 196 4542114 1823096832
256 197 4541088 1823096832
256 198 4541722 1823096832
256 199 4540440 1823096832
256 200 4541814 1823096832
256 201 4540159 1823096832
256 202 4541373 1823096832
256 203 4540885 1823096832
256 204 4540929 1823096832
256 205 4540127 1823096832
256 206 4540084 1823096832
256 207 4539394 1823096832
256 208 4540110 1823096832
256 209 4540997 1823096832
256 210 4539883 1823096832
256 211 4542036 1823096832
256 212 4540637 1823096832
256 213 4541878 1823096832
256 214 4540400 1823096832
256 215 4541171 1823096832
256 216 4539773 1823096832
256 217 4541562 1823096832
256 218 4539404 1823096832
256 219 4541765 1823096832
256 220 4539997 1823096832
256 221 4541840 1823096832
256 222 4540356 1823096832
256 223 4541566 1823096832
256 224 4540267 1823096832
256 225 4542184 1823096832
256 226 4540419 1823096832
256 227 4539665 1823096832
256 228 4540239 1823096832
256 229 4540173 1823096832
256 230 4539997 1823096832
256 231 4540138 1823096832
256 232 4541776 1823096832
256 233 4540651 1823096832
256 234 4541435 1823096832
256 235 4540195 1823096832
256 236 4541683 1823096832
256 237 4540930 1823096832
256 238 4541386 1823096832
256 239 4541425 1823096832
256 240 4541263 1823096832
256 241 4539853 1823096832
256 242 4542423 1823096832
256 243 4540540 1823096832
256 244 4541733 1823096832
256 245 4539406 1823096832
256 246 4542640 1823096832
256 247 4539894 1823096832
256 248 4540509 1823096832
256 249 4540449 1823096832
256 250 4541126 1823096832
256 251 4541043 1823096832
256 252 4540984 1823096832
256 253 4540056 1823096832
256 254 4541163 1823096832
256 255 4542722 1823096832
256 256 4541119 1823096832
256 257 4542324 1823096832
256 258 4541025 1823096832
256 259 4542102 1823096832
256 260 4540712 1823096832
256 261 4542518 1823096832
256 262 4541079 1823096832
256 263 4542636 1823096832
256 264 4539593 1823096832
256 265 4540937 1823096832
256 266 4540129 1823096832
256 267 4541847 1823096832
256 268 4540782 1823096832
256 269 4542254 1823096832
256 270 4539864 1823096832
256 271 4539432 1823096832
256 272 4540404 1823096832
256 273 4540759 1823096832
256 274 4539924 1823096832
256 275 4540835 1823096832
256 276 4541262 1823096832
256 277 4541133 1823096832
256 278 4542252 1823096832
256 279 4540335 1823096832
256 280 4541427 1823096832
256 281 4539792 1823096832
256 282 4541641 1823096832
256 283 4539806 1823096832
256 284 4541605 1823096832
256 285 4540438 1823096832
256 286 4542435 1823096832
256 287 4540283 1823096832
256 288 4541876 1823096832
256 289 4539889 1823096832
256 290 4541979 1823096832
256 291 4540246 1823096832
256 292 4542339 1823096832
256 293 4540606 1823096832
256 294 4540872 1823096832
256 295 4540487 1823096832
256 296 4540252 1823096832
256 297 4540915 1823096832
256 298 4539120 1823096832
256 299 4542057 1823096832
256 300 4540078 1823096832
256 301 4541784 1823096832
256 302 4539845 1823096832
256 303 4542453 1823096832
256 304 4539919 1823096832
256 305 4542332 1823096832
256 306 4539566 1823096832
256 307 4542291 1823096832
256 308 4539472 1823096832
256 309 4541795 1823096832
256 310 4540417 1823096832
256 311 4541835 1823096832
256 312 4539516 1823096832
256 313 4542859 1823096832
256 314 4540005 1823096832
256 315 4540226 1823096832
256 316 4539927 1823096832
256 317 4542146 1823096832
256 318 4540602 1823096832
256 319 4541622 1823096832
256 320 4542491 1823096832
256 321 4539646 1823096832
256 322 4542311 1823096832
256 323 4541107 1823096832
256 324 4541328 1823096832
256 325 4540127 1823096832
256 326 4542814 1823096832
256 327 4541460 1823096832
256 328 4541768 1823096832
256 329 4540709 1823096832
256 330 4542143 1823096832
256 331 4539854 1823096832
256 332 4541293 1823096832
256 333 4540103 1823096832
256 334 4542639 1823096832
256 335 4540526 1823096832
256 336 4541409 1823096832
256 337 4539425 1823096832
256 338 4541274 1823096832
256 339 4540266 1823096832
256 340 4540759 1823096832
256 341 4539643 1823096832
256 342 4541214 1823096832
256 343 4542550 1823096832
256 344 4538871 1823096832
256 345 4540398 1823096832
256 346 4540264 1823096832
256 347 4542681 1823096832
256 348 4540389 1823096832
256 349 4541334 1823096832
256 350 4540196 1823096832
256 351 4541663 1823096832
256 352 4540166 1823096832
256 353 4542370 1823096832
256 354 4540165 1823096832
256 355 4541492 1823096832
256 356 4541236 1823096832
256 357 4541904 1823096832
256 358 4540688 1823096832
256 359 4540444 1823096832
256 360 4540760 1823096832
256 361 4540264 1823096832
256 362 4540242 1823096832
256 363 4540223 1823096832
256 364 4542899 1823096832
256 365 4539671 1823096832
256 366 4541221 1823096832
256 367 4540892 1823096832
256 368 4542063 1823096832
256 369 4540518 1823096832
256 370 4540713 1823096832
256 371 4539550 1823096832
256 372 4542672 1823096832
256 373 4541115 1823096832
256 374 4540607 1823096832
256 375 4540857 1823096832
256 376 4541937 1823096832
256 377 4539992 1823096832
256 378 4543352 1823096832
256 379 4540480 1823096832
256 380 4542068 1823096832
256 381 4539804 1823096832
256 382 4540372 1823096832
256 383 4540263 1823096832
256 384 4540252 1823096832
256 385 4540029 1823096832
256 386 4539832 1823096832
256 387 4542732 1823096832
256 388 4539866 1823096832
256 389 4542188 1823096832
256 390 4539091 1823096832
256 391 4541394 1823096832
256 392 4540317 1823096832
256 393 4541973 1823096832
256 394 4540524 1823096832
256 395 4541568 1823096832
256 396 4540268 1823096832
256 397 4542174 1823096832
256 398 4539920 1823096832
256 399 4540811 1823096832
256 400 4539655 1823096832
256 401 4541922 1823096832
256 402 4540229 1823096832
256 403 4540320 1823096832
256 404 4540478 1823096832
256 405 4541069 1823096832
256 406 4539973 1823096832
256 407 4540650 1823096832
256 408 4542139 1823096832
256 409 4539704 1823096832
256 410 4542120 1823096832
256 411 4540357 1823096832
256 412 4542901 1823096832
256 413 4540923 1823096832
256 414 4541293 1823096832
256 415 4540012 1823096832
256 416 4541332 1823096832
256 417 4539897 1823096832
256 418 4541953 1823096832
256 419 4540925 1823096832
256 420 4542175 1823096832
256 421 4540323 1823096832
256 422 4542117 1823096832
256 423 4539367 1823096832
256 424 4542691 1823096832
256 425 4539298 1823096832
256 426 4540107 1823096832
256 427 4540403 1823096832
256 428 4541082 1823096832
256 429 4539730 1823096832
256 430 4540331 1823096832
256 431 4542335 1823096832
256 432 4541057 1823096832
256 433 4542628 1823096832
256 434 4539511 1823096832
256 435 4541252 1823096832
256 436 4540242 1823096832
256 437 4542488 1823096832
256 438 4539087 1823096832
256 439 4542556 1823096832
256 440 4539161 1823096832
256 441 4541150 1823096832
256 442 4540416 1823096832
256 443 4541988 1823096832
256 444 4540541 1823096832
256 445 4542388 1823096832
256 446 4540568 1823096832
256 447 4540923 1823096832
256 448 4540253 1823096832
256 449 4540730 1823096832
256 450 4540271 1823096832
256 451 4539763 1823096832
256 452 4541186 1823096832
256 453 4539914 1823096832
256 454 4541352 1823096832
256 455 4540414 1823096832
256 456 4541985 1823096832
256 457 4541670 1823096832
256 458 4542329 1823096832
256 459 4540654 1823096832
256 460 4540886 1823096832
256 461 4540363 1823096832
256 462 4542023 1823096832
256 463 4540283 1823096832
256 464 4541025 1823096832
256 465 4540784 1823096832
256 466 4542651 1823096832
256 467 4539975 1823096832
256 468 4542201 1823096832
256 469 4540109 1823096832
256 470 4540462 1823096832
256 471 4541548 1823096832
256 472 4539268 1823096832
256 473 4540011 1823096832
256 474 4540243 1823096832
256 475 4541382 1823096832
256 476 4539797 1823096832
256 477 4542149 1823096832
256 478 4540170 1823096832
256 479 4542418 1823096832
256 480 4540344 1823096832
256 481 4541404 1823096832
256 482 4540346 1823096832
256 483 4541971 1823096832
256 484 4541341 1823096832
256 485 4541868 1823096832
256 486 4540282 1823096832
256 487 4542620 1823096832
256 488 4540998 1823096832
256 489 4542382 1823096832
256 490 4541265 1823096832
256 491 4540282 1823096832
256 492 4540712 1823096832
256 493 4540506 1823096832
256 494 4540839 1823096832
256 495 4540501 1823096832
256 496 4540003 1823096832
256 497 4540534 1823096832
256 498 4541584 1823096832
256 499 4539745 1823096832
256 500 4541269 1823096832
256 501 4540402 1823096832
256 502 4542573 1823096832
256 503 4540820 1823096832
256 504 4541830 1823096832
256 505 4540460 1823096832
256 506 4541268 1823096832
256 507 4540113 1823096832
256 508 4542795 1823096832
256 509 4539982 1823096832
256 510 4541853 1823096832
256 511 4540864 1823096832
256 512 4541719 1823096832
256 513 4539721 1823096832
256 514 4540143 1823096832
256 515 4540510 1823096832
256 516 4540248 1823096832
256 517 4540980 1823096832
256 518 4539916 1823096832
256 519 4542194 1823096832
256 520 4540870 1823096832
256 521 4542344 1823096832
256 522 4540907 1823096832
256 523 4542659 1823096832
256 524 4540695 1823096832
256 525 4542045 1823096832
256 526 4540605 1823096832
256 527 4542023 1823096832
256 528 4540585 1823096832
256 529 4542002 1823096832
256 530 4540948 1823096832
256 531 4541043 1823096832
256 532 4540705 1823096832
256 533 4541765 1823096832
256 534 4540763 1823096832
256 535 4540610 1823096832
256 536 4540468 1823096832
256 537 4539978 1823096832
256 538 4540659 1823096832
256 539 4539813 1823096832
256 540 4540115 1823096832
256 541 4540924 1823096832
256 542 4540983 1823096832
256 543 4540715 1823096832
256 544 4541416 1823096832
256 545 4540089 1823096832
256 546 4541551 1823096832
256 547 4540707 1823096832
256 548 4542039 1823096832
256 549 4539821 1823096832
256 550 4541976 1823096832
256 551 4540776 1823096832
256 552 4541336 1823096832
256 553 4540516 1823096832
256 554 4542512 1823096832
256 555 4538315 1823096832
256 556 4539886 1823096832
256 557 4541109 1823096832
256 558 4539774 1823096832
256 559 4540306 1823096832
256 560 4540186 1823096832
256 561 4540401 1823096832
256 562 4541054 1823096832
256 563 4542649 1823096832
256 564 4540608 1823096832
256 565 4542082 1823096832
256 566 4539595 1823096832
256 567 4542892 1823096832
256 568 4540133 1823096832
256 569 4542504 1823096832
256 570 4539845 1823096832
256 571 4541986 1823096832
256 572 4541021 1823096832
256 573 4541178 1823096832
256 574 4538448 1823096832
256 575 4542013 1823096832
256 576 4540532 1823096832
256 577 4542034 1823096832
256 578 4539335 1823096832
256 579 4541904 1823096832
256 580 4540377 1823096832
256 581 4539966 1823096832
256 582 4540036 1823096832
256 583 4540728 1823096832
256 584 4540573 1823096832
256 585 4541214 1823096832
256 586 4541765 1823096832
256 587 4540722 1823096832
256 588 4540954 1823096832
256 589 4541160 1823096832
256 590 4542330 1823096832
256 591 4539947 1823096832
256 592 4540609 1823096832
256 593 4540161 1823096832
256 594 4541926 1823096832
256 595 4539939 1823096832
256 596 4542391 1823096832
256 597 4540684 1823096832
256 598 4541697 1823096832
256 599 4540418 1823096832
256 600 4541846 1823096832
256 601 4539393 1823096832
256 602 4540020 1823096832
256 603 4540398 1823096832
256 604 4538822 1823096832
256 605 4540224 1823096832
256 606 4540305 1823096832
256 607 4541341 1823096832
256 608 4539852 1823096832
256 609 4540668 1823096832
256 610 4539928 1823096832
256 611 4541405 1823096832
256 612 4540418 1823096832
256 613 4541295 1823096832
256 614 4540215 1823096832
256 615 4542279 1823096832
256 616 4539881 1823096832
256 617 4542169 1823096832
256 618 4539076 1823096832
256 619 4542424 1823096832
256 620 4539893 1823096832
256 621 4542191 1823096832
256 622 4539889 1823096832
256 623 4541033 1823096832
256 624 4541437 1823096832
256 625 4539670 1823096832
256 626 4540565 1823096832
256 627 4540200 1823096832
256 628 4539782 1823096832
256 629 4541682 1823096832
256 630 4541556 1823096832
256 631 4538294 1823096832
256 632 4542126 1823096832
256 633 4540109 1823096832
256 634 4540979 1823096832
256 635 4540620 1823096832
256 636 4541833 1823096832
256 637 4539614 1823096832
256 638 4541780 1823096832
256 639 4540534 1823096832
256 640 4541883 1823096832
256 641 4540347 1823096832
256 642 4541949 1823096832
256 643 4540751 1823096832
256 644 4542360 1823096832
256 645 4540536 1823096832
256 646 4541135 1823096832
256 647 4539695 1823096832
256 648 4540651 1823096832
256 649 4539372 1823096832
256 650 4540543 1823096832
256 651 4541625 1823096832
256 652 4540292 1823096832
256 653 4542408 1823096832
256 654 4539895 1823096832
256 655 4542271 1823096832
256 656 4539348 1823096832
256 657 4542641 1823096832
256 658 4540298 1823096832
256 659 4542053 1823096832
256 660 4540714 1823096832
256 661 4541833 1823096832
256 662 4540074 1823096832
256 663 4542960 1823096832
256 664 4540073 1823096832
256 665 4540797 1823096832
256 666 4540277 1823096832
256 667 4542047 1823096832
256 668 4540020 1823096832
256 669 4541427 1823096832
256 670 4539936 1823096832
256 671 4540605 1823096832
256 672 4540273 1823096832
256 673 4540058 1823096832
256 674 4540963 1823096832
256 675 4540370 1823096832
256 676 4542629 1823096832
256 677 4539496 1823096832
256 678 4542437 1823096832
256 679 4539823 1823096832
256 680 4541754 1823096832
256 681 4541554 1823096832
256 682 4542670 1823096832
256 683 4539802 1823096832
256 684 4540258 1823096832
256 685 4541394 1823096832
256 686 4543212 1823096832
256 687 4539452 1823096832
256 688 4541825 1823096832
256 689 4540607 1823096832
256 690 4541179 1823096832
256 691 4540365 1823096832
256 692 4539625 1823096832
256 693 4540097 1823096832
256 694 4540720 1823096832
256 695 4542532 1823096832
256 696 4540630 1823096832
256 697 4541402 1823096832
256 698 4540787 1823096832
256 699 4541818 1823096832
256 700 4540627 1823096832
256 701 4541774 1823096832
256 702 4540586 1823096832
256 703 4540953 1823096832
256 704 4540251 1823096832
256 705 4541949 1823096832
256 706 4539200 1823096832
256 707 4541191 1823096832
256 708 4540954 1823096832
256 709 4541446 1823096832
256 710 4541184 1823096832
256 711 4541957 1823096832
256 712 4540885 1823096832
256 713 4540554 1823096832
256 714 4540208 1823096832
256 715 4540299 1823096832
256 716 4540465 1823096832
256 717 4540611 1823096832
256 718 4542223 1823096832
256 719 4539880 1823096832
256 720 4541683 1823096832
256 721 4540247 1823096832
256 722 4542096 1823096832
256 723 4540752 1823096832
256 724 4541988 1823096832
256 725 4539793 1823096832
256 726 4542443 1823096832
256 727 4540036 1823096832
256 728 4542102 1823096832
256 729 4539916 1823096832
256 730 4541692 1823096832
256 731 4540587 1823096832
256 732 4542989 1823096832
256 733 4540606 1823096832
256 734 4540323 1823096832
256 735 4539339 1823096832
256 736 4539964 1823096832
256 737 4540092 1823096832
256 738 4539296 1823096832
256 739 4539956 1823096832
256 740 4540110 1823096832
256 741 4541053 1823096832
256 742 4540110 1823096832
256 743 4541285 1823096832
256 744 4539926 1823096832
256 745 4542289 1823096832
256 746 4539967 1823096832
256 747 4541795 1823096832
256 748 4540682 1823096832
256 749 4542293 1823096832
256 750 4540210 1823096832
256 751 4541248 1823096832
256 752 4540791 1823096832
256 753 4541749 1823096832
256 754 4539611 1823096832
256 755 4541599 1823096832
256 756 4541071 1823096832
256 757 4539882 1823096832
256 758 4540960 1823096832
256 759 4540240 1823096832
256 760 4540269 1823096832
256 761 4539992 1823096832
256 762 4542002 1823096832
256 763 4540539 1823096832
256 764 4541953 1823096832
256 765 4540296 1823096832
256 766 4541663 1823096832
256 767 4540518 1823096832
256 768 4541721 1823096832
256 769 4541744 1823096832
256 770 4542351 1823096832
256 771 4540179 1823096832
256 772 4542010 1823096832
256 773 4539733 1823096832
256 774 4542286 1823096832
256 775 4540421 1823096832
256 776 4541131 1823096832
256 777 4540008 1823096832
256 778 4540093 1823096832
256 779 4540150 1823096832
256 780 4539463 1823096832
256 781 4540228 1823096832
256 782 4539246 1823096832
256 783 4540931 1823096832
256 784 4541163 1823096832
256 785 4541837 1823096832
256 786 4539191 1823096832
256 787 4541173 1823096832
256 788 4540261 1823096832
256 789 4541164 1823096832
256 790 4540297 1823096832
256 791 4541553 1823096832
256 792 4540640 1823096832
256 793 4542187 1823096832
256 794 4540196 1823096832
256 795 4541726 1823096832
256 796 4540427 1823096832
256 797 4540703 1823096832
256 798 4540150 1823096832
256 799 4541625 1823096832
256 800 4539782 1823096832
256 801 4540174 1823096832
256 802 4540994 1823096832
256 803 4540117 1823096832
256 804 4539396 1823096832
256 805 4540712 1823096832
256 806 4541751 1823096832
256 807 4540243 1823096832
256 808 4542580 1823096832
256 809 4540152 1823096832
256 810 4541640 1823096832
256 811 4540723 1823096832
256 812 4542304 1823096832
256 813 4540230 1823096832
256 814 4543254 1823096832
256 815 4539995 1823096832
256 816 4541032 1823096832
256 817 4539231 1823096832
256 818 4541151 1823096832
256 819 4540227 1823096832
256 820 4540970 1823096832
256 821 4540235 1823096832
256 822 4542199 1823096832
256 823 4540029 1823096832
256 824 4539961 1823096832
256 825 4539553 1823096832
256 826 4540655 1823096832
256 827 4541378 1823096832
256 828 4539952 1823096832
256 829 4541941 1823096832
256 830 4539848 1823096832
256 831 4540902 1823096832
256 832 4539751 1823096832
256 833 4542765 1823096832
256 834 4540348 1823096832
256 835 4540979 1823096832
256 836 4540389 1823096832
256 837 4540993 1823096832
256 838 4541758 1823096832
256 839 4542934 1823096832
256 840 4540022 1823096832
256 841 4541541 1823096832
256 842 4539571 1823096832
256 843 4541666 1823096832
256 844 4540120 1823096832
256 845 4540412 1823096832
256 846 4539951 1823096832
256 847 4541390 1823096832
256 848 4540542 1823096832
256 849 4540332 1823096832
256 850 4542683 1823096832
256 851 4540849 1823096832
256 852 4541526 1823096832
256 853 4540369 1823096832
256 854 4542083 1823096832
256 855 4540140 1823096832
256 856 4541314 1823096832
256 857 4539303 1823096832
256 858 4542040 1823096832
256 859 4540479 1823096832
256 860 4541798 1823096832
256 861 4539993 1823096832
256 862 4541729 1823096832
256 863 4540745 1823096832
256 864 4542110 1823096832
256 865 4540111 1823096832
256 866 4542177 1823096832
256 867 4540878 1823096832
256 868 4539648 1823096832
256 869 4540079 1823096832
256 870 4539524 1823096832
256 871 4540393 1823096832
256 872 4540793 1823096832
256 873 4541995 1823096832
256 874 4540997 1823096832
256 875 4542096 1823096832
256 876 4540954 1823096832
256 877 4542421 1823096832
256 878 4541018 1823096832
256 879 4541568 1823096832
256 880 4540357 1823096832
256 881 4542071 1823096832
256 882 4540970 1823096832
256 883 4542486 1823096832
256 884 4539197 1823096832
256 885 4541803 1823096832
256 886 4539925 1823096832
256 887 4541639 1823096832
256 888 4540374 1823096832
256 889 4539917 1823096832
256 890 4540312 1823096832
256 891 4540112 1823096832
256 892 4541210 1823096832
256 893 4540613 1823096832
256 894 4541735 1823096832
256 895 4539812 1823096832
256 896 4541380 1823096832
256 897 4540285 1823096832
256 898 4542324 1823096832
256 899 4541092 1823096832
256 900 4541316 1823096832
256 901 4540758 1823096832
256 902 4541096 1823096832
256 903 4540860 1823096832
256 904 4541173 1823096832
256 905 4540220 1823096832
256 906 4540977 1823096832
256 907 4540202 1823096832
256 908 4542189 1823096832
256 909 4539734 1823096832
256 910 4543181 1823096832
256 911 4539856 1823096832
256 912 4539237 1823096832
256 913 4540692 1823096832
256 914 4540500 1823096832
256 915 4539811 1823096832
256 916 4540448 1823096832
256 917 4540844 1823096832
256 918 4540621 1823096832
256 919 4541723 1823096832
256 920 4539955 1823096832
256 921 4541582 1823096832
256 922 4540117 1823096832
256 923 4541363 1823096832
256 924 4540379 1823096832
256 925 4541757 1823096832
256 926 4540403 1823096832
256 927 4541486 1823096832
256 928 4541499 1823096832
256 929 4542060 1823096832
256 930 4540138 1823096832
256 931 4543027 1823096832
256 932 4541422 1823096832
256 933 4539511 1823096832
256 934 4541005 1823096832
256 935 4539730 1823096832
256 936 4539889 1823096832
256 937 4540866 1823096832
256 938 4542551 1823096832
256 939 4539549 1823096832
256 940 4541549 1823096832
256 941 4540903 1823096832
256 942 4542362 1823096832
256 943 4540281 1823096832
256 944 4541250 1823096832
256 945 4539942 1823096832
256 946 4541527 1823096832
256 947 4539337 1823096832
256 948 4542410 1823096832
256 949 4539659 1823096832
256 950 4541881 1823096832
256 951 4540011 1823096832
256 952 4542129 1823096832
256 953 4539073 1823096832
256 954 4542352 1823096832
256 955 4540565 1823096832
256 956 4541312 1823096832
256 957 4540483 1823096832
256 958 4539398 1823096832
256 959 4540970 1823096832
256 960 4539607 1823096832
256 961 4542041 1823096832
256 962 4540871 1823096832
256 963 4543171 1823096832
256 964 4540393 1823096832
256 965 4540736 1823096832
256 966 4539947 1823096832
256 967 4542671 1823096832
256 968 4540467 1823096832
256 969 4542201 1823096832
256 970 4540587 1823096832
256 971 4542094 1823096832
256 972 4540018 1823096832
256 973 4542821 1823096832
256 974 4539631 1823096832
256 975 4541212 1823096832
256 976 4540888 1823096832
256 977 4539597 1823096832
256 978 4539715 1823096832
256 979 4539873 1823096832
256 980 4541038 1823096832
256 981 4540075 1823096832
256 982 4539672 1823096832
256 983 4540057 1823096832
256 984 4542835 1823096832
256 985 4539128 1823096832
256 986 4541522 1823096832
256 987 4540768 1823096832
256 988 4541292 1823096832
256 989 4539626 1823096832
256 990 4541473 1823096832
256 991 4539764 1823096832
256 992 4543744 1823096832
256 993 4540833 1823096832
256 994 4541894 1823096832
256 995 4541680 1823096832
256 996 4540936 1823096832
256 997 4540358 1823096832
256 998 4542194 1823096832
256 999 4539136 1823096832
