512 0 22146699 3131637760
512 1 21613253 3131637760
512 2 21738687 3131637760
512 3 21657638 3131637760
512 4 21683058 3131637760
512 5 21695101 3131637760
512 6 21699347 3131637760
512 7 21649099 3131637760
512 8 21758677 3131637760
512 9 21749574 3131637760
512 10 21704853 3131637760
512 11 21720480 3131637760
512 12 21727524 3131637760
512 13 21685533 3131637760
512 14 21653508 3131637760
512 15 21699484 3131637760
512 16 21738311 3131637760
512 17 21689171 3131637760
512 18 21705724 3131637760
512 19 21710433 3131637760
512 20 21706140 3131637760
512 21 21706811 3131637760
512 22 21701922 3131637760
512 23 21682250 3131637760
512 24 21671086 3131637760
512 25 21734658 3131637760
512 26 21718513 3131637760
512 27 21747003 3131637760
512 28 21658134 3131637760
512 29 21697246 3131637760
512 30 21693791 3131637760
512 31 21650827 3131637760
512 32 21711460 3131637760
512 33 21709512 3131637760
512 34 21754694 3131637760
512 35 21710331 3131637760
512 36 21691380 3131637760
512 37 21735060 3131637760
512 38 21690330 3131637760
512 39 21724636 3131637760
512 40 21770349 3131637760
512 41 21729514 3131637760
512 42 21732621 3131637760
512 43 21674877 3131637760
512 44 21696656 3131637760
512 45 21664939 3131637760
512 46 21710082 3131637760
512 47 21712342 3131637760
512 48 21618354 3131637760
512 49 21637889 3131637760
512 50 21619121 3131637760
512 51 21655502 3131637760
512 52 21678066 3131637760
512 53 21679080 3131637760
512 54 21658371 3131637760
512 55 21677840 3131637760
512 56 21697145 3131637760
512 57 21700760 3131637760
512 58 21666606 3131637760
512 59 21716070 3131637760
512 60 21702279 3131637760
512 61 21613158 3131637760
512 62 21727403 3131637760
512 63 21700686 3131637760
512 64 21664115 3131637760
512 65 21768101 3131637760
512 66 21695185 3131637760
512 67 21681714 3131637760
512 68 21713646 3131637760
512 69 21669621 3131637760
512 70 21662321 3131637760
512 71 21669664 3131637760
512 72 21660952 3131637760
512 73 21640970 3131637760
512 74 21648744 3131637760
512 75 21667453 3131637760
512 76 21675570 3131637760
512 77 21643590 3131637760
512 78 21677029 3131637760
512 79 21666817 3131637760
512 80 21689707 3131637760
512 81 21710944 3131637760
512 82 21681362 3131637760
512 83 21677103 3131637760
512 84 21632205 3131637760
512 85 21671148 3131637760
512 86 21707005 3131637760
512 87 21702262 3131637760
512 88 21715640 3131637760
512 89 21695342 3131637760
512 90 21725448 3131637760
512 91 21650774 3131637760
512 92 21706491 3131637760
512 93 21736024 3131637760
512 94 21696116 3131637760
512 95 21718523 3131637760
512 96 21664064 3131637760
512 97 21688750 3131637760
512 98 21620122 3131637760
512 99 21683195 3131637760
512 100 21667524 3131637760
512 101 21709964 3131637760
512 102 21706441 3131637760
512 103 21675172 3131637760
512 104 21683752 3131637760
512 105 21696906 3131637760
512 106 21742840 3131637760
512 107 21696787 3131637760
512 108 21686902 3131637760
512 109 21688352 3131637760
512 110 21664325 3131637760
512 111 21645180 3131637760
512 112 21703248 3131637760
512 113 21695676 3131637760
512 114 21723586 3131637760
512 115 21703711 3131637760
512 116 21690050 3131637760
512 117 21737068 3131637760
512 118 21769342 3131637760
512 119 21691405 3131637760
512 120 21663260 3131637760
512 121 21735529 3131637760
512 122 21713320 3131637760
512 123 21725118 3131637760
512 124 21670340 3131637760
512 125 21728144 3131637760
512 126 21746724 3131637760
512 127 21719297 3131637760
512 128 21713891 3131637760
512 129 21731314 3131637760
512 130 21704790 3131637760
512 131 21699052 3131637760
512 132 21684569 3131637760
512 133 21657807 3131637760
512 134 21712409 3131637760
512 135 21717752 3131637760
512 136 21671559 3131637760
512 137 21689783 3131637760
512 138 21710705 3131637760
512 139 21662445 3131637760
512 140 21651463 3131637760
512 141 21655932 3131637760
512 142 21692424 3131637760
512 143 21689533 3131637760
512 144 21685445 3131637760
512 145 21695901 3131637760
512 146 21693902 3131637760
512 147 21692479 3131637760
512 148 21694674 3131637760
512 149 21736027 3131637760
512 150 21675445 3131637760
512 151 21665752 3131637760
512 152 21632059 3131637760
512 153 21682230 3131637760
512 154 21700776 3131637760
512 155 21700614 3131637760
512 156 21754482 3131637760
512 157 21685192 3131637760
512 158 21654310 3131637760
512 159 21692977 3131637760
512 160 21719400 3131637760
512 161 21679249 3131637760
512 162 21722753 3131637760
512 163 21654944 3131637760
512 164 21738530 3131637760
512 165 21686484 3131637760
512 166 21686037 3131637760
512 167 21731294 3131637760
512 168 21634024 3131637760
512 169 21713020 3131637760
512 170 21685296 3131637760
512 171 21672229 3131637760
512 172 21698168 3131637760
512 173 21703876 3131637760
512 174 21662765 3131637760
512 175 21711067 3131637760
512 176 21684618 3131637760
512 177 21744596 3131637760
512 178 21630333 3131637760
512 179 21672519 3131637760
512 180 21707132 3131637760
512 181 21689214 3131637760
512 182 21638692 3131637760
512 183 21666644 3131637760
512 184 21642700 3131637760
512 185 21694644 3131637760
512 186 21720710 3131637760
512 187 21679462 3131637760
512 188 21668951 3131637760
512 189 21695908 3131637760
512 190 21642904 3131637760
512 191 21709293 3131637760
512 192 21715569 3131637760
512 193 21689002 3131637760
512 194 21712598 3131637760
512 195 21717632 3131637760
512 196 21721830 3131637760
512 197 21655341 3131637760
512 198 21663800 3131637760
512 199 21673770 3131637760
512 200 21715042 3131637760
512 201 21658795 3131637760
512 202 21736065 3131637760
512 203 21674092 3131637760
512 204 21683696 3131637760
512 205 21639405 3131637760
512 206 21677363 3131637760
512 207 21683650 3131637760
512 208 21647578 3131637760
512 209 21676702 3131637760
512 210 21671099 3131637760
512 211 21676848 3131637760
512 212 21673558 3131637760
512 213 21646934 3131637760
512 214 21722687 3131637760
512 215 21701926 3131637760
512 216 21708632 3131637760
512 217 21688873 3131637760
512 218 21695978 3131637760
512 219 21690062 3131637760
512 220 21707606 3131637760
512 221 21701130 3131637760
512 222 21667739 3131637760
512 223 21692193 3131637760
512 224 21712966 3131637760
512 225 21662015 3131637760
512 226 21669020 3131637760
512 227 21676531 3131637760
512 228 21653434 3131637760
512 229 21719249 3131637760
512 230 21694644 3131637760
512 231 21697561 3131637760
512 232 21717939 3131637760
512 233 21672133 3131637760
512 234 21641423 3131637760
512 235 21625828 3131637760
512 236 21664873 3131637760
512 237 21619329 3131637760
512 238 21656532 3131637760
512 239 21663616 3131637760
512 240 21715288 3131637760
512 241 21666440 3131637760
512 242 21641707 3131637760
512 243 21664698 3131637760
512 244 21677195 3131637760
512 245 21668156 3131637760
512 246 21700563 3131637760
512 247 21647909 3131637760
512 248 21677096 3131637760
512 249 21725569 3131637760
512 250 21663183 3131637760
512 251 21674546 3131637760
512 252 21706072 3131637760
512 253 21692082 3131637760
512 254 21671608 3131637760
512 255 21716570 3131637760
512 256 21682691 3131637760
512 257 21686867 3131637760
512 258 21663760 3131637760
512 259 21652106 3131637760
512 260 21655110 3131637760
512 261 21662652 3131637760
512 262 21739901 3131637760
512 263 21646743 3131637760
512 264 21692455 3131637760
512 265 21690560 3131637760
512 266 21727032 3131637760
512 267 21656155 3131637760
512 268 21677403 3131637760
512 269 21647239 3131637760
512 270 21645614 3131637760
512 271 21693808 3131637760
512 272 21643058 3131637760
512 273 21637958 3131637760
512 274 21653366 3131637760
512 275 21689441 3131637760
512 276 21609187 3131637760
512 277 21668310 3131637760
512 278 21650629 3131637760
512 279 21687918 3131637760
512 280 21696514 3131637760
512 281 21710528 3131637760
512 282 21695446 3131637760
512 283 21745587 3131637760
512 284 21636047 3131637760
512 285 21680180 3131637760
512 286 21701302 3131637760
512 287 21672974 3131637760
512 288 21714927 3131637760
512 289 21744496 3131637760
512 290 21774512 3131637760
512 291 21665600 3131637760
512 292 21694411 3131637760
512 293 21734074 3131637760
512 294 21662994 3131637760
512 295 21676682 3131637760
512 296 21683805 3131637760
512 297 21709104 3131637760
512 298 21679415 3131637760
512 299 21662091 3131637760
512 300 21667605 3131637760
512 301 21667341 3131637760
512 302 21646100 3131637760
512 303 21628382 3131637760
512 304 21660470 3131637760
512 305 21696737 3131637760
512 306 21684545 3131637760
512 307 21688955 3131637760
512 308 21664143 3131637760
512 309 21671873 3131637760
512 310 21693940 3131637760
512 311 21667979 3131637760
512 312 21651660 3131637760
512 313 21709105 3131637760
512 314 21631165 3131637760
512 315 21687414 3131637760
512 316 21703519 3131637760
512 317 21633327 3131637760
512 318 21682125 3131637760
512 319 21727811 3131637760
512 320 21630862 3131637760
512 321 21679201 3131637760
512 322 21624616 3131637760
512 323 21670787 3131637760
512 324 21754291 3131637760
512 325 21697454 3131637760
512 326 21686045 3131637760
512 327 21669797 3131637760
512 328 21646568 3131637760
512 329 21706660 3131637760
512 330 21663396 3131637760
512 331 21657085 3131637760
512 332 21656230 3131637760
512 333 21613440 3131637760
512 334 21685398 3131637760
512 335 21681587 3131637760
512 336 21681624 3131637760
512 337 21711971 3131637760
512 338 21674246 3131637760
512 339 21647380 3131637760
512 340 21678750 3131637760
512 341 21669651 3131637760
512 342 21710214 3131637760
512 343 21682044 3131637760
512 344 21688126 3131637760
512 345 21685023 3131637760
512 346 21641471 3131637760
512 347 21645734 3131637760
512 348 21649332 3131637760
512 349 21647673 3131637760
512 350 21693762 3131637760
512 351 21720522 3131637760
512 352 21609429 3131637760
512 353 21711515 3131637760
512 354 21639614 3131637760
512 355 21724314 3131637760
512 356 21738392 3131637760
512 357 21726378 3131637760
512 358 21681114 3131637760
512 359 21712029 3131637760
512 360 21720558 3131637760
512 361 21701124 3131637760
512 362 21702260 3131637760
512 363 21657232 3131637760
512 364 21668400 3131637760
512 365 21690732 3131637760
512 366 21756447 3131637760
512 367 21662993 3131637760
512 368 21692555 3131637760
512 369 21691526 3131637760
512 370 21694504 3131637760
512 371 21702719 3131637760
512 372 21699513 3131637760
512 373 21687604 3131637760
512 374 21680856 3131637760
512 375 21668648 3131637760
512 376 21682306 3131637760
512 377 21655991 3131637760
512 378 21617006 3131637760
512 379 21654007 3131637760
512 380 21692518 3131637760
512 381 21669961 3131637760
512 382 21658873 3131637760
512 383 21622653 3131637760
512 384 21672424 3131637760
512 385 21654944 3131637760
512 386 21618931 3131637760
512 387 21662092 3131637760
512 388 21683404 3131637760
512 389 21677333 3131637760
512 390 21730830 3131637760
512 391 21711557 3131637760
512 392 21709216 3131637760
512 393 21676788 3131637760
512 394 21670110 3131637760
512 395 21688604 3131637760
512 396 21686733 3131637760
512 397 21680453 3131637760
512 398 21666697 3131637760
512 399 21681022 3131637760
512 400 21679082 3131637760
512 401 21674812 3131637760
512 402 21660287 3131637760
512 403 21699403 3131637760
512 404 21707770 3131637760
512 405 21600776 3131637760
512 406 21660234 3131637760
512 407 21704916 3131637760
512 408 21669313 3131637760
512 409 21740932 3131637760
512 410 21706788 3131637760
512 411 21682758 3131637760
512 412 21684735 3131637760
512 413 21669808 3131637760
512 414 21680207 3131637760
512 415 21702169 3131637760
512 416 21691382 3131637760
512 417 21687874 3131637760
512 418 21703402 3131637760
512 419 21639628 3131637760
512 420 21656359 3131637760
512 421 21673976 3131637760
512 422 21608557 3131637760
512 423 21712176 3131637760
512 424 21709202 3131637760
512 425 21641698 3131637760
512 426 21692899 3131637760
512 427 21659976 3131637760
512 428 21648189 3131637760
512 429 21717558 3131637760
512 430 21663396 3131637760
512 431 21705727 3131637760
512 432 21698413 3131637760
512 433 21678247 3131637760
512 434 21656623 3131637760
512 435 21698941 3131637760
512 436 21611988 3131637760
512 437 21670284 3131637760
512 438 21702449 3131637760
512 439 21727030 3131637760
512 440 21712302 3131637760
512 441 21689387 3131637760
512 442 21685341 3131637760
512 443 21720764 3131637760
512 444 21684601 3131637760
512 445 21739052 3131637760
512 446 21659680 3131637760
512 447 21646358 3131637760
512 448 21686524 3131637760
512 449 21615568 3131637760
512 450 21702409 3131637760
512 451 21661412 3131637760
512 452 21644221 3131637760
512 453 21620433 3131637760
512 454 21685677 3131637760
512 455 21642585 3131637760
512 456 21635241 3131637760
512 457 21625694 3131637760
512 458 21606485 3131637760
512 459 21695052 3131637760
512 460 21679745 3131637760
512 461 21597967 3131637760
512 462 21622045 3131637760
512 463 21688442 3131637760
512 464 21650708 3131637760
512 465 21683408 3131637760
512 466 21719188 3131637760
512 467 21692348 3131637760
512 468 21650946 3131637760
512 469 21699829 3131637760
512 470 21655098 3131637760
512 471 21645837 3131637760
512 472 21722134 3131637760
512 473 21680917 3131637760
512 474 21626371 3131637760
512 475 21650345 3131637760
512 476 21674618 3131637760
512 477 21637261 3131637760
512 478 21687981 3131637760
512 479 21622194 3131637760
512 480 21697310 3131637760
512 481 21686775 3131637760
512 482 21671054 3131637760
512 483 21627775 3131637760
512 484 21661618 3131637760
512 485 21719096 3131637760
512 486 21708846 3131637760
512 487 21702547 3131637760
512 488 21616923 3131637760
512 489 21715219 3131637760
512 490 21681337 3131637760
512 491 21676595 3131637760
512 492 21684009 3131637760
512 493 21642372 3131637760
512 494 21705234 3131637760
512 495 21729682 3131637760
512 496 21653079 3131637760
512 497 21633404 3131637760
512 498 21678685 3131637760
512 499 21695398 3131637760
512 500 21695734 3131637760
512 501 21715388 3131637760
512 502 21711911 3131637760
512 503 21698624 3131637760
512 504 21649019 3131637760
512 505 21717546 3131637760
512 506 21658076 3131637760
512 507 21702490 3131637760
512 508 21696050 3131637760
512 509 21643837 3131637760
512 510 21647565 3131637760
512 511 21606813 3131637760
512 512 21634009 3131637760
512 513 21653611 3131637760
512 514 21672642 3131637760
512 515 21689760 3131637760
512 516 21632770 3131637760
512 517 21666516 3131637760
512 518 21682043 3131637760
512 519 21659945 3131637760
512 520 21690017 3131637760
512 521 21706271 3131637760
512 522 21688002 3131637760
512 523 21677422 3131637760
512 524 21686844 3131637760
512 525 21677658 3131637760
512 526 21727623 3131637760
512 527 21681616 3131637760
512 528 21682386 3131637760
512 529 21668298 3131637760
512 530 21691468 3131637760
512 531 21756022 3131637760
512 532 21714392 3131637760
512 533 21717154 3131637760
512 534 21721164 3131637760
512 535 21681182 3131637760
512 536 21679310 3131637760
512 537 21697035 3131637760
512 538 21666102 3131637760
512 539 21676578 3131637760
512 540 21707406 3131637760
512 541 21668389 3131637760
512 542 21691039 3131637760
512 543 21709192 3131637760
512 544 21687197 3131637760
512 545 21676246 3131637760
512 546 21699327 3131637760
512 547 21717308 3131637760
512 548 21654507 3131637760
512 549 21681446 3131637760
512 550 21746746 3131637760
512 551 21706227 3131637760
512 552 21674157 3131637760
512 553 21715571 3131637760
512 554 21696526 3131637760
512 555 21682579 3131637760
512 556 21683458 3131637760
512 557 21674890 3131637760
512 558 21703872 3131637760
512 559 21679770 3131637760
512 560 21688611 3131637760
512 561 21707638 3131637760
512 562 21710952 3131637760
512 563 21732260 3131637760
512 564 21682079 3131637760
512 565 21658507 3131637760
512 566 21722603 3131637760
512 567 21705950 3131637760
512 568 21720286 3131637760
512 569 21660208 3131637760
512 570 21652528 3131637760
512 571 21725176 3131637760
512 572 21712742 3131637760
512 573 21624507 3131637760
512 574 21692012 3131637760
512 575 21653144 3131637760
512 576 21719427 3131637760
512 577 21734123 3131637760
512 578 21682664 3131637760
512 579 21749833 3131637760
512 580 21684938 3131637760
512 581 21712202 3131637760
512 582 21713770 3131637760
512 583 21657339 3131637760
512 584 21657610 3131637760
512 585 21659390 3131637760
512 586 21676959 3131637760
512 587 21708198 3131637760
512 588 21695709 3131637760
512 589 21690184 3131637760
512 590 21702062 3131637760
512 591 21653821 3131637760
512 592 21678686 3131637760
512 593 21679481 3131637760
512 594 21674986 3131637760
512 595 21700728 3131637760
512 596 21672102 3131637760
512 597 21713897 3131637760
512 598 21680047 3131637760
512 599 21665419 3131637760
512 600 21761127 3131637760
512 601 21674762 3131637760
512 602 21762430 3131637760
512 603 21705629 3131637760
512 604 21625719 3131637760
512 605 21632236 3131637760
512 606 21696762 3131637760
512 607 21679330 3131637760
512 608 21657467 3131637760
512 609 21717183 3131637760
512 610 21685211 3131637760
512 611 21703881 3131637760
512 612 21655478 3131637760
512 613 21673538 3131637760
512 614 21730810 3131637760
512 615 21687420 3131637760
512 616 21689898 3131637760
512 617 21726650 3131637760
512 618 21719836 3131637760
512 619 21703925 3131637760
512 620 21688333 3131637760
512 621 21690481 3131637760
512 622 21728051 3131637760
512 623 21726300 3131637760
512 624 21675683 3131637760
512 625 21736316 3131637760
512 626 21639608 3131637760
512 627 21665318 3131637760
512 628 21714954 3131637760
512 629 21672908 3131637760
512 630 21755721 3131637760
512 631 21726276 3131637760
512 632 21674088 3131637760
512 633 21676088 3131637760
512 634 21733550 3131637760
512 635 21702588 3131637760
512 636 21689158 3131637760
512 637 21631925 3131637760
512 638 21746369 3131637760
512 639 21719836 3131637760
512 640 21771490 3131637760
512 641 21649626 3131637760
512 642 21676054 3131637760
512 643 21706376 3131637760
512 644 21698481 3131637760
512 645 21699102 3131637760
512 646 21722767 3131637760
512 647 21723876 3131637760
512 648 21698696 3131637760
512 649 21707368 3131637760
512 650 21720293 3131637760
512 651 21705754 3131637760
512 652 21685548 3131637760
512 653 21679398 3131637760
512 654 21754793 3131637760
512 655 21720367 3131637760
512 656 21704516 3131637760
512 657 21715352 3131637760
512 658 21654552 3131637760
512 659 21702067 3131637760
512 660 21707005 3131637760
512 661 21655006 3131637760
512 662 21740207 3131637760
512 663 21635724 3131637760
512 664 21691102 3131637760
512 665 21697536 3131637760
512 666 21697563 3131637760
512 667 21683432 3131637760
512 668 21706953 3131637760
512 669 21614644 3131637760
512 670 21726715 3131637760
512 671 21708618 3131637760
512 672 21719580 3131637760
512 673 21714077 3131637760
512 674 21735899 3131637760
512 675 21659471 3131637760
512 676 21727627 3131637760
512 677 21682510 3131637760
512 678 21719366 3131637760
512 679 21714310 3131637760
512 680 21671669 3131637760
512 681 21699818 3131637760
512 682 21636493 3131637760
512 683 21662430 3131637760
512 684 21736771 3131637760
512 685 21642942 3131637760
512 686 21720593 3131637760
512 687 21645808 3131637760
512 688 21678130 3131637760
512 689 21728078 3131637760
512 690 21720494 3131637760
512 691 21651440 3131637760
512 692 21676526 3131637760
512 693 21688718 3131637760
512 694 21682366 3131637760
512 695 21635972 3131637760
512 696 21701664 3131637760
512 697 21703056 3131637760
512 698 21700167 3131637760
512 699 21671292 3131637760
512 700 21720266 3131637760
512 701 21696580 3131637760
512 702 21750745 3131637760
512 703 21668086 3131637760
512 704 21704881 3131637760
512 705 21676202 3131637760
512 706 21652303 3131637760
512 707 21665596 3131637760
512 708 21643467 3131637760
512 709 21653340 3131637760
512 710 21702095 3131637760
512 711 21699315 3131637760
512 712 21635498 3131637760
512 713 21698929 3131637760
512 714 21677319 3131637760
512 715 21644594 3131637760
512 716 21670303 3131637760
512 717 21613600 3131637760
512 718 21618376 3131637760
512 719 21632380 3131637760
512 720 21725666 3131637760
512 721 21659797 3131637760
512 722 21594521 3131637760
512 723 21665120 3131637760
512 724 21666277 3131637760
512 725 21676594 3131637760
512 726 21627743 3131637760
512 727 21668796 3131637760
512 728 21685710 3131637760
512 729 21675514 3131637760
512 730 21728659 3131637760
512 731 21718526 3131637760
512 732 21688829 3131637760
512 733 21644338 3131637760
512 734 21699161 3131637760
512 735 21703523 3131637760
512 736 21725259 3131637760
512 737 21707270 3131637760
512 738 21732564 3131637760
512 739 21728776 3131637760
512 740 21663608 3131637760
512 741 21730108 3131637760
512 742 21678608 3131637760
512 743 21695578 3131637760
512 744 21738100 3131637760
512 745 21717304 3131637760
512 746 21694635 3131637760
512 747 21672091 3131637760
512 748 21675892 3131637760
512 749 21648069 3131637760
512 750 21635130 3131637760
512 751 21686447 3131637760
512 752 21653726 3131637760
512 753 21615254 3131637760
512 754 21691350 3131637760
512 755 21691490 3131637760
512 756 21664529 3131637760
512 757 21706072 3131637760
512 758 21668624 3131637760
512 759 21692997 3131637760
512 760 21701542 3131637760
512 761 21677112 3131637760
512 762 21652565 3131637760
512 763 21690547 3131637760
512 764 21715853 3131637760
512 765 21661538 3131637760
512 766 21697173 3131637760
512 767 21707633 3131637760
512 768 21711375 3131637760
512 769 21703099 3131637760
512 770 21721922 3131637760
512 771 21664275 3131637760
512 772 21661364 3131637760
512 773 21678908 3131637760
512 774 21668248 3131637760
512 775 21706501 3131637760
512 776 21767846 3131637760
512 777 21675218 3131637760
512 778 21688755 3131637760
512 779 21660326 3131637760
512 780 21695618 3131637760
512 781 21732454 3131637760
512 782 21704392 3131637760
512 783 21674903 3131637760
512 784 21677630 3131637760
512 785 21636994 3131637760
512 786 21691817 3131637760
512 787 21742084 3131637760
512 788 21626402 3131637760
512 789 21713016 3131637760
512 790 21704798 3131637760
512 791 21642903 3131637760
512 792 21709936 3131637760
512 793 21733813 3131637760
512 794 21728394 3131637760
512 795 21694996 3131637760
512 796 21740074 3131637760
512 797 21728331 3131637760
512 798 21643895 3131637760
512 799 21717791 3131637760
512 800 21733174 3131637760
512 801 21718319 3131637760
512 802 21685036 3131637760
512 803 21638269 3131637760
512 804 21670115 3131637760
512 805 21674581 3131637760
512 806 21708086 3131637760
512 807 21740312 3131637760
512 808 21687780 3131637760
512 809 21633568 3131637760
512 810 21626999 3131637760
512 811 21719603 3131637760
512 812 21643037 3131637760
512 813 21729770 3131637760
512 814 21656627 3131637760
512 815 21714937 3131637760
512 816 21769344 3131637760
512 817 21708892 3131637760
512 818 21707904 3131637760
512 819 21673235 3131637760
512 820 21730336 3131637760
512 821 21708466 3131637760
512 822 21659316 3131637760
512 823 21641470 3131637760
512 824 21688385 3131637760
512 825 21703881 3131637760
512 826 21658658 3131637760
512 827 21590426 3131637760
512 828 21658384 3131637760
512 829 21611946 3131637760
512 830 21649481 3131637760
512 831 21660221 3131637760
512 832 21715859 3131637760
512 833 21664405 3131637760
512 834 21676873 3131637760
512 835 21703166 3131637760
512 836 21694014 3131637760
512 837 21698004 3131637760
512 838 21660566 3131637760
512 839 21654575 3131637760
512 840 21732290 3131637760
512 841 21669902 3131637760
512 842 21698752 3131637760
512 843 21669696 3131637760
512 844 21658160 3131637760
512 845 21680110 3131637760
512 846 21663387 3131637760
512 847 21625653 3131637760
512 848 21640909 3131637760
512 849 21595456 3131637760
512 850 21649046 3131637760
512 851 21682921 3131637760
512 852 21707987 3131637760
512 853 21671489 3131637760
512 854 21685823 3131637760
512 855 21681080 3131637760
512 856 21658644 3131637760
512 857 21675167 3131637760
512 858 21661420 3131637760
512 859 21642064 3131637760
512 860 21671630 3131637760
512 861 21671130 3131637760
512 862 21618323 3131637760
512 863 21682826 3131637760
512 864 21638056 3131637760
512 865 21665034 3131637760
512 866 21678988 3131637760
512 867 21624169 3131637760
512 868 21650235 3131637760
512 869 21667126 3131637760
512 870 21664469 3131637760
512 871 21682777 3131637760
512 872 21640260 3131637760
512 873 21682529 3131637760
512 874 21747301 3131637760
512 875 21669410 3131637760
512 876 21658959 3131637760
512 877 21684445 3131637760
512 878 21667071 3131637760
512 879 21687934 3131637760
512 880 21665877 3131637760
512 881 21693524 3131637760
512 882 21644624 3131637760
512 883 21684719 3131637760
512 884 21676758 3131637760
512 885 21679244 3131637760
512 886 21680648 3131637760
512 887 21704214 3131637760
512 888 21733676 3131637760
512 889 21665868 3131637760
512 890 21625525 3131637760
512 891 21640550 3131637760
512 892 21692550 3131637760
512 893 21680918 3131637760
512 894 21695234 3131637760
512 895 21708757 3131637760
512 896 21733998 3131637760
512 897 21699884 3131637760
512 898 21737691 3131637760
512 899 21729481 3131637760
512 900 21636004 3131637760
512 901 21663613 3131637760
512 902 21691206 3131637760
512 903 21661538 3131637760
512 904 21721660 3131637760
512 905 21700022 3131637760
512 906 21722406 3131637760
512 907 21729050 3131637760
512 908 21665539 3131637760
512 909 21705686 3131637760
512 910 21760416 3131637760
512 911 21747771 3131637760
512 912 21679722 3131637760
512 913 21677955 3131637760
512 914 21663689 3131637760
512 915 21706930 3131637760
512 916 21713158 3131637760
512 917 21708653 3131637760
512 918 21714739 3131637760
512 919 21661588 3131637760
512 920 21666953 3131637760
512 921 21638821 3131637760
512 922 21684431 3131637760
512 923 21707929 3131637760
512 924 21678847 3131637760
512 925 21721327 3131637760
512 926 21731854 3131637760
512 927 21727311 3131637760
512 928 21716290 3131637760
512 929 21701999 3131637760
512 930 21677342 3131637760
512 931 21740368 3131637760
512 932 21677388 3131637760
512 933 21703496 3131637760
512 934 21709138 3131637760
512 935 21672283 3131637760
512 936 21749888 3131637760
512 937 21665642 3131637760
512 938 21709714 3131637760
512 939 21709557 3131637760
512 940 21675308 3131637760
512 941 21700309 3131637760
512 942 21679556 3131637760
512 943 21684027 3131637760
512 944 21665522 3131637760
512 945 21654491 3131637760
512 946 21699299 3131637760
512 947 21661696 3131637760
512 948 21690198 3131637760
512 949 21726335 3131637760
512 950 21646007 3131637760
512 951 21673308 3131637760
512 952 21703647 3131637760
512 953 21677765 3131637760
512 954 21732190 3131637760
512 955 21678328 3131637760
512 956 21710275 3131637760
512 957 21730660 3131637760
512 958 21713140 3131637760
512 959 21700503 3131637760
512 960 21734705 3131637760
512 961 21707322 3131637760
512 962 21660651 3131637760
512 963 21681578 3131637760
512 964 21662670 3131637760
512 965 21707042 3131637760
512 966 21701329 3131637760
512 967 21669374 3131637760
512 968 21684970 3131637760
512 969 21705258 3131637760
512 970 21666696 3131637760
512 971 21652444 3131637760
512 972 21706110 3131637760
512 973 21717016 3131637760
512 974 21641004 3131637760
512 975 21732732 3131637760
512 976 21759394 3131637760
512 977 21712648 3131637760
512 978 21671884 3131637760
512 979 21703655 3131637760
512 980 21728384 3131637760
512 981 21748646 3131637760
512 982 21712210 3131637760
512 983 21713640 3131637760
512 984 21687694 3131637760
512 985 21688490 3131637760
512 986 21706433 3131637760
512 987 21721452 3131637760
512 988 21735901 3131637760
512 989 21667987 3131637760
512 990 21738945 3131637760
512 991 21726800 3131637760
512 992 21682200 3131637760
512 993 21712817 3131637760
512 994 21727461 3131637760
512 995 21734364 3131637760
512 996 21722506 3131637760
512 997 21692858 3131637760
512 998 21684724 3131637760
512 999 21696462 3131637760
