512 0 1491922 3131637760
512 1 1406730 3131637760
512 2 1399402 3131637760
512 3 1411494 3131637760
512 4 1402654 3131637760
512 5 1399994 3131637760
512 6 1397814 3131637760
512 7 1404698 3131637760
512 8 1403650 3131637760
512 9 1400766 3131637760
512 10 1396542 3131637760
512 11 1390170 3131637760
512 12 1390314 3131637760
512 13 1400706 3131637760
512 14 1394398 3131637760
512 15 1397902 3131637760
512 16 1402738 3131637760
512 17 1397910 3131637760
512 18 1399758 3131637760
512 19 1394502 3131637760
512 20 1396466 3131637760
512 21 1399778 3131637760
512 22 1394270 3131637760
512 23 1393102 3131637760
512 24 1393758 3131637760
512 25 1394766 3131637760
512 26 1398082 3131637760
512 27 1397882 3131637760
512 28 1397106 3131637760
512 29 1396550 3131637760
512 30 1400154 3131637760
512 31 1404810 3131637760
512 32 1404250 3131637760
512 33 1398223 3131637760
512 34 1399679 3131637760
512 35 1400199 3131637760
512 36 1398663 3131637760
512 37 1400039 3131637760
512 38 1399423 3131637760
512 39 1400727 3131637760
512 40 1403643 3131637760
512 41 1403492 3131637760
512 42 1390863 3131637760
512 43 1395959 3131637760
512 44 1392337 3131637760
512 45 1401171 3131637760
512 46 1402471 3131637760
512 47 1401559 3131637760
512 48 1401511 3131637760
512 49 1398491 3131637760
512 50 1399471 3131637760
512 51 1401571 3131637760
512 52 1397747 3131637760
512 53 1400822 3131637760
512 54 1395946 3131637760
512 55 1401614 3131637760
512 56 1400254 3131637760
512 57 1395638 3131637760
512 58 1402485 3131637760
512 59 1393006 3131637760
512 60 1398314 3131637760
512 61 1404734 3131637760
512 62 1399222 3131637760
512 63 1397854 3131637760
512 64 1395926 3131637760
512 65 1407070 3131637760
512 66 1399574 3131637760
512 67 1397786 3131637760
512 68 1403004 3131637760
512 69 1405690 3131637760
512 70 1393614 3131637760
512 71 1397310 3131637760
512 72 1395878 3131637760
512 73 1404026 3131637760
512 74 1390646 3131637760
512 75 1402202 3131637760
512 76 1395138 3131637760
512 77 1402234 3131637760
512 78 1395178 3131637760
512 79 1394542 3131637760
512 80 1405026 3131637760
512 81 1392494 3131637760
512 82 1393710 3131637760
512 83 1394630 3131637760
512 84 1404541 3131637760
512 85 1394362 3131637760
512 86 1398078 3131637760
512 87 1401466 3131637760
512 88 1396726 3131637760
512 89 1400398 3131637760
512 90 1394933 3131637760
512 91 1397014 3131637760
512 92 1401808 3131637760
512 93 1390944 3131637760
512 94 1403318 3131637760
512 95 1399368 3131637760
512 96 1400100 3131637760
512 97 1401430 3131637760
512 98 1405362 3131637760
512 99 1399909 3131637760
512 100 1396395 3131637760
512 101 1404958 3131637760
512 102 1395078 3131637760
512 103 1394766 3131637760
512 104 1399958 3131637760
512 105 1405814 3131637760
512 106 1396714 3131637760
512 107 1395342 3131637760
512 108 1403806 3131637760
512 109 1405286 3131637760
512 110 1401458 3131637760
512 111 1397546 3131637760
512 112 1395714 3131637760
512 113 1403738 3131637760
512 114 1406758 3131637760
512 115 1398434 3131637760
512 116 1400670 3131637760
512 117 1399806 3131637760
512 118 1392594 3131637760
512 119 1402718 3131637760
512 120 1394706 3131637760
512 121 1396514 3131637760
512 122 1400698 3131637760
512 123 1402710 3131637760
512 124 1400798 3131637760
512 125 1400854 3131637760
512 126 1400138 3131637760
512 127 1402693 3131637760
512 128 1396750 3131637760
512 129 1401830 3131637760
512 130 1401110 3131637760
512 131 1401650 3131637760
512 132 1401974 3131637760
512 133 1398518 3131637760
512 134 1402890 3131637760
512 135 1401782 3131637760
512 136 1399202 3131637760
512 137 1397374 3131637760
512 138 1398114 3131637760
512 139 1400026 3131637760
512 140 1396838 3131637760
512 141 1400134 3131637760
512 142 1399527 3131637760
512 143 1397511 3131637760
512 144 1394907 3131637760
512 145 1395407 3131637760
512 146 1392871 3131637760
512 147 1397847 3131637760
512 148 1393234 3131637760
512 149 1395187 3131637760
512 150 1399111 3131637760
512 151 1398415 3131637760
512 152 1395755 3131637760
512 153 1405263 3131637760
512 154 1398471 3131637760
512 155 1395531 3131637760
512 156 1396555 3131637760
512 157 1406779 3131637760
512 158 1398851 3131637760
512 159 1401857 3131637760
512 160 1398471 3131637760
512 161 1394119 3131637760
512 162 1402117 3131637760
512 163 1395677 3131637760
512 164 1395191 3131637760
512 165 1401207 3131637760
512 166 1398967 3131637760
512 167 1402487 3131637760
512 168 1404354 3131637760
512 169 1397110 3131637760
512 170 1396894 3131637760
512 171 1403386 3131637760
512 172 1395358 3131637760
512 173 1397814 3131637760
512 174 1396478 3131637760
512 175 1403834 3131637760
512 176 1401070 3131637760
512 177 1399330 3131637760
512 178 1401294 3131637760
512 179 1397410 3131637760
512 180 1398110 3131637760
512 181 1401394 3131637760
512 182 1391614 3131637760
512 183 1399207 3131637760
512 184 1398174 3131637760
512 185 1403322 3131637760
512 186 1394842 3131637760
512 187 1397082 3131637760
512 188 1401482 3131637760
512 189 1401450 3131637760
512 190 1398950 3131637760
512 191 1407006 3131637760
512 192 1394658 3131637760
512 193 1398906 3131637760
512 194 1400518 3131637760
512 195 1392786 3131637760
512 196 1394678 3131637760
512 197 1404090 3131637760
512 198 1404379 3131637760
512 199 1398206 3131637760
512 200 1395326 3131637760
512 201 1397242 3131637760
512 202 1396214 3131637760
512 203 1392552 3131637760
512 204 1395574 3131637760
512 205 1399322 3131637760
512 206 1401759 3131637760
512 207 1401202 3131637760
512 208 1404354 3131637760
512 209 1405295 3131637760
512 210 1400922 3131637760
512 211 1402220 3131637760
512 212 1397792 3131637760
512 213 1395650 3131637760
512 214 1399838 3131637760
512 215 1399726 3131637760
512 216 1397044 3131637760
512 217 1393630 3131637760
512 218 1396326 3131637760
512 219 1397048 3131637760
512 220 1401602 3131637760
512 221 1403802 3131637760
512 222 1399030 3131637760
512 223 1394797 3131637760
512 224 1405558 3131637760
512 225 1398690 3131637760
512 226 1398026 3131637760
512 227 1393062 3131637760
512 228 1399066 3131637760
512 229 1406046 3131637760
512 230 1400910 3131637760
512 231 1401062 3131637760
512 232 1400622 3131637760
512 233 1399930 3131637760
512 234 1401514 3131637760
512 235 1403306 3131637760
512 236 1398046 3131637760
512 237 1398774 3131637760
512 238 1402530 3131637760
512 239 1402654 3131637760
512 240 1396402 3131637760
512 241 1400014 3131637760
512 242 1401282 3131637760
512 243 1403182 3131637760
512 244 1397354 3131637760
512 245 1395142 3131637760
512 246 1401886 3131637760
512 247 1398198 3131637760
512 248 1398658 3131637760
512 249 1405134 3131637760
512 250 1397230 3131637760
512 251 1399146 3131637760
512 252 1404342 3131637760
512 253 1392530 3131637760
512 254 1399830 3131637760
512 255 1405699 3131637760
512 256 1402563 3131637760
512 257 1397519 3131637760
512 258 1403299 3131637760
512 259 1399827 3131637760
512 260 1397123 3131637760
512 261 1400247 3131637760
512 262 1401643 3131637760
512 263 1398427 3131637760
512 264 1400031 3131637760
512 265 1397675 3131637760
512 266 1403447 3131637760
512 267 1395447 3131637760
512 268 1401315 3131637760
512 269 1407915 3131637760
512 270 1397679 3131637760
512 271 1398331 3131637760
512 272 1401071 3131637760
512 273 1396619 3131637760
512 274 1394871 3131637760
512 275 1396862 3131637760
512 276 1400430 3131637760
512 277 1400134 3131637760
512 278 1392318 3131637760
512 279 1398206 3131637760
512 280 1394698 3131637760
512 281 1401546 3131637760
512 282 1405596 3131637760
512 283 1399176 3131637760
512 284 1400830 3131637760
512 285 1395910 3131637760
512 286 1395574 3131637760
512 287 1400670 3131637760
512 288 1402514 3131637760
512 289 1396210 3131637760
512 290 1394706 3131637760
512 291 1404982 3131637760
512 292 1396774 3131637760
512 293 1404574 3131637760
512 294 1396322 3131637760
512 295 1397866 3131637760
512 296 1399087 3131637760
512 297 1397590 3131637760
512 298 1404406 3131637760
512 299 1400602 3131637760
512 300 1402962 3131637760
512 301 1406958 3131637760
512 302 1399530 3131637760
512 303 1396994 3131637760
512 304 1404877 3131637760
512 305 1398090 3131637760
512 306 1402470 3131637760
512 307 1397700 3131637760
512 308 1391066 3131637760
512 309 1402174 3131637760
512 310 1396342 3131637760
512 311 1396362 3131637760
512 312 1403402 3131637760
512 313 1403390 3131637760
512 314 1395686 3131637760
512 315 1399878 3131637760
512 316 1404062 3131637760
512 317 1402890 3131637760
512 318 1393434 3131637760
512 319 1401086 3131637760
512 320 1399012 3131637760
512 321 1399286 3131637760
512 322 1396646 3131637760
512 323 1401674 3131637760
512 324 1401023 3131637760
512 325 1405306 3131637760
512 326 1397038 3131637760
512 327 1397046 3131637760
512 328 1399618 3131637760
512 329 1396014 3131637760
512 330 1403610 3131637760
512 331 1405366 3131637760
512 332 1396526 3131637760
512 333 1401074 3131637760
512 334 1397702 3131637760
512 335 1398758 3131637760
512 336 1400738 3131637760
512 337 1394930 3131637760
512 338 1400238 3131637760
512 339 1396110 3131637760
512 340 1398358 3131637760
512 341 1398806 3131637760
512 342 1398146 3131637760
512 343 1403502 3131637760
512 344 1397794 3131637760
512 345 1401070 3131637760
512 346 1401854 3131637760
512 347 1395242 3131637760
512 348 1400954 3131637760
512 349 1399082 3131637760
512 350 1395026 3131637760
512 351 1403334 3131637760
512 352 1396582 3131637760
512 353 1395582 3131637760
512 354 1397474 3131637760
512 355 1401614 3131637760
512 356 1399102 3131637760
512 357 1402666 3131637760
512 358 1398487 3131637760
512 359 1395552 3131637760
512 360 1397855 3131637760
512 361 1394531 3131637760
512 362 1398135 3131637760
512 363 1401711 3131637760
512 364 1394447 3131637760
512 365 1394203 3131637760
512 366 1403767 3131637760
512 367 1395127 3131637760
512 368 1405047 3131637760
512 369 1391999 3131637760
512 370 1404411 3131637760
512 371 1406611 3131637760
512 372 1399115 3131637760
512 373 1393435 3131637760
512 374 1399379 3131637760
512 375 1401151 3131637760
512 376 1396523 3131637760
512 377 1397882 3131637760
512 378 1397902 3131637760
512 379 1404450 3131637760
512 380 1395578 3131637760
512 381 1402354 3131637760
512 382 1394562 3131637760
512 383 1398346 3131637760
512 384 1395880 3131637760
512 385 1393598 3131637760
512 386 1395310 3131637760
512 387 1403218 3131637760
512 388 1391750 3131637760
512 389 1393246 3131637760
512 390 1394722 3131637760
512 391 1394798 3131637760
512 392 1404386 3131637760
512 393 1399206 3131637760
512 394 1397766 3131637760
512 395 1395658 3131637760
512 396 1396618 3131637760
512 397 1403678 3131637760
512 398 1395822 3131637760
512 399 1403622 3131637760
512 400 1395642 3131637760
512 401 1393504 3131637760
512 402 1404282 3131637760
512 403 1401990 3131637760
512 404 1403940 3131637760
512 405 1396490 3131637760
512 406 1395398 3131637760
512 407 1398134 3131637760
512 408 1407054 3131637760
512 409 1400430 3131637760
512 410 1395046 3131637760
512 411 1405046 3131637760
512 412 1394210 3131637760
512 413 1402154 3131637760
512 414 1398264 3131637760
512 415 1400318 3131637760
512 416 1404453 3131637760
512 417 1399784 3131637760
512 418 1400934 3131637760
512 419 1403626 3131637760
512 420 1401934 3131637760
512 421 1400882 3131637760
512 422 1398234 3131637760
512 423 1396222 3131637760
512 424 1407658 3131637760
512 425 1399463 3131637760
512 426 1393494 3131637760
512 427 1397959 3131637760
512 428 1404471 3131637760
512 429 1403132 3131637760
512 430 1396364 3131637760
512 431 1405917 3131637760
512 432 1394582 3131637760
512 433 1399170 3131637760
512 434 1399638 3131637760
512 435 1400474 3131637760
512 436 1399122 3131637760
512 437 1401062 3131637760
512 438 1396826 3131637760
512 439 1398242 3131637760
512 440 1403590 3131637760
512 441 1399733 3131637760
512 442 1392462 3131637760
512 443 1400970 3131637760
512 444 1399638 3131637760
512 445 1398982 3131637760
512 446 1397702 3131637760
512 447 1403506 3131637760
512 448 1400532 3131637760
512 449 1390226 3131637760
512 450 1401801 3131637760
512 451 1403482 3131637760
512 452 1402794 3131637760
512 453 1399786 3131637760
512 454 1400790 3131637760
512 455 1393554 3131637760
512 456 1405819 3131637760
512 457 1394949 3131637760
512 458 1395855 3131637760
512 459 1394523 3131637760
512 460 1405511 3131637760
512 461 1402275 3131637760
512 462 1405727 3131637760
512 463 1397223 3131637760
512 464 1404251 3131637760
512 465 1395119 3131637760
512 466 1398183 3131637760
512 467 1394515 3131637760
512 468 1390123 3131637760
512 469 1405881 3131637760
512 470 1399875 3131637760
512 471 1400807 3131637760
512 472 1394163 3131637760
512 473 1402515 3131637760
512 474 1401838 3131637760
512 475 1405930 3131637760
512 476 1398530 3131637760
512 477 1397802 3131637760
512 478 1394510 3131637760
512 479 1398640 3131637760
512 480 1400530 3131637760
512 481 1400024 3131637760
512 482 1393398 3131637760
512 483 1405546 3131637760
512 484 1393374 3131637760
512 485 1400882 3131637760
512 486 1399914 3131637760
512 487 1398798 3131637760
512 488 1396326 3131637760
512 489 1400558 3131637760
512 490 1401134 3131637760
512 491 1398082 3131637760
512 492 1403154 3131637760
512 493 1401382 3131637760
512 494 1404810 3131637760
512 495 1400158 3131637760
512 496 1400694 3131637760
512 497 1398598 3131637760
512 498 1392438 3131637760
512 499 1395850 3131637760
512 500 1402362 3131637760
512 501 1400606 3131637760
512 502 1394310 3131637760
512 503 1400838 3131637760
512 504 1403346 3131637760
512 505 1405894 3131637760
512 506 1399626 3131637760
512 507 1395970 3131637760
512 508 1404374 3131637760
512 509 1401094 3131637760
512 510 1401226 3131637760
512 511 1401754 3131637760
512 512 1403230 3131637760
512 513 1410134 3131637760
512 514 1400950 3131637760
512 515 1399374 3131637760
512 516 1403767 3131637760
512 517 1401194 3131637760
512 518 1403110 3131637760
512 519 1398094 3131637760
512 520 1393698 3131637760
512 521 1391918 3131637760
512 522 1399214 3131637760
512 523 1397970 3131637760
512 524 1399470 3131637760
512 525 1399154 3131637760
512 526 1398910 3131637760
512 527 1401674 3131637760
512 528 1398030 3131637760
512 529 1399754 3131637760
512 530 1410906 3131637760
512 531 1403522 3131637760
512 532 1400726 3131637760
512 533 1393174 3131637760
512 534 1391442 3131637760
512 535 1400346 3131637760
512 536 1400746 3131637760
512 537 1402446 3131637760
512 538 1396922 3131637760
512 539 1397194 3131637760
512 540 1399946 3131637760
512 541 1394770 3131637760
512 542 1396982 3131637760
512 543 1396802 3131637760
512 544 1404590 3131637760
512 545 1396282 3131637760
512 546 1397284 3131637760
512 547 1403326 3131637760
512 548 1394966 3131637760
512 549 1403666 3131637760
512 550 1401950 3131637760
512 551 1395114 3131637760
512 552 1396126 3131637760
512 553 1402474 3131637760
512 554 1405738 3131637760
512 555 1399662 3131637760
512 556 1398723 3131637760
512 557 1397363 3131637760
512 558 1401359 3131637760
512 559 1399327 3131637760
512 560 1391311 3131637760
512 561 1405099 3131637760
512 562 1410541 3131637760
512 563 1398241 3131637760
512 564 1403339 3131637760
512 565 1398855 3131637760
512 566 1396803 3131637760
512 567 1401077 3131637760
512 568 1401123 3131637760
512 569 1404183 3131637760
512 570 1398591 3131637760
512 571 1397091 3131637760
512 572 1393803 3131637760
512 573 1392455 3131637760
512 574 1392058 3131637760
512 575 1393738 3131637760
512 576 1400396 3131637760
512 577 1398710 3131637760
512 578 1403110 3131637760
512 579 1400278 3131637760
512 580 1401044 3131637760
512 581 1396830 3131637760
512 582 1400742 3131637760
512 583 1399342 3131637760
512 584 1402590 3131637760
512 585 1393758 3131637760
512 586 1404450 3131637760
512 587 1399606 3131637760
512 588 1399122 3131637760
512 589 1398094 3131637760
512 590 1402698 3131637760
512 591 1400470 3131637760
512 592 1401334 3131637760
512 593 1403826 3131637760
512 594 1398638 3131637760
512 595 1396230 3131637760
512 596 1398834 3131637760
512 597 1394838 3131637760
512 598 1395430 3131637760
512 599 1398450 3131637760
512 600 1397906 3131637760
512 601 1399242 3131637760
512 602 1400286 3131637760
512 603 1401430 3131637760
512 604 1401062 3131637760
512 605 1398913 3131637760
512 606 1403446 3131637760
512 607 1401798 3131637760
512 608 1410620 3131637760
512 609 1403990 3131637760
512 610 1401770 3131637760
512 611 1401210 3131637760
512 612 1400162 3131637760
512 613 1401842 3131637760
512 614 1403938 3131637760
512 615 1400822 3131637760
512 616 1400538 3131637760
512 617 1397962 3131637760
512 618 1401870 3131637760
512 619 1406722 3131637760
512 620 1394646 3131637760
512 621 1399292 3131637760
512 622 1399322 3131637760
512 623 1395510 3131637760
512 624 1399122 3131637760
512 625 1397906 3131637760
512 626 1397486 3131637760
512 627 1397198 3131637760
512 628 1403774 3131637760
512 629 1397278 3131637760
512 630 1399230 3131637760
512 631 1396074 3131637760
512 632 1392546 3131637760
512 633 1395114 3131637760
512 634 1399982 3131637760
512 635 1401486 3131637760
512 636 1397250 3131637760
512 637 1404406 3131637760
512 638 1400934 3131637760
512 639 1397854 3131637760
512 640 1400118 3131637760
512 641 1394778 3131637760
512 642 1402954 3131637760
512 643 1394402 3131637760
512 644 1393870 3131637760
512 645 1399458 3131637760
512 646 1395730 3131637760
512 647 1395926 3131637760
512 648 1398970 3131637760
512 649 1396240 3131637760
512 650 1401390 3131637760
512 651 1400654 3131637760
512 652 1400670 3131637760
512 653 1404530 3131637760
512 654 1393974 3131637760
512 655 1402847 3131637760
512 656 1395709 3131637760
512 657 1400783 3131637760
512 658 1396635 3131637760
512 659 1393943 3131637760
512 660 1397363 3131637760
512 661 1396459 3131637760
512 662 1400615 3131637760
512 663 1393851 3131637760
512 664 1396031 3131637760
512 665 1396305 3131637760
512 666 1401827 3131637760
512 667 1392039 3131637760
512 668 1398279 3131637760
512 669 1404363 3131637760
512 670 1399187 3131637760
512 671 1400399 3131637760
512 672 1400513 3131637760
512 673 1405986 3131637760
512 674 1402770 3131637760
512 675 1403866 3131637760
512 676 1399946 3131637760
512 677 1399458 3131637760
512 678 1402038 3131637760
512 679 1400106 3131637760
512 680 1410182 3131637760
512 681 1402890 3131637760
512 682 1411226 3131637760
512 683 1401762 3131637760
512 684 1398106 3131637760
512 685 1394558 3131637760
512 686 1403562 3131637760
512 687 1398198 3131637760
512 688 1394866 3131637760
512 689 1400422 3131637760
512 690 1397454 3131637760
512 691 1398736 3131637760
512 692 1402802 3131637760
512 693 1406594 3131637760
512 694 1396306 3131637760
512 695 1401106 3131637760
512 696 1397614 3131637760
512 697 1395298 3131637760
512 698 1401080 3131637760
512 699 1394366 3131637760
512 700 1405990 3131637760
512 701 1401294 3131637760
512 702 1404122 3131637760
512 703 1402842 3131637760
512 704 1393597 3131637760
512 705 1402862 3131637760
512 706 1403662 3131637760
512 707 1398434 3131637760
512 708 1402846 3131637760
512 709 1403446 3131637760
512 710 1402538 3131637760
512 711 1394822 3131637760
512 712 1398196 3131637760
512 713 1399978 3131637760
512 714 1399986 3131637760
512 715 1402078 3131637760
512 716 1402702 3131637760
512 717 1398562 3131637760
512 718 1396330 3131637760
512 719 1403842 3131637760
512 720 1403722 3131637760
512 721 1396858 3131637760
512 722 1406382 3131637760
512 723 1400086 3131637760
512 724 1410402 3131637760
512 725 1400198 3131637760
512 726 1395822 3131637760
512 727 1402838 3131637760
512 728 1396250 3131637760
512 729 1396754 3131637760
512 730 1403210 3131637760
512 731 1402850 3131637760
512 732 1400678 3131637760
512 733 1402350 3131637760
512 734 1397638 3131637760
512 735 1398530 3131637760
512 736 1404202 3131637760
512 737 1401382 3131637760
512 738 1403250 3131637760
512 739 1396202 3131637760
512 740 1397454 3131637760
512 741 1404650 3131637760
512 742 1393702 3131637760
512 743 1403010 3131637760
512 744 1398238 3131637760
512 745 1398154 3131637760
512 746 1392482 3131637760
512 747 1394885 3131637760
512 748 1400847 3131637760
512 749 1396875 3131637760
512 750 1397615 3131637760
512 751 1409455 3131637760
512 752 1394379 3131637760
512 753 1395955 3131637760
512 754 1401659 3131637760
512 755 1399707 3131637760
512 756 1395735 3131637760
512 757 1394959 3131637760
512 758 1406047 3131637760
512 759 1402601 3131637760
512 760 1401779 3131637760
512 761 1403199 3131637760
512 762 1401427 3131637760
512 763 1401335 3131637760
512 764 1398530 3131637760
512 765 1398298 3131637760
512 766 1396158 3131637760
512 767 1401930 3131637760
512 768 1395802 3131637760
512 769 1397374 3131637760
512 770 1396126 3131637760
512 771 1404210 3131637760
512 772 1400606 3131637760
512 773 1399822 3131637760
512 774 1394550 3131637760
512 775 1403110 3131637760
512 776 1402538 3131637760
512 777 1401958 3131637760
512 778 1399442 3131637760
512 779 1403530 3131637760
512 780 1400922 3131637760
512 781 1401797 3131637760
512 782 1402102 3131637760
512 783 1397350 3131637760
512 784 1395782 3131637760
512 785 1406438 3131637760
512 786 1400594 3131637760
512 787 1399710 3131637760
512 788 1402346 3131637760
512 789 1405770 3131637760
512 790 1396974 3131637760
512 791 1398318 3131637760
512 792 1410474 3131637760
512 793 1399574 3131637760
512 794 1399178 3131637760
512 795 1396706 3131637760
512 796 1405226 3131637760
512 797 1401630 3131637760
512 798 1403170 3131637760
512 799 1400070 3131637760
512 800 1400238 3131637760
512 801 1398810 3131637760
512 802 1393014 3131637760
512 803 1399290 3131637760
512 804 1400630 3131637760
512 805 1398510 3131637760
512 806 1396630 3131637760
512 807 1398698 3131637760
512 808 1401206 3131637760
512 809 1406058 3131637760
512 810 1395906 3131637760
512 811 1394786 3131637760
512 812 1394422 3131637760
512 813 1399996 3131637760
512 814 1405374 3131637760
512 815 1397190 3131637760
512 816 1400034 3131637760
512 817 1403670 3131637760
512 818 1401411 3131637760
512 819 1401894 3131637760
512 820 1395888 3131637760
512 821 1404264 3131637760
512 822 1402870 3131637760
512 823 1394966 3131637760
512 824 1395870 3131637760
512 825 1399706 3131637760
512 826 1401178 3131637760
512 827 1403106 3131637760
512 828 1405954 3131637760
512 829 1400762 3131637760
512 830 1400950 3131637760
512 831 1398234 3131637760
512 832 1399106 3131637760
512 833 1392350 3131637760
512 834 1403150 3131637760
512 835 1395578 3131637760
512 836 1397110 3131637760
512 837 1395110 3131637760
512 838 1394890 3131637760
512 839 1399576 3131637760
512 840 1400567 3131637760
512 841 1401303 3131637760
512 842 1401631 3131637760
512 843 1400663 3131637760
512 844 1404127 3131637760
512 845 1400583 3131637760
512 846 1394611 3131637760
512 847 1400067 3131637760
512 848 1396939 3131637760
512 849 1398691 3131637760
512 850 1396491 3131637760
512 851 1394591 3131637760
512 852 1398641 3131637760
512 853 1396483 3131637760
512 854 1401551 3131637760
512 855 1398787 3131637760
512 856 1398215 3131637760
512 857 1394128 3131637760
512 858 1401086 3131637760
512 859 1401158 3131637760
512 860 1403578 3131637760
512 861 1402202 3131637760
512 862 1400932 3131637760
512 863 1402658 3131637760
512 864 1398306 3131637760
512 865 1405910 3131637760
512 866 1393938 3131637760
512 867 1403174 3131637760
512 868 1395734 3131637760
512 869 1400090 3131637760
512 870 1402606 3131637760
512 871 1401262 3131637760
512 872 1403754 3131637760
512 873 1401566 3131637760
512 874 1397514 3131637760
512 875 1408654 3131637760
512 876 1403584 3131637760
512 877 1402978 3131637760
512 878 1405254 3131637760
512 879 1400830 3131637760
512 880 1401394 3131637760
512 881 1400370 3131637760
512 882 1403350 3131637760
512 883 1396226 3131637760
512 884 1398434 3131637760
512 885 1396523 3131637760
512 886 1400802 3131637760
512 887 1398766 3131637760
512 888 1401514 3131637760
512 889 1404886 3131637760
512 890 1397354 3131637760
512 891 1393094 3131637760
512 892 1396457 3131637760
512 893 1395466 3131637760
512 894 1399850 3131637760
512 895 1399986 3131637760
512 896 1398242 3131637760
512 897 1400882 3131637760
512 898 1398594 3131637760
512 899 1397734 3131637760
512 900 1406050 3131637760
512 901 1402206 3131637760
512 902 1394658 3131637760
512 903 1400518 3131637760
512 904 1397480 3131637760
512 905 1398150 3131637760
512 906 1404021 3131637760
512 907 1401646 3131637760
512 908 1396462 3131637760
512 909 1406334 3131637760
512 910 1402402 3131637760
512 911 1396598 3131637760
512 912 1403890 3131637760
512 913 1392810 3131637760
512 914 1390962 3131637760
512 915 1398758 3131637760
512 916 1393894 3131637760
512 917 1408766 3131637760
512 918 1401532 3131637760
512 919 1402412 3131637760
512 920 1397194 3131637760
512 921 1397278 3131637760
512 922 1401582 3131637760
512 923 1408174 3131637760
512 924 1394642 3131637760
512 925 1403797 3131637760
512 926 1395638 3131637760
512 927 1399350 3131637760
512 928 1399166 3131637760
512 929 1398078 3131637760
512 930 1395814 3131637760
512 931 1398162 3131637760
512 932 1398946 3131637760
512 933 1402718 3131637760
512 934 1401578 3131637760
512 935 1392070 3131637760
512 936 1407886 3131637760
512 937 1397330 3131637760
512 938 1402304 3131637760
512 939 1399698 3131637760
512 940 1399253 3131637760
512 941 1396215 3131637760
512 942 1401691 3131637760
512 943 1397099 3131637760
512 944 1396539 3131637760
512 945 1397111 3131637760
512 946 1402251 3131637760
512 947 1399143 3131637760
512 948 1398122 3131637760
512 949 1407803 3131637760
512 950 1396839 3131637760
512 951 1397515 3131637760
512 952 1386998 3131637760
512 953 1399695 3131637760
512 954 1392735 3131637760
512 955 1393741 3131637760
512 956 1399523 3131637760
512 957 1388507 3131637760
512 958 1392285 3131637760
512 959 1399735 3131637760
512 960 1407410 3131637760
512 961 1396950 3131637760
512 962 1401458 3131637760
512 963 1400618 3131637760
512 964 1399950 3131637760
512 965 1403466 3131637760
512 966 1397542 3131637760
512 967 1402718 3131637760
512 968 1399798 3131637760
512 969 1398510 3131637760
512 970 1396278 3131637760
512 971 1403434 3131637760
512 972 1396594 3131637760
512 973 1398370 3131637760
512 974 1403178 3131637760
512 975 1395802 3131637760
512 976 1400938 3131637760
512 977 1396750 3131637760
512 978 1400526 3131637760
512 979 1400034 3131637760
512 980 1399906 3131637760
512 981 1398046 3131637760
512 982 1400198 3131637760
512 983 1400206 3131637760
512 984 1407510 3131637760
512 985 1400426 3131637760
512 986 1404310 3131637760
512 987 1407086 3131637760
512 988 1405878 3131637760
512 989 1398986 3131637760
512 990 1404098 3131637760
512 991 1401166 3131637760
512 992 1407290 3131637760
512 993 1402566 3131637760
512 994 1397681 3131637760
512 995 1395934 3131637760
512 996 1405026 3131637760
512 997 1399750 3131637760
512 998 1402570 3131637760
512 999 1405246 3131637760
