128 0 198049 116035584
128 1 196734 116035584
128 2 196735 116035584
128 3 196962 116035584
128 4 196736 116035584
128 5 196736 116035584
128 6 196734 116035584
128 7 196734 116035584
128 8 196735 116035584
128 9 196734 116035584
128 10 196734 116035584
128 11 196735 116035584
128 12 196734 116035584
128 13 196734 116035584
128 14 196736 116035584
128 15 196736 116035584
128 16 196922 116035584
128 17 196736 116035584
128 18 196736 116035584
128 19 196736 116035584
128 20 196736 116035584
128 21 196736 116035584
128 22 196735 116035584
128 23 196736 116035584
128 24 196737 116035584
128 25 196736 116035584
128 26 196736 116035584
128 27 196736 116035584
128 28 196737 116035584
128 29 196915 116035584
128 30 196736 116035584
128 31 196736 116035584
128 32 196736 116035584
128 33 196735 116035584
128 34 196736 116035584
128 35 196736 116035584
128 36 196735 116035584
128 37 196734 116035584
128 38 196735 116035584
128 39 196735 116035584
128 40 196736 116035584
128 41 196734 116035584
128 42 196924 116035584
128 43 196734 116035584
128 44 196736 116035584
128 45 196736 116035584
128 46 196738 116035584
128 47 196735 116035584
128 48 196735 116035584
128 49 196735 116035584
128 50 196736 116035584
128 51 196737 116035584
128 52 196736 116035584
128 53 196736 116035584
128 54 196736 116035584
128 55 196939 116035584
128 56 196737 116035584
128 57 196735 116035584
128 58 196734 116035584
128 59 196734 116035584
128 60 196734 116035584
128 61 196735 116035584
128 62 196735 116035584
128 63 196736 116035584
128 64 196737 116035584
128 65 196736 116035584
128 66 196736 116035584
128 67 196736 116035584
128 68 196903 116035584
128 69 196736 116035584
128 70 196738 116035584
128 71 196736 116035584
128 72 196735 116035584
128 73 196736 116035584
128 74 196733 116035584
128 75 196735 116035584
128 76 196735 116035584
128 77 196735 116035584
128 78 196736 116035584
128 79 196735 116035584
128 80 196735 116035584
128 81 196922 116035584
128 82 196735 116035584
128 83 196735 116035584
128 84 196736 116035584
128 85 196734 116035584
128 86 196735 116035584
128 87 196735 116035584
128 88 196736 116035584
128 89 196735 116035584
128 90 196738 116035584
128 91 196737 116035584
128 92 196734 116035584
128 93 196734 116035584
128 94 196900 116035584
128 95 196736 116035584
128 96 196736 116035584
128 97 196735 116035584
128 98 196736 116035584
128 99 196736 116035584
128 100 196736 116035584
128 101 196736 116035584
128 102 196736 116035584
128 103 196736 116035584
128 104 196735 116035584
128 105 196735 116035584
128 106 196736 116035584
128 107 196900 116035584
128 108 196735 116035584
128 109 196735 116035584
128 110 196736 116035584
128 111 196737 116035584
128 112 196736 116035584
128 113 196735 116035584
128 114 196735 116035584
128 115 196735 116035584
128 116 196734 116035584
128 117 196735 116035584
128 118 196735 116035584
128 119 196735 116035584
128 120 196913 116035584
128 121 196736 116035584
128 122 196736 116035584
128 123 196735 116035584
128 124 196931 116035584
128 125 196735 116035584
128 126 196734 116035584
128 127 196736 116035584
128 128 196736 116035584
128 129 196735 116035584
128 130 196734 116035584
128 131 196736 116035584
128 132 196735 116035584
128 133 196900 116035584
128 134 196735 116035584
128 135 196734 116035584
128 136 196737 116035584
128 137 196936 116035584
128 138 196735 116035584
128 139 196736 116035584
128 140 196735 116035584
128 141 196735 116035584
128 142 196735 116035584
128 143 196736 116035584
128 144 196736 116035584
128 145 196738 116035584
128 146 196891 116035584
128 147 196736 116035584
128 148 196736 116035584
128 149 196736 116035584
128 150 196917 116035584
128 151 196736 116035584
128 152 196736 116035584
128 153 196735 116035584
128 154 196736 116035584
128 155 196736 116035584
128 156 196736 116035584
128 157 196738 116035584
128 158 196736 116035584
128 159 196880 116035584
128 160 196735 116035584
128 161 196738 116035584
128 162 196734 116035584
128 163 196912 116035584
128 164 196736 116035584
128 165 196735 116035584
128 166 196736 116035584
128 167 196736 116035584
128 168 196735 116035584
128 169 196735 116035584
128 170 196735 116035584
128 171 196738 116035584
128 172 196919 116035584
128 173 196736 116035584
128 174 196737 116035584
128 175 196735 116035584
128 176 196938 116035584
128 177 196736 116035584
128 178 196736 116035584
128 179 196736 116035584
128 180 196736 116035584
128 181 196735 116035584
128 182 196736 116035584
128 183 196734 116035584
128 184 196734 116035584
128 185 196913 116035584
128 186 196735 116035584
128 187 196734 116035584
128 188 196735 116035584
128 189 196930 116035584
128 190 196735 116035584
128 191 196736 116035584
128 192 196735 116035584
128 193 196736 116035584
128 194 196734 116035584
128 195 196736 116035584
128 196 196736 116035584
128 197 196735 116035584
128 198 196897 116035584
128 199 196738 116035584
128 200 196736 116035584
128 201 196736 116035584
128 202 196927 116035584
128 203 196734 116035584
128 204 196735 116035584
128 205 196736 116035584
128 206 196734 116035584
128 207 196736 116035584
128 208 196736 116035584
128 209 196738 116035584
128 210 196734 116035584
128 211 196916 116035584
128 212 196738 116035584
128 213 196736 116035584
128 214 196736 116035584
128 215 196909 116035584
128 216 196736 116035584
128 217 196736 116035584
128 218 196736 116035584
128 219 196735 116035584
128 220 196736 116035584
128 221 196736 116035584
128 222 196734 116035584
128 223 196736 116035584
128 224 196911 116035584
128 225 196735 116035584
128 226 196736 116035584
128 227 196736 116035584
128 228 196938 116035584
128 229 196738 116035584
128 230 196736 116035584
128 231 196735 116035584
128 232 196737 116035584
128 233 196735 116035584
128 234 196736 116035584
128 235 196734 116035584
128 236 196734 116035584
128 237 196874 116035584
128 238 196737 116035584
128 239 196736 116035584
128 240 196736 116035584
128 241 196931 116035584
128 242 196735 116035584
128 243 196736 116035584
128 244 196735 116035584
128 245 196735 116035584
128 246 196736 116035584
128 247 196734 116035584
128 248 196735 116035584
128 249 196734 116035584
128 250 196891 116035584
128 251 196735 116035584
128 252 196736 116035584
128 253 196735 116035584
128 254 196912 116035584
128 255 196738 116035584
128 256 196735 116035584
128 257 196734 116035584
128 258 196735 116035584
128 259 196735 116035584
128 260 196735 116035584
128 261 196735 116035584
128 262 196736 116035584
128 263 196735 116035584
128 264 196736 116035584
128 265 196735 116035584
128 266 196736 116035584
128 267 196903 116035584
128 268 196736 116035584
128 269 196736 116035584
128 270 196734 116035584
128 271 196734 116035584
128 272 196736 116035584
128 273 196736 116035584
128 274 196736 116035584
128 275 196736 116035584
128 276 196736 116035584
128 277 196738 116035584
128 278 196736 116035584
128 279 196736 116035584
128 280 196936 116035584
128 281 196736 116035584
128 282 196737 116035584
128 283 196736 116035584
128 284 196736 116035584
128 285 196736 116035584
128 286 196738 116035584
128 287 196735 116035584
128 288 196736 116035584
128 289 196736 116035584
128 290 196736 116035584
128 291 196735 116035584
128 292 196735 116035584
128 293 196940 116035584
128 294 196734 116035584
128 295 196734 116035584
128 296 196737 116035584
128 297 196736 116035584
128 298 196736 116035584
128 299 196736 116035584
128 300 196736 116035584
128 301 196736 116035584
128 302 196736 116035584
128 303 196735 116035584
128 304 196735 116035584
128 305 196736 116035584
128 306 196910 116035584
128 307 196735 116035584
128 308 196734 116035584
128 309 196734 116035584
128 310 196736 116035584
128 311 196734 116035584
128 312 196734 116035584
128 313 196736 116035584
128 314 196736 116035584
128 315 196735 116035584
128 316 196736 116035584
128 317 196736 116035584
128 318 196736 116035584
128 319 196925 116035584
128 320 196735 116035584
128 321 196736 116035584
128 322 196736 116035584
128 323 196736 116035584
128 324 196736 116035584
128 325 196734 116035584
128 326 196734 116035584
128 327 196736 116035584
128 328 196735 116035584
128 329 196736 116035584
128 330 196735 116035584
128 331 196736 116035584
128 332 196918 116035584
128 333 196736 116035584
128 334 196737 116035584
128 335 196735 116035584
128 336 196734 116035584
128 337 196734 116035584
128 338 196734 116035584
128 339 196734 116035584
128 340 196734 116035584
128 341 196735 116035584
128 342 196736 116035584
128 343 196738 116035584
128 344 196735 116035584
128 345 196939 116035584
128 346 196736 116035584
128 347 196734 116035584
128 348 196735 116035584
128 349 196735 116035584
128 350 196737 116035584
128 351 196736 116035584
128 352 196736 116035584
128 353 196736 116035584
128 354 196736 116035584
128 355 196738 116035584
128 356 196734 116035584
128 357 196735 116035584
128 358 196932 116035584
128 359 196736 116035584
128 360 196737 116035584
128 361 196736 116035584
128 362 196735 116035584
128 363 196736 116035584
128 364 196737 116035584
128 365 196735 116035584
128 366 196737 116035584
128 367 196736 116035584
128 368 196736 116035584
128 369 196734 116035584
128 370 196738 116035584
128 371 196937 116035584
128 372 196736 116035584
128 373 196736 116035584
128 374 196735 116035584
128 375 196737 116035584
128 376 196737 116035584
128 377 196737 116035584
128 378 196736 116035584
128 379 196736 116035584
128 380 196736 116035584
128 381 196736 116035584
128 382 196736 116035584
128 383 196735 116035584
128 384 196907 116035584
128 385 196736 116035584
128 386 196736 116035584
128 387 196736 116035584
128 388 196736 116035584
128 389 196735 116035584
128 390 196735 116035584
128 391 196736 116035584
128 392 196734 116035584
128 393 196735 116035584
128 394 196736 116035584
128 395 196737 116035584
128 396 196736 116035584
128 397 196914 116035584
128 398 196736 116035584
128 399 196737 116035584
128 400 196738 116035584
128 401 196736 116035584
128 402 196735 116035584
128 403 196735 116035584
128 404 196736 116035584
128 405 196735 116035584
128 406 196735 116035584
128 407 196736 116035584
128 408 196736 116035584
128 409 196737 116035584
128 410 196924 116035584
128 411 196736 116035584
128 412 196734 116035584
128 413 196735 116035584
128 414 196735 116035584
128 415 196735 116035584
128 416 196735 116035584
128 417 196734 116035584
128 418 196734 116035584
128 419 196734 116035584
128 420 196735 116035584
128 421 196736 116035584
128 422 196736 116035584
128 423 196910 116035584
128 424 196736 116035584
128 425 196738 116035584
128 426 196736 116035584
128 427 196736 116035584
128 428 196736 116035584
128 429 196736 116035584
128 430 196736 116035584
128 431 196735 116035584
128 432 196736 116035584
128 433 196737 116035584
128 434 196736 116035584
128 435 196735 116035584
128 436 196932 116035584
128 437 196736 116035584
128 438 196736 116035584
128 439 196735 116035584
128 440 196736 116035584
128 441 196736 116035584
128 442 196736 116035584
128 443 196737 116035584
128 444 196736 116035584
128 445 196736 116035584
128 446 196735 116035584
128 447 196734 116035584
128 448 196735 116035584
128 449 196926 116035584
128 450 196734 116035584
128 451 196734 116035584
128 452 196734 116035584
128 453 196736 116035584
128 454 196736 116035584
128 455 196735 116035584
128 456 196736 116035584
128 457 196734 116035584
128 458 196734 116035584
128 459 196734 116035584
128 460 196735 116035584
128 461 196734 116035584
128 462 196929 116035584
128 463 196736 116035584
128 464 196736 116035584
128 465 196734 116035584
128 466 196735 116035584
128 467 196735 116035584
128 468 196736 116035584
128 469 196736 116035584
128 470 196736 116035584
128 471 196734 116035584
128 472 196734 116035584
128 473 196735 116035584
128 474 196734 116035584
128 475 196930 116035584
128 476 196736 116035584
128 477 196735 116035584
128 478 196735 116035584
128 479 196736 116035584
128 480 196737 116035584
128 481 196737 116035584
128 482 196734 116035584
128 483 196734 116035584
128 484 196736 116035584
128 485 196736 116035584
128 486 196736 116035584
128 487 196736 116035584
128 488 196914 116035584
128 489 196736 116035584
128 490 196736 116035584
128 491 196735 116035584
128 492 196736 116035584
128 493 196736 116035584
128 494 196735 116035584
128 495 196734 116035584
128 496 196734 116035584
128 497 196734 116035584
128 498 196735 116035584
128 499 196735 116035584
128 500 196736 116035584
128 501 196923 116035584
128 502 196735 116035584
128 503 196734 116035584
128 504 196734 116035584
128 505 196734 116035584
128 506 196734 116035584
128 507 196736 116035584
128 508 196735 116035584
128 509 196736 116035584
128 510 196735 116035584
128 511 196736 116035584
128 512 196735 116035584
128 513 196736 116035584
128 514 196924 116035584
128 515 196736 116035584
128 516 196738 116035584
128 517 196735 116035584
128 518 196736 116035584
128 519 196734 116035584
128 520 196734 116035584
128 521 196734 116035584
128 522 196735 116035584
128 523 196734 116035584
128 524 196734 116035584
128 525 196735 116035584
128 526 196737 116035584
128 527 196933 116035584
128 528 196736 116035584
128 529 196736 116035584
128 530 196735 116035584
128 531 196736 116035584
128 532 196735 116035584
128 533 196736 116035584
128 534 196736 116035584
128 535 196736 116035584
128 536 196736 116035584
128 537 196736 116035584
128 538 196737 116035584
128 539 196737 116035584
128 540 196941 116035584
128 541 196736 116035584
128 542 196736 116035584
128 543 196736 116035584
128 544 196736 116035584
128 545 196737 116035584
128 546 196735 116035584
128 547 196736 116035584
128 548 196736 116035584
128 549 196735 116035584
128 550 196737 116035584
128 551 196736 116035584
128 552 196736 116035584
128 553 196922 116035584
128 554 196735 116035584
128 555 196736 116035584
128 556 196734 116035584
128 557 196735 116035584
128 558 196738 116035584
128 559 196735 116035584
128 560 196736 116035584
128 561 196735 116035584
128 562 196736 116035584
128 563 196735 116035584
128 564 196736 116035584
128 565 196735 116035584
128 566 196946 116035584
128 567 196735 116035584
128 568 196736 116035584
128 569 196736 116035584
128 570 196736 116035584
128 571 196738 116035584
128 572 196737 116035584
128 573 196735 116035584
128 574 196734 116035584
128 575 196736 116035584
128 576 196739 116035584
128 577 196738 116035584
128 578 196736 116035584
128 579 196900 116035584
128 580 196736 116035584
128 581 196736 116035584
128 582 196734 116035584
128 583 196735 116035584
128 584 196734 116035584
128 585 196734 116035584
128 586 196734 116035584
128 587 196734 116035584
128 588 196737 116035584
128 589 196737 116035584
128 590 196735 116035584
128 591 196736 116035584
128 592 196919 116035584
128 593 196736 116035584
128 594 196736 116035584
128 595 196734 116035584
128 596 196733 116035584
128 597 196734 116035584
128 598 196737 116035584
128 599 196735 116035584
128 600 196734 116035584
128 601 196735 116035584
128 602 196736 116035584
128 603 196736 116035584
128 604 196735 116035584
128 605 196917 116035584
128 606 196735 116035584
128 607 196735 116035584
128 608 196735 116035584
128 609 196736 116035584
128 610 196736 116035584
128 611 196734 116035584
128 612 196736 116035584
128 613 196734 116035584
128 614 196735 116035584
128 615 196734 116035584
128 616 196734 116035584
128 617 196736 116035584
128 618 196930 116035584
128 619 196735 116035584
128 620 196736 116035584
128 621 196736 116035584
128 622 196736 116035584
128 623 196736 116035584
128 624 196736 116035584
128 625 196736 116035584
128 626 196734 116035584
128 627 196734 116035584
128 628 196736 116035584
128 629 196736 116035584
128 630 196738 116035584
128 631 196923 116035584
128 632 196735 116035584
128 633 196736 116035584
128 634 196735 116035584
128 635 196739 116035584
128 636 196735 116035584
128 637 196736 116035584
128 638 196735 116035584
128 639 196736 116035584
128 640 196736 116035584
128 641 196736 116035584
128 642 196736 116035584
128 643 196735 116035584
128 644 196912 116035584
128 645 196737 116035584
128 646 196734 116035584
128 647 196736 116035584
128 648 196734 116035584
128 649 196734 116035584
128 650 196734 116035584
128 651 196735 116035584
128 652 196736 116035584
128 653 196736 116035584
128 654 196734 116035584
128 655 196735 116035584
128 656 196737 116035584
128 657 196885 116035584
128 658 196735 116035584
128 659 196736 116035584
128 660 196735 116035584
128 661 196735 116035584
128 662 196736 116035584
128 663 196738 116035584
128 664 196736 116035584
128 665 196736 116035584
128 666 196734 116035584
128 667 196736 116035584
128 668 196736 116035584
128 669 196736 116035584
128 670 196911 116035584
128 671 196737 116035584
128 672 196736 116035584
128 673 196736 116035584
128 674 196926 116035584
128 675 196736 116035584
128 676 196735 116035584
128 677 196736 116035584
128 678 196735 116035584
128 679 196736 116035584
128 680 196736 116035584
128 681 196736 116035584
128 682 196736 116035584
128 683 196899 116035584
128 684 196735 116035584
128 685 196734 116035584
128 686 196735 116035584
128 687 196915 116035584
128 688 196735 116035584
128 689 196734 116035584
128 690 196736 116035584
128 691 196736 116035584
128 692 196736 116035584
128 693 196736 116035584
128 694 196736 116035584
128 695 196734 116035584
128 696 196886 116035584
128 697 196734 116035584
128 698 196736 116035584
128 699 196737 116035584
128 700 196936 116035584
128 701 196736 116035584
128 702 196734 116035584
128 703 196734 116035584
128 704 196734 116035584
128 705 196735 116035584
128 706 196735 116035584
128 707 196736 116035584
128 708 196736 116035584
128 709 196918 116035584
128 710 196736 116035584
128 711 196736 116035584
128 712 196736 116035584
128 713 196890 116035584
128 714 196736 116035584
128 715 196736 116035584
128 716 196735 116035584
128 717 196737 116035584
128 718 196734 116035584
128 719 196735 116035584
128 720 196736 116035584
128 721 196736 116035584
128 722 196918 116035584
128 723 196736 116035584
128 724 196737 116035584
128 725 196736 116035584
128 726 196903 116035584
128 727 196736 116035584
128 728 196735 116035584
128 729 196735 116035584
128 730 196736 116035584
128 731 196736 116035584
128 732 196735 116035584
128 733 196736 116035584
128 734 196734 116035584
128 735 196895 116035584
128 736 196736 116035584
128 737 196735 116035584
128 738 196736 116035584
128 739 196910 116035584
128 740 196734 116035584
128 741 196736 116035584
128 742 196737 116035584
128 743 196738 116035584
128 744 196735 116035584
128 745 196735 116035584
128 746 196736 116035584
128 747 196736 116035584
128 748 196923 116035584
128 749 196736 116035584
128 750 196735 116035584
128 751 196734 116035584
128 752 196909 116035584
128 753 196736 116035584
128 754 196736 116035584
128 755 196736 116035584
128 756 196736 116035584
128 757 196735 116035584
128 758 196736 116035584
128 759 196735 116035584
128 760 196735 116035584
128 761 196915 116035584
128 762 196734 116035584
128 763 196735 116035584
128 764 196736 116035584
128 765 196924 116035584
128 766 196736 116035584
128 767 196736 116035584
128 768 196736 116035584
128 769 196735 116035584
128 770 196735 116035584
128 771 196735 116035584
128 772 196736 116035584
128 773 196734 116035584
128 774 196893 116035584
128 775 196736 116035584
128 776 196735 116035584
128 777 196737 116035584
128 778 196936 116035584
128 779 196736 116035584
128 780 196735 116035584
128 781 196736 116035584
128 782 196736 116035584
128 783 196738 116035584
128 784 196735 116035584
128 785 196734 116035584
128 786 196734 116035584
128 787 196736 116035584
128 788 196736 116035584
128 789 196736 116035584
128 790 196736 116035584
128 791 196902 116035584
128 792 196733 116035584
128 793 196736 116035584
128 794 196735 116035584
128 795 196736 116035584
128 796 196735 116035584
128 797 196736 116035584
128 798 196736 116035584
128 799 196735 116035584
128 800 196736 116035584
128 801 196735 116035584
128 802 196738 116035584
128 803 196736 116035584
128 804 196908 116035584
128 805 196735 116035584
128 806 196735 116035584
128 807 196734 116035584
128 808 196735 116035584
128 809 196736 116035584
128 810 196736 116035584
128 811 196736 116035584
128 812 196736 116035584
128 813 196736 116035584
128 814 196736 116035584
128 815 196736 116035584
128 816 196736 116035584
128 817 196909 116035584
128 818 196736 116035584
128 819 196736 116035584
128 820 196735 116035584
128 821 196735 116035584
128 822 196736 116035584
128 823 196736 116035584
128 824 196736 116035584
128 825 196738 116035584
128 826 196736 116035584
128 827 196734 116035584
128 828 196735 116035584
128 829 196735 116035584
128 830 196921 116035584
128 831 196736 116035584
128 832 196738 116035584
128 833 196736 116035584
128 834 196736 116035584
128 835 196738 116035584
128 836 196738 116035584
128 837 196735 116035584
128 838 196736 116035584
128 839 196737 116035584
128 840 196736 116035584
128 841 196736 116035584
128 842 196735 116035584
128 843 196934 116035584
128 844 196736 116035584
128 845 196736 116035584
128 846 196736 116035584
128 847 196736 116035584
128 848 196735 116035584
128 849 196736 116035584
128 850 196735 116035584
128 851 196736 116035584
128 852 196736 116035584
128 853 196735 116035584
128 854 196736 116035584
128 855 196736 116035584
128 856 196905 116035584
128 857 196735 116035584
128 858 196736 116035584
128 859 196736 116035584
128 860 196736 116035584
128 861 196736 116035584
128 862 196735 116035584
128 863 196736 116035584
128 864 196736 116035584
128 865 196738 116035584
128 866 196736 116035584
128 867 196736 116035584
128 868 196736 116035584
128 869 196922 116035584
128 870 196736 116035584
128 871 196736 116035584
128 872 196736 116035584
128 873 196735 116035584
128 874 196736 116035584
128 875 196735 116035584
128 876 196736 116035584
128 877 196736 116035584
128 878 196735 116035584
128 879 196736 116035584
128 880 196735 116035584
128 881 196736 116035584
128 882 196931 116035584
128 883 196735 116035584
128 884 196734 116035584
128 885 196734 116035584
128 886 196734 116035584
128 887 196736 116035584
128 888 196734 116035584
128 889 196734 116035584
128 890 196736 116035584
128 891 196735 116035584
128 892 196736 116035584
128 893 196736 116035584
128 894 196735 116035584
128 895 196920 116035584
128 896 196734 116035584
128 897 196734 116035584
128 898 196736 116035584
128 899 196736 116035584
128 900 196736 116035584
128 901 196736 116035584
128 902 196735 116035584
128 903 196736 116035584
128 904 196736 116035584
128 905 196735 116035584
128 906 196736 116035584
128 907 196736 116035584
128 908 196921 116035584
128 909 196734 116035584
128 910 196735 116035584
128 911 196736 116035584
128 912 196736 116035584
128 913 196736 116035584
128 914 196736 116035584
128 915 196735 116035584
128 916 196736 116035584
128 917 196736 116035584
128 918 196735 116035584
128 919 196736 116035584
128 920 196736 116035584
128 921 196926 116035584
128 922 196737 116035584
128 923 196736 116035584
128 924 196736 116035584
128 925 196735 116035584
128 926 196737 116035584
128 927 196734 116035584
128 928 196734 116035584
128 929 196734 116035584
128 930 196734 116035584
128 931 196734 116035584
128 932 196734 116035584
128 933 196734 116035584
128 934 196921 116035584
128 935 196737 116035584
128 936 196736 116035584
128 937 196736 116035584
128 938 196736 116035584
128 939 196736 116035584
128 940 196735 116035584
128 941 196734 116035584
128 942 196734 116035584
128 943 196734 116035584
128 944 196734 116035584
128 945 196734 116035584
128 946 196734 116035584
128 947 196912 116035584
128 948 196735 116035584
128 949 196734 116035584
128 950 196736 116035584
128 951 196735 116035584
128 952 196734 116035584
128 953 196734 116035584
128 954 196734 116035584
128 955 196735 116035584
128 956 196736 116035584
128 957 196739 116035584
128 958 196736 116035584
128 959 196734 116035584
128 960 196949 116035584
128 961 196734 116035584
128 962 196734 116035584
128 963 196737 116035584
128 964 196736 116035584
128 965 196735 116035584
128 966 196735 116035584
128 967 196737 116035584
128 968 196735 116035584
128 969 196737 116035584
128 970 196736 116035584
128 971 196735 116035584
128 972 196736 116035584
128 973 196935 116035584
128 974 196734 116035584
128 975 196734 116035584
128 976 196736 116035584
128 977 196736 116035584
128 978 196735 116035584
128 979 196736 116035584
128 980 196736 116035584
128 981 196734 116035584
128 982 196736 116035584
128 983 196738 116035584
128 984 196736 116035584
128 985 196736 116035584
128 986 196924 116035584
128 987 196736 116035584
128 988 196735 116035584
128 989 196736 116035584
128 990 196736 116035584
128 991 196735 116035584
128 992 196736 116035584
128 993 196736 116035584
128 994 196735 116035584
128 995 196735 116035584
128 996 196736 116035584
128 997 196736 116035584
128 998 196736 116035584
128 999 196937 116035584
