32 0 27638 502016
32 1 19418 502016
32 2 19418 502016
32 3 19418 502016
32 4 19418 502016
32 5 19418 502016
32 6 19418 502016
32 7 19418 502016
32 8 19418 502016
32 9 19418 502016
32 10 19418 502016
32 11 19418 502016
32 12 19418 502016
32 13 19418 502016
32 14 19418 502016
32 15 19418 502016
32 16 19418 502016
32 17 19418 502016
32 18 19418 502016
32 19 19418 502016
32 20 19418 502016
32 21 19418 502016
32 22 19418 502016
32 23 19418 502016
32 24 19418 502016
32 25 19418 502016
32 26 19418 502016
32 27 19418 502016
32 28 19418 502016
32 29 19418 502016
32 30 19418 502016
32 31 19418 502016
32 32 19418 502016
32 33 19418 502016
32 34 19418 502016
32 35 19418 502016
32 36 19418 502016
32 37 19418 502016
32 38 19418 502016
32 39 19418 502016
32 40 19418 502016
32 41 19418 502016
32 42 19418 502016
32 43 19418 502016
32 44 19418 502016
32 45 19418 502016
32 46 19418 502016
32 47 19418 502016
32 48 19418 502016
32 49 19418 502016
32 50 19418 502016
32 51 19418 502016
32 52 19418 502016
32 53 19418 502016
32 54 19418 502016
32 55 19418 502016
32 56 19418 502016
32 57 19418 502016
32 58 19418 502016
32 59 19418 502016
32 60 19418 502016
32 61 19418 502016
32 62 19418 502016
32 63 19418 502016
32 64 19418 502016
32 65 19418 502016
32 66 19418 502016
32 67 19418 502016
32 68 19418 502016
32 69 19418 502016
32 70 19418 502016
32 71 19418 502016
32 72 19418 502016
32 73 19418 502016
32 74 19418 502016
32 75 19418 502016
32 76 19418 502016
32 77 19418 502016
32 78 19418 502016
32 79 19418 502016
32 80 19418 502016
32 81 19418 502016
32 82 19433 502016
32 83 19433 502016
32 84 19433 502016
32 85 19433 502016
32 86 19433 502016
32 87 19433 502016
32 88 19433 502016
32 89 19433 502016
32 90 19433 502016
32 91 19418 502016
32 92 19418 502016
32 93 19418 502016
32 94 19418 502016
32 95 19418 502016
32 96 19418 502016
32 97 19418 502016
32 98 19418 502016
32 99 19418 502016
32 100 19418 502016
32 101 19418 502016
32 102 19418 502016
32 103 19418 502016
32 104 19418 502016
32 105 19418 502016
32 106 19418 502016
32 107 19418 502016
32 108 19418 502016
32 109 19418 502016
32 110 19418 502016
32 111 19418 502016
32 112 19418 502016
32 113 19418 502016
32 114 19418 502016
32 115 19418 502016
32 116 19418 502016
32 117 19418 502016
32 118 19418 502016
32 119 19418 502016
32 120 19418 502016
32 121 19418 502016
32 122 19418 502016
32 123 19418 502016
32 124 19418 502016
32 125 19418 502016
32 126 19418 502016
32 127 19418 502016
32 128 19418 502016
32 129 19418 502016
32 130 20752 502016
32 131 19418 502016
32 132 19418 502016
32 133 19418 502016
32 134 19418 502016
32 135 19418 502016
32 136 19418 502016
32 137 19418 502016
32 138 19418 502016
32 139 19418 502016
32 140 19418 502016
32 141 19418 502016
32 142 19418 502016
32 143 19418 502016
32 144 19418 502016
32 145 19418 502016
32 146 19418 502016
32 147 19418 502016
32 148 19418 502016
32 149 19418 502016
32 150 19418 502016
32 151 19418 502016
32 152 19418 502016
32 153 19418 502016
32 154 19418 502016
32 155 19418 502016
32 156 19418 502016
32 157 19418 502016
32 158 19418 502016
32 159 19418 502016
32 160 19418 502016
32 161 19418 502016
32 162 19418 502016
32 163 19418 502016
32 164 19418 502016
32 165 19418 502016
32 166 19418 502016
32 167 19418 502016
32 168 19418 502016
32 169 19418 502016
32 170 19418 502016
32 171 19418 502016
32 172 19418 502016
32 173 19418 502016
32 174 19418 502016
32 175 19418 502016
32 176 19418 502016
32 177 19418 502016
32 178 19418 502016
32 179 19418 502016
32 180 19418 502016
32 181 19418 502016
32 182 19418 502016
32 183 19418 502016
32 184 19418 502016
32 185 19418 502016
32 186 19418 502016
32 187 19418 502016
32 188 19418 502016
32 189 19418 502016
32 190 19418 502016
32 191 19418 502016
32 192 19418 502016
32 193 19418 502016
32 194 19418 502016
32 195 19418 502016
32 196 19418 502016
32 197 19418 502016
32 198 19418 502016
32 199 19418 502016
32 200 19418 502016
32 201 19418 502016
32 202 19418 502016
32 203 19418 502016
32 204 19418 502016
32 205 19418 502016
32 206 19418 502016
32 207 19418 502016
32 208 19418 502016
32 209 19418 502016
32 210 19418 502016
32 211 19418 502016
32 212 19418 502016
32 213 19418 502016
32 214 19418 502016
32 215 19418 502016
32 216 19418 502016
32 217 19418 502016
32 218 19418 502016
32 219 19418 502016
32 220 19418 502016
32 221 19418 502016
32 222 19418 502016
32 223 19418 502016
32 224 19418 502016
32 225 19418 502016
32 226 19418 502016
32 227 19418 502016
32 228 19418 502016
32 229 19418 502016
32 230 19418 502016
32 231 19418 502016
32 232 19418 502016
32 233 19418 502016
32 234 19418 502016
32 235 19418 502016
32 236 19418 502016
32 237 19418 502016
32 238 19418 502016
32 239 19418 502016
32 240 19418 502016
32 241 19418 502016
32 242 19418 502016
32 243 19418 502016
32 244 19418 502016
32 245 19418 502016
32 246 19418 502016
32 247 19418 502016
32 248 19418 502016
32 249 19418 502016
32 250 19418 502016
32 251 19418 502016
32 252 19418 502016
32 253 19418 502016
32 254 19418 502016
32 255 19418 502016
32 256 19418 502016
32 257 19418 502016
32 258 19418 502016
32 259 19418 502016
32 260 19418 502016
32 261 19418 502016
32 262 19418 502016
32 263 19418 502016
32 264 19418 502016
32 265 19418 502016
32 266 19418 502016
32 267 19418 502016
32 268 19418 502016
32 269 19418 502016
32 270 19418 502016
32 271 19418 502016
32 272 19418 502016
32 273 19418 502016
32 274 19418 502016
32 275 19418 502016
32 276 19418 502016
32 277 19418 502016
32 278 19418 502016
32 279 19418 502016
32 280 19418 502016
32 281 19418 502016
32 282 19418 502016
32 283 19418 502016
32 284 19418 502016
32 285 19418 502016
32 286 19418 502016
32 287 19418 502016
32 288 19418 502016
32 289 19418 502016
32 290 19418 502016
32 291 19418 502016
32 292 19418 502016
32 293 19418 502016
32 294 19418 502016
32 295 19418 502016
32 296 19418 502016
32 297 19418 502016
32 298 19418 502016
32 299 19418 502016
32 300 19418 502016
32 301 19418 502016
32 302 19418 502016
32 303 19418 502016
32 304 19418 502016
32 305 19418 502016
32 306 19418 502016
32 307 19418 502016
32 308 19418 502016
32 309 19418 502016
32 310 19418 502016
32 311 19418 502016
32 312 19418 502016
32 313 19418 502016
32 314 19418 502016
32 315 19418 502016
32 316 19418 502016
32 317 19418 502016
32 318 19418 502016
32 319 19418 502016
32 320 19418 502016
32 321 19418 502016
32 322 19418 502016
32 323 19418 502016
32 324 19418 502016
32 325 19418 502016
32 326 19418 502016
32 327 19418 502016
32 328 19418 502016
32 329 19418 502016
32 330 19418 502016
32 331 19418 502016
32 332 19418 502016
32 333 19418 502016
32 334 19418 502016
32 335 19418 502016
32 336 19418 502016
32 337 19418 502016
32 338 19418 502016
32 339 19418 502016
32 340 19418 502016
32 341 19418 502016
32 342 19418 502016
32 343 19418 502016
32 344 19418 502016
32 345 19418 502016
32 346 19418 502016
32 347 19418 502016
32 348 19418 502016
32 349 19418 502016
32 350 19418 502016
32 351 19418 502016
32 352 19418 502016
32 353 19418 502016
32 354 19418 502016
32 355 19418 502016
32 356 19418 502016
32 357 19418 502016
32 358 19418 502016
32 359 19418 502016
32 360 19418 502016
32 361 19418 502016
32 362 19418 502016
32 363 19418 502016
32 364 19418 502016
32 365 19418 502016
32 366 19418 502016
32 367 19418 502016
32 368 19418 502016
32 369 19418 502016
32 370 19418 502016
32 371 19418 502016
32 372 19418 502016
32 373 19418 502016
32 374 19418 502016
32 375 19418 502016
32 376 19418 502016
32 377 19418 502016
32 378 19418 502016
32 379 19418 502016
32 380 19418 502016
32 381 19418 502016
32 382 19418 502016
32 383 19418 502016
32 384 19418 502016
32 385 19418 502016
32 386 19418 502016
32 387 19418 502016
32 388 19418 502016
32 389 19418 502016
32 390 19418 502016
32 391 19418 502016
32 392 19418 502016
32 393 19418 502016
32 394 19418 502016
32 395 19418 502016
32 396 19418 502016
32 397 19418 502016
32 398 19418 502016
32 399 19418 502016
32 400 19418 502016
32 401 19418 502016
32 402 19418 502016
32 403 19418 502016
32 404 19418 502016
32 405 19418 502016
32 406 19418 502016
32 407 19418 502016
32 408 19418 502016
32 409 19418 502016
32 410 19418 502016
32 411 19418 502016
32 412 19418 502016
32 413 19418 502016
32 414 19418 502016
32 415 19418 502016
32 416 19418 502016
32 417 19418 502016
32 418 19418 502016
32 419 19418 502016
32 420 19418 502016
32 421 19418 502016
32 422 19418 502016
32 423 19418 502016
32 424 19418 502016
32 425 19418 502016
32 426 19418 502016
32 427 19418 502016
32 428 19418 502016
32 429 19418 502016
32 430 19418 502016
32 431 19418 502016
32 432 19418 502016
32 433 19418 502016
32 434 19418 502016
32 435 19418 502016
32 436 19418 502016
32 437 19418 502016
32 438 19418 502016
32 439 19418 502016
32 440 19418 502016
32 441 19418 502016
32 442 19418 502016
32 443 19418 502016
32 444 19418 502016
32 445 19418 502016
32 446 19418 502016
32 447 19418 502016
32 448 19418 502016
32 449 19418 502016
32 450 19418 502016
32 451 19418 502016
32 452 19418 502016
32 453 19418 502016
32 454 19418 502016
32 455 19418 502016
32 456 19418 502016
32 457 19418 502016
32 458 19418 502016
32 459 19418 502016
32 460 19418 502016
32 461 19418 502016
32 462 19418 502016
32 463 19418 502016
32 464 19418 502016
32 465 19418 502016
32 466 19418 502016
32 467 19418 502016
32 468 19418 502016
32 469 19418 502016
32 470 19418 502016
32 471 19418 502016
32 472 19418 502016
32 473 19418 502016
32 474 19418 502016
32 475 19418 502016
32 476 19418 502016
32 477 19418 502016
32 478 19418 502016
32 479 19418 502016
32 480 19418 502016
32 481 19418 502016
32 482 19418 502016
32 483 19418 502016
32 484 19418 502016
32 485 19418 502016
32 486 19418 502016
32 487 19418 502016
32 488 19418 502016
32 489 19418 502016
32 490 19418 502016
32 491 19418 502016
32 492 19418 502016
32 493 19418 502016
32 494 19418 502016
32 495 19418 502016
32 496 19418 502016
32 497 19418 502016
32 498 19418 502016
32 499 19418 502016
32 500 19418 502016
32 501 19418 502016
32 502 19418 502016
32 503 19418 502016
32 504 19418 502016
32 505 19418 502016
32 506 19418 502016
32 507 19418 502016
32 508 19418 502016
32 509 19418 502016
32 510 19418 502016
32 511 19418 502016
32 512 19418 502016
32 513 19418 502016
32 514 19418 502016
32 515 19418 502016
32 516 19418 502016
32 517 19418 502016
32 518 19418 502016
32 519 19418 502016
32 520 19418 502016
32 521 19418 502016
32 522 19418 502016
32 523 19418 502016
32 524 19418 502016
32 525 19418 502016
32 526 19418 502016
32 527 19418 502016
32 528 19418 502016
32 529 19418 502016
32 530 19418 502016
32 531 19418 502016
32 532 19418 502016
32 533 19418 502016
32 534 19418 502016
32 535 19418 502016
32 536 19418 502016
32 537 19418 502016
32 538 19418 502016
32 539 19418 502016
32 540 19418 502016
32 541 19418 502016
32 542 19418 502016
32 543 19418 502016
32 544 19418 502016
32 545 19418 502016
32 546 19418 502016
32 547 19418 502016
32 548 19418 502016
32 549 19418 502016
32 550 19418 502016
32 551 19418 502016
32 552 19418 502016
32 553 19418 502016
32 554 19418 502016
32 555 19418 502016
32 556 19418 502016
32 557 19418 502016
32 558 19418 502016
32 559 19418 502016
32 560 19418 502016
32 561 19418 502016
32 562 19418 502016
32 563 19418 502016
32 564 19418 502016
32 565 19418 502016
32 566 19418 502016
32 567 19418 502016
32 568 19418 502016
32 569 19418 502016
32 570 19418 502016
32 571 19418 502016
32 572 19418 502016
32 573 19418 502016
32 574 19418 502016
32 575 19418 502016
32 576 19418 502016
32 577 19418 502016
32 578 19418 502016
32 579 19418 502016
32 580 19418 502016
32 581 19418 502016
32 582 19418 502016
32 583 19418 502016
32 584 19418 502016
32 585 19418 502016
32 586 19418 502016
32 587 19418 502016
32 588 19418 502016
32 589 19418 502016
32 590 19418 502016
32 591 19418 502016
32 592 19418 502016
32 593 19418 502016
32 594 19418 502016
32 595 19418 502016
32 596 19418 502016
32 597 19418 502016
32 598 19418 502016
32 599 19418 502016
32 600 19418 502016
32 601 19418 502016
32 602 19418 502016
32 603 19418 502016
32 604 19418 502016
32 605 19418 502016
32 606 19418 502016
32 607 19418 502016
32 608 19418 502016
32 609 19418 502016
32 610 19418 502016
32 611 19418 502016
32 612 19418 502016
32 613 19418 502016
32 614 19418 502016
32 615 19418 502016
32 616 19418 502016
32 617 19418 502016
32 618 19418 502016
32 619 19418 502016
32 620 19418 502016
32 621 19418 502016
32 622 19418 502016
32 623 19418 502016
32 624 19418 502016
32 625 19418 502016
32 626 19418 502016
32 627 19418 502016
32 628 19418 502016
32 629 19418 502016
32 630 19418 502016
32 631 19418 502016
32 632 19418 502016
32 633 19418 502016
32 634 19418 502016
32 635 19418 502016
32 636 19418 502016
32 637 19418 502016
32 638 19418 502016
32 639 19418 502016
32 640 19418 502016
32 641 19418 502016
32 642 19418 502016
32 643 19418 502016
32 644 19418 502016
32 645 19418 502016
32 646 19418 502016
32 647 19418 502016
32 648 19418 502016
32 649 19418 502016
32 650 19418 502016
32 651 19418 502016
32 652 19418 502016
32 653 19418 502016
32 654 19418 502016
32 655 19418 502016
32 656 19418 502016
32 657 19418 502016
32 658 19418 502016
32 659 19418 502016
32 660 19418 502016
32 661 19418 502016
32 662 19418 502016
32 663 19418 502016
32 664 19418 502016
32 665 19418 502016
32 666 19418 502016
32 667 19418 502016
32 668 19418 502016
32 669 19418 502016
32 670 19418 502016
32 671 19418 502016
32 672 19418 502016
32 673 19418 502016
32 674 19418 502016
32 675 19418 502016
32 676 19418 502016
32 677 19418 502016
32 678 19418 502016
32 679 19418 502016
32 680 19418 502016
32 681 19418 502016
32 682 19418 502016
32 683 19418 502016
32 684 19418 502016
32 685 19418 502016
32 686 19418 502016
32 687 19418 502016
32 688 19418 502016
32 689 19418 502016
32 690 19418 502016
32 691 19418 502016
32 692 19418 502016
32 693 19418 502016
32 694 19418 502016
32 695 19418 502016
32 696 19418 502016
32 697 19418 502016
32 698 19418 502016
32 699 19418 502016
32 700 19418 502016
32 701 19418 502016
32 702 19418 502016
32 703 19418 502016
32 704 19418 502016
32 705 19418 502016
32 706 19418 502016
32 707 19418 502016
32 708 19418 502016
32 709 19418 502016
32 710 19418 502016
32 711 19418 502016
32 712 19418 502016
32 713 19418 502016
32 714 19418 502016
32 715 19418 502016
32 716 19418 502016
32 717 19418 502016
32 718 19418 502016
32 719 19418 502016
32 720 19418 502016
32 721 19418 502016
32 722 19418 502016
32 723 19418 502016
32 724 19418 502016
32 725 19418 502016
32 726 19418 502016
32 727 19418 502016
32 728 19418 502016
32 729 19418 502016
32 730 19418 502016
32 731 19418 502016
32 732 19418 502016
32 733 19418 502016
32 734 19418 502016
32 735 19418 502016
32 736 19418 502016
32 737 19418 502016
32 738 19418 502016
32 739 19418 502016
32 740 19418 502016
32 741 19418 502016
32 742 19418 502016
32 743 19418 502016
32 744 19418 502016
32 745 19418 502016
32 746 19418 502016
32 747 19418 502016
32 748 19418 502016
32 749 19418 502016
32 750 19418 502016
32 751 19418 502016
32 752 19418 502016
32 753 19418 502016
32 754 19418 502016
32 755 19418 502016
32 756 19418 502016
32 757 19418 502016
32 758 19418 502016
32 759 19418 502016
32 760 19418 502016
32 761 19418 502016
32 762 19418 502016
32 763 19418 502016
32 764 19418 502016
32 765 19418 502016
32 766 19418 502016
32 767 19418 502016
32 768 19418 502016
32 769 19418 502016
32 770 19418 502016
32 771 19418 502016
32 772 19418 502016
32 773 19418 502016
32 774 19418 502016
32 775 19418 502016
32 776 19418 502016
32 777 19418 502016
32 778 19418 502016
32 779 19418 502016
32 780 19418 502016
32 781 19418 502016
32 782 19418 502016
32 783 19418 502016
32 784 19418 502016
32 785 19418 502016
32 786 19418 502016
32 787 19418 502016
32 788 19418 502016
32 789 19418 502016
32 790 19418 502016
32 791 19418 502016
32 792 19418 502016
32 793 19418 502016
32 794 19418 502016
32 795 19418 502016
32 796 19418 502016
32 797 19418 502016
32 798 19418 502016
32 799 19418 502016
32 800 19418 502016
32 801 19433 502016
32 802 19433 502016
32 803 19418 502016
32 804 19418 502016
32 805 19433 502016
32 806 19433 502016
32 807 19433 502016
32 808 19433 502016
32 809 19418 502016
32 810 19433 502016
32 811 19433 502016
32 812 19433 502016
32 813 19433 502016
32 814 19433 502016
32 815 19433 502016
32 816 19433 502016
32 817 19433 502016
32 818 19433 502016
32 819 19433 502016
32 820 19433 502016
32 821 19433 502016
32 822 19433 502016
32 823 19433 502016
32 824 19433 502016
32 825 19433 502016
32 826 19433 502016
32 827 19433 502016
32 828 19433 502016
32 829 19433 502016
32 830 19433 502016
32 831 19433 502016
32 832 19433 502016
32 833 19433 502016
32 834 19433 502016
32 835 19433 502016
32 836 19433 502016
32 837 19433 502016
32 838 19433 502016
32 839 19433 502016
32 840 19433 502016
32 841 19433 502016
32 842 19433 502016
32 843 19433 502016
32 844 19433 502016
32 845 19433 502016
32 846 19433 502016
32 847 19433 502016
32 848 19433 502016
32 849 19433 502016
32 850 19433 502016
32 851 19433 502016
32 852 19433 502016
32 853 19433 502016
32 854 19433 502016
32 855 19433 502016
32 856 19433 502016
32 857 19433 502016
32 858 19433 502016
32 859 19433 502016
32 860 19433 502016
32 861 19433 502016
32 862 19433 502016
32 863 19433 502016
32 864 19433 502016
32 865 19433 502016
32 866 19433 502016
32 867 19433 502016
32 868 19433 502016
32 869 19433 502016
32 870 19433 502016
32 871 19433 502016
32 872 19433 502016
32 873 19433 502016
32 874 19433 502016
32 875 19433 502016
32 876 19433 502016
32 877 19433 502016
32 878 19433 502016
32 879 19433 502016
32 880 19433 502016
32 881 19433 502016
32 882 19433 502016
32 883 19433 502016
32 884 19433 502016
32 885 19433 502016
32 886 19433 502016
32 887 19433 502016
32 888 19433 502016
32 889 19433 502016
32 890 19433 502016
32 891 19433 502016
32 892 19433 502016
32 893 19433 502016
32 894 19433 502016
32 895 19433 502016
32 896 19433 502016
32 897 19433 502016
32 898 19433 502016
32 899 19433 502016
32 900 19433 502016
32 901 19418 502016
32 902 19418 502016
32 903 19418 502016
32 904 19418 502016
32 905 19418 502016
32 906 19418 502016
32 907 19418 502016
32 908 19418 502016
32 909 19418 502016
32 910 19418 502016
32 911 19418 502016
32 912 19418 502016
32 913 19418 502016
32 914 19418 502016
32 915 19418 502016
32 916 19418 502016
32 917 19418 502016
32 918 19418 502016
32 919 19418 502016
32 920 19418 502016
32 921 19418 502016
32 922 19418 502016
32 923 19418 502016
32 924 19418 502016
32 925 19418 502016
32 926 19418 502016
32 927 19418 502016
32 928 19418 502016
32 929 19418 502016
32 930 19418 502016
32 931 19418 502016
32 932 19418 502016
32 933 19418 502016
32 934 19418 502016
32 935 19418 502016
32 936 19418 502016
32 937 19418 502016
32 938 19418 502016
32 939 19418 502016
32 940 19418 502016
32 941 19418 502016
32 942 19418 502016
32 943 19418 502016
32 944 19418 502016
32 945 19418 502016
32 946 19418 502016
32 947 19418 502016
32 948 19418 502016
32 949 19418 502016
32 950 19418 502016
32 951 19418 502016
32 952 19418 502016
32 953 19418 502016
32 954 19418 502016
32 955 19418 502016
32 956 19418 502016
32 957 19418 502016
32 958 19418 502016
32 959 19418 502016
32 960 19418 502016
32 961 19418 502016
32 962 19418 502016
32 963 19418 502016
32 964 19418 502016
32 965 19418 502016
32 966 19418 502016
32 967 19418 502016
32 968 19418 502016
32 969 19418 502016
32 970 19418 502016
32 971 19418 502016
32 972 19418 502016
32 973 19418 502016
32 974 19418 502016
32 975 19418 502016
32 976 19418 502016
32 977 19418 502016
32 978 19418 502016
32 979 19418 502016
32 980 19418 502016
32 981 19418 502016
32 982 19418 502016
32 983 19418 502016
32 984 19418 502016
32 985 19418 502016
32 986 19418 502016
32 987 19418 502016
32 988 19418 502016
32 989 19418 502016
32 990 19418 502016
32 991 19418 502016
32 992 19418 502016
32 993 19418 502016
32 994 19418 502016
32 995 19418 502016
32 996 19418 502016
32 997 19418 502016
32 998 19418 502016
32 999 19418 502016
