4 0 198 228
4 1 200 228
4 2 199 228
4 3 196 228
4 4 196 228
4 5 196 228
4 6 196 228
4 7 196 228
4 8 196 228
4 9 196 228
4 10 196 228
4 11 196 228
4 12 196 228
4 13 196 228
4 14 196 228
4 15 196 228
4 16 196 228
4 17 196 228
4 18 196 228
4 19 196 228
4 20 196 228
4 21 196 228
4 22 196 228
4 23 196 228
4 24 196 228
4 25 196 228
4 26 196 228
4 27 196 228
4 28 196 228
4 29 196 228
4 30 196 228
4 31 196 228
4 32 196 228
4 33 196 228
4 34 196 228
4 35 196 228
4 36 196 228
4 37 196 228
4 38 196 228
4 39 196 228
4 40 196 228
4 41 196 228
4 42 196 228
4 43 196 228
4 44 196 228
4 45 196 228
4 46 196 228
4 47 196 228
4 48 196 228
4 49 196 228
4 50 196 228
4 51 196 228
4 52 196 228
4 53 196 228
4 54 196 228
4 55 196 228
4 56 196 228
4 57 196 228
4 58 196 228
4 59 196 228
4 60 196 228
4 61 196 228
4 62 196 228
4 63 196 228
4 64 196 228
4 65 196 228
4 66 196 228
4 67 196 228
4 68 196 228
4 69 196 228
4 70 196 228
4 71 196 228
4 72 196 228
4 73 196 228
4 74 196 228
4 75 196 228
4 76 196 228
4 77 196 228
4 78 196 228
4 79 196 228
4 80 196 228
4 81 196 228
4 82 196 228
4 83 196 228
4 84 196 228
4 85 196 228
4 86 196 228
4 87 196 228
4 88 196 228
4 89 196 228
4 90 196 228
4 91 196 228
4 92 196 228
4 93 196 228
4 94 196 228
4 95 196 228
4 96 196 228
4 97 196 228
4 98 196 228
4 99 196 228
4 100 196 228
4 101 196 228
4 102 196 228
4 103 196 228
4 104 196 228
4 105 196 228
4 106 196 228
4 107 196 228
4 108 196 228
4 109 196 228
4 110 196 228
4 111 196 228
4 112 196 228
4 113 196 228
4 114 196 228
4 115 196 228
4 116 196 228
4 117 196 228
4 118 196 228
4 119 196 228
4 120 196 228
4 121 196 228
4 122 196 228
4 123 196 228
4 124 196 228
4 125 196 228
4 126 196 228
4 127 196 228
4 128 196 228
4 129 196 228
4 130 196 228
4 131 196 228
4 132 196 228
4 133 196 228
4 134 196 228
4 135 196 228
4 136 196 228
4 137 196 228
4 138 196 228
4 139 196 228
4 140 196 228
4 141 196 228
4 142 196 228
4 143 196 228
4 144 196 228
4 145 196 228
4 146 196 228
4 147 196 228
4 148 196 228
4 149 196 228
4 150 196 228
4 151 196 228
4 152 196 228
4 153 196 228
4 154 196 228
4 155 196 228
4 156 196 228
4 157 196 228
4 158 196 228
4 159 196 228
4 160 196 228
4 161 196 228
4 162 196 228
4 163 196 228
4 164 196 228
4 165 196 228
4 166 196 228
4 167 196 228
4 168 196 228
4 169 196 228
4 170 196 228
4 171 196 228
4 172 196 228
4 173 196 228
4 174 196 228
4 175 196 228
4 176 196 228
4 177 196 228
4 178 196 228
4 179 196 228
4 180 196 228
4 181 196 228
4 182 196 228
4 183 196 228
4 184 196 228
4 185 196 228
4 186 196 228
4 187 196 228
4 188 196 228
4 189 196 228
4 190 196 228
4 191 196 228
4 192 196 228
4 193 196 228
4 194 196 228
4 195 196 228
4 196 196 228
4 197 196 228
4 198 196 228
4 199 196 228
4 200 196 228
4 201 196 228
4 202 196 228
4 203 196 228
4 204 196 228
4 205 196 228
4 206 196 228
4 207 196 228
4 208 196 228
4 209 196 228
4 210 196 228
4 211 196 228
4 212 196 228
4 213 196 228
4 214 196 228
4 215 196 228
4 216 196 228
4 217 196 228
4 218 196 228
4 219 196 228
4 220 196 228
4 221 196 228
4 222 196 228
4 223 196 228
4 224 196 228
4 225 196 228
4 226 196 228
4 227 196 228
4 228 196 228
4 229 196 228
4 230 196 228
4 231 196 228
4 232 196 228
4 233 196 228
4 234 196 228
4 235 196 228
4 236 196 228
4 237 196 228
4 238 196 228
4 239 196 228
4 240 196 228
4 241 196 228
4 242 196 228
4 243 196 228
4 244 196 228
4 245 196 228
4 246 196 228
4 247 196 228
4 248 196 228
4 249 196 228
4 250 196 228
4 251 196 228
4 252 196 228
4 253 196 228
4 254 196 228
4 255 196 228
4 256 196 228
4 257 196 228
4 258 196 228
4 259 196 228
4 260 196 228
4 261 196 228
4 262 196 228
4 263 196 228
4 264 196 228
4 265 196 228
4 266 196 228
4 267 196 228
4 268 196 228
4 269 196 228
4 270 196 228
4 271 196 228
4 272 196 228
4 273 196 228
4 274 196 228
4 275 196 228
4 276 196 228
4 277 196 228
4 278 196 228
4 279 196 228
4 280 196 228
4 281 196 228
4 282 196 228
4 283 196 228
4 284 196 228
4 285 196 228
4 286 196 228
4 287 196 228
4 288 196 228
4 289 196 228
4 290 196 228
4 291 196 228
4 292 196 228
4 293 196 228
4 294 196 228
4 295 196 228
4 296 196 228
4 297 196 228
4 298 196 228
4 299 196 228
4 300 196 228
4 301 196 228
4 302 196 228
4 303 196 228
4 304 196 228
4 305 196 228
4 306 196 228
4 307 196 228
4 308 196 228
4 309 196 228
4 310 196 228
4 311 196 228
4 312 196 228
4 313 196 228
4 314 196 228
4 315 196 228
4 316 196 228
4 317 196 228
4 318 196 228
4 319 196 228
4 320 196 228
4 321 196 228
4 322 196 228
4 323 196 228
4 324 196 228
4 325 196 228
4 326 196 228
4 327 196 228
4 328 196 228
4 329 196 228
4 330 196 228
4 331 196 228
4 332 196 228
4 333 196 228
4 334 196 228
4 335 196 228
4 336 196 228
4 337 196 228
4 338 196 228
4 339 196 228
4 340 196 228
4 341 196 228
4 342 196 228
4 343 196 228
4 344 196 228
4 345 196 228
4 346 196 228
4 347 196 228
4 348 196 228
4 349 196 228
4 350 196 228
4 351 196 228
4 352 196 228
4 353 196 228
4 354 196 228
4 355 196 228
4 356 196 228
4 357 196 228
4 358 196 228
4 359 196 228
4 360 196 228
4 361 196 228
4 362 196 228
4 363 196 228
4 364 196 228
4 365 196 228
4 366 196 228
4 367 196 228
4 368 196 228
4 369 196 228
4 370 196 228
4 371 196 228
4 372 196 228
4 373 196 228
4 374 196 228
4 375 196 228
4 376 196 228
4 377 196 228
4 378 196 228
4 379 196 228
4 380 196 228
4 381 196 228
4 382 196 228
4 383 196 228
4 384 196 228
4 385 196 228
4 386 196 228
4 387 196 228
4 388 196 228
4 389 196 228
4 390 196 228
4 391 196 228
4 392 196 228
4 393 196 228
4 394 196 228
4 395 196 228
4 396 196 228
4 397 196 228
4 398 196 228
4 399 196 228
4 400 196 228
4 401 196 228
4 402 196 228
4 403 196 228
4 404 196 228
4 405 196 228
4 406 196 228
4 407 196 228
4 408 196 228
4 409 196 228
4 410 196 228
4 411 196 228
4 412 196 228
4 413 196 228
4 414 196 228
4 415 196 228
4 416 196 228
4 417 196 228
4 418 196 228
4 419 196 228
4 420 196 228
4 421 196 228
4 422 196 228
4 423 196 228
4 424 196 228
4 425 196 228
4 426 196 228
4 427 196 228
4 428 196 228
4 429 196 228
4 430 196 228
4 431 196 228
4 432 196 228
4 433 196 228
4 434 196 228
4 435 196 228
4 436 196 228
4 437 196 228
4 438 196 228
4 439 196 228
4 440 196 228
4 441 196 228
4 442 196 228
4 443 196 228
4 444 196 228
4 445 196 228
4 446 196 228
4 447 196 228
4 448 196 228
4 449 196 228
4 450 196 228
4 451 196 228
4 452 196 228
4 453 196 228
4 454 196 228
4 455 196 228
4 456 196 228
4 457 196 228
4 458 196 228
4 459 196 228
4 460 196 228
4 461 196 228
4 462 196 228
4 463 196 228
4 464 196 228
4 465 196 228
4 466 196 228
4 467 196 228
4 468 196 228
4 469 196 228
4 470 196 228
4 471 196 228
4 472 196 228
4 473 196 228
4 474 196 228
4 475 196 228
4 476 196 228
4 477 196 228
4 478 196 228
4 479 196 228
4 480 196 228
4 481 196 228
4 482 196 228
4 483 196 228
4 484 196 228
4 485 196 228
4 486 196 228
4 487 196 228
4 488 196 228
4 489 196 228
4 490 196 228
4 491 196 228
4 492 196 228
4 493 196 228
4 494 196 228
4 495 196 228
4 496 196 228
4 497 196 228
4 498 196 228
4 499 196 228
4 500 196 228
4 501 196 228
4 502 196 228
4 503 196 228
4 504 196 228
4 505 196 228
4 506 196 228
4 507 196 228
4 508 196 228
4 509 196 228
4 510 196 228
4 511 196 228
4 512 196 228
4 513 196 228
4 514 196 228
4 515 196 228
4 516 196 228
4 517 196 228
4 518 196 228
4 519 196 228
4 520 196 228
4 521 196 228
4 522 196 228
4 523 196 228
4 524 196 228
4 525 196 228
4 526 196 228
4 527 196 228
4 528 196 228
4 529 196 228
4 530 196 228
4 531 196 228
4 532 196 228
4 533 196 228
4 534 196 228
4 535 196 228
4 536 196 228
4 537 196 228
4 538 196 228
4 539 196 228
4 540 196 228
4 541 196 228
4 542 196 228
4 543 196 228
4 544 196 228
4 545 196 228
4 546 196 228
4 547 196 228
4 548 196 228
4 549 196 228
4 550 196 228
4 551 196 228
4 552 196 228
4 553 196 228
4 554 196 228
4 555 196 228
4 556 196 228
4 557 196 228
4 558 196 228
4 559 196 228
4 560 196 228
4 561 196 228
4 562 196 228
4 563 196 228
4 564 196 228
4 565 196 228
4 566 196 228
4 567 196 228
4 568 196 228
4 569 196 228
4 570 196 228
4 571 196 228
4 572 196 228
4 573 196 228
4 574 196 228
4 575 196 228
4 576 196 228
4 577 196 228
4 578 196 228
4 579 196 228
4 580 196 228
4 581 196 228
4 582 196 228
4 583 196 228
4 584 196 228
4 585 196 228
4 586 196 228
4 587 196 228
4 588 196 228
4 589 196 228
4 590 196 228
4 591 196 228
4 592 196 228
4 593 196 228
4 594 196 228
4 595 196 228
4 596 196 228
4 597 196 228
4 598 196 228
4 599 196 228
4 600 196 228
4 601 196 228
4 602 196 228
4 603 196 228
4 604 196 228
4 605 196 228
4 606 196 228
4 607 196 228
4 608 196 228
4 609 196 228
4 610 196 228
4 611 196 228
4 612 196 228
4 613 196 228
4 614 196 228
4 615 196 228
4 616 196 228
4 617 196 228
4 618 196 228
4 619 196 228
4 620 196 228
4 621 196 228
4 622 196 228
4 623 196 228
4 624 196 228
4 625 196 228
4 626 196 228
4 627 196 228
4 628 196 228
4 629 196 228
4 630 196 228
4 631 196 228
4 632 196 228
4 633 196 228
4 634 196 228
4 635 196 228
4 636 196 228
4 637 196 228
4 638 196 228
4 639 196 228
4 640 196 228
4 641 196 228
4 642 196 228
4 643 196 228
4 644 196 228
4 645 196 228
4 646 196 228
4 647 196 228
4 648 196 228
4 649 196 228
4 650 196 228
4 651 196 228
4 652 196 228
4 653 196 228
4 654 196 228
4 655 196 228
4 656 196 228
4 657 196 228
4 658 196 228
4 659 196 228
4 660 196 228
4 661 196 228
4 662 196 228
4 663 196 228
4 664 196 228
4 665 196 228
4 666 196 228
4 667 196 228
4 668 196 228
4 669 196 228
4 670 196 228
4 671 196 228
4 672 196 228
4 673 196 228
4 674 196 228
4 675 196 228
4 676 196 228
4 677 196 228
4 678 196 228
4 679 196 228
4 680 196 228
4 681 196 228
4 682 196 228
4 683 196 228
4 684 196 228
4 685 196 228
4 686 196 228
4 687 196 228
4 688 196 228
4 689 196 228
4 690 196 228
4 691 196 228
4 692 196 228
4 693 196 228
4 694 196 228
4 695 196 228
4 696 196 228
4 697 196 228
4 698 196 228
4 699 196 228
4 700 196 228
4 701 196 228
4 702 196 228
4 703 196 228
4 704 196 228
4 705 196 228
4 706 196 228
4 707 196 228
4 708 196 228
4 709 196 228
4 710 196 228
4 711 196 228
4 712 196 228
4 713 196 228
4 714 196 228
4 715 196 228
4 716 196 228
4 717 196 228
4 718 196 228
4 719 196 228
4 720 196 228
4 721 196 228
4 722 196 228
4 723 196 228
4 724 196 228
4 725 196 228
4 726 196 228
4 727 196 228
4 728 196 228
4 729 196 228
4 730 196 228
4 731 196 228
4 732 196 228
4 733 196 228
4 734 196 228
4 735 196 228
4 736 196 228
4 737 196 228
4 738 196 228
4 739 196 228
4 740 196 228
4 741 196 228
4 742 196 228
4 743 196 228
4 744 196 228
4 745 196 228
4 746 196 228
4 747 196 228
4 748 196 228
4 749 196 228
4 750 196 228
4 751 196 228
4 752 196 228
4 753 196 228
4 754 196 228
4 755 196 228
4 756 196 228
4 757 196 228
4 758 196 228
4 759 196 228
4 760 196 228
4 761 196 228
4 762 196 228
4 763 196 228
4 764 196 228
4 765 196 228
4 766 196 228
4 767 196 228
4 768 196 228
4 769 196 228
4 770 196 228
4 771 196 228
4 772 196 228
4 773 196 228
4 774 196 228
4 775 196 228
4 776 196 228
4 777 196 228
4 778 196 228
4 779 196 228
4 780 196 228
4 781 196 228
4 782 196 228
4 783 196 228
4 784 196 228
4 785 196 228
4 786 196 228
4 787 196 228
4 788 196 228
4 789 196 228
4 790 196 228
4 791 196 228
4 792 196 228
4 793 196 228
4 794 196 228
4 795 196 228
4 796 196 228
4 797 196 228
4 798 196 228
4 799 196 228
4 800 196 228
4 801 196 228
4 802 196 228
4 803 196 228
4 804 196 228
4 805 196 228
4 806 196 228
4 807 196 228
4 808 196 228
4 809 196 228
4 810 196 228
4 811 196 228
4 812 196 228
4 813 196 228
4 814 196 228
4 815 196 228
4 816 196 228
4 817 196 228
4 818 196 228
4 819 196 228
4 820 196 228
4 821 196 228
4 822 196 228
4 823 196 228
4 824 196 228
4 825 196 228
4 826 196 228
4 827 196 228
4 828 196 228
4 829 196 228
4 830 196 228
4 831 196 228
4 832 196 228
4 833 196 228
4 834 196 228
4 835 196 228
4 836 196 228
4 837 196 228
4 838 196 228
4 839 196 228
4 840 196 228
4 841 196 228
4 842 196 228
4 843 196 228
4 844 196 228
4 845 196 228
4 846 196 228
4 847 196 228
4 848 196 228
4 849 196 228
4 850 196 228
4 851 196 228
4 852 196 228
4 853 196 228
4 854 196 228
4 855 196 228
4 856 196 228
4 857 196 228
4 858 196 228
4 859 196 228
4 860 196 228
4 861 196 228
4 862 196 228
4 863 196 228
4 864 196 228
4 865 196 228
4 866 196 228
4 867 196 228
4 868 196 228
4 869 196 228
4 870 196 228
4 871 196 228
4 872 196 228
4 873 196 228
4 874 196 228
4 875 196 228
4 876 196 228
4 877 196 228
4 878 196 228
4 879 196 228
4 880 196 228
4 881 196 228
4 882 196 228
4 883 196 228
4 884 196 228
4 885 196 228
4 886 196 228
4 887 196 228
4 888 196 228
4 889 196 228
4 890 196 228
4 891 196 228
4 892 196 228
4 893 196 228
4 894 196 228
4 895 196 228
4 896 196 228
4 897 196 228
4 898 196 228
4 899 196 228
4 900 196 228
4 901 196 228
4 902 196 228
4 903 196 228
4 904 196 228
4 905 196 228
4 906 196 228
4 907 196 228
4 908 196 228
4 909 196 228
4 910 196 228
4 911 196 228
4 912 196 228
4 913 196 228
4 914 196 228
4 915 196 228
4 916 196 228
4 917 196 228
4 918 196 228
4 919 196 228
4 920 196 228
4 921 196 228
4 922 196 228
4 923 196 228
4 924 196 228
4 925 196 228
4 926 196 228
4 927 196 228
4 928 196 228
4 929 196 228
4 930 196 228
4 931 196 228
4 932 196 228
4 933 196 228
4 934 196 228
4 935 196 228
4 936 196 228
4 937 196 228
4 938 196 228
4 939 196 228
4 940 196 228
4 941 196 228
4 942 196 228
4 943 196 228
4 944 196 228
4 945 196 228
4 946 196 228
4 947 196 228
4 948 196 228
4 949 196 228
4 950 196 228
4 951 196 228
4 952 196 228
4 953 196 228
4 954 196 228
4 955 196 228
4 956 196 228
4 957 196 228
4 958 196 228
4 959 196 228
4 960 196 228
4 961 196 228
4 962 196 228
4 963 196 228
4 964 196 228
4 965 196 228
4 966 196 228
4 967 196 228
4 968 196 228
4 969 196 228
4 970 196 228
4 971 196 228
4 972 196 228
4 973 196 228
4 974 196 228
4 975 196 228
4 976 196 228
4 977 196 228
4 978 196 228
4 979 196 228
4 980 196 228
4 981 196 228
4 982 196 228
4 983 196 228
4 984 196 228
4 985 196 228
4 986 196 228
4 987 196 228
4 988 196 228
4 989 196 228
4 990 196 228
4 991 196 228
4 992 196 228
4 993 196 228
4 994 196 228
4 995 196 228
4 996 196 228
4 997 196 228
4 998 196 228
4 999 196 228
