4 0 198 228
4 1 199 228
4 2 199 228
4 3 199 228
4 4 201 228
4 5 201 228
4 6 200 228
4 7 200 228
4 8 199 228
4 9 198 228
4 10 198 228
4 11 198 228
4 12 199 228
4 13 198 228
4 14 198 228
4 15 200 228
4 16 198 228
4 17 198 228
4 18 198 228
4 19 198 228
4 20 198 228
4 21 198 228
4 22 198 228
4 23 198 228
4 24 198 228
4 25 198 228
4 26 198 228
4 27 198 228
4 28 198 228
4 29 198 228
4 30 198 228
4 31 198 228
4 32 198 228
4 33 198 228
4 34 198 228
4 35 198 228
4 36 198 228
4 37 198 228
4 38 198 228
4 39 198 228
4 40 198 228
4 41 198 228
4 42 198 228
4 43 198 228
4 44 198 228
4 45 198 228
4 46 198 228
4 47 198 228
4 48 198 228
4 49 198 228
4 50 198 228
4 51 198 228
4 52 198 228
4 53 198 228
4 54 198 228
4 55 198 228
4 56 198 228
4 57 198 228
4 58 198 228
4 59 198 228
4 60 198 228
4 61 198 228
4 62 198 228
4 63 198 228
4 64 198 228
4 65 198 228
4 66 198 228
4 67 198 228
4 68 198 228
4 69 198 228
4 70 198 228
4 71 198 228
4 72 198 228
4 73 198 228
4 74 198 228
4 75 198 228
4 76 198 228
4 77 198 228
4 78 198 228
4 79 198 228
4 80 198 228
4 81 198 228
4 82 198 228
4 83 198 228
4 84 198 228
4 85 198 228
4 86 198 228
4 87 198 228
4 88 198 228
4 89 198 228
4 90 198 228
4 91 198 228
4 92 198 228
4 93 198 228
4 94 198 228
4 95 198 228
4 96 198 228
4 97 198 228
4 98 198 228
4 99 198 228
4 100 198 228
4 101 198 228
4 102 198 228
4 103 198 228
4 104 198 228
4 105 198 228
4 106 198 228
4 107 198 228
4 108 198 228
4 109 198 228
4 110 198 228
4 111 198 228
4 112 198 228
4 113 198 228
4 114 198 228
4 115 198 228
4 116 198 228
4 117 198 228
4 118 198 228
4 119 198 228
4 120 198 228
4 121 198 228
4 122 198 228
4 123 198 228
4 124 198 228
4 125 198 228
4 126 198 228
4 127 198 228
4 128 198 228
4 129 198 228
4 130 198 228
4 131 198 228
4 132 198 228
4 133 198 228
4 134 198 228
4 135 198 228
4 136 198 228
4 137 198 228
4 138 198 228
4 139 198 228
4 140 198 228
4 141 198 228
4 142 198 228
4 143 198 228
4 144 198 228
4 145 198 228
4 146 198 228
4 147 198 228
4 148 198 228
4 149 198 228
4 150 198 228
4 151 198 228
4 152 198 228
4 153 198 228
4 154 198 228
4 155 198 228
4 156 198 228
4 157 198 228
4 158 198 228
4 159 198 228
4 160 198 228
4 161 198 228
4 162 198 228
4 163 198 228
4 164 198 228
4 165 198 228
4 166 198 228
4 167 198 228
4 168 198 228
4 169 198 228
4 170 198 228
4 171 198 228
4 172 198 228
4 173 198 228
4 174 198 228
4 175 198 228
4 176 198 228
4 177 198 228
4 178 198 228
4 179 198 228
4 180 198 228
4 181 198 228
4 182 198 228
4 183 198 228
4 184 198 228
4 185 198 228
4 186 198 228
4 187 198 228
4 188 198 228
4 189 198 228
4 190 198 228
4 191 198 228
4 192 198 228
4 193 198 228
4 194 198 228
4 195 198 228
4 196 198 228
4 197 198 228
4 198 198 228
4 199 198 228
4 200 198 228
4 201 198 228
4 202 198 228
4 203 198 228
4 204 198 228
4 205 198 228
4 206 198 228
4 207 198 228
4 208 198 228
4 209 198 228
4 210 198 228
4 211 198 228
4 212 198 228
4 213 198 228
4 214 198 228
4 215 198 228
4 216 198 228
4 217 198 228
4 218 198 228
4 219 198 228
4 220 198 228
4 221 198 228
4 222 198 228
4 223 198 228
4 224 198 228
4 225 198 228
4 226 198 228
4 227 198 228
4 228 198 228
4 229 198 228
4 230 198 228
4 231 198 228
4 232 198 228
4 233 198 228
4 234 198 228
4 235 198 228
4 236 198 228
4 237 198 228
4 238 198 228
4 239 198 228
4 240 198 228
4 241 198 228
4 242 198 228
4 243 198 228
4 244 198 228
4 245 198 228
4 246 198 228
4 247 198 228
4 248 198 228
4 249 198 228
4 250 198 228
4 251 198 228
4 252 198 228
4 253 198 228
4 254 198 228
4 255 198 228
4 256 198 228
4 257 198 228
4 258 198 228
4 259 198 228
4 260 198 228
4 261 198 228
4 262 198 228
4 263 198 228
4 264 198 228
4 265 198 228
4 266 198 228
4 267 198 228
4 268 198 228
4 269 198 228
4 270 198 228
4 271 198 228
4 272 198 228
4 273 198 228
4 274 198 228
4 275 198 228
4 276 198 228
4 277 198 228
4 278 198 228
4 279 198 228
4 280 198 228
4 281 198 228
4 282 198 228
4 283 198 228
4 284 198 228
4 285 198 228
4 286 198 228
4 287 198 228
4 288 198 228
4 289 198 228
4 290 198 228
4 291 198 228
4 292 198 228
4 293 198 228
4 294 198 228
4 295 198 228
4 296 198 228
4 297 198 228
4 298 198 228
4 299 198 228
4 300 198 228
4 301 198 228
4 302 198 228
4 303 198 228
4 304 198 228
4 305 198 228
4 306 198 228
4 307 198 228
4 308 198 228
4 309 198 228
4 310 198 228
4 311 198 228
4 312 198 228
4 313 198 228
4 314 198 228
4 315 198 228
4 316 198 228
4 317 198 228
4 318 198 228
4 319 198 228
4 320 198 228
4 321 198 228
4 322 198 228
4 323 198 228
4 324 198 228
4 325 198 228
4 326 198 228
4 327 198 228
4 328 198 228
4 329 198 228
4 330 198 228
4 331 198 228
4 332 198 228
4 333 198 228
4 334 198 228
4 335 198 228
4 336 198 228
4 337 198 228
4 338 198 228
4 339 198 228
4 340 198 228
4 341 198 228
4 342 198 228
4 343 198 228
4 344 198 228
4 345 198 228
4 346 198 228
4 347 198 228
4 348 198 228
4 349 198 228
4 350 198 228
4 351 198 228
4 352 198 228
4 353 198 228
4 354 198 228
4 355 198 228
4 356 198 228
4 357 198 228
4 358 198 228
4 359 198 228
4 360 198 228
4 361 198 228
4 362 198 228
4 363 198 228
4 364 198 228
4 365 198 228
4 366 198 228
4 367 198 228
4 368 198 228
4 369 198 228
4 370 198 228
4 371 198 228
4 372 198 228
4 373 198 228
4 374 198 228
4 375 198 228
4 376 198 228
4 377 198 228
4 378 198 228
4 379 198 228
4 380 198 228
4 381 198 228
4 382 198 228
4 383 198 228
4 384 198 228
4 385 198 228
4 386 198 228
4 387 198 228
4 388 198 228
4 389 198 228
4 390 198 228
4 391 198 228
4 392 198 228
4 393 198 228
4 394 198 228
4 395 198 228
4 396 198 228
4 397 198 228
4 398 198 228
4 399 198 228
4 400 198 228
4 401 198 228
4 402 198 228
4 403 198 228
4 404 198 228
4 405 198 228
4 406 198 228
4 407 198 228
4 408 198 228
4 409 198 228
4 410 198 228
4 411 198 228
4 412 198 228
4 413 198 228
4 414 198 228
4 415 198 228
4 416 198 228
4 417 198 228
4 418 198 228
4 419 198 228
4 420 198 228
4 421 198 228
4 422 198 228
4 423 198 228
4 424 198 228
4 425 198 228
4 426 198 228
4 427 198 228
4 428 198 228
4 429 198 228
4 430 198 228
4 431 198 228
4 432 198 228
4 433 198 228
4 434 198 228
4 435 198 228
4 436 198 228
4 437 198 228
4 438 198 228
4 439 198 228
4 440 198 228
4 441 198 228
4 442 198 228
4 443 198 228
4 444 198 228
4 445 198 228
4 446 198 228
4 447 198 228
4 448 198 228
4 449 198 228
4 450 198 228
4 451 198 228
4 452 198 228
4 453 198 228
4 454 198 228
4 455 198 228
4 456 198 228
4 457 198 228
4 458 198 228
4 459 198 228
4 460 198 228
4 461 198 228
4 462 198 228
4 463 198 228
4 464 198 228
4 465 198 228
4 466 198 228
4 467 198 228
4 468 198 228
4 469 198 228
4 470 198 228
4 471 198 228
4 472 198 228
4 473 198 228
4 474 198 228
4 475 198 228
4 476 198 228
4 477 198 228
4 478 198 228
4 479 198 228
4 480 198 228
4 481 198 228
4 482 198 228
4 483 198 228
4 484 198 228
4 485 198 228
4 486 198 228
4 487 198 228
4 488 198 228
4 489 198 228
4 490 198 228
4 491 198 228
4 492 198 228
4 493 198 228
4 494 198 228
4 495 198 228
4 496 198 228
4 497 198 228
4 498 198 228
4 499 198 228
4 500 198 228
4 501 198 228
4 502 198 228
4 503 198 228
4 504 198 228
4 505 198 228
4 506 198 228
4 507 198 228
4 508 198 228
4 509 198 228
4 510 198 228
4 511 198 228
4 512 198 228
4 513 198 228
4 514 198 228
4 515 198 228
4 516 198 228
4 517 198 228
4 518 198 228
4 519 198 228
4 520 198 228
4 521 198 228
4 522 198 228
4 523 198 228
4 524 198 228
4 525 198 228
4 526 198 228
4 527 198 228
4 528 198 228
4 529 198 228
4 530 198 228
4 531 198 228
4 532 198 228
4 533 198 228
4 534 198 228
4 535 198 228
4 536 198 228
4 537 198 228
4 538 198 228
4 539 198 228
4 540 198 228
4 541 198 228
4 542 198 228
4 543 198 228
4 544 198 228
4 545 198 228
4 546 198 228
4 547 198 228
4 548 198 228
4 549 198 228
4 550 198 228
4 551 198 228
4 552 198 228
4 553 198 228
4 554 198 228
4 555 198 228
4 556 198 228
4 557 198 228
4 558 198 228
4 559 198 228
4 560 198 228
4 561 198 228
4 562 198 228
4 563 198 228
4 564 198 228
4 565 198 228
4 566 198 228
4 567 198 228
4 568 198 228
4 569 198 228
4 570 198 228
4 571 198 228
4 572 198 228
4 573 198 228
4 574 198 228
4 575 198 228
4 576 198 228
4 577 198 228
4 578 198 228
4 579 198 228
4 580 198 228
4 581 198 228
4 582 198 228
4 583 198 228
4 584 198 228
4 585 198 228
4 586 198 228
4 587 198 228
4 588 198 228
4 589 198 228
4 590 198 228
4 591 198 228
4 592 198 228
4 593 198 228
4 594 198 228
4 595 198 228
4 596 198 228
4 597 198 228
4 598 198 228
4 599 198 228
4 600 198 228
4 601 198 228
4 602 198 228
4 603 198 228
4 604 198 228
4 605 198 228
4 606 198 228
4 607 198 228
4 608 198 228
4 609 198 228
4 610 198 228
4 611 198 228
4 612 198 228
4 613 198 228
4 614 198 228
4 615 198 228
4 616 198 228
4 617 198 228
4 618 198 228
4 619 198 228
4 620 198 228
4 621 198 228
4 622 198 228
4 623 198 228
4 624 198 228
4 625 198 228
4 626 198 228
4 627 198 228
4 628 198 228
4 629 198 228
4 630 198 228
4 631 198 228
4 632 198 228
4 633 198 228
4 634 198 228
4 635 198 228
4 636 198 228
4 637 198 228
4 638 198 228
4 639 198 228
4 640 198 228
4 641 198 228
4 642 198 228
4 643 198 228
4 644 198 228
4 645 198 228
4 646 198 228
4 647 198 228
4 648 198 228
4 649 198 228
4 650 198 228
4 651 198 228
4 652 198 228
4 653 198 228
4 654 198 228
4 655 198 228
4 656 198 228
4 657 198 228
4 658 198 228
4 659 198 228
4 660 198 228
4 661 198 228
4 662 198 228
4 663 198 228
4 664 198 228
4 665 198 228
4 666 198 228
4 667 198 228
4 668 198 228
4 669 198 228
4 670 198 228
4 671 198 228
4 672 198 228
4 673 198 228
4 674 198 228
4 675 198 228
4 676 198 228
4 677 198 228
4 678 198 228
4 679 198 228
4 680 198 228
4 681 198 228
4 682 198 228
4 683 198 228
4 684 198 228
4 685 198 228
4 686 198 228
4 687 198 228
4 688 198 228
4 689 198 228
4 690 198 228
4 691 198 228
4 692 198 228
4 693 198 228
4 694 198 228
4 695 198 228
4 696 198 228
4 697 198 228
4 698 198 228
4 699 198 228
4 700 198 228
4 701 198 228
4 702 198 228
4 703 198 228
4 704 198 228
4 705 198 228
4 706 198 228
4 707 198 228
4 708 198 228
4 709 198 228
4 710 198 228
4 711 198 228
4 712 198 228
4 713 198 228
4 714 198 228
4 715 198 228
4 716 198 228
4 717 198 228
4 718 198 228
4 719 198 228
4 720 198 228
4 721 198 228
4 722 198 228
4 723 198 228
4 724 198 228
4 725 198 228
4 726 198 228
4 727 198 228
4 728 198 228
4 729 198 228
4 730 198 228
4 731 198 228
4 732 198 228
4 733 198 228
4 734 198 228
4 735 198 228
4 736 198 228
4 737 198 228
4 738 198 228
4 739 198 228
4 740 198 228
4 741 198 228
4 742 198 228
4 743 198 228
4 744 198 228
4 745 198 228
4 746 198 228
4 747 198 228
4 748 198 228
4 749 198 228
4 750 198 228
4 751 198 228
4 752 198 228
4 753 198 228
4 754 198 228
4 755 198 228
4 756 198 228
4 757 198 228
4 758 198 228
4 759 198 228
4 760 198 228
4 761 198 228
4 762 198 228
4 763 198 228
4 764 198 228
4 765 198 228
4 766 198 228
4 767 198 228
4 768 198 228
4 769 198 228
4 770 198 228
4 771 198 228
4 772 198 228
4 773 198 228
4 774 198 228
4 775 198 228
4 776 198 228
4 777 198 228
4 778 198 228
4 779 198 228
4 780 198 228
4 781 198 228
4 782 198 228
4 783 198 228
4 784 198 228
4 785 198 228
4 786 198 228
4 787 198 228
4 788 198 228
4 789 198 228
4 790 198 228
4 791 198 228
4 792 198 228
4 793 198 228
4 794 198 228
4 795 198 228
4 796 198 228
4 797 198 228
4 798 198 228
4 799 198 228
4 800 198 228
4 801 198 228
4 802 198 228
4 803 198 228
4 804 198 228
4 805 198 228
4 806 198 228
4 807 198 228
4 808 198 228
4 809 198 228
4 810 198 228
4 811 198 228
4 812 198 228
4 813 198 228
4 814 198 228
4 815 198 228
4 816 198 228
4 817 198 228
4 818 198 228
4 819 198 228
4 820 198 228
4 821 198 228
4 822 198 228
4 823 198 228
4 824 198 228
4 825 198 228
4 826 198 228
4 827 198 228
4 828 198 228
4 829 198 228
4 830 198 228
4 831 198 228
4 832 198 228
4 833 198 228
4 834 198 228
4 835 198 228
4 836 198 228
4 837 198 228
4 838 198 228
4 839 198 228
4 840 198 228
4 841 198 228
4 842 198 228
4 843 198 228
4 844 198 228
4 845 198 228
4 846 198 228
4 847 198 228
4 848 198 228
4 849 198 228
4 850 198 228
4 851 198 228
4 852 198 228
4 853 198 228
4 854 198 228
4 855 198 228
4 856 198 228
4 857 198 228
4 858 198 228
4 859 198 228
4 860 198 228
4 861 198 228
4 862 198 228
4 863 198 228
4 864 198 228
4 865 198 228
4 866 198 228
4 867 198 228
4 868 198 228
4 869 198 228
4 870 198 228
4 871 198 228
4 872 198 228
4 873 198 228
4 874 198 228
4 875 198 228
4 876 198 228
4 877 198 228
4 878 198 228
4 879 198 228
4 880 198 228
4 881 198 228
4 882 198 228
4 883 198 228
4 884 198 228
4 885 198 228
4 886 198 228
4 887 198 228
4 888 198 228
4 889 198 228
4 890 198 228
4 891 198 228
4 892 198 228
4 893 198 228
4 894 198 228
4 895 198 228
4 896 198 228
4 897 198 228
4 898 198 228
4 899 198 228
4 900 198 228
4 901 198 228
4 902 198 228
4 903 198 228
4 904 198 228
4 905 198 228
4 906 198 228
4 907 198 228
4 908 198 228
4 909 198 228
4 910 198 228
4 911 198 228
4 912 198 228
4 913 198 228
4 914 198 228
4 915 198 228
4 916 198 228
4 917 198 228
4 918 198 228
4 919 198 228
4 920 198 228
4 921 198 228
4 922 198 228
4 923 198 228
4 924 198 228
4 925 198 228
4 926 198 228
4 927 198 228
4 928 198 228
4 929 198 228
4 930 198 228
4 931 198 228
4 932 198 228
4 933 198 228
4 934 198 228
4 935 198 228
4 936 198 228
4 937 198 228
4 938 198 228
4 939 198 228
4 940 198 228
4 941 198 228
4 942 198 228
4 943 198 228
4 944 198 228
4 945 198 228
4 946 198 228
4 947 198 228
4 948 198 228
4 949 198 228
4 950 198 228
4 951 198 228
4 952 198 228
4 953 198 228
4 954 198 228
4 955 198 228
4 956 198 228
4 957 198 228
4 958 198 228
4 959 198 228
4 960 198 228
4 961 198 228
4 962 198 228
4 963 198 228
4 964 198 228
4 965 198 228
4 966 198 228
4 967 198 228
4 968 198 228
4 969 198 228
4 970 198 228
4 971 198 228
4 972 198 228
4 973 198 228
4 974 198 228
4 975 198 228
4 976 198 228
4 977 198 228
4 978 198 228
4 979 198 228
4 980 198 228
4 981 198 228
4 982 198 228
4 983 198 228
4 984 198 228
4 985 198 228
4 986 198 228
4 987 198 228
4 988 198 228
4 989 198 228
4 990 198 228
4 991 198 228
4 992 198 228
4 993 198 228
4 994 198 228
4 995 198 228
4 996 198 228
4 997 198 228
4 998 198 228
4 999 198 228
