256 0 274497 1823096832
256 1 274445 1823096832
256 2 274415 1823096832
256 3 274438 1823096832
256 4 274415 1823096832
256 5 274416 1823096832
256 6 274415 1823096832
256 7 274413 1823096832
256 8 274413 1823096832
256 9 274417 1823096832
256 10 274416 1823096832
256 11 274416 1823096832
256 12 274438 1823096832
256 13 274415 1823096832
256 14 274439 1823096832
256 15 274414 1823096832
256 16 274440 1823096832
256 17 274414 1823096832
256 18 274440 1823096832
256 19 274417 1823096832
256 20 274442 1823096832
256 21 274415 1823096832
256 22 274440 1823096832
256 23 274416 1823096832
256 24 274442 1823096832
256 25 274416 1823096832
256 26 274436 1823096832
256 27 274416 1823096832
256 28 274416 1823096832
256 29 274416 1823096832
256 30 274413 1823096832
256 31 274416 1823096832
256 32 274415 1823096832
256 33 274438 1823096832
256 34 274415 1823096832
256 35 274440 1823096832
256 36 274416 1823096832
256 37 274442 1823096832
256 38 274413 1823096832
256 39 274438 1823096832
256 40 274416 1823096832
256 41 274441 1823096832
256 42 274417 1823096832
256 43 274441 1823096832
256 44 274416 1823096832
256 45 274442 1823096832
256 46 274414 1823096832
256 47 274435 1823096832
256 48 274415 1823096832
256 49 274433 1823096832
256 50 274414 1823096832
256 51 274416 1823096832
256 52 274416 1823096832
256 53 274417 1823096832
256 54 274413 1823096832
256 55 274415 1823096832
256 56 274440 1823096832
256 57 274414 1823096832
256 58 274439 1823096832
256 59 274413 1823096832
256 60 274440 1823096832
256 61 274415 1823096832
256 62 274441 1823096832
256 63 274414 1823096832
256 64 274440 1823096832
256 65 274416 1823096832
256 66 274440 1823096832
256 67 274413 1823096832
256 68 274444 1823096832
256 69 274415 1823096832
256 70 274440 1823096832
256 71 274416 1823096832
256 72 274413 1823096832
256 73 274416 1823096832
256 74 274416 1823096832
256 75 274416 1823096832
256 76 274416 1823096832
256 77 274439 1823096832
256 78 274415 1823096832
256 79 274440 1823096832
256 80 274415 1823096832
256 81 274441 1823096832
256 82 274414 1823096832
256 83 274440 1823096832
256 84 274413 1823096832
256 85 274439 1823096832
256 86 274416 1823096832
256 87 274440 1823096832
256 88 274414 1823096832
256 89 274445 1823096832
256 90 274413 1823096832
256 91 274440 1823096832
256 92 274417 1823096832
256 93 274436 1823096832
256 94 274415 1823096832
256 95 274416 1823096832
256 96 274415 1823096832
256 97 274413 1823096832
256 98 274415 1823096832
256 99 274416 1823096832
256 100 274438 1823096832
256 101 274415 1823096832
256 102 274439 1823096832
256 103 274415 1823096832
256 104 274441 1823096832
256 105 274415 1823096832
256 106 274441 1823096832
256 107 274416 1823096832
256 108 274440 1823096832
256 109 274415 1823096832
256 110 274440 1823096832
256 111 274414 1823096832
256 112 274443 1823096832
256 113 274416 1823096832
256 114 274438 1823096832
256 115 274414 1823096832
256 116 274416 1823096832
256 117 274414 1823096832
256 118 274415 1823096832
256 119 274416 1823096832
256 120 274415 1823096832
256 121 274415 1823096832
256 122 274413 1823096832
256 123 274441 1823096832
256 124 274415 1823096832
256 125 274439 1823096832
256 126 274417 1823096832
256 127 274434 1823096832
256 128 274415 1823096832
256 129 274441 1823096832
256 130 274413 1823096832
256 131 274439 1823096832
256 132 274416 1823096832
256 133 274440 1823096832
256 134 274413 1823096832
256 135 274441 1823096832
256 136 274415 1823096832
256 137 274439 1823096832
256 138 274416 1823096832
256 139 274413 1823096832
256 140 274416 1823096832
256 141 274416 1823096832
256 142 274415 1823096832
256 143 274416 1823096832
256 144 274440 1823096832
256 145 274416 1823096832
256 146 274440 1823096832
256 147 274415 1823096832
256 148 274440 1823096832
256 149 274413 1823096832
256 150 274440 1823096832
256 151 274414 1823096832
256 152 274440 1823096832
256 153 274417 1823096832
256 154 274441 1823096832
256 155 274416 1823096832
256 156 274443 1823096832
256 157 274415 1823096832
256 158 274436 1823096832
256 159 274413 1823096832
256 160 274438 1823096832
256 161 274416 1823096832
256 162 274415 1823096832
256 163 274416 1823096832
256 164 274415 1823096832
256 165 274415 1823096832
256 166 274417 1823096832
256 167 274440 1823096832
256 168 274416 1823096832
256 169 274442 1823096832
256 170 274416 1823096832
256 171 274438 1823096832
256 172 274416 1823096832
256 173 274442 1823096832
256 174 274416 1823096832
256 175 274438 1823096832
256 176 274415 1823096832
256 177 274441 1823096832
256 178 274415 1823096832
256 179 274444 1823096832
256 180 274413 1823096832
256 181 274438 1823096832
256 182 274414 1823096832
256 183 274416 1823096832
256 184 274416 1823096832
256 185 274415 1823096832
256 186 274413 1823096832
256 187 274416 1823096832
256 188 274439 1823096832
256 189 274415 1823096832
256 190 274438 1823096832
256 191 274416 1823096832
256 192 274440 1823096832
256 193 274416 1823096832
256 194 274438 1823096832
256 195 274413 1823096832
256 196 274440 1823096832
256 197 274416 1823096832
256 198 274437 1823096832
256 199 274416 1823096832
256 200 274442 1823096832
256 201 274415 1823096832
256 202 274440 1823096832
256 203 274416 1823096832
256 204 274440 1823096832
256 205 274416 1823096832
256 206 274413 1823096832
256 207 274415 1823096832
256 208 274415 1823096832
256 209 274415 1823096832
256 210 274416 1823096832
256 211 274440 1823096832
256 212 274416 1823096832
256 213 274441 1823096832
256 214 274413 1823096832
256 215 274441 1823096832
256 216 274414 1823096832
256 217 274441 1823096832
256 218 274416 1823096832
256 219 274440 1823096832
256 220 274416 1823096832
256 221 274438 1823096832
256 222 274415 1823096832
256 223 274444 1823096832
256 224 274413 1823096832
256 225 274439 1823096832
256 226 274415 1823096832
256 227 274416 1823096832
256 228 274414 1823096832
256 229 274413 1823096832
256 230 274415 1823096832
256 231 274414 1823096832
256 232 274414 1823096832
256 233 274415 1823096832
256 234 274438 1823096832
256 235 274413 1823096832
256 236 274439 1823096832
256 237 274414 1823096832
256 238 274440 1823096832
256 239 274416 1823096832
256 240 274441 1823096832
256 241 274414 1823096832
256 242 274439 1823096832
256 243 274416 1823096832
256 244 274440 1823096832
256 245 274415 1823096832
256 246 274442 1823096832
256 247 274413 1823096832
256 248 274437 1823096832
256 249 274413 1823096832
256 250 274414 1823096832
256 251 274417 1823096832
256 252 274416 1823096832
256 253 274415 1823096832
256 254 274416 1823096832
256 255 274437 1823096832
256 256 274416 1823096832
256 257 274441 1823096832
256 258 274413 1823096832
256 259 274441 1823096832
256 260 274413 1823096832
256 261 274437 1823096832
256 262 274416 1823096832
256 263 274441 1823096832
256 264 274415 1823096832
256 265 274439 1823096832
256 266 274416 1823096832
256 267 274444 1823096832
256 268 274414 1823096832
256 269 274438 1823096832
256 270 274414 1823096832
256 271 274416 1823096832
256 272 274415 1823096832
256 273 274415 1823096832
256 274 274414 1823096832
256 275 274416 1823096832
256 276 274413 1823096832
256 277 274416 1823096832
256 278 274439 1823096832
256 279 274417 1823096832
256 280 274441 1823096832
256 281 274416 1823096832
256 282 274442 1823096832
256 283 274416 1823096832
256 284 274441 1823096832
256 285 274417 1823096832
256 286 274438 1823096832
256 287 274416 1823096832
256 288 274442 1823096832
256 289 274416 1823096832
256 290 274444 1823096832
256 291 274416 1823096832
256 292 274438 1823096832
256 293 274415 1823096832
256 294 274415 1823096832
256 295 274413 1823096832
256 296 274415 1823096832
256 297 274415 1823096832
256 298 274414 1823096832
256 299 274441 1823096832
256 300 274415 1823096832
256 301 274440 1823096832
256 302 274415 1823096832
256 303 274441 1823096832
256 304 274415 1823096832
256 305 274440 1823096832
256 306 274413 1823096832
256 307 274441 1823096832
256 308 274415 1823096832
256 309 274438 1823096832
256 310 274413 1823096832
256 311 274444 1823096832
256 312 274416 1823096832
256 313 274437 1823096832
256 314 274415 1823096832
256 315 274439 1823096832
256 316 274415 1823096832
256 317 274416 1823096832
256 318 274414 1823096832
256 319 274416 1823096832
256 320 274417 1823096832
256 321 274417 1823096832
256 322 274438 1823096832
256 323 274414 1823096832
256 324 274438 1823096832
256 325 274415 1823096832
256 326 274437 1823096832
256 327 274416 1823096832
256 328 274441 1823096832
256 329 274415 1823096832
256 330 274441 1823096832
256 331 274417 1823096832
256 332 274437 1823096832
256 333 274415 1823096832
256 334 274443 1823096832
256 335 274415 1823096832
256 336 274438 1823096832
256 337 274416 1823096832
256 338 274413 1823096832
256 339 274416 1823096832
256 340 274415 1823096832
256 341 274415 1823096832
256 342 274415 1823096832
256 343 274438 1823096832
256 344 274413 1823096832
256 345 274441 1823096832
256 346 274415 1823096832
256 347 274445 1823096832
256 348 274417 1823096832
256 349 274437 1823096832
256 350 274417 1823096832
256 351 274437 1823096832
256 352 274415 1823096832
256 353 274443 1823096832
256 354 274416 1823096832
256 355 274440 1823096832
256 356 274415 1823096832
256 357 274438 1823096832
256 358 274415 1823096832
256 359 274438 1823096832
256 360 274415 1823096832
256 361 274413 1823096832
256 362 274415 1823096832
256 363 274414 1823096832
256 364 274416 1823096832
256 365 274414 1823096832
256 366 274440 1823096832
256 367 274416 1823096832
256 368 274441 1823096832
256 369 274416 1823096832
256 370 274439 1823096832
256 371 274413 1823096832
256 372 274441 1823096832
256 373 274417 1823096832
256 374 274443 1823096832
256 375 274416 1823096832
256 376 274437 1823096832
256 377 274415 1823096832
256 378 274443 1823096832
256 379 274417 1823096832
256 380 274437 1823096832
256 381 274416 1823096832
256 382 274416 1823096832
256 383 274415 1823096832
256 384 274415 1823096832
256 385 274416 1823096832
256 386 274415 1823096832
256 387 274414 1823096832
256 388 274417 1823096832
256 389 274440 1823096832
256 390 274416 1823096832
256 391 274439 1823096832
256 392 274414 1823096832
256 393 274441 1823096832
256 394 274416 1823096832
256 395 274441 1823096832
256 396 274414 1823096832
256 397 274437 1823096832
256 398 274416 1823096832
256 399 274441 1823096832
256 400 274416 1823096832
256 401 274444 1823096832
256 402 274415 1823096832
256 403 274439 1823096832
256 404 274415 1823096832
256 405 274416 1823096832
256 406 274415 1823096832
256 407 274416 1823096832
256 408 274416 1823096832
256 409 274413 1823096832
256 410 274439 1823096832
256 411 274413 1823096832
256 412 274441 1823096832
256 413 274416 1823096832
256 414 274440 1823096832
256 415 274414 1823096832
256 416 274440 1823096832
256 417 274416 1823096832
256 418 274441 1823096832
256 419 274416 1823096832
256 420 274441 1823096832
256 421 274415 1823096832
256 422 274443 1823096832
256 423 274416 1823096832
256 424 274437 1823096832
256 425 274415 1823096832
256 426 274438 1823096832
256 427 274417 1823096832
256 428 274416 1823096832
256 429 274415 1823096832
256 430 274415 1823096832
256 431 274416 1823096832
256 432 274416 1823096832
256 433 274442 1823096832
256 434 274417 1823096832
256 435 274441 1823096832
256 436 274416 1823096832
256 437 274439 1823096832
256 438 274416 1823096832
256 439 274441 1823096832
256 440 274415 1823096832
256 441 274440 1823096832
256 442 274416 1823096832
256 443 274439 1823096832
256 444 274415 1823096832
256 445 274442 1823096832
256 446 274416 1823096832
256 447 274440 1823096832
256 448 274415 1823096832
256 449 274415 1823096832
256 450 274414 1823096832
256 451 274416 1823096832
256 452 274415 1823096832
256 453 274416 1823096832
256 454 274441 1823096832
256 455 274416 1823096832
256 456 274440 1823096832
256 457 274415 1823096832
256 458 274437 1823096832
256 459 274416 1823096832
256 460 274438 1823096832
256 461 274416 1823096832
256 462 274442 1823096832
256 463 274415 1823096832
256 464 274441 1823096832
256 465 274415 1823096832
256 466 274440 1823096832
256 467 274415 1823096832
256 468 274439 1823096832
256 469 274415 1823096832
256 470 274436 1823096832
256 471 274417 1823096832
256 472 274416 1823096832
256 473 274416 1823096832
256 474 274416 1823096832
256 475 274416 1823096832
256 476 274415 1823096832
256 477 274442 1823096832
256 478 274416 1823096832
256 479 274439 1823096832
256 480 274415 1823096832
256 481 274439 1823096832
256 482 274415 1823096832
256 483 274441 1823096832
256 484 274413 1823096832
256 485 274442 1823096832
256 486 274416 1823096832
256 487 274442 1823096832
256 488 274415 1823096832
256 489 274443 1823096832
256 490 274416 1823096832
256 491 274437 1823096832
256 492 274413 1823096832
256 493 274415 1823096832
256 494 274416 1823096832
256 495 274415 1823096832
256 496 274417 1823096832
256 497 274413 1823096832
256 498 274414 1823096832
256 499 274415 1823096832
256 500 274440 1823096832
256 501 274414 1823096832
256 502 274437 1823096832
256 503 274414 1823096832
256 504 274439 1823096832
256 505 274415 1823096832
256 506 274439 1823096832
256 507 274416 1823096832
256 508 274440 1823096832
256 509 274416 1823096832
256 510 274440 1823096832
256 511 274415 1823096832
256 512 274440 1823096832
256 513 274413 1823096832
256 514 274438 1823096832
256 515 274415 1823096832
256 516 274414 1823096832
256 517 274415 1823096832
256 518 274414 1823096832
256 519 274416 1823096832
256 520 274415 1823096832
256 521 274439 1823096832
256 522 274413 1823096832
256 523 274441 1823096832
256 524 274414 1823096832
256 525 274442 1823096832
256 526 274415 1823096832
256 527 274438 1823096832
256 528 274415 1823096832
256 529 274440 1823096832
256 530 274414 1823096832
256 531 274438 1823096832
256 532 274416 1823096832
256 533 274444 1823096832
256 534 274415 1823096832
256 535 274440 1823096832
256 536 274416 1823096832
256 537 274438 1823096832
256 538 274416 1823096832
256 539 274415 1823096832
256 540 274415 1823096832
256 541 274417 1823096832
256 542 274416 1823096832
256 543 274416 1823096832
256 544 274439 1823096832
256 545 274415 1823096832
256 546 274441 1823096832
256 547 274413 1823096832
256 548 274441 1823096832
256 549 274416 1823096832
256 550 274439 1823096832
256 551 274416 1823096832
256 552 274441 1823096832
256 553 274413 1823096832
256 554 274438 1823096832
256 555 274416 1823096832
256 556 274444 1823096832
256 557 274416 1823096832
256 558 274435 1823096832
256 559 274415 1823096832
256 560 274416 1823096832
256 561 274416 1823096832
256 562 274416 1823096832
256 563 274416 1823096832
256 564 274415 1823096832
256 565 274440 1823096832
256 566 274416 1823096832
256 567 274439 1823096832
256 568 274416 1823096832
256 569 274441 1823096832
256 570 274416 1823096832
256 571 274439 1823096832
256 572 274415 1823096832
256 573 274441 1823096832
256 574 274413 1823096832
256 575 274438 1823096832
256 576 274415 1823096832
256 577 274446 1823096832
256 578 274415 1823096832
256 579 274440 1823096832
256 580 274415 1823096832
256 581 274438 1823096832
256 582 274415 1823096832
256 583 274413 1823096832
256 584 274416 1823096832
256 585 274416 1823096832
256 586 274415 1823096832
256 587 274414 1823096832
256 588 274437 1823096832
256 589 274415 1823096832
256 590 274440 1823096832
256 591 274416 1823096832
256 592 274442 1823096832
256 593 274417 1823096832
256 594 274443 1823096832
256 595 274413 1823096832
256 596 274441 1823096832
256 597 274413 1823096832
256 598 274441 1823096832
256 599 274413 1823096832
256 600 274444 1823096832
256 601 274416 1823096832
256 602 274440 1823096832
256 603 274413 1823096832
256 604 274413 1823096832
256 605 274415 1823096832
256 606 274416 1823096832
256 607 274415 1823096832
256 608 274414 1823096832
256 609 274415 1823096832
256 610 274415 1823096832
256 611 274438 1823096832
256 612 274414 1823096832
256 613 274440 1823096832
256 614 274416 1823096832
256 615 274440 1823096832
256 616 274415 1823096832
256 617 274441 1823096832
256 618 274413 1823096832
256 619 274438 1823096832
256 620 274415 1823096832
256 621 274439 1823096832
256 622 274414 1823096832
256 623 274442 1823096832
256 624 274416 1823096832
256 625 274438 1823096832
256 626 274415 1823096832
256 627 274417 1823096832
256 628 274413 1823096832
256 629 274416 1823096832
256 630 274416 1823096832
256 631 274416 1823096832
256 632 274439 1823096832
256 633 274413 1823096832
256 634 274439 1823096832
256 635 274414 1823096832
256 636 274440 1823096832
256 637 274416 1823096832
256 638 274437 1823096832
256 639 274414 1823096832
256 640 274438 1823096832
256 641 274415 1823096832
256 642 274440 1823096832
256 643 274416 1823096832
256 644 274444 1823096832
256 645 274415 1823096832
256 646 274439 1823096832
256 647 274415 1823096832
256 648 274434 1823096832
256 649 274415 1823096832
256 650 274416 1823096832
256 651 274415 1823096832
256 652 274415 1823096832
256 653 274416 1823096832
256 654 274416 1823096832
256 655 274440 1823096832
256 656 274416 1823096832
256 657 274437 1823096832
256 658 274415 1823096832
256 659 274441 1823096832
256 660 274416 1823096832
256 661 274442 1823096832
256 662 274415 1823096832
256 663 274441 1823096832
256 664 274416 1823096832
256 665 274440 1823096832
256 666 274415 1823096832
256 667 274442 1823096832
256 668 274415 1823096832
256 669 274437 1823096832
256 670 274416 1823096832
256 671 274416 1823096832
256 672 274415 1823096832
256 673 274416 1823096832
256 674 274414 1823096832
256 675 274413 1823096832
256 676 274439 1823096832
256 677 274415 1823096832
256 678 274439 1823096832
256 679 274416 1823096832
256 680 274441 1823096832
256 681 274416 1823096832
256 682 274440 1823096832
256 683 274416 1823096832
256 684 274440 1823096832
256 685 274417 1823096832
256 686 274442 1823096832
256 687 274414 1823096832
256 688 274445 1823096832
256 689 274416 1823096832
256 690 274440 1823096832
256 691 274416 1823096832
256 692 274439 1823096832
256 693 274415 1823096832
256 694 274414 1823096832
256 695 274415 1823096832
256 696 274413 1823096832
256 697 274416 1823096832
256 698 274416 1823096832
256 699 274440 1823096832
256 700 274413 1823096832
256 701 274439 1823096832
256 702 274414 1823096832
256 703 274439 1823096832
256 704 274413 1823096832
256 705 274439 1823096832
256 706 274416 1823096832
256 707 274438 1823096832
256 708 274416 1823096832
256 709 274441 1823096832
256 710 274415 1823096832
256 711 274441 1823096832
256 712 274415 1823096832
256 713 274439 1823096832
256 714 274414 1823096832
256 715 274413 1823096832
256 716 274415 1823096832
256 717 274416 1823096832
256 718 274415 1823096832
256 719 274416 1823096832
256 720 274417 1823096832
256 721 274415 1823096832
256 722 274441 1823096832
256 723 274416 1823096832
256 724 274439 1823096832
256 725 274417 1823096832
256 726 274440 1823096832
256 727 274416 1823096832
256 728 274439 1823096832
256 729 274415 1823096832
256 730 274438 1823096832
256 731 274416 1823096832
256 732 274442 1823096832
256 733 274413 1823096832
256 734 274443 1823096832
256 735 274415 1823096832
256 736 274438 1823096832
256 737 274413 1823096832
256 738 274414 1823096832
256 739 274413 1823096832
256 740 274416 1823096832
256 741 274413 1823096832
256 742 274415 1823096832
256 743 274439 1823096832
256 744 274413 1823096832
256 745 274440 1823096832
256 746 274416 1823096832
256 747 274441 1823096832
256 748 274414 1823096832
256 749 274439 1823096832
256 750 274414 1823096832
256 751 274437 1823096832
256 752 274416 1823096832
256 753 274438 1823096832
256 754 274416 1823096832
256 755 274443 1823096832
256 756 274416 1823096832
256 757 274439 1823096832
256 758 274416 1823096832
256 759 274416 1823096832
256 760 274415 1823096832
256 761 274416 1823096832
256 762 274415 1823096832
256 763 274415 1823096832
256 764 274417 1823096832
256 765 274416 1823096832
256 766 274440 1823096832
256 767 274415 1823096832
256 768 274440 1823096832
256 769 274416 1823096832
256 770 274442 1823096832
256 771 274413 1823096832
256 772 274440 1823096832
256 773 274417 1823096832
256 774 274440 1823096832
256 775 274415 1823096832
256 776 274440 1823096832
256 777 274417 1823096832
256 778 274441 1823096832
256 779 274416 1823096832
256 780 274436 1823096832
256 781 274417 1823096832
256 782 274413 1823096832
256 783 274416 1823096832
256 784 274415 1823096832
256 785 274413 1823096832
256 786 274416 1823096832
256 787 274440 1823096832
256 788 274416 1823096832
256 789 274438 1823096832
256 790 274415 1823096832
256 791 274442 1823096832
256 792 274415 1823096832
256 793 274441 1823096832
256 794 274416 1823096832
256 795 274441 1823096832
256 796 274416 1823096832
256 797 274441 1823096832
256 798 274415 1823096832
256 799 274445 1823096832
256 800 274416 1823096832
256 801 274440 1823096832
256 802 274416 1823096832
256 803 274436 1823096832
256 804 274416 1823096832
256 805 274416 1823096832
256 806 274416 1823096832
256 807 274416 1823096832
256 808 274414 1823096832
256 809 274416 1823096832
256 810 274441 1823096832
256 811 274416 1823096832
256 812 274438 1823096832
256 813 274415 1823096832
256 814 274440 1823096832
256 815 274414 1823096832
256 816 274438 1823096832
256 817 274416 1823096832
256 818 274441 1823096832
256 819 274416 1823096832
256 820 274439 1823096832
256 821 274416 1823096832
256 822 274441 1823096832
256 823 274415 1823096832
256 824 274439 1823096832
256 825 274415 1823096832
256 826 274417 1823096832
256 827 274415 1823096832
256 828 274413 1823096832
256 829 274416 1823096832
256 830 274413 1823096832
256 831 274440 1823096832
256 832 274416 1823096832
256 833 274440 1823096832
256 834 274416 1823096832
256 835 274439 1823096832
256 836 274416 1823096832
256 837 274441 1823096832
256 838 274416 1823096832
256 839 274441 1823096832
256 840 274415 1823096832
256 841 274440 1823096832
256 842 274415 1823096832
256 843 274438 1823096832
256 844 274415 1823096832
256 845 274441 1823096832
256 846 274414 1823096832
256 847 274438 1823096832
256 848 274417 1823096832
256 849 274414 1823096832
256 850 274415 1823096832
256 851 274415 1823096832
256 852 274416 1823096832
256 853 274416 1823096832
256 854 274439 1823096832
256 855 274416 1823096832
256 856 274439 1823096832
256 857 274416 1823096832
256 858 274440 1823096832
256 859 274416 1823096832
256 860 274441 1823096832
256 861 274416 1823096832
256 862 274439 1823096832
256 863 274413 1823096832
256 864 274440 1823096832
256 865 274416 1823096832
256 866 274444 1823096832
256 867 274416 1823096832
256 868 274439 1823096832
256 869 274415 1823096832
256 870 274413 1823096832
256 871 274416 1823096832
256 872 274413 1823096832
256 873 274416 1823096832
256 874 274416 1823096832
256 875 274414 1823096832
256 876 274413 1823096832
256 877 274440 1823096832
256 878 274416 1823096832
256 879 274441 1823096832
256 880 274415 1823096832
256 881 274440 1823096832
256 882 274415 1823096832
256 883 274440 1823096832
256 884 274415 1823096832
256 885 274440 1823096832
256 886 274416 1823096832
256 887 274440 1823096832
256 888 274413 1823096832
256 889 274443 1823096832
256 890 274416 1823096832
256 891 274438 1823096832
256 892 274414 1823096832
256 893 274415 1823096832
256 894 274415 1823096832
256 895 274414 1823096832
256 896 274416 1823096832
256 897 274414 1823096832
256 898 274437 1823096832
256 899 274416 1823096832
256 900 274438 1823096832
256 901 274415 1823096832
256 902 274441 1823096832
256 903 274414 1823096832
256 904 274440 1823096832
256 905 274417 1823096832
256 906 274441 1823096832
256 907 274415 1823096832
256 908 274438 1823096832
256 909 274416 1823096832
256 910 274443 1823096832
256 911 274413 1823096832
256 912 274438 1823096832
256 913 274416 1823096832
256 914 274439 1823096832
256 915 274415 1823096832
256 916 274415 1823096832
256 917 274415 1823096832
256 918 274415 1823096832
256 919 274414 1823096832
256 920 274416 1823096832
256 921 274440 1823096832
256 922 274416 1823096832
256 923 274437 1823096832
256 924 274414 1823096832
256 925 274441 1823096832
256 926 274417 1823096832
256 927 274441 1823096832
256 928 274416 1823096832
256 929 274442 1823096832
256 930 274417 1823096832
256 931 274440 1823096832
256 932 274416 1823096832
256 933 274444 1823096832
256 934 274413 1823096832
256 935 274439 1823096832
256 936 274416 1823096832
256 937 274413 1823096832
256 938 274417 1823096832
256 939 274415 1823096832
256 940 274413 1823096832
256 941 274415 1823096832
256 942 274440 1823096832
256 943 274416 1823096832
256 944 274438 1823096832
256 945 274415 1823096832
256 946 274442 1823096832
256 947 274416 1823096832
256 948 274442 1823096832
256 949 274415 1823096832
256 950 274440 1823096832
256 951 274416 1823096832
256 952 274437 1823096832
256 953 274416 1823096832
256 954 274440 1823096832
256 955 274416 1823096832
256 956 274440 1823096832
256 957 274416 1823096832
256 958 274439 1823096832
256 959 274416 1823096832
256 960 274416 1823096832
256 961 274413 1823096832
256 962 274416 1823096832
256 963 274416 1823096832
256 964 274413 1823096832
256 965 274439 1823096832
256 966 274416 1823096832
256 967 274441 1823096832
256 968 274413 1823096832
256 969 274440 1823096832
256 970 274413 1823096832
256 971 274440 1823096832
256 972 274415 1823096832
256 973 274440 1823096832
256 974 274414 1823096832
256 975 274440 1823096832
256 976 274415 1823096832
256 977 274443 1823096832
256 978 274416 1823096832
256 979 274437 1823096832
256 980 274416 1823096832
256 981 274414 1823096832
256 982 274416 1823096832
256 983 274417 1823096832
256 984 274416 1823096832
256 985 274415 1823096832
256 986 274415 1823096832
256 987 274416 1823096832
256 988 274440 1823096832
256 989 274417 1823096832
256 990 274440 1823096832
256 991 274415 1823096832
256 992 274437 1823096832
256 993 274415 1823096832
256 994 274440 1823096832
256 995 274415 1823096832
256 996 274440 1823096832
256 997 274414 1823096832
256 998 274441 1823096832
256 999 274416 1823096832
