4 0 942 228
4 1 603 228
4 2 510 228
4 3 466 228
4 4 422 228
4 5 396 228
4 6 379 228
4 7 379 228
4 8 379 228
4 9 379 228
4 10 379 228
4 11 379 228
4 12 379 228
4 13 379 228
4 14 379 228
4 15 379 228
4 16 379 228
4 17 379 228
4 18 379 228
4 19 379 228
4 20 379 228
4 21 379 228
4 22 379 228
4 23 379 228
4 24 379 228
4 25 379 228
4 26 379 228
4 27 379 228
4 28 379 228
4 29 379 228
4 30 379 228
4 31 379 228
4 32 379 228
4 33 379 228
4 34 379 228
4 35 379 228
4 36 379 228
4 37 379 228
4 38 379 228
4 39 379 228
4 40 379 228
4 41 379 228
4 42 379 228
4 43 379 228
4 44 379 228
4 45 379 228
4 46 379 228
4 47 379 228
4 48 379 228
4 49 379 228
4 50 379 228
4 51 379 228
4 52 379 228
4 53 379 228
4 54 379 228
4 55 379 228
4 56 379 228
4 57 379 228
4 58 379 228
4 59 379 228
4 60 379 228
4 61 379 228
4 62 379 228
4 63 379 228
4 64 379 228
4 65 379 228
4 66 379 228
4 67 379 228
4 68 379 228
4 69 379 228
4 70 379 228
4 71 379 228
4 72 379 228
4 73 379 228
4 74 379 228
4 75 379 228
4 76 379 228
4 77 379 228
4 78 379 228
4 79 379 228
4 80 379 228
4 81 379 228
4 82 379 228
4 83 379 228
4 84 379 228
4 85 379 228
4 86 379 228
4 87 379 228
4 88 379 228
4 89 379 228
4 90 379 228
4 91 379 228
4 92 379 228
4 93 379 228
4 94 379 228
4 95 379 228
4 96 379 228
4 97 379 228
4 98 379 228
4 99 379 228
4 100 379 228
4 101 379 228
4 102 379 228
4 103 379 228
4 104 379 228
4 105 379 228
4 106 379 228
4 107 379 228
4 108 379 228
4 109 379 228
4 110 379 228
4 111 379 228
4 112 379 228
4 113 379 228
4 114 379 228
4 115 379 228
4 116 379 228
4 117 379 228
4 118 379 228
4 119 379 228
4 120 379 228
4 121 379 228
4 122 379 228
4 123 379 228
4 124 379 228
4 125 379 228
4 126 379 228
4 127 379 228
4 128 379 228
4 129 379 228
4 130 379 228
4 131 379 228
4 132 379 228
4 133 379 228
4 134 379 228
4 135 379 228
4 136 379 228
4 137 379 228
4 138 379 228
4 139 379 228
4 140 379 228
4 141 379 228
4 142 379 228
4 143 379 228
4 144 379 228
4 145 379 228
4 146 379 228
4 147 379 228
4 148 379 228
4 149 379 228
4 150 379 228
4 151 379 228
4 152 379 228
4 153 379 228
4 154 379 228
4 155 379 228
4 156 379 228
4 157 379 228
4 158 379 228
4 159 379 228
4 160 379 228
4 161 379 228
4 162 379 228
4 163 379 228
4 164 379 228
4 165 379 228
4 166 379 228
4 167 379 228
4 168 379 228
4 169 379 228
4 170 379 228
4 171 379 228
4 172 379 228
4 173 379 228
4 174 379 228
4 175 379 228
4 176 379 228
4 177 379 228
4 178 379 228
4 179 379 228
4 180 379 228
4 181 379 228
4 182 379 228
4 183 379 228
4 184 379 228
4 185 379 228
4 186 379 228
4 187 379 228
4 188 379 228
4 189 379 228
4 190 379 228
4 191 379 228
4 192 379 228
4 193 379 228
4 194 379 228
4 195 379 228
4 196 379 228
4 197 379 228
4 198 379 228
4 199 379 228
4 200 379 228
4 201 379 228
4 202 379 228
4 203 379 228
4 204 379 228
4 205 379 228
4 206 379 228
4 207 379 228
4 208 379 228
4 209 379 228
4 210 379 228
4 211 379 228
4 212 379 228
4 213 379 228
4 214 379 228
4 215 379 228
4 216 379 228
4 217 379 228
4 218 379 228
4 219 379 228
4 220 379 228
4 221 379 228
4 222 379 228
4 223 379 228
4 224 379 228
4 225 379 228
4 226 379 228
4 227 379 228
4 228 379 228
4 229 379 228
4 230 379 228
4 231 379 228
4 232 379 228
4 233 379 228
4 234 379 228
4 235 379 228
4 236 379 228
4 237 379 228
4 238 379 228
4 239 379 228
4 240 379 228
4 241 379 228
4 242 379 228
4 243 379 228
4 244 379 228
4 245 379 228
4 246 379 228
4 247 379 228
4 248 379 228
4 249 379 228
4 250 379 228
4 251 379 228
4 252 379 228
4 253 379 228
4 254 379 228
4 255 379 228
4 256 379 228
4 257 379 228
4 258 379 228
4 259 379 228
4 260 379 228
4 261 379 228
4 262 379 228
4 263 379 228
4 264 379 228
4 265 379 228
4 266 379 228
4 267 379 228
4 268 379 228
4 269 379 228
4 270 379 228
4 271 379 228
4 272 379 228
4 273 379 228
4 274 379 228
4 275 379 228
4 276 379 228
4 277 379 228
4 278 379 228
4 279 379 228
4 280 379 228
4 281 379 228
4 282 379 228
4 283 379 228
4 284 379 228
4 285 379 228
4 286 379 228
4 287 379 228
4 288 379 228
4 289 379 228
4 290 379 228
4 291 379 228
4 292 379 228
4 293 379 228
4 294 379 228
4 295 379 228
4 296 379 228
4 297 379 228
4 298 379 228
4 299 379 228
4 300 379 228
4 301 379 228
4 302 379 228
4 303 379 228
4 304 379 228
4 305 379 228
4 306 379 228
4 307 379 228
4 308 379 228
4 309 379 228
4 310 379 228
4 311 379 228
4 312 379 228
4 313 379 228
4 314 379 228
4 315 379 228
4 316 379 228
4 317 379 228
4 318 379 228
4 319 379 228
4 320 379 228
4 321 379 228
4 322 379 228
4 323 379 228
4 324 379 228
4 325 379 228
4 326 379 228
4 327 379 228
4 328 379 228
4 329 379 228
4 330 379 228
4 331 379 228
4 332 379 228
4 333 379 228
4 334 379 228
4 335 379 228
4 336 379 228
4 337 379 228
4 338 379 228
4 339 379 228
4 340 379 228
4 341 379 228
4 342 379 228
4 343 379 228
4 344 379 228
4 345 379 228
4 346 379 228
4 347 379 228
4 348 379 228
4 349 379 228
4 350 379 228
4 351 379 228
4 352 379 228
4 353 379 228
4 354 379 228
4 355 379 228
4 356 379 228
4 357 379 228
4 358 379 228
4 359 379 228
4 360 379 228
4 361 379 228
4 362 379 228
4 363 379 228
4 364 379 228
4 365 379 228
4 366 379 228
4 367 379 228
4 368 379 228
4 369 379 228
4 370 379 228
4 371 379 228
4 372 379 228
4 373 379 228
4 374 379 228
4 375 379 228
4 376 379 228
4 377 379 228
4 378 379 228
4 379 379 228
4 380 379 228
4 381 379 228
4 382 379 228
4 383 379 228
4 384 379 228
4 385 379 228
4 386 379 228
4 387 379 228
4 388 379 228
4 389 379 228
4 390 379 228
4 391 379 228
4 392 379 228
4 393 379 228
4 394 379 228
4 395 379 228
4 396 379 228
4 397 379 228
4 398 379 228
4 399 379 228
4 400 379 228
4 401 379 228
4 402 379 228
4 403 379 228
4 404 379 228
4 405 379 228
4 406 379 228
4 407 379 228
4 408 379 228
4 409 379 228
4 410 379 228
4 411 379 228
4 412 379 228
4 413 379 228
4 414 379 228
4 415 379 228
4 416 379 228
4 417 379 228
4 418 379 228
4 419 379 228
4 420 379 228
4 421 379 228
4 422 379 228
4 423 379 228
4 424 379 228
4 425 379 228
4 426 379 228
4 427 379 228
4 428 379 228
4 429 379 228
4 430 379 228
4 431 379 228
4 432 379 228
4 433 379 228
4 434 379 228
4 435 379 228
4 436 379 228
4 437 379 228
4 438 379 228
4 439 379 228
4 440 379 228
4 441 394 228
4 442 379 228
4 443 379 228
4 444 379 228
4 445 379 228
4 446 379 228
4 447 379 228
4 448 379 228
4 449 379 228
4 450 379 228
4 451 379 228
4 452 379 228
4 453 379 228
4 454 379 228
4 455 379 228
4 456 379 228
4 457 379 228
4 458 379 228
4 459 379 228
4 460 379 228
4 461 379 228
4 462 379 228
4 463 379 228
4 464 379 228
4 465 379 228
4 466 379 228
4 467 379 228
4 468 379 228
4 469 379 228
4 470 379 228
4 471 379 228
4 472 379 228
4 473 379 228
4 474 379 228
4 475 379 228
4 476 379 228
4 477 379 228
4 478 379 228
4 479 379 228
4 480 379 228
4 481 379 228
4 482 379 228
4 483 379 228
4 484 379 228
4 485 379 228
4 486 379 228
4 487 379 228
4 488 379 228
4 489 379 228
4 490 379 228
4 491 379 228
4 492 379 228
4 493 379 228
4 494 379 228
4 495 379 228
4 496 379 228
4 497 379 228
4 498 379 228
4 499 379 228
4 500 379 228
4 501 379 228
4 502 379 228
4 503 379 228
4 504 379 228
4 505 379 228
4 506 379 228
4 507 379 228
4 508 379 228
4 509 379 228
4 510 379 228
4 511 379 228
4 512 379 228
4 513 379 228
4 514 379 228
4 515 379 228
4 516 379 228
4 517 379 228
4 518 379 228
4 519 379 228
4 520 379 228
4 521 379 228
4 522 379 228
4 523 379 228
4 524 379 228
4 525 379 228
4 526 379 228
4 527 379 228
4 528 379 228
4 529 379 228
4 530 379 228
4 531 379 228
4 532 379 228
4 533 379 228
4 534 379 228
4 535 379 228
4 536 379 228
4 537 379 228
4 538 379 228
4 539 379 228
4 540 379 228
4 541 379 228
4 542 379 228
4 543 379 228
4 544 379 228
4 545 379 228
4 546 379 228
4 547 379 228
4 548 379 228
4 549 379 228
4 550 379 228
4 551 379 228
4 552 379 228
4 553 379 228
4 554 379 228
4 555 379 228
4 556 379 228
4 557 379 228
4 558 379 228
4 559 379 228
4 560 379 228
4 561 379 228
4 562 379 228
4 563 379 228
4 564 379 228
4 565 379 228
4 566 379 228
4 567 379 228
4 568 379 228
4 569 379 228
4 570 379 228
4 571 379 228
4 572 379 228
4 573 379 228
4 574 379 228
4 575 379 228
4 576 379 228
4 577 379 228
4 578 379 228
4 579 379 228
4 580 379 228
4 581 379 228
4 582 379 228
4 583 379 228
4 584 379 228
4 585 379 228
4 586 379 228
4 587 379 228
4 588 379 228
4 589 379 228
4 590 379 228
4 591 379 228
4 592 379 228
4 593 379 228
4 594 379 228
4 595 379 228
4 596 379 228
4 597 379 228
4 598 379 228
4 599 379 228
4 600 379 228
4 601 379 228
4 602 379 228
4 603 379 228
4 604 379 228
4 605 379 228
4 606 379 228
4 607 379 228
4 608 379 228
4 609 379 228
4 610 379 228
4 611 379 228
4 612 379 228
4 613 379 228
4 614 379 228
4 615 379 228
4 616 379 228
4 617 379 228
4 618 379 228
4 619 379 228
4 620 379 228
4 621 379 228
4 622 379 228
4 623 379 228
4 624 379 228
4 625 379 228
4 626 379 228
4 627 379 228
4 628 379 228
4 629 379 228
4 630 379 228
4 631 379 228
4 632 379 228
4 633 379 228
4 634 379 228
4 635 379 228
4 636 379 228
4 637 379 228
4 638 379 228
4 639 379 228
4 640 379 228
4 641 379 228
4 642 379 228
4 643 379 228
4 644 379 228
4 645 379 228
4 646 379 228
4 647 379 228
4 648 379 228
4 649 379 228
4 650 379 228
4 651 379 228
4 652 379 228
4 653 379 228
4 654 379 228
4 655 379 228
4 656 379 228
4 657 379 228
4 658 379 228
4 659 379 228
4 660 379 228
4 661 379 228
4 662 379 228
4 663 379 228
4 664 379 228
4 665 379 228
4 666 379 228
4 667 379 228
4 668 379 228
4 669 379 228
4 670 379 228
4 671 379 228
4 672 379 228
4 673 379 228
4 674 379 228
4 675 379 228
4 676 379 228
4 677 379 228
4 678 379 228
4 679 379 228
4 680 379 228
4 681 379 228
4 682 379 228
4 683 379 228
4 684 379 228
4 685 379 228
4 686 379 228
4 687 379 228
4 688 379 228
4 689 379 228
4 690 379 228
4 691 379 228
4 692 379 228
4 693 379 228
4 694 379 228
4 695 379 228
4 696 379 228
4 697 379 228
4 698 379 228
4 699 379 228
4 700 379 228
4 701 379 228
4 702 396 228
4 703 396 228
4 704 396 228
4 705 396 228
4 706 396 228
4 707 396 228
4 708 396 228
4 709 396 228
4 710 396 228
4 711 379 228
4 712 379 228
4 713 379 228
4 714 379 228
4 715 379 228
4 716 379 228
4 717 379 228
4 718 379 228
4 719 379 228
4 720 379 228
4 721 379 228
4 722 379 228
4 723 379 228
4 724 379 228
4 725 379 228
4 726 379 228
4 727 379 228
4 728 379 228
4 729 379 228
4 730 379 228
4 731 379 228
4 732 379 228
4 733 379 228
4 734 379 228
4 735 379 228
4 736 379 228
4 737 379 228
4 738 379 228
4 739 379 228
4 740 379 228
4 741 379 228
4 742 379 228
4 743 379 228
4 744 379 228
4 745 379 228
4 746 379 228
4 747 379 228
4 748 379 228
4 749 379 228
4 750 379 228
4 751 379 228
4 752 379 228
4 753 379 228
4 754 379 228
4 755 379 228
4 756 379 228
4 757 379 228
4 758 379 228
4 759 379 228
4 760 379 228
4 761 379 228
4 762 379 228
4 763 379 228
4 764 379 228
4 765 379 228
4 766 379 228
4 767 379 228
4 768 379 228
4 769 379 228
4 770 379 228
4 771 379 228
4 772 379 228
4 773 379 228
4 774 379 228
4 775 379 228
4 776 379 228
4 777 379 228
4 778 379 228
4 779 379 228
4 780 379 228
4 781 379 228
4 782 379 228
4 783 379 228
4 784 379 228
4 785 379 228
4 786 379 228
4 787 379 228
4 788 379 228
4 789 379 228
4 790 379 228
4 791 379 228
4 792 379 228
4 793 379 228
4 794 379 228
4 795 379 228
4 796 379 228
4 797 379 228
4 798 379 228
4 799 379 228
4 800 379 228
4 801 379 228
4 802 379 228
4 803 379 228
4 804 379 228
4 805 379 228
4 806 379 228
4 807 379 228
4 808 379 228
4 809 379 228
4 810 379 228
4 811 379 228
4 812 379 228
4 813 379 228
4 814 379 228
4 815 379 228
4 816 379 228
4 817 379 228
4 818 379 228
4 819 379 228
4 820 379 228
4 821 379 228
4 822 379 228
4 823 379 228
4 824 379 228
4 825 379 228
4 826 379 228
4 827 379 228
4 828 379 228
4 829 379 228
4 830 379 228
4 831 379 228
4 832 379 228
4 833 379 228
4 834 379 228
4 835 379 228
4 836 379 228
4 837 379 228
4 838 379 228
4 839 379 228
4 840 379 228
4 841 379 228
4 842 379 228
4 843 379 228
4 844 379 228
4 845 379 228
4 846 379 228
4 847 379 228
4 848 379 228
4 849 379 228
4 850 379 228
4 851 379 228
4 852 379 228
4 853 379 228
4 854 379 228
4 855 379 228
4 856 379 228
4 857 379 228
4 858 379 228
4 859 379 228
4 860 379 228
4 861 379 228
4 862 379 228
4 863 379 228
4 864 379 228
4 865 379 228
4 866 379 228
4 867 379 228
4 868 379 228
4 869 379 228
4 870 379 228
4 871 379 228
4 872 379 228
4 873 379 228
4 874 379 228
4 875 379 228
4 876 379 228
4 877 379 228
4 878 379 228
4 879 379 228
4 880 379 228
4 881 379 228
4 882 379 228
4 883 379 228
4 884 379 228
4 885 379 228
4 886 379 228
4 887 379 228
4 888 379 228
4 889 379 228
4 890 379 228
4 891 379 228
4 892 379 228
4 893 379 228
4 894 379 228
4 895 379 228
4 896 379 228
4 897 379 228
4 898 379 228
4 899 379 228
4 900 379 228
4 901 379 228
4 902 379 228
4 903 379 228
4 904 379 228
4 905 379 228
4 906 379 228
4 907 379 228
4 908 379 228
4 909 379 228
4 910 379 228
4 911 379 228
4 912 379 228
4 913 379 228
4 914 379 228
4 915 379 228
4 916 379 228
4 917 379 228
4 918 379 228
4 919 379 228
4 920 379 228
4 921 379 228
4 922 379 228
4 923 379 228
4 924 379 228
4 925 379 228
4 926 379 228
4 927 379 228
4 928 379 228
4 929 379 228
4 930 379 228
4 931 379 228
4 932 379 228
4 933 379 228
4 934 379 228
4 935 379 228
4 936 379 228
4 937 379 228
4 938 379 228
4 939 379 228
4 940 379 228
4 941 379 228
4 942 379 228
4 943 379 228
4 944 379 228
4 945 379 228
4 946 379 228
4 947 379 228
4 948 379 228
4 949 379 228
4 950 379 228
4 951 379 228
4 952 379 228
4 953 379 228
4 954 379 228
4 955 379 228
4 956 379 228
4 957 379 228
4 958 379 228
4 959 379 228
4 960 379 228
4 961 379 228
4 962 379 228
4 963 379 228
4 964 379 228
4 965 379 228
4 966 379 228
4 967 379 228
4 968 379 228
4 969 379 228
4 970 379 228
4 971 379 228
4 972 379 228
4 973 379 228
4 974 379 228
4 975 379 228
4 976 379 228
4 977 379 228
4 978 379 228
4 979 379 228
4 980 379 228
4 981 379 228
4 982 379 228
4 983 379 228
4 984 379 228
4 985 379 228
4 986 379 228
4 987 379 228
4 988 379 228
4 989 379 228
4 990 379 228
4 991 379 228
4 992 379 228
4 993 379 228
4 994 379 228
4 995 379 228
4 996 379 228
4 997 379 228
4 998 379 228
4 999 379 228
