128 0 68620 116035584
128 1 68595 116035584
128 2 68595 116035584
128 3 68621 116035584
128 4 68594 116035584
128 5 68594 116035584
128 6 68594 116035584
128 7 68617 116035584
128 8 68594 116035584
128 9 68594 116035584
128 10 68593 116035584
128 11 68594 116035584
128 12 68594 116035584
128 13 68597 116035584
128 14 68596 116035584
128 15 68596 116035584
128 16 68618 116035584
128 17 68593 116035584
128 18 68593 116035584
128 19 68596 116035584
128 20 68596 116035584
128 21 68594 116035584
128 22 68594 116035584
128 23 68594 116035584
128 24 68594 116035584
128 25 68594 116035584
128 26 68594 116035584
128 27 68595 116035584
128 28 68596 116035584
128 29 68621 116035584
128 30 68596 116035584
128 31 68594 116035584
128 32 68596 116035584
128 33 68596 116035584
128 34 68596 116035584
128 35 68597 116035584
128 36 68594 116035584
128 37 68593 116035584
128 38 68594 116035584
128 39 68596 116035584
128 40 68596 116035584
128 41 68595 116035584
128 42 68622 116035584
128 43 68597 116035584
128 44 68594 116035584
128 45 68595 116035584
128 46 68597 116035584
128 47 68594 116035584
128 48 68596 116035584
128 49 68594 116035584
128 50 68592 116035584
128 51 68594 116035584
128 52 68594 116035584
128 53 68593 116035584
128 54 68596 116035584
128 55 68624 116035584
128 56 68594 116035584
128 57 68595 116035584
128 58 68594 116035584
128 59 68595 116035584
128 60 68596 116035584
128 61 68596 116035584
128 62 68595 116035584
128 63 68594 116035584
128 64 68594 116035584
128 65 68597 116035584
128 66 68594 116035584
128 67 68594 116035584
128 68 68621 116035584
128 69 68596 116035584
128 70 68596 116035584
128 71 68597 116035584
128 72 68596 116035584
128 73 68593 116035584
128 74 68596 116035584
128 75 68594 116035584
128 76 68594 116035584
128 77 68596 116035584
128 78 68597 116035584
128 79 68594 116035584
128 80 68594 116035584
128 81 68618 116035584
128 82 68592 116035584
128 83 68594 116035584
128 84 68596 116035584
128 85 68594 116035584
128 86 68596 116035584
128 87 68596 116035584
128 88 68594 116035584
128 89 68597 116035584
128 90 68593 116035584
128 91 68592 116035584
128 92 68596 116035584
128 93 68594 116035584
128 94 68618 116035584
128 95 68594 116035584
128 96 68594 116035584
128 97 68595 116035584
128 98 68594 116035584
128 99 68594 116035584
128 100 68593 116035584
128 101 68596 116035584
128 102 68596 116035584
128 103 68594 116035584
128 104 68594 116035584
128 105 68594 116035584
128 106 68592 116035584
128 107 68619 116035584
128 108 68594 116035584
128 109 68595 116035584
128 110 68596 116035584
128 111 68596 116035584
128 112 68594 116035584
128 113 68596 116035584
128 114 68596 116035584
128 115 68596 116035584
128 116 68594 116035584
128 117 68596 116035584
128 118 68596 116035584
128 119 68593 116035584
128 120 68618 116035584
128 121 68593 116035584
128 122 68594 116035584
128 123 68594 116035584
128 124 68594 116035584
128 125 68596 116035584
128 126 68596 116035584
128 127 68594 116035584
128 128 68594 116035584
128 129 68594 116035584
128 130 68593 116035584
128 131 68594 116035584
128 132 68595 116035584
128 133 68619 116035584
128 134 68594 116035584
128 135 68594 116035584
128 136 68592 116035584
128 137 68592 116035584
128 138 68596 116035584
128 139 68594 116035584
128 140 68594 116035584
128 141 68596 116035584
128 142 68594 116035584
128 143 68594 116035584
128 144 68594 116035584
128 145 68594 116035584
128 146 68618 116035584
128 147 68594 116035584
128 148 68592 116035584
128 149 68595 116035584
128 150 68596 116035584
128 151 68596 116035584
128 152 68594 116035584
128 153 68596 116035584
128 154 68594 116035584
128 155 68596 116035584
128 156 68594 116035584
128 157 68594 116035584
128 158 68594 116035584
128 159 68615 116035584
128 160 68594 116035584
128 161 68594 116035584
128 162 68592 116035584
128 163 68596 116035584
128 164 68596 116035584
128 165 68596 116035584
128 166 68594 116035584
128 167 68596 116035584
128 168 68596 116035584
128 169 68594 116035584
128 170 68594 116035584
128 171 68594 116035584
128 172 68618 116035584
128 173 68592 116035584
128 174 68593 116035584
128 175 68596 116035584
128 176 68594 116035584
128 177 68596 116035584
128 178 68594 116035584
128 179 68593 116035584
128 180 68594 116035584
128 181 68594 116035584
128 182 68596 116035584
128 183 68596 116035584
128 184 68595 116035584
128 185 68617 116035584
128 186 68594 116035584
128 187 68593 116035584
128 188 68596 116035584
128 189 68596 116035584
128 190 68594 116035584
128 191 68594 116035584
128 192 68592 116035584
128 193 68596 116035584
128 194 68594 116035584
128 195 68594 116035584
128 196 68594 116035584
128 197 68594 116035584
128 198 68616 116035584
128 199 68594 116035584
128 200 68594 116035584
128 201 68596 116035584
128 202 68596 116035584
128 203 68596 116035584
128 204 68594 116035584
128 205 68593 116035584
128 206 68592 116035584
128 207 68596 116035584
128 208 68596 116035584
128 209 68596 116035584
128 210 68594 116035584
128 211 68619 116035584
128 212 68592 116035584
128 213 68594 116035584
128 214 68596 116035584
128 215 68594 116035584
128 216 68594 116035584
128 217 68595 116035584
128 218 68594 116035584
128 219 68595 116035584
128 220 68594 116035584
128 221 68596 116035584
128 222 68597 116035584
128 223 68596 116035584
128 224 68618 116035584
128 225 68596 116035584
128 226 68594 116035584
128 227 68596 116035584
128 228 68594 116035584
128 229 68596 116035584
128 230 68594 116035584
128 231 68594 116035584
128 232 68596 116035584
128 233 68594 116035584
128 234 68594 116035584
128 235 68596 116035584
128 236 68594 116035584
128 237 68617 116035584
128 238 68594 116035584
128 239 68596 116035584
128 240 68594 116035584
128 241 68593 116035584
128 242 68594 116035584
128 243 68594 116035584
128 244 68594 116035584
128 245 68593 116035584
128 246 68596 116035584
128 247 68594 116035584
128 248 68597 116035584
128 249 68593 116035584
128 250 68618 116035584
128 251 68594 116035584
128 252 68596 116035584
128 253 68596 116035584
128 254 68595 116035584
128 255 68596 116035584
128 256 68594 116035584
128 257 68594 116035584
128 258 68594 116035584
128 259 68596 116035584
128 260 68592 116035584
128 261 68594 116035584
128 262 68596 116035584
128 263 68618 116035584
128 264 68596 116035584
128 265 68596 116035584
128 266 68594 116035584
128 267 68596 116035584
128 268 68594 116035584
128 269 68596 116035584
128 270 68593 116035584
128 271 68596 116035584
128 272 68596 116035584
128 273 68595 116035584
128 274 68594 116035584
128 275 68594 116035584
128 276 68619 116035584
128 277 68596 116035584
128 278 68596 116035584
128 279 68594 116035584
128 280 68596 116035584
128 281 68594 116035584
128 282 68596 116035584
128 283 68594 116035584
128 284 68592 116035584
128 285 68594 116035584
128 286 68594 116035584
128 287 68594 116035584
128 288 68594 116035584
128 289 68616 116035584
128 290 68592 116035584
128 291 68594 116035584
128 292 68596 116035584
128 293 68594 116035584
128 294 68596 116035584
128 295 68594 116035584
128 296 68594 116035584
128 297 68594 116035584
128 298 68596 116035584
128 299 68596 116035584
128 300 68595 116035584
128 301 68594 116035584
128 302 68617 116035584
128 303 68594 116035584
128 304 68594 116035584
128 305 68594 116035584
128 306 68594 116035584
128 307 68594 116035584
128 308 68596 116035584
128 309 68596 116035584
128 310 68594 116035584
128 311 68594 116035584
128 312 68594 116035584
128 313 68594 116035584
128 314 68596 116035584
128 315 68618 116035584
128 316 68594 116035584
128 317 68594 116035584
128 318 68596 116035584
128 319 68594 116035584
128 320 68594 116035584
128 321 68593 116035584
128 322 68592 116035584
128 323 68596 116035584
128 324 68597 116035584
128 325 68594 116035584
128 326 68594 116035584
128 327 68596 116035584
128 328 68620 116035584
128 329 68596 116035584
128 330 68597 116035584
128 331 68594 116035584
128 332 68594 116035584
128 333 68596 116035584
128 334 68594 116035584
128 335 68594 116035584
128 336 68594 116035584
128 337 68596 116035584
128 338 68594 116035584
128 339 68593 116035584
128 340 68592 116035584
128 341 68620 116035584
128 342 68596 116035584
128 343 68594 116035584
128 344 68593 116035584
128 345 68593 116035584
128 346 68593 116035584
128 347 68594 116035584
128 348 68596 116035584
128 349 68596 116035584
128 350 68594 116035584
128 351 68594 116035584
128 352 68594 116035584
128 353 68593 116035584
128 354 68619 116035584
128 355 68596 116035584
128 356 68594 116035584
128 357 68596 116035584
128 358 68594 116035584
128 359 68594 116035584
128 360 68594 116035584
128 361 68596 116035584
128 362 68597 116035584
128 363 68596 116035584
128 364 68594 116035584
128 365 68596 116035584
128 366 68592 116035584
128 367 68615 116035584
128 368 68593 116035584
128 369 68596 116035584
128 370 68594 116035584
128 371 68594 116035584
128 372 68596 116035584
128 373 68594 116035584
128 374 68596 116035584
128 375 68596 116035584
128 376 68594 116035584
128 377 68594 116035584
128 378 68596 116035584
128 379 68594 116035584
128 380 68620 116035584
128 381 68594 116035584
128 382 68596 116035584
128 383 68594 116035584
128 384 68594 116035584
128 385 68596 116035584
128 386 68594 116035584
128 387 68596 116035584
128 388 68594 116035584
128 389 68594 116035584
128 390 68592 116035584
128 391 68594 116035584
128 392 68596 116035584
128 393 68618 116035584
128 394 68594 116035584
128 395 68596 116035584
128 396 68594 116035584
128 397 68595 116035584
128 398 68592 116035584
128 399 68595 116035584
128 400 68596 116035584
128 401 68594 116035584
128 402 68596 116035584
128 403 68594 116035584
128 404 68594 116035584
128 405 68596 116035584
128 406 68618 116035584
128 407 68594 116035584
128 408 68596 116035584
128 409 68594 116035584
128 410 68596 116035584
128 411 68596 116035584
128 412 68593 116035584
128 413 68593 116035584
128 414 68593 116035584
128 415 68593 116035584
128 416 68594 116035584
128 417 68595 116035584
128 418 68594 116035584
128 419 68617 116035584
128 420 68594 116035584
128 421 68594 116035584
128 422 68596 116035584
128 423 68596 116035584
128 424 68594 116035584
128 425 68596 116035584
128 426 68596 116035584
128 427 68596 116035584
128 428 68596 116035584
128 429 68594 116035584
128 430 68596 116035584
128 431 68594 116035584
128 432 68619 116035584
128 433 68594 116035584
128 434 68594 116035584
128 435 68594 116035584
128 436 68596 116035584
128 437 68596 116035584
128 438 68594 116035584
128 439 68592 116035584
128 440 68596 116035584
128 441 68614 116035584
128 442 68596 116035584
128 443 68596 116035584
128 444 68595 116035584
128 445 68621 116035584
128 446 68596 116035584
128 447 68594 116035584
128 448 68596 116035584
128 449 68595 116035584
128 450 68594 116035584
128 451 68594 116035584
128 452 68594 116035584
128 453 68593 116035584
128 454 68616 116035584
128 455 68594 116035584
128 456 68594 116035584
128 457 68594 116035584
128 458 68618 116035584
128 459 68594 116035584
128 460 68594 116035584
128 461 68594 116035584
128 462 68592 116035584
128 463 68594 116035584
128 464 68596 116035584
128 465 68595 116035584
128 466 68596 116035584
128 467 68618 116035584
128 468 68596 116035584
128 469 68597 116035584
128 470 68596 116035584
128 471 68617 116035584
128 472 68594 116035584
128 473 68594 116035584
128 474 68594 116035584
128 475 68593 116035584
128 476 68594 116035584
128 477 68593 116035584
128 478 68595 116035584
128 479 68594 116035584
128 480 68618 116035584
128 481 68596 116035584
128 482 68596 116035584
128 483 68596 116035584
128 484 68620 116035584
128 485 68594 116035584
128 486 68594 116035584
128 487 68594 116035584
128 488 68595 116035584
128 489 68596 116035584
128 490 68596 116035584
128 491 68597 116035584
128 492 68594 116035584
128 493 68616 116035584
128 494 68594 116035584
128 495 68594 116035584
128 496 68593 116035584
128 497 68620 116035584
128 498 68594 116035584
128 499 68594 116035584
128 500 68594 116035584
128 501 68594 116035584
128 502 68594 116035584
128 503 68594 116035584
128 504 68596 116035584
128 505 68596 116035584
128 506 68621 116035584
128 507 68596 116035584
128 508 68594 116035584
128 509 68596 116035584
128 510 68617 116035584
128 511 68595 116035584
128 512 68596 116035584
128 513 68594 116035584
128 514 68596 116035584
128 515 68594 116035584
128 516 68596 116035584
128 517 68592 116035584
128 518 68594 116035584
128 519 68622 116035584
128 520 68596 116035584
128 521 68594 116035584
128 522 68596 116035584
128 523 68621 116035584
128 524 68596 116035584
128 525 68594 116035584
128 526 68596 116035584
128 527 68596 116035584
128 528 68594 116035584
128 529 68595 116035584
128 530 68593 116035584
128 531 68593 116035584
128 532 68622 116035584
128 533 68596 116035584
128 534 68594 116035584
128 535 68594 116035584
128 536 68617 116035584
128 537 68595 116035584
128 538 68595 116035584
128 539 68594 116035584
128 540 68596 116035584
128 541 68594 116035584
128 542 68594 116035584
128 543 68594 116035584
128 544 68595 116035584
128 545 68622 116035584
128 546 68594 116035584
128 547 68594 116035584
128 548 68594 116035584
128 549 68620 116035584
128 550 68594 116035584
128 551 68596 116035584
128 552 68594 116035584
128 553 68595 116035584
128 554 68594 116035584
128 555 68594 116035584
128 556 68594 116035584
128 557 68594 116035584
128 558 68615 116035584
128 559 68596 116035584
128 560 68594 116035584
128 561 68594 116035584
128 562 68618 116035584
128 563 68594 116035584
128 564 68595 116035584
128 565 68595 116035584
128 566 68594 116035584
128 567 68596 116035584
128 568 68594 116035584
128 569 68594 116035584
128 570 68594 116035584
128 571 68615 116035584
128 572 68595 116035584
128 573 68594 116035584
128 574 68593 116035584
128 575 68621 116035584
128 576 68596 116035584
128 577 68596 116035584
128 578 68594 116035584
128 579 68594 116035584
128 580 68594 116035584
128 581 68594 116035584
128 582 68596 116035584
128 583 68594 116035584
128 584 68617 116035584
128 585 68596 116035584
128 586 68594 116035584
128 587 68594 116035584
128 588 68621 116035584
128 589 68596 116035584
128 590 68596 116035584
128 591 68592 116035584
128 592 68594 116035584
128 593 68595 116035584
128 594 68594 116035584
128 595 68594 116035584
128 596 68596 116035584
128 597 68621 116035584
128 598 68597 116035584
128 599 68596 116035584
128 600 68594 116035584
128 601 68596 116035584
128 602 68596 116035584
128 603 68594 116035584
128 604 68594 116035584
128 605 68596 116035584
128 606 68594 116035584
128 607 68594 116035584
128 608 68594 116035584
128 609 68594 116035584
128 610 68623 116035584
128 611 68594 116035584
128 612 68595 116035584
128 613 68596 116035584
128 614 68596 116035584
128 615 68594 116035584
128 616 68594 116035584
128 617 68596 116035584
128 618 68592 116035584
128 619 68596 116035584
128 620 68594 116035584
128 621 68594 116035584
128 622 68596 116035584
128 623 68623 116035584
128 624 68596 116035584
128 625 68596 116035584
128 626 68594 116035584
128 627 68593 116035584
128 628 68594 116035584
128 629 68594 116035584
128 630 68594 116035584
128 631 68595 116035584
128 632 68594 116035584
128 633 68594 116035584
128 634 68594 116035584
128 635 68594 116035584
128 636 68620 116035584
128 637 68594 116035584
128 638 68594 116035584
128 639 68596 116035584
128 640 68594 116035584
128 641 68596 116035584
128 642 68594 116035584
128 643 68592 116035584
128 644 68593 116035584
128 645 68594 116035584
128 646 68596 116035584
128 647 68596 116035584
128 648 68594 116035584
128 649 68624 116035584
128 650 68594 116035584
128 651 68594 116035584
128 652 68595 116035584
128 653 68594 116035584
128 654 68594 116035584
128 655 68594 116035584
128 656 68596 116035584
128 657 68594 116035584
128 658 68594 116035584
128 659 68596 116035584
128 660 68596 116035584
128 661 68594 116035584
128 662 68619 116035584
128 663 68596 116035584
128 664 68594 116035584
128 665 68595 116035584
128 666 68594 116035584
128 667 68593 116035584
128 668 68594 116035584
128 669 68592 116035584
128 670 68594 116035584
128 671 68596 116035584
128 672 68595 116035584
128 673 68592 116035584
128 674 68594 116035584
128 675 68618 116035584
128 676 68596 116035584
128 677 68594 116035584
128 678 68596 116035584
128 679 68596 116035584
128 680 68594 116035584
128 681 68596 116035584
128 682 68594 116035584
128 683 68593 116035584
128 684 68592 116035584
128 685 68594 116035584
128 686 68596 116035584
128 687 68594 116035584
128 688 68619 116035584
128 689 68596 116035584
128 690 68594 116035584
128 691 68594 116035584
128 692 68596 116035584
128 693 68596 116035584
128 694 68594 116035584
128 695 68594 116035584
128 696 68594 116035584
128 697 68594 116035584
128 698 68594 116035584
128 699 68594 116035584
128 700 68594 116035584
128 701 68620 116035584
128 702 68596 116035584
128 703 68594 116035584
128 704 68593 116035584
128 705 68596 116035584
128 706 68596 116035584
128 707 68596 116035584
128 708 68594 116035584
128 709 68596 116035584
128 710 68596 116035584
128 711 68594 116035584
128 712 68596 116035584
128 713 68594 116035584
128 714 68618 116035584
128 715 68594 116035584
128 716 68594 116035584
128 717 68594 116035584
128 718 68596 116035584
128 719 68597 116035584
128 720 68594 116035584
128 721 68596 116035584
128 722 68593 116035584
128 723 68593 116035584
128 724 68596 116035584
128 725 68594 116035584
128 726 68595 116035584
128 727 68618 116035584
128 728 68594 116035584
128 729 68594 116035584
128 730 68596 116035584
128 731 68594 116035584
128 732 68596 116035584
128 733 68594 116035584
128 734 68596 116035584
128 735 68594 116035584
128 736 68594 116035584
128 737 68596 116035584
128 738 68594 116035584
128 739 68594 116035584
128 740 68619 116035584
128 741 68594 116035584
128 742 68596 116035584
128 743 68595 116035584
128 744 68594 116035584
128 745 68594 116035584
128 746 68593 116035584
128 747 68594 116035584
128 748 68594 116035584
128 749 68596 116035584
128 750 68594 116035584
128 751 68594 116035584
128 752 68594 116035584
128 753 68620 116035584
128 754 68594 116035584
128 755 68596 116035584
128 756 68592 116035584
128 757 68596 116035584
128 758 68596 116035584
128 759 68594 116035584
128 760 68595 116035584
128 761 68596 116035584
128 762 68594 116035584
128 763 68594 116035584
128 764 68594 116035584
128 765 68595 116035584
128 766 68617 116035584
128 767 68594 116035584
128 768 68593 116035584
128 769 68593 116035584
128 770 68595 116035584
128 771 68594 116035584
128 772 68595 116035584
128 773 68594 116035584
128 774 68594 116035584
128 775 68596 116035584
128 776 68596 116035584
128 777 68596 116035584
128 778 68594 116035584
128 779 68620 116035584
128 780 68596 116035584
128 781 68595 116035584
128 782 68596 116035584
128 783 68593 116035584
128 784 68596 116035584
128 785 68596 116035584
128 786 68594 116035584
128 787 68596 116035584
128 788 68594 116035584
128 789 68595 116035584
128 790 68596 116035584
128 791 68594 116035584
128 792 68617 116035584
128 793 68596 116035584
128 794 68594 116035584
128 795 68594 116035584
128 796 68596 116035584
128 797 68596 116035584
128 798 68596 116035584
128 799 68594 116035584
128 800 68596 116035584
128 801 68594 116035584
128 802 68594 116035584
128 803 68595 116035584
128 804 68594 116035584
128 805 68618 116035584
128 806 68594 116035584
128 807 68594 116035584
128 808 68594 116035584
128 809 68594 116035584
128 810 68596 116035584
128 811 68595 116035584
128 812 68594 116035584
128 813 68592 116035584
128 814 68595 116035584
128 815 68596 116035584
128 816 68594 116035584
128 817 68595 116035584
128 818 68619 116035584
128 819 68594 116035584
128 820 68596 116035584
128 821 68596 116035584
128 822 68596 116035584
128 823 68594 116035584
128 824 68596 116035584
128 825 68596 116035584
128 826 68596 116035584
128 827 68594 116035584
128 828 68595 116035584
128 829 68594 116035584
128 830 68594 116035584
128 831 68620 116035584
128 832 68594 116035584
128 833 68594 116035584
128 834 68594 116035584
128 835 68594 116035584
128 836 68596 116035584
128 837 68594 116035584
128 838 68596 116035584
128 839 68594 116035584
128 840 68594 116035584
128 841 68593 116035584
128 842 68592 116035584
128 843 68596 116035584
128 844 68621 116035584
128 845 68594 116035584
128 846 68594 116035584
128 847 68596 116035584
128 848 68594 116035584
128 849 68594 116035584
128 850 68594 116035584
128 851 68594 116035584
128 852 68594 116035584
128 853 68592 116035584
128 854 68594 116035584
128 855 68595 116035584
128 856 68596 116035584
128 857 68620 116035584
128 858 68597 116035584
128 859 68594 116035584
128 860 68596 116035584
128 861 68593 116035584
128 862 68594 116035584
128 863 68594 116035584
128 864 68593 116035584
128 865 68593 116035584
128 866 68594 116035584
128 867 68594 116035584
128 868 68593 116035584
128 869 68594 116035584
128 870 68619 116035584
128 871 68594 116035584
128 872 68595 116035584
128 873 68596 116035584
128 874 68594 116035584
128 875 68595 116035584
128 876 68596 116035584
128 877 68594 116035584
128 878 68594 116035584
128 879 68596 116035584
128 880 68596 116035584
128 881 68595 116035584
128 882 68594 116035584
128 883 68619 116035584
128 884 68594 116035584
128 885 68594 116035584
128 886 68594 116035584
128 887 68596 116035584
128 888 68594 116035584
128 889 68593 116035584
128 890 68592 116035584
128 891 68596 116035584
128 892 68596 116035584
128 893 68594 116035584
128 894 68594 116035584
128 895 68593 116035584
128 896 68621 116035584
128 897 68594 116035584
128 898 68596 116035584
128 899 68593 116035584
128 900 68594 116035584
128 901 68594 116035584
128 902 68594 116035584
128 903 68594 116035584
128 904 68596 116035584
128 905 68597 116035584
128 906 68594 116035584
128 907 68592 116035584
128 908 68596 116035584
128 909 68619 116035584
128 910 68594 116035584
128 911 68596 116035584
128 912 68596 116035584
128 913 68596 116035584
128 914 68594 116035584
128 915 68594 116035584
128 916 68594 116035584
128 917 68594 116035584
128 918 68594 116035584
128 919 68594 116035584
128 920 68594 116035584
128 921 68594 116035584
128 922 68618 116035584
128 923 68594 116035584
128 924 68594 116035584
128 925 68594 116035584
128 926 68594 116035584
128 927 68594 116035584
128 928 68596 116035584
128 929 68597 116035584
128 930 68594 116035584
128 931 68595 116035584
128 932 68594 116035584
128 933 68594 116035584
128 934 68596 116035584
128 935 68620 116035584
128 936 68594 116035584
128 937 68596 116035584
128 938 68594 116035584
128 939 68594 116035584
128 940 68596 116035584
128 941 68594 116035584
128 942 68593 116035584
128 943 68596 116035584
128 944 68596 116035584
128 945 68594 116035584
128 946 68592 116035584
128 947 68594 116035584
128 948 68616 116035584
128 949 68595 116035584
128 950 68594 116035584
128 951 68596 116035584
128 952 68594 116035584
128 953 68594 116035584
128 954 68594 116035584
128 955 68596 116035584
128 956 68594 116035584
128 957 68597 116035584
128 958 68595 116035584
128 959 68596 116035584
128 960 68594 116035584
128 961 68619 116035584
128 962 68594 116035584
128 963 68594 116035584
128 964 68594 116035584
128 965 68594 116035584
128 966 68595 116035584
128 967 68595 116035584
128 968 68596 116035584
128 969 68596 116035584
128 970 68596 116035584
128 971 68595 116035584
128 972 68594 116035584
128 973 68596 116035584
128 974 68617 116035584
128 975 68594 116035584
128 976 68594 116035584
128 977 68596 116035584
128 978 68596 116035584
128 979 68596 116035584
128 980 68596 116035584
128 981 68596 116035584
128 982 68594 116035584
128 983 68594 116035584
128 984 68594 116035584
128 985 68594 116035584
128 986 68593 116035584
128 987 68620 116035584
128 988 68594 116035584
128 989 68597 116035584
128 990 68594 116035584
128 991 68594 116035584
128 992 68592 116035584
128 993 68596 116035584
128 994 68594 116035584
128 995 68596 116035584
128 996 68596 116035584
128 997 68594 116035584
128 998 68595 116035584
128 999 68596 116035584
