512 0 509051 3131637760
512 1 316486 3131637760
512 2 319638 3131637760
512 3 316640 3131637760
512 4 319376 3131637760
512 5 469908 3131637760
512 6 318077 3131637760
512 7 321123 3131637760
512 8 316713 3131637760
512 9 318551 3131637760
512 10 474375 3131637760
512 11 316374 3131637760
512 12 319915 3131637760
512 13 317613 3131637760
512 14 317391 3131637760
512 15 468764 3131637760
512 16 315874 3131637760
512 17 319514 3131637760
512 18 317350 3131637760
512 19 320152 3131637760
512 20 470807 3131637760
512 21 316085 3131637760
512 22 319199 3131637760
512 23 316907 3131637760
512 24 318179 3131637760
512 25 474077 3131637760
512 26 316512 3131637760
512 27 319642 3131637760
512 28 318433 3131637760
512 29 317111 3131637760
512 30 467189 3131637760
512 31 319712 3131637760
512 32 317307 3131637760
512 33 316099 3131637760
512 34 318301 3131637760
512 35 465613 3131637760
512 36 317554 3131637760
512 37 319436 3131637760
512 38 316834 3131637760
512 39 317981 3131637760
512 40 470621 3131637760
512 41 316779 3131637760
512 42 318646 3131637760
512 43 316887 3131637760
512 44 317871 3131637760
512 45 473974 3131637760
512 46 315853 3131637760
512 47 320507 3131637760
512 48 317508 3131637760
512 49 319497 3131637760
512 50 466611 3131637760
512 51 319038 3131637760
512 52 320282 3131637760
512 53 317815 3131637760
512 54 317127 3131637760
512 55 471733 3131637760
512 56 317204 3131637760
512 57 319392 3131637760
512 58 317707 3131637760
512 59 317545 3131637760
512 60 471413 3131637760
512 61 315702 3131637760
512 62 321101 3131637760
512 63 316331 3131637760
512 64 317244 3131637760
512 65 468254 3131637760
512 66 318970 3131637760
512 67 319807 3131637760
512 68 316435 3131637760
512 69 318703 3131637760
512 70 464986 3131637760
512 71 317690 3131637760
512 72 318802 3131637760
512 73 315786 3131637760
512 74 318023 3131637760
512 75 467144 3131637760
512 76 318386 3131637760
512 77 320626 3131637760
512 78 317853 3131637760
512 79 318785 3131637760
512 80 469661 3131637760
512 81 317478 3131637760
512 82 322673 3131637760
512 83 317864 3131637760
512 84 318394 3131637760
512 85 471871 3131637760
512 86 318210 3131637760
512 87 320403 3131637760
512 88 319374 3131637760
512 89 317767 3131637760
512 90 464112 3131637760
512 91 317532 3131637760
512 92 319785 3131637760
512 93 316644 3131637760
512 94 319427 3131637760
512 95 467581 3131637760
512 96 318126 3131637760
512 97 319264 3131637760
512 98 319771 3131637760
512 99 319260 3131637760
512 100 472887 3131637760
512 101 318661 3131637760
512 102 320743 3131637760
512 103 316714 3131637760
512 104 317783 3131637760
512 105 473510 3131637760
512 106 316759 3131637760
512 107 320151 3131637760
512 108 318161 3131637760
512 109 317561 3131637760
512 110 474952 3131637760
512 111 318407 3131637760
512 112 319412 3131637760
512 113 317143 3131637760
512 114 319270 3131637760
512 115 476128 3131637760
512 116 319940 3131637760
512 117 319810 3131637760
512 118 316364 3131637760
512 119 317757 3131637760
512 120 469213 3131637760
512 121 317864 3131637760
512 122 320182 3131637760
512 123 317517 3131637760
512 124 319562 3131637760
512 125 470268 3131637760
512 126 318645 3131637760
512 127 320636 3131637760
512 128 319715 3131637760
512 129 319187 3131637760
512 130 470868 3131637760
512 131 317351 3131637760
512 132 319186 3131637760
512 133 318076 3131637760
512 134 317505 3131637760
512 135 469411 3131637760
512 136 318223 3131637760
512 137 318552 3131637760
512 138 318011 3131637760
512 139 318989 3131637760
512 140 471680 3131637760
512 141 318272 3131637760
512 142 319627 3131637760
512 143 317513 3131637760
512 144 317803 3131637760
512 145 472468 3131637760
512 146 317525 3131637760
512 147 320345 3131637760
512 148 317223 3131637760
512 149 318937 3131637760
512 150 470665 3131637760
512 151 317443 3131637760
512 152 319547 3131637760
512 153 319453 3131637760
512 154 317293 3131637760
512 155 473268 3131637760
512 156 318466 3131637760
512 157 319610 3131637760
512 158 317958 3131637760
512 159 318612 3131637760
512 160 470880 3131637760
512 161 320004 3131637760
512 162 319874 3131637760
512 163 318564 3131637760
512 164 319110 3131637760
512 165 472962 3131637760
512 166 317201 3131637760
512 167 319246 3131637760
512 168 318095 3131637760
512 169 320387 3131637760
512 170 470901 3131637760
512 171 318047 3131637760
512 172 318557 3131637760
512 173 318686 3131637760
512 174 316639 3131637760
512 175 470040 3131637760
512 176 316592 3131637760
512 177 319769 3131637760
512 178 318307 3131637760
512 179 317723 3131637760
512 180 469049 3131637760
512 181 317182 3131637760
512 182 320531 3131637760
512 183 319795 3131637760
512 184 319145 3131637760
512 185 470380 3131637760
512 186 318188 3131637760
512 187 320003 3131637760
512 188 317224 3131637760
512 189 318757 3131637760
512 190 472923 3131637760
512 191 317962 3131637760
512 192 321031 3131637760
512 193 317146 3131637760
512 194 319551 3131637760
512 195 468794 3131637760
512 196 318052 3131637760
512 197 318364 3131637760
512 198 317508 3131637760
512 199 318500 3131637760
512 200 473010 3131637760
512 201 318263 3131637760
512 202 320441 3131637760
512 203 318839 3131637760
512 204 317677 3131637760
512 205 471327 3131637760
512 206 317455 3131637760
512 207 321090 3131637760
512 208 318775 3131637760
512 209 318204 3131637760
512 210 470023 3131637760
512 211 318340 3131637760
512 212 318375 3131637760
512 213 316527 3131637760
512 214 318288 3131637760
512 215 473604 3131637760
512 216 318300 3131637760
512 217 318785 3131637760
512 218 317756 3131637760
512 219 318177 3131637760
512 220 472050 3131637760
512 221 317551 3131637760
512 222 319407 3131637760
512 223 319663 3131637760
512 224 318159 3131637760
512 225 471860 3131637760
512 226 318068 3131637760
512 227 320339 3131637760
512 228 318965 3131637760
512 229 317116 3131637760
512 230 473214 3131637760
512 231 318992 3131637760
512 232 321676 3131637760
512 233 317808 3131637760
512 234 317490 3131637760
512 235 476591 3131637760
512 236 317136 3131637760
512 237 320436 3131637760
512 238 317965 3131637760
512 239 318722 3131637760
512 240 471982 3131637760
512 241 318999 3131637760
512 242 319550 3131637760
512 243 319311 3131637760
512 244 318032 3131637760
512 245 470490 3131637760
512 246 317087 3131637760
512 247 320179 3131637760
512 248 317484 3131637760
512 249 316908 3131637760
512 250 473006 3131637760
512 251 318561 3131637760
512 252 320186 3131637760
512 253 318890 3131637760
512 254 317468 3131637760
512 255 471355 3131637760
512 256 319030 3131637760
512 257 320879 3131637760
512 258 318068 3131637760
512 259 318319 3131637760
512 260 474196 3131637760
512 261 319884 3131637760
512 262 319317 3131637760
512 263 318939 3131637760
512 264 320010 3131637760
512 265 469896 3131637760
512 266 316918 3131637760
512 267 317889 3131637760
512 268 316806 3131637760
512 269 317792 3131637760
512 270 476211 3131637760
512 271 316944 3131637760
512 272 320739 3131637760
512 273 317918 3131637760
512 274 318429 3131637760
512 275 470692 3131637760
512 276 317737 3131637760
512 277 321899 3131637760
512 278 316015 3131637760
512 279 319360 3131637760
512 280 472699 3131637760
512 281 318441 3131637760
512 282 321623 3131637760
512 283 319404 3131637760
512 284 319557 3131637760
512 285 474174 3131637760
512 286 317738 3131637760
512 287 320810 3131637760
512 288 317189 3131637760
512 289 317403 3131637760
512 290 472153 3131637760
512 291 317730 3131637760
512 292 321174 3131637760
512 293 317727 3131637760
512 294 318136 3131637760
512 295 475012 3131637760
512 296 318723 3131637760
512 297 321163 3131637760
512 298 317145 3131637760
512 299 319401 3131637760
512 300 467658 3131637760
512 301 317987 3131637760
512 302 321507 3131637760
512 303 318614 3131637760
512 304 318846 3131637760
512 305 470968 3131637760
512 306 317190 3131637760
512 307 319572 3131637760
512 308 320260 3131637760
512 309 318902 3131637760
512 310 473777 3131637760
512 311 315942 3131637760
512 312 319376 3131637760
512 313 316473 3131637760
512 314 319248 3131637760
512 315 473064 3131637760
512 316 318716 3131637760
512 317 319381 3131637760
512 318 316522 3131637760
512 319 318729 3131637760
512 320 474995 3131637760
512 321 316963 3131637760
512 322 320249 3131637760
512 323 317395 3131637760
512 324 316798 3131637760
512 325 465886 3131637760
512 326 317218 3131637760
512 327 320243 3131637760
512 328 320306 3131637760
512 329 318938 3131637760
512 330 473085 3131637760
512 331 318596 3131637760
512 332 322383 3131637760
512 333 318095 3131637760
512 334 320043 3131637760
512 335 469546 3131637760
512 336 318123 3131637760
512 337 320260 3131637760
512 338 316785 3131637760
512 339 317207 3131637760
512 340 473595 3131637760
512 341 318721 3131637760
512 342 319398 3131637760
512 343 317595 3131637760
512 344 320556 3131637760
512 345 469684 3131637760
512 346 319049 3131637760
512 347 320142 3131637760
512 348 319672 3131637760
512 349 319348 3131637760
512 350 474121 3131637760
512 351 317670 3131637760
512 352 320714 3131637760
512 353 316623 3131637760
512 354 317820 3131637760
512 355 469210 3131637760
512 356 318711 3131637760
512 357 320403 3131637760
512 358 318149 3131637760
512 359 318086 3131637760
512 360 476163 3131637760
512 361 315912 3131637760
512 362 318920 3131637760
512 363 317746 3131637760
512 364 318872 3131637760
512 365 473638 3131637760
512 366 316463 3131637760
512 367 321299 3131637760
512 368 317404 3131637760
512 369 318546 3131637760
512 370 477856 3131637760
512 371 316853 3131637760
512 372 320611 3131637760
512 373 316334 3131637760
512 374 319345 3131637760
512 375 471541 3131637760
512 376 319208 3131637760
512 377 320854 3131637760
512 378 317691 3131637760
512 379 318259 3131637760
512 380 473835 3131637760
512 381 319626 3131637760
512 382 320436 3131637760
512 383 318933 3131637760
512 384 318827 3131637760
512 385 477165 3131637760
512 386 318264 3131637760
512 387 319916 3131637760
512 388 317808 3131637760
512 389 318574 3131637760
512 390 469342 3131637760
512 391 318004 3131637760
512 392 318413 3131637760
512 393 319647 3131637760
512 394 318046 3131637760
512 395 470646 3131637760
512 396 317705 3131637760
512 397 321464 3131637760
512 398 317745 3131637760
512 399 320450 3131637760
512 400 472534 3131637760
512 401 319049 3131637760
512 402 319438 3131637760
512 403 319208 3131637760
512 404 317510 3131637760
512 405 472930 3131637760
512 406 317956 3131637760
512 407 318518 3131637760
512 408 317154 3131637760
512 409 319013 3131637760
512 410 470144 3131637760
512 411 317744 3131637760
512 412 318608 3131637760
512 413 319398 3131637760
512 414 318060 3131637760
512 415 474164 3131637760
512 416 318497 3131637760
512 417 320563 3131637760
512 418 318195 3131637760
512 419 319614 3131637760
512 420 465362 3131637760
512 421 319731 3131637760
512 422 320895 3131637760
512 423 318420 3131637760
512 424 318516 3131637760
512 425 469533 3131637760
512 426 317425 3131637760
512 427 319358 3131637760
512 428 317702 3131637760
512 429 316874 3131637760
512 430 469133 3131637760
512 431 316624 3131637760
512 432 320390 3131637760
512 433 318748 3131637760
512 434 319716 3131637760
512 435 474833 3131637760
512 436 319000 3131637760
512 437 320473 3131637760
512 438 317999 3131637760
512 439 319139 3131637760
512 440 469847 3131637760
512 441 317230 3131637760
512 442 320146 3131637760
512 443 318138 3131637760
512 444 319175 3131637760
512 445 467881 3131637760
512 446 319569 3131637760
512 447 318891 3131637760
512 448 318046 3131637760
512 449 319933 3131637760
512 450 462069 3131637760
512 451 318660 3131637760
512 452 322179 3131637760
512 453 318654 3131637760
512 454 319744 3131637760
512 455 466011 3131637760
512 456 319699 3131637760
512 457 319469 3131637760
512 458 318764 3131637760
512 459 317832 3131637760
512 460 472541 3131637760
512 461 318266 3131637760
512 462 319574 3131637760
512 463 317749 3131637760
512 464 318447 3131637760
512 465 468171 3131637760
512 466 317008 3131637760
512 467 318575 3131637760
512 468 318846 3131637760
512 469 319449 3131637760
512 470 467866 3131637760
512 471 318877 3131637760
512 472 321159 3131637760
512 473 319642 3131637760
512 474 319459 3131637760
512 475 473434 3131637760
512 476 318191 3131637760
512 477 318436 3131637760
512 478 317595 3131637760
512 479 318482 3131637760
512 480 476637 3131637760
512 481 317524 3131637760
512 482 319125 3131637760
512 483 317531 3131637760
512 484 317817 3131637760
512 485 470978 3131637760
512 486 318303 3131637760
512 487 321525 3131637760
512 488 318557 3131637760
512 489 317132 3131637760
512 490 475662 3131637760
512 491 317270 3131637760
512 492 319599 3131637760
512 493 317122 3131637760
512 494 318066 3131637760
512 495 471014 3131637760
512 496 317113 3131637760
512 497 318068 3131637760
512 498 317819 3131637760
512 499 317977 3131637760
512 500 472043 3131637760
512 501 317044 3131637760
512 502 320515 3131637760
512 503 316944 3131637760
512 504 317774 3131637760
512 505 466629 3131637760
512 506 317178 3131637760
512 507 319721 3131637760
512 508 319608 3131637760
512 509 316802 3131637760
512 510 470261 3131637760
512 511 319184 3131637760
512 512 321171 3131637760
512 513 318989 3131637760
512 514 319306 3131637760
512 515 470603 3131637760
512 516 318143 3131637760
512 517 319838 3131637760
512 518 317754 3131637760
512 519 319144 3131637760
512 520 472521 3131637760
512 521 319131 3131637760
512 522 320607 3131637760
512 523 317276 3131637760
512 524 320215 3131637760
512 525 476991 3131637760
512 526 317170 3131637760
512 527 318902 3131637760
512 528 317714 3131637760
512 529 319368 3131637760
512 530 473011 3131637760
512 531 317864 3131637760
512 532 320204 3131637760
512 533 319241 3131637760
512 534 319164 3131637760
512 535 469143 3131637760
512 536 317887 3131637760
512 537 320964 3131637760
512 538 317866 3131637760
512 539 316821 3131637760
512 540 474000 3131637760
512 541 317189 3131637760
512 542 318862 3131637760
512 543 318612 3131637760
512 544 317874 3131637760
512 545 473108 3131637760
512 546 317391 3131637760
512 547 320679 3131637760
512 548 318184 3131637760
512 549 319186 3131637760
512 550 467382 3131637760
512 551 317202 3131637760
512 552 320415 3131637760
512 553 318226 3131637760
512 554 317875 3131637760
512 555 471844 3131637760
512 556 318828 3131637760
512 557 320453 3131637760
512 558 317718 3131637760
512 559 319609 3131637760
512 560 474382 3131637760
512 561 318668 3131637760
512 562 317740 3131637760
512 563 317301 3131637760
512 564 319811 3131637760
512 565 469992 3131637760
512 566 318402 3131637760
512 567 321383 3131637760
512 568 318246 3131637760
512 569 319521 3131637760
512 570 468699 3131637760
512 571 318766 3131637760
512 572 321747 3131637760
512 573 318754 3131637760
512 574 321879 3131637760
512 575 475685 3131637760
512 576 319205 3131637760
512 577 320678 3131637760
512 578 316557 3131637760
512 579 318837 3131637760
512 580 477629 3131637760
512 581 318359 3131637760
512 582 319107 3131637760
512 583 317535 3131637760
512 584 317168 3131637760
512 585 466535 3131637760
512 586 319281 3131637760
512 587 318329 3131637760
512 588 318873 3131637760
512 589 317563 3131637760
512 590 472724 3131637760
512 591 318413 3131637760
512 592 321019 3131637760
512 593 318433 3131637760
512 594 317737 3131637760
512 595 472461 3131637760
512 596 317211 3131637760
512 597 320642 3131637760
512 598 317697 3131637760
512 599 316439 3131637760
512 600 469472 3131637760
512 601 319638 3131637760
512 602 319832 3131637760
512 603 318710 3131637760
512 604 317544 3131637760
512 605 473372 3131637760
512 606 317213 3131637760
512 607 320478 3131637760
512 608 318124 3131637760
512 609 318402 3131637760
512 610 475582 3131637760
512 611 317876 3131637760
512 612 318454 3131637760
512 613 318824 3131637760
512 614 317843 3131637760
512 615 470603 3131637760
512 616 317575 3131637760
512 617 320220 3131637760
512 618 317515 3131637760
512 619 319406 3131637760
512 620 472452 3131637760
512 621 319321 3131637760
512 622 320100 3131637760
512 623 318048 3131637760
512 624 318465 3131637760
512 625 473346 3131637760
512 626 317399 3131637760
512 627 320563 3131637760
512 628 317960 3131637760
512 629 317473 3131637760
512 630 472392 3131637760
512 631 318244 3131637760
512 632 319108 3131637760
512 633 317925 3131637760
512 634 319088 3131637760
512 635 475300 3131637760
512 636 315976 3131637760
512 637 319214 3131637760
512 638 317800 3131637760
512 639 318120 3131637760
512 640 469806 3131637760
512 641 318752 3131637760
512 642 318473 3131637760
512 643 318978 3131637760
512 644 316868 3131637760
512 645 474202 3131637760
512 646 317820 3131637760
512 647 319119 3131637760
512 648 318340 3131637760
512 649 318275 3131637760
512 650 467671 3131637760
512 651 319344 3131637760
512 652 320054 3131637760
512 653 319651 3131637760
512 654 318752 3131637760
512 655 474619 3131637760
512 656 318410 3131637760
512 657 319574 3131637760
512 658 318847 3131637760
512 659 317909 3131637760
512 660 471612 3131637760
512 661 317459 3131637760
512 662 320012 3131637760
512 663 317133 3131637760
512 664 319328 3131637760
512 665 466993 3131637760
512 666 317288 3131637760
512 667 319186 3131637760
512 668 319950 3131637760
512 669 320271 3131637760
512 670 470847 3131637760
512 671 317891 3131637760
512 672 321067 3131637760
512 673 319039 3131637760
512 674 317282 3131637760
512 675 473765 3131637760
512 676 317178 3131637760
512 677 319584 3131637760
512 678 319022 3131637760
512 679 318942 3131637760
512 680 464617 3131637760
512 681 317214 3131637760
512 682 319226 3131637760
512 683 317351 3131637760
512 684 317580 3131637760
512 685 469548 3131637760
512 686 316612 3131637760
512 687 319535 3131637760
512 688 317455 3131637760
512 689 318689 3131637760
512 690 467530 3131637760
512 691 319253 3131637760
512 692 320254 3131637760
512 693 316585 3131637760
512 694 317890 3131637760
512 695 471816 3131637760
512 696 316328 3131637760
512 697 320817 3131637760
512 698 317156 3131637760
512 699 318574 3131637760
512 700 474166 3131637760
512 701 319970 3131637760
512 702 319055 3131637760
512 703 318710 3131637760
512 704 317789 3131637760
512 705 473464 3131637760
512 706 316883 3131637760
512 707 320365 3131637760
512 708 317674 3131637760
512 709 319744 3131637760
512 710 473449 3131637760
512 711 317542 3131637760
512 712 320029 3131637760
512 713 319279 3131637760
512 714 317520 3131637760
512 715 472328 3131637760
512 716 318307 3131637760
512 717 320098 3131637760
512 718 318377 3131637760
512 719 319839 3131637760
512 720 471945 3131637760
512 721 318284 3131637760
512 722 320697 3131637760
512 723 319452 3131637760
512 724 320207 3131637760
512 725 471477 3131637760
512 726 319474 3131637760
512 727 319064 3131637760
512 728 317940 3131637760
512 729 318179 3131637760
512 730 467065 3131637760
512 731 318667 3131637760
512 732 320411 3131637760
512 733 318661 3131637760
512 734 317949 3131637760
512 735 464053 3131637760
512 736 316338 3131637760
512 737 319377 3131637760
512 738 318651 3131637760
512 739 317996 3131637760
512 740 474182 3131637760
512 741 317965 3131637760
512 742 319652 3131637760
512 743 316239 3131637760
512 744 319088 3131637760
512 745 473431 3131637760
512 746 317857 3131637760
512 747 320903 3131637760
512 748 319425 3131637760
512 749 319393 3131637760
512 750 475035 3131637760
512 751 319843 3131637760
512 752 319909 3131637760
512 753 318136 3131637760
512 754 320472 3131637760
512 755 480657 3131637760
512 756 318163 3131637760
512 757 320397 3131637760
512 758 317225 3131637760
512 759 319166 3131637760
512 760 471044 3131637760
512 761 317340 3131637760
512 762 318930 3131637760
512 763 317780 3131637760
512 764 317359 3131637760
512 765 469821 3131637760
512 766 317938 3131637760
512 767 321430 3131637760
512 768 318321 3131637760
512 769 318570 3131637760
512 770 470680 3131637760
512 771 318089 3131637760
512 772 321140 3131637760
512 773 317536 3131637760
512 774 319612 3131637760
512 775 474305 3131637760
512 776 316668 3131637760
512 777 318815 3131637760
512 778 318860 3131637760
512 779 319014 3131637760
512 780 474885 3131637760
512 781 319108 3131637760
512 782 318832 3131637760
512 783 317657 3131637760
512 784 317657 3131637760
512 785 472918 3131637760
512 786 318266 3131637760
512 787 320005 3131637760
512 788 318662 3131637760
512 789 317921 3131637760
512 790 469505 3131637760
512 791 318221 3131637760
512 792 320372 3131637760
512 793 319079 3131637760
512 794 318445 3131637760
512 795 472395 3131637760
512 796 318002 3131637760
512 797 319671 3131637760
512 798 317742 3131637760
512 799 317872 3131637760
512 800 472924 3131637760
512 801 316247 3131637760
512 802 320677 3131637760
512 803 317992 3131637760
512 804 316959 3131637760
512 805 472062 3131637760
512 806 319712 3131637760
512 807 320975 3131637760
512 808 318294 3131637760
512 809 317949 3131637760
512 810 472373 3131637760
512 811 318133 3131637760
512 812 319805 3131637760
512 813 318729 3131637760
512 814 317935 3131637760
512 815 467620 3131637760
512 816 318722 3131637760
512 817 318785 3131637760
512 818 317722 3131637760
512 819 319652 3131637760
512 820 475558 3131637760
512 821 317913 3131637760
512 822 320379 3131637760
512 823 319144 3131637760
512 824 319221 3131637760
512 825 473486 3131637760
512 826 318994 3131637760
512 827 319326 3131637760
512 828 318052 3131637760
512 829 317766 3131637760
512 830 472582 3131637760
512 831 318563 3131637760
512 832 319767 3131637760
512 833 318164 3131637760
512 834 318945 3131637760
512 835 473163 3131637760
512 836 318751 3131637760
512 837 321847 3131637760
512 838 317345 3131637760
512 839 319050 3131637760
512 840 471594 3131637760
512 841 316929 3131637760
512 842 320451 3131637760
512 843 318638 3131637760
512 844 318391 3131637760
512 845 472499 3131637760
512 846 318934 3131637760
512 847 320530 3131637760
512 848 318181 3131637760
512 849 319561 3131637760
512 850 478459 3131637760
512 851 317123 3131637760
512 852 319747 3131637760
512 853 318898 3131637760
512 854 317950 3131637760
512 855 470629 3131637760
512 856 316316 3131637760
512 857 318181 3131637760
512 858 317608 3131637760
512 859 317805 3131637760
512 860 470009 3131637760
512 861 317765 3131637760
512 862 319909 3131637760
512 863 317301 3131637760
512 864 319847 3131637760
512 865 471949 3131637760
512 866 319605 3131637760
512 867 321618 3131637760
512 868 317614 3131637760
512 869 319299 3131637760
512 870 469305 3131637760
512 871 315483 3131637760
512 872 320078 3131637760
512 873 317697 3131637760
512 874 317284 3131637760
512 875 473762 3131637760
512 876 318192 3131637760
512 877 319362 3131637760
512 878 318443 3131637760
512 879 319790 3131637760
512 880 473409 3131637760
512 881 317900 3131637760
512 882 319661 3131637760
512 883 318872 3131637760
512 884 318297 3131637760
512 885 469087 3131637760
512 886 317085 3131637760
512 887 320042 3131637760
512 888 317435 3131637760
512 889 319877 3131637760
512 890 468071 3131637760
512 891 318773 3131637760
512 892 320174 3131637760
512 893 317309 3131637760
512 894 319143 3131637760
512 895 474260 3131637760
512 896 318378 3131637760
512 897 320589 3131637760
512 898 318727 3131637760
512 899 319952 3131637760
512 900 468887 3131637760
512 901 316091 3131637760
512 902 319989 3131637760
512 903 316850 3131637760
512 904 317388 3131637760
512 905 469609 3131637760
512 906 317403 3131637760
512 907 320141 3131637760
512 908 317292 3131637760
512 909 317948 3131637760
512 910 469682 3131637760
512 911 317773 3131637760
512 912 318658 3131637760
512 913 319191 3131637760
512 914 316877 3131637760
512 915 469066 3131637760
512 916 316956 3131637760
512 917 320543 3131637760
512 918 318912 3131637760
512 919 320317 3131637760
512 920 470862 3131637760
512 921 316832 3131637760
512 922 320438 3131637760
512 923 318604 3131637760
512 924 318437 3131637760
512 925 474499 3131637760
512 926 318542 3131637760
512 927 321270 3131637760
512 928 317039 3131637760
512 929 318106 3131637760
512 930 473254 3131637760
512 931 316594 3131637760
512 932 320532 3131637760
512 933 316816 3131637760
512 934 318920 3131637760
512 935 471169 3131637760
512 936 318865 3131637760
512 937 320947 3131637760
512 938 316093 3131637760
512 939 320009 3131637760
512 940 473792 3131637760
512 941 316811 3131637760
512 942 318884 3131637760
512 943 316911 3131637760
512 944 318163 3131637760
512 945 474364 3131637760
512 946 318102 3131637760
512 947 320388 3131637760
512 948 317844 3131637760
512 949 317965 3131637760
512 950 472578 3131637760
512 951 317523 3131637760
512 952 320809 3131637760
512 953 319206 3131637760
512 954 319046 3131637760
512 955 475679 3131637760
512 956 319356 3131637760
512 957 320161 3131637760
512 958 316973 3131637760
512 959 318167 3131637760
512 960 472951 3131637760
512 961 318185 3131637760
512 962 319409 3131637760
512 963 318678 3131637760
512 964 319289 3131637760
512 965 474970 3131637760
512 966 316153 3131637760
512 967 320383 3131637760
512 968 318140 3131637760
512 969 317132 3131637760
512 970 473872 3131637760
512 971 318024 3131637760
512 972 321382 3131637760
512 973 318438 3131637760
512 974 321160 3131637760
512 975 473001 3131637760
512 976 317758 3131637760
512 977 318586 3131637760
512 978 319267 3131637760
512 979 318952 3131637760
512 980 472683 3131637760
512 981 319396 3131637760
512 982 319624 3131637760
512 983 316814 3131637760
512 984 319821 3131637760
512 985 473635 3131637760
512 986 318132 3131637760
512 987 321347 3131637760
512 988 317636 3131637760
512 989 318263 3131637760
512 990 473783 3131637760
512 991 316461 3131637760
512 992 320032 3131637760
512 993 316325 3131637760
512 994 317648 3131637760
512 995 475171 3131637760
512 996 317654 3131637760
512 997 320898 3131637760
512 998 318333 3131637760
512 999 317725 3131637760
