512 0 3157278 3131637760
512 1 3157456 3131637760
512 2 3157541 3131637760
512 3 3158553 3131637760
512 4 3158158 3131637760
512 5 3158171 3131637760
512 6 3158343 3131637760
512 7 3157470 3131637760
512 8 3156926 3131637760
512 9 3157683 3131637760
512 10 3157418 3131637760
512 11 3158465 3131637760
512 12 3157350 3131637760
512 13 3157553 3131637760
512 14 3156439 3131637760
512 15 3158051 3131637760
512 16 3158449 3131637760
512 17 3157685 3131637760
512 18 3157372 3131637760
512 19 3158288 3131637760
512 20 3157444 3131637760
512 21 3156583 3131637760
512 22 3158394 3131637760
512 23 3158327 3131637760
512 24 3156841 3131637760
512 25 3158037 3131637760
512 26 3157469 3131637760
512 27 3157559 3131637760
512 28 3156900 3131637760
512 29 3157731 3131637760
512 30 3157636 3131637760
512 31 3157196 3131637760
512 32 3157362 3131637760
512 33 3157040 3131637760
512 34 3157422 3131637760
512 35 3157715 3131637760
512 36 3157023 3131637760
512 37 3158494 3131637760
512 38 3157284 3131637760
512 39 3156902 3131637760
512 40 3157456 3131637760
512 41 3157692 3131637760
512 42 3157800 3131637760
512 43 3157548 3131637760
512 44 3157167 3131637760
512 45 3157085 3131637760
512 46 3157402 3131637760
512 47 3158338 3131637760
512 48 3157667 3131637760
512 49 3158114 3131637760
512 50 3157982 3131637760
512 51 3157626 3131637760
512 52 3158003 3131637760
512 53 3157373 3131637760
512 54 3157698 3131637760
512 55 3157635 3131637760
512 56 3158307 3131637760
512 57 3157158 3131637760
512 58 3157077 3131637760
512 59 3157283 3131637760
512 60 3157747 3131637760
512 61 3157142 3131637760
512 62 3157277 3131637760
512 63 3157877 3131637760
512 64 3157751 3131637760
512 65 3157671 3131637760
512 66 3157513 3131637760
512 67 3159236 3131637760
512 68 3158157 3131637760
512 69 3157074 3131637760
512 70 3158265 3131637760
512 71 3157000 3131637760
512 72 3157546 3131637760
512 73 3157194 3131637760
512 74 3158091 3131637760
512 75 3157848 3131637760
512 76 3157435 3131637760
512 77 3158198 3131637760
512 78 3157821 3131637760
512 79 3157583 3131637760
512 80 3158218 3131637760
512 81 3157819 3131637760
512 82 3157098 3131637760
512 83 3157731 3131637760
512 84 3158317 3131637760
512 85 3157823 3131637760
512 86 3158264 3131637760
512 87 3157149 3131637760
512 88 3157312 3131637760
512 89 3158063 3131637760
512 90 3158599 3131637760
512 91 3157084 3131637760
512 92 3157278 3131637760
512 93 3157433 3131637760
512 94 3157856 3131637760
512 95 3158334 3131637760
512 96 3156733 3131637760
512 97 3157955 3131637760
512 98 3157889 3131637760
512 99 3156948 3131637760
512 100 3157658 3131637760
512 101 3157421 3131637760
512 102 3157771 3131637760
512 103 3157752 3131637760
512 104 3157847 3131637760
512 105 3157423 3131637760
512 106 3157843 3131637760
512 107 3157796 3131637760
512 108 3157925 3131637760
512 109 3157589 3131637760
512 110 3157029 3131637760
512 111 3157785 3131637760
512 112 3157753 3131637760
512 113 3157370 3131637760
512 114 3157920 3131637760
512 115 3157439 3131637760
512 116 3158255 3131637760
512 117 3158381 3131637760
512 118 3157902 3131637760
512 119 3158649 3131637760
512 120 3157432 3131637760
512 121 3157787 3131637760
512 122 3157661 3131637760
512 123 3158006 3131637760
512 124 3157420 3131637760
512 125 3157078 3131637760
512 126 3158068 3131637760
512 127 3157400 3131637760
512 128 3157682 3131637760
512 129 3158713 3131637760
512 130 3157460 3131637760
512 131 3158243 3131637760
512 132 3157946 3131637760
512 133 3157088 3131637760
512 134 3158023 3131637760
512 135 3157412 3131637760
512 136 3157115 3131637760
512 137 3157977 3131637760
512 138 3157425 3131637760
512 139 3157724 3131637760
512 140 3158422 3131637760
512 141 3156829 3131637760
512 142 3158043 3131637760
512 143 3158097 3131637760
512 144 3157954 3131637760
512 145 3157794 3131637760
512 146 3158340 3131637760
512 147 3157496 3131637760
512 148 3157741 3131637760
512 149 3158591 3131637760
512 150 3157683 3131637760
512 151 3157468 3131637760
512 152 3157630 3131637760
512 153 3158321 3131637760
512 154 3157880 3131637760
512 155 3157237 3131637760
512 156 3157797 3131637760
512 157 3158457 3131637760
512 158 3157268 3131637760
512 159 3158489 3131637760
512 160 3157613 3131637760
512 161 3157252 3131637760
512 162 3157437 3131637760
512 163 3156743 3131637760
512 164 3157964 3131637760
512 165 3157167 3131637760
512 166 3157565 3131637760
512 167 3157209 3131637760
512 168 3158112 3131637760
512 169 3157076 3131637760
512 170 3156767 3131637760
512 171 3157466 3131637760
512 172 3158445 3131637760
512 173 3158282 3131637760
512 174 3158571 3131637760
512 175 3157157 3131637760
512 176 3157686 3131637760
512 177 3157957 3131637760
512 178 3157309 3131637760
512 179 3157496 3131637760
512 180 3157556 3131637760
512 181 3157030 3131637760
512 182 3157903 3131637760
512 183 3157307 3131637760
512 184 3157671 3131637760
512 185 3157729 3131637760
512 186 3157680 3131637760
512 187 3157761 3131637760
512 188 3157543 3131637760
512 189 3157046 3131637760
512 190 3157607 3131637760
512 191 3157920 3131637760
512 192 3157422 3131637760
512 193 3158157 3131637760
512 194 3158064 3131637760
512 195 3158023 3131637760
512 196 3157809 3131637760
512 197 3157815 3131637760
512 198 3157940 3131637760
512 199 3157951 3131637760
512 200 3157491 3131637760
512 201 3158063 3131637760
512 202 3158468 3131637760
512 203 3157889 3131637760
512 204 3156955 3131637760
512 205 3157640 3131637760
512 206 3157337 3131637760
512 207 3158054 3131637760
512 208 3156965 3131637760
512 209 3157679 3131637760
512 210 3158604 3131637760
512 211 3157300 3131637760
512 212 3157271 3131637760
512 213 3158554 3131637760
512 214 3157324 3131637760
512 215 3157438 3131637760
512 216 3157660 3131637760
512 217 3157959 3131637760
512 218 3158672 3131637760
512 219 3158330 3131637760
512 220 3156934 3131637760
512 221 3157427 3131637760
512 222 3157320 3131637760
512 223 3156744 3131637760
512 224 3157807 3131637760
512 225 3158201 3131637760
512 226 3156879 3131637760
512 227 3157761 3131637760
512 228 3157205 3131637760
512 229 3158005 3131637760
512 230 3158469 3131637760
512 231 3157616 3131637760
512 232 3158037 3131637760
512 233 3157301 3131637760
512 234 3157420 3131637760
512 235 3157683 3131637760
512 236 3157787 3131637760
512 237 3157109 3131637760
512 238 3158002 3131637760
512 239 3157987 3131637760
512 240 3157426 3131637760
512 241 3158374 3131637760
512 242 3157978 3131637760
512 243 3157979 3131637760
512 244 3157310 3131637760
512 245 3158448 3131637760
512 246 3157135 3131637760
512 247 3157896 3131637760
512 248 3157437 3131637760
512 249 3157834 3131637760
512 250 3158189 3131637760
512 251 3157163 3131637760
512 252 3156804 3131637760
512 253 3158048 3131637760
512 254 3158427 3131637760
512 255 3158336 3131637760
512 256 3157822 3131637760
512 257 3157192 3131637760
512 258 3157393 3131637760
512 259 3157867 3131637760
512 260 3158048 3131637760
512 261 3157734 3131637760
512 262 3156956 3131637760
512 263 3157343 3131637760
512 264 3157708 3131637760
512 265 3157336 3131637760
512 266 3157771 3131637760
512 267 3157577 3131637760
512 268 3157789 3131637760
512 269 3157376 3131637760
512 270 3157920 3131637760
512 271 3157491 3131637760
512 272 3157627 3131637760
512 273 3157668 3131637760
512 274 3157899 3131637760
512 275 3157663 3131637760
512 276 3156496 3131637760
512 277 3158435 3131637760
512 278 3158273 3131637760
512 279 3156935 3131637760
512 280 3158077 3131637760
512 281 3157692 3131637760
512 282 3157883 3131637760
512 283 3157642 3131637760
512 284 3157973 3131637760
512 285 3156841 3131637760
512 286 3158185 3131637760
512 287 3157797 3131637760
512 288 3156903 3131637760
512 289 3157287 3131637760
512 290 3157805 3131637760
512 291 3158312 3131637760
512 292 3157789 3131637760
512 293 3157945 3131637760
512 294 3158140 3131637760
512 295 3156975 3131637760
512 296 3158718 3131637760
512 297 3157736 3131637760
512 298 3157291 3131637760
512 299 3157444 3131637760
512 300 3157680 3131637760
512 301 3158110 3131637760
512 302 3157957 3131637760
512 303 3157647 3131637760
512 304 3157201 3131637760
512 305 3157555 3131637760
512 306 3157669 3131637760
512 307 3157123 3131637760
512 308 3157687 3131637760
512 309 3157659 3131637760
512 310 3157341 3131637760
512 311 3157591 3131637760
512 312 3158264 3131637760
512 313 3157378 3131637760
512 314 3157331 3131637760
512 315 3157743 3131637760
512 316 3157796 3131637760
512 317 3157490 3131637760
512 318 3156910 3131637760
512 319 3157274 3131637760
512 320 3158205 3131637760
512 321 3157215 3131637760
512 322 3157926 3131637760
512 323 3157349 3131637760
512 324 3158189 3131637760
512 325 3157525 3131637760
512 326 3157935 3131637760
512 327 3158306 3131637760
512 328 3156673 3131637760
512 329 3157703 3131637760
512 330 3157983 3131637760
512 331 3157151 3131637760
512 332 3157997 3131637760
512 333 3157476 3131637760
512 334 3156962 3131637760
512 335 3157938 3131637760
512 336 3157923 3131637760
512 337 3157386 3131637760
512 338 3158029 3131637760
512 339 3156714 3131637760
512 340 3157733 3131637760
512 341 3158104 3131637760
512 342 3156927 3131637760
512 343 3157390 3131637760
512 344 3157609 3131637760
512 345 3158655 3131637760
512 346 3157426 3131637760
512 347 3157180 3131637760
512 348 3157488 3131637760
512 349 3156496 3131637760
512 350 3157991 3131637760
512 351 3157139 3131637760
512 352 3158474 3131637760
512 353 3157510 3131637760
512 354 3156965 3131637760
512 355 3156940 3131637760
512 356 3158418 3131637760
512 357 3158107 3131637760
512 358 3157486 3131637760
512 359 3158208 3131637760
512 360 3158062 3131637760
512 361 3157431 3131637760
512 362 3157481 3131637760
512 363 3157215 3131637760
512 364 3157775 3131637760
512 365 3158090 3131637760
512 366 3157577 3131637760
512 367 3157610 3131637760
512 368 3157474 3131637760
512 369 3157880 3131637760
512 370 3157638 3131637760
512 371 3158176 3131637760
512 372 3157775 3131637760
512 373 3157814 3131637760
512 374 3157773 3131637760
512 375 3157293 3131637760
512 376 3157283 3131637760
512 377 3157940 3131637760
512 378 3157211 3131637760
512 379 3157199 3131637760
512 380 3157173 3131637760
512 381 3158503 3131637760
512 382 3157538 3131637760
512 383 3158205 3131637760
512 384 3157369 3131637760
512 385 3158712 3131637760
512 386 3157232 3131637760
512 387 3157904 3131637760
512 388 3158208 3131637760
512 389 3157233 3131637760
512 390 3158331 3131637760
512 391 3158516 3131637760
512 392 3158556 3131637760
512 393 3156943 3131637760
512 394 3157132 3131637760
512 395 3157453 3131637760
512 396 3157588 3131637760
512 397 3158283 3131637760
512 398 3157840 3131637760
512 399 3157474 3131637760
512 400 3157188 3131637760
512 401 3156280 3131637760
512 402 3157267 3131637760
512 403 3157975 3131637760
512 404 3157514 3131637760
512 405 3158694 3131637760
512 406 3157548 3131637760
512 407 3157971 3131637760
512 408 3157683 3131637760
512 409 3156905 3131637760
512 410 3158418 3131637760
512 411 3158327 3131637760
512 412 3157367 3131637760
512 413 3157894 3131637760
512 414 3157314 3131637760
512 415 3157935 3131637760
512 416 3156943 3131637760
512 417 3157837 3131637760
512 418 3157456 3131637760
512 419 3157769 3131637760
512 420 3158125 3131637760
512 421 3157443 3131637760
512 422 3157870 3131637760
512 423 3158033 3131637760
512 424 3157012 3131637760
512 425 3157191 3131637760
512 426 3157288 3131637760
512 427 3157686 3131637760
512 428 3156572 3131637760
512 429 3156769 3131637760
512 430 3157950 3131637760
512 431 3156352 3131637760
512 432 3158160 3131637760
512 433 3156602 3131637760
512 434 3157889 3131637760
512 435 3158088 3131637760
512 436 3157367 3131637760
512 437 3157853 3131637760
512 438 3156516 3131637760
512 439 3157323 3131637760
512 440 3157970 3131637760
512 441 3157544 3131637760
512 442 3158401 3131637760
512 443 3157140 3131637760
512 444 3156663 3131637760
512 445 3157767 3131637760
512 446 3157545 3131637760
512 447 3158146 3131637760
512 448 3157408 3131637760
512 449 3157397 3131637760
512 450 3157281 3131637760
512 451 3157857 3131637760
512 452 3157224 3131637760
512 453 3158863 3131637760
512 454 3158259 3131637760
512 455 3157998 3131637760
512 456 3157910 3131637760
512 457 3157161 3131637760
512 458 3158184 3131637760
512 459 3157404 3131637760
512 460 3157321 3131637760
512 461 3157614 3131637760
512 462 3157601 3131637760
512 463 3157044 3131637760
512 464 3156254 3131637760
512 465 3158377 3131637760
512 466 3158089 3131637760
512 467 3157550 3131637760
512 468 3157202 3131637760
512 469 3156942 3131637760
512 470 3156964 3131637760
512 471 3157725 3131637760
512 472 3159038 3131637760
512 473 3157614 3131637760
512 474 3157265 3131637760
512 475 3157724 3131637760
512 476 3157912 3131637760
512 477 3158613 3131637760
512 478 3157401 3131637760
512 479 3157422 3131637760
512 480 3157805 3131637760
512 481 3157423 3131637760
512 482 3158138 3131637760
512 483 3156780 3131637760
512 484 3157636 3131637760
512 485 3157771 3131637760
512 486 3157112 3131637760
512 487 3158093 3131637760
512 488 3157866 3131637760
512 489 3157547 3131637760
512 490 3158278 3131637760
512 491 3157841 3131637760
512 492 3157150 3131637760
512 493 3157710 3131637760
512 494 3156701 3131637760
512 495 3157433 3131637760
512 496 3157423 3131637760
512 497 3157810 3131637760
512 498 3157733 3131637760
512 499 3156220 3131637760
512 500 3157537 3131637760
512 501 3157627 3131637760
512 502 3157636 3131637760
512 503 3158297 3131637760
512 504 3157627 3131637760
512 505 3157760 3131637760
512 506 3157719 3131637760
512 507 3157856 3131637760
512 508 3157321 3131637760
512 509 3157682 3131637760
512 510 3159074 3131637760
512 511 3157640 3131637760
512 512 3158862 3131637760
512 513 3157651 3131637760
512 514 3159080 3131637760
512 515 3158102 3131637760
512 516 3157731 3131637760
512 517 3156977 3131637760
512 518 3157481 3131637760
512 519 3158362 3131637760
512 520 3158341 3131637760
512 521 3157415 3131637760
512 522 3157668 3131637760
512 523 3157931 3131637760
512 524 3157278 3131637760
512 525 3158024 3131637760
512 526 3157656 3131637760
512 527 3158477 3131637760
512 528 3157562 3131637760
512 529 3156201 3131637760
512 530 3158055 3131637760
512 531 3156966 3131637760
512 532 3158017 3131637760
512 533 3157379 3131637760
512 534 3157328 3131637760
512 535 3156908 3131637760
512 536 3157435 3131637760
512 537 3158568 3131637760
512 538 3158180 3131637760
512 539 3157807 3131637760
512 540 3157592 3131637760
512 541 3157565 3131637760
512 542 3156979 3131637760
512 543 3156908 3131637760
512 544 3157603 3131637760
512 545 3158072 3131637760
512 546 3158061 3131637760
512 547 3158526 3131637760
512 548 3157339 3131637760
512 549 3156985 3131637760
512 550 3157363 3131637760
512 551 3156863 3131637760
512 552 3158030 3131637760
512 553 3158110 3131637760
512 554 3157096 3131637760
512 555 3157473 3131637760
512 556 3157784 3131637760
512 557 3157281 3131637760
512 558 3156935 3131637760
512 559 3157933 3131637760
512 560 3157622 3131637760
512 561 3158217 3131637760
512 562 3157190 3131637760
512 563 3158008 3131637760
512 564 3158760 3131637760
512 565 3158416 3131637760
512 566 3157550 3131637760
512 567 3158043 3131637760
512 568 3157107 3131637760
512 569 3158439 3131637760
512 570 3157874 3131637760
512 571 3158202 3131637760
512 572 3157486 3131637760
512 573 3158663 3131637760
512 574 3157681 3131637760
512 575 3158096 3131637760
512 576 3159120 3131637760
512 577 3157815 3131637760
512 578 3157124 3131637760
512 579 3157746 3131637760
512 580 3157910 3131637760
512 581 3157745 3131637760
512 582 3157885 3131637760
512 583 3157619 3131637760
512 584 3157967 3131637760
512 585 3157773 3131637760
512 586 3158116 3131637760
512 587 3157604 3131637760
512 588 3157465 3131637760
512 589 3157106 3131637760
512 590 3157536 3131637760
512 591 3157403 3131637760
512 592 3157304 3131637760
512 593 3156900 3131637760
512 594 3157087 3131637760
512 595 3157666 3131637760
512 596 3157824 3131637760
512 597 3157062 3131637760
512 598 3157328 3131637760
512 599 3157732 3131637760
512 600 3157192 3131637760
512 601 3157498 3131637760
512 602 3158373 3131637760
512 603 3157101 3131637760
512 604 3156738 3131637760
512 605 3158532 3131637760
512 606 3157534 3131637760
512 607 3158094 3131637760
512 608 3157354 3131637760
512 609 3157900 3131637760
512 610 3158144 3131637760
512 611 3157512 3131637760
512 612 3157601 3131637760
512 613 3157689 3131637760
512 614 3157165 3131637760
512 615 3157460 3131637760
512 616 3158295 3131637760
512 617 3157415 3131637760
512 618 3158292 3131637760
512 619 3158217 3131637760
512 620 3157703 3131637760
512 621 3158570 3131637760
512 622 3157457 3131637760
512 623 3157371 3131637760
512 624 3158266 3131637760
512 625 3157823 3131637760
512 626 3157766 3131637760
512 627 3156990 3131637760
512 628 3157362 3131637760
512 629 3156938 3131637760
512 630 3157802 3131637760
512 631 3157138 3131637760
512 632 3157348 3131637760
512 633 3157366 3131637760
512 634 3157639 3131637760
512 635 3158490 3131637760
512 636 3158001 3131637760
512 637 3157938 3131637760
512 638 3157265 3131637760
512 639 3157781 3131637760
512 640 3156924 3131637760
512 641 3157052 3131637760
512 642 3157326 3131637760
512 643 3157570 3131637760
512 644 3157678 3131637760
512 645 3157509 3131637760
512 646 3158013 3131637760
512 647 3158328 3131637760
512 648 3157231 3131637760
512 649 3158297 3131637760
512 650 3157480 3131637760
512 651 3157889 3131637760
512 652 3158407 3131637760
512 653 3158586 3131637760
512 654 3158699 3131637760
512 655 3158286 3131637760
512 656 3158535 3131637760
512 657 3157311 3131637760
512 658 3157519 3131637760
512 659 3156607 3131637760
512 660 3157777 3131637760
512 661 3157884 3131637760
512 662 3158141 3131637760
512 663 3157751 3131637760
512 664 3157388 3131637760
512 665 3157170 3131637760
512 666 3157202 3131637760
512 667 3157065 3131637760
512 668 3157313 3131637760
512 669 3157550 3131637760
512 670 3157786 3131637760
512 671 3158046 3131637760
512 672 3157172 3131637760
512 673 3158220 3131637760
512 674 3158058 3131637760
512 675 3158762 3131637760
512 676 3158186 3131637760
512 677 3157681 3131637760
512 678 3156334 3131637760
512 679 3158213 3131637760
512 680 3158222 3131637760
512 681 3157669 3131637760
512 682 3157719 3131637760
512 683 3157811 3131637760
512 684 3157408 3131637760
512 685 3157471 3131637760
512 686 3157387 3131637760
512 687 3157635 3131637760
512 688 3157995 3131637760
512 689 3157594 3131637760
512 690 3157528 3131637760
512 691 3158346 3131637760
512 692 3158263 3131637760
512 693 3157278 3131637760
512 694 3157208 3131637760
512 695 3157598 3131637760
512 696 3158637 3131637760
512 697 3157892 3131637760
512 698 3156335 3131637760
512 699 3157204 3131637760
512 700 3157988 3131637760
512 701 3158079 3131637760
512 702 3157457 3131637760
512 703 3157651 3131637760
512 704 3157857 3131637760
512 705 3159176 3131637760
512 706 3157401 3131637760
512 707 3158189 3131637760
512 708 3157842 3131637760
512 709 3157521 3131637760
512 710 3157763 3131637760
512 711 3158171 3131637760
512 712 3157883 3131637760
512 713 3157732 3131637760
512 714 3157515 3131637760
512 715 3157967 3131637760
512 716 3157680 3131637760
512 717 3158820 3131637760
512 718 3157356 3131637760
512 719 3157574 3131637760
512 720 3157199 3131637760
512 721 3157286 3131637760
512 722 3157567 3131637760
512 723 3157855 3131637760
512 724 3157117 3131637760
512 725 3157881 3131637760
512 726 3156690 3131637760
512 727 3157928 3131637760
512 728 3157649 3131637760
512 729 3157273 3131637760
512 730 3157419 3131637760
512 731 3158022 3131637760
512 732 3157321 3131637760
512 733 3157486 3131637760
512 734 3157919 3131637760
512 735 3158441 3131637760
512 736 3158134 3131637760
512 737 3157395 3131637760
512 738 3157044 3131637760
512 739 3158218 3131637760
512 740 3157449 3131637760
512 741 3157627 3131637760
512 742 3158285 3131637760
512 743 3157213 3131637760
512 744 3157759 3131637760
512 745 3158222 3131637760
512 746 3157027 3131637760
512 747 3158269 3131637760
512 748 3157996 3131637760
512 749 3158105 3131637760
512 750 3157237 3131637760
512 751 3157501 3131637760
512 752 3156978 3131637760
512 753 3158055 3131637760
512 754 3157877 3131637760
512 755 3157607 3131637760
512 756 3157284 3131637760
512 757 3157084 3131637760
512 758 3158631 3131637760
512 759 3158475 3131637760
512 760 3158189 3131637760
512 761 3158405 3131637760
512 762 3157593 3131637760
512 763 3158448 3131637760
512 764 3158417 3131637760
512 765 3157550 3131637760
512 766 3156790 3131637760
512 767 3157908 3131637760
512 768 3157346 3131637760
512 769 3157544 3131637760
512 770 3158004 3131637760
512 771 3157971 3131637760
512 772 3157925 3131637760
512 773 3157389 3131637760
512 774 3156971 3131637760
512 775 3157771 3131637760
512 776 3157441 3131637760
512 777 3157672 3131637760
512 778 3157325 3131637760
512 779 3157481 3131637760
512 780 3157316 3131637760
512 781 3157498 3131637760
512 782 3157852 3131637760
512 783 3157450 3131637760
512 784 3157802 3131637760
512 785 3158078 3131637760
512 786 3157740 3131637760
512 787 3156911 3131637760
512 788 3157974 3131637760
512 789 3157731 3131637760
512 790 3157525 3131637760
512 791 3157656 3131637760
512 792 3157668 3131637760
512 793 3156679 3131637760
512 794 3157565 3131637760
512 795 3157989 3131637760
512 796 3157478 3131637760
512 797 3158149 3131637760
512 798 3158227 3131637760
512 799 3157988 3131637760
512 800 3157708 3131637760
512 801 3158610 3131637760
512 802 3158532 3131637760
512 803 3157995 3131637760
512 804 3157781 3131637760
512 805 3158108 3131637760
512 806 3157096 3131637760
512 807 3157118 3131637760
512 808 3158240 3131637760
512 809 3156723 3131637760
512 810 3158149 3131637760
512 811 3157600 3131637760
512 812 3157779 3131637760
512 813 3157032 3131637760
512 814 3157472 3131637760
512 815 3157461 3131637760
512 816 3157566 3131637760
512 817 3158053 3131637760
512 818 3156690 3131637760
512 819 3157591 3131637760
512 820 3157969 3131637760
512 821 3157951 3131637760
512 822 3157390 3131637760
512 823 3157214 3131637760
512 824 3157669 3131637760
512 825 3157999 3131637760
512 826 3157445 3131637760
512 827 3157293 3131637760
512 828 3156509 3131637760
512 829 3157976 3131637760
512 830 3157938 3131637760
512 831 3157287 3131637760
512 832 3157594 3131637760
512 833 3157610 3131637760
512 834 3157225 3131637760
512 835 3158655 3131637760
512 836 3157067 3131637760
512 837 3157857 3131637760
512 838 3158099 3131637760
512 839 3157609 3131637760
512 840 3158357 3131637760
512 841 3157621 3131637760
512 842 3158164 3131637760
512 843 3156744 3131637760
512 844 3157023 3131637760
512 845 3156927 3131637760
512 846 3157143 3131637760
512 847 3158178 3131637760
512 848 3158005 3131637760
512 849 3156719 3131637760
512 850 3157362 3131637760
512 851 3157827 3131637760
512 852 3157566 3131637760
512 853 3158169 3131637760
512 854 3157146 3131637760
512 855 3157237 3131637760
512 856 3157425 3131637760
512 857 3157544 3131637760
512 858 3157478 3131637760
512 859 3157353 3131637760
512 860 3157946 3131637760
512 861 3157131 3131637760
512 862 3156954 3131637760
512 863 3157440 3131637760
512 864 3157271 3131637760
512 865 3158055 3131637760
512 866 3157861 3131637760
512 867 3157888 3131637760
512 868 3157534 3131637760
512 869 3156775 3131637760
512 870 3157070 3131637760
512 871 3157973 3131637760
512 872 3158243 3131637760
512 873 3158553 3131637760
512 874 3157697 3131637760
512 875 3157629 3131637760
512 876 3156959 3131637760
512 877 3157993 3131637760
512 878 3157652 3131637760
512 879 3158135 3131637760
512 880 3157122 3131637760
512 881 3157028 3131637760
512 882 3158169 3131637760
512 883 3157914 3131637760
512 884 3158337 3131637760
512 885 3158297 3131637760
512 886 3158252 3131637760
512 887 3157031 3131637760
512 888 3158514 3131637760
512 889 3158178 3131637760
512 890 3157750 3131637760
512 891 3157772 3131637760
512 892 3157178 3131637760
512 893 3157868 3131637760
512 894 3157661 3131637760
512 895 3157593 3131637760
512 896 3157823 3131637760
512 897 3157296 3131637760
512 898 3157004 3131637760
512 899 3157387 3131637760
512 900 3158516 3131637760
512 901 3157514 3131637760
512 902 3157634 3131637760
512 903 3157483 3131637760
512 904 3157944 3131637760
512 905 3158316 3131637760
512 906 3156510 3131637760
512 907 3156795 3131637760
512 908 3157777 3131637760
512 909 3156965 3131637760
512 910 3157768 3131637760
512 911 3158334 3131637760
512 912 3156606 3131637760
512 913 3158244 3131637760
512 914 3157963 3131637760
512 915 3158010 3131637760
512 916 3157694 3131637760
512 917 3158073 3131637760
512 918 3156895 3131637760
512 919 3157922 3131637760
512 920 3157601 3131637760
512 921 3157417 3131637760
512 922 3157412 3131637760
512 923 3157519 3131637760
512 924 3156939 3131637760
512 925 3157977 3131637760
512 926 3157864 3131637760
512 927 3157693 3131637760
512 928 3157436 3131637760
512 929 3158309 3131637760
512 930 3156964 3131637760
512 931 3157781 3131637760
512 932 3157940 3131637760
512 933 3157575 3131637760
512 934 3157266 3131637760
512 935 3158701 3131637760
512 936 3157198 3131637760
512 937 3158102 3131637760
512 938 3157296 3131637760
512 939 3158202 3131637760
512 940 3157640 3131637760
512 941 3157990 3131637760
512 942 3156890 3131637760
512 943 3159357 3131637760
512 944 3157994 3131637760
512 945 3158080 3131637760
512 946 3157842 3131637760
512 947 3157782 3131637760
512 948 3157445 3131637760
512 949 3157663 3131637760
512 950 3158396 3131637760
512 951 3157920 3131637760
512 952 3157601 3131637760
512 953 3156941 3131637760
512 954 3156896 3131637760
512 955 3157547 3131637760
512 956 3157390 3131637760
512 957 3157517 3131637760
512 958 3157967 3131637760
512 959 3156633 3131637760
512 960 3158397 3131637760
512 961 3158185 3131637760
512 962 3157222 3131637760
512 963 3157517 3131637760
512 964 3158299 3131637760
512 965 3157927 3131637760
512 966 3157237 3131637760
512 967 3157322 3131637760
512 968 3157589 3131637760
512 969 3157588 3131637760
512 970 3157585 3131637760
512 971 3158087 3131637760
512 972 3157437 3131637760
512 973 3158159 3131637760
512 974 3156168 3131637760
512 975 3157794 3131637760
512 976 3158323 3131637760
512 977 3157857 3131637760
512 978 3158469 3131637760
512 979 3158091 3131637760
512 980 3159112 3131637760
512 981 3157274 3131637760
512 982 3157721 3131637760
512 983 3157676 3131637760
512 984 3157350 3131637760
512 985 3157489 3131637760
512 986 3157094 3131637760
512 987 3157992 3131637760
512 988 3157998 3131637760
512 989 3157584 3131637760
512 990 3158857 3131637760
512 991 3157605 3131637760
512 992 3157271 3131637760
512 993 3157970 3131637760
512 994 3158005 3131637760
512 995 3157823 3131637760
512 996 3156964 3131637760
512 997 3157777 3131637760
512 998 3157725 3131637760
512 999 3157536 3131637760
