64 0 51794 7513088
64 1 49341 7513088
64 2 49319 7513088
64 3 49288 7513088
64 4 49314 7513088
64 5 49288 7513088
64 6 49343 7513088
64 7 49287 7513088
64 8 49288 7513088
64 9 49315 7513088
64 10 49312 7513088
64 11 49289 7513088
64 12 49340 7513088
64 13 49315 7513088
64 14 49315 7513088
64 15 49288 7513088
64 16 49316 7513088
64 17 49287 7513088
64 18 49288 7513088
64 19 49316 7513088
64 20 49287 7513088
64 21 49314 7513088
64 22 49286 7513088
64 23 49285 7513088
64 24 49287 7513088
64 25 49287 7513088
64 26 49288 7513088
64 27 49339 7513088
64 28 49338 7513088
64 29 49287 7513088
64 30 49288 7513088
64 31 49286 7513088
64 32 49318 7513088
64 33 49287 7513088
64 34 49286 7513088
64 35 49287 7513088
64 36 49288 7513088
64 37 49285 7513088
64 38 49317 7513088
64 39 49286 7513088
64 40 49287 7513088
64 41 49285 7513088
64 42 49285 7513088
64 43 49288 7513088
64 44 49285 7513088
64 45 49287 7513088
64 46 49287 7513088
64 47 49286 7513088
64 48 49287 7513088
64 49 49313 7513088
64 50 49288 7513088
64 51 49289 7513088
64 52 49287 7513088
64 53 49310 7513088
64 54 49287 7513088
64 55 49288 7513088
64 56 49313 7513088
64 57 49287 7513088
64 58 49288 7513088
64 59 49287 7513088
64 60 49287 7513088
64 61 49288 7513088
64 62 49289 7513088
64 63 49287 7513088
64 64 49290 7513088
64 65 49289 7513088
64 66 49288 7513088
64 67 49288 7513088
64 68 49288 7513088
64 69 49310 7513088
64 70 49287 7513088
64 71 49319 7513088
64 72 49288 7513088
64 73 49288 7513088
64 74 49347 7513088
64 75 49286 7513088
64 76 49287 7513088
64 77 49288 7513088
64 78 49288 7513088
64 79 49287 7513088
64 80 49344 7513088
64 81 49313 7513088
64 82 49288 7513088
64 83 49287 7513088
64 84 49315 7513088
64 85 49408 7513088
64 86 49288 7513088
64 87 49290 7513088
64 88 49344 7513088
64 89 49377 7513088
64 90 49316 7513088
64 91 49290 7513088
64 92 49343 7513088
64 93 49373 7513088
64 94 49315 7513088
64 95 49313 7513088
64 96 49289 7513088
64 97 49372 7513088
64 98 49338 7513088
64 99 49343 7513088
64 100 49289 7513088
64 101 49314 7513088
64 102 49288 7513088
64 103 49339 7513088
64 104 49287 7513088
64 105 49288 7513088
64 106 49317 7513088
64 107 49289 7513088
64 108 49315 7513088
64 109 49288 7513088
64 110 49343 7513088
64 111 49289 7513088
64 112 49314 7513088
64 113 49289 7513088
64 114 49287 7513088
64 115 49288 7513088
64 116 49288 7513088
64 117 49317 7513088
64 118 49313 7513088
64 119 49290 7513088
64 120 49286 7513088
64 121 49345 7513088
64 122 49289 7513088
64 123 49286 7513088
64 124 49286 7513088
64 125 49341 7513088
64 126 49343 7513088
64 127 49286 7513088
64 128 49317 7513088
64 129 49285 7513088
64 130 49314 7513088
64 131 49287 7513088
64 132 49288 7513088
64 133 49314 7513088
64 134 49285 7513088
64 135 49312 7513088
64 136 49312 7513088
64 137 49287 7513088
64 138 49287 7513088
64 139 49286 7513088
64 140 49309 7513088
64 141 49314 7513088
64 142 49286 7513088
64 143 49288 7513088
64 144 49287 7513088
64 145 49287 7513088
64 146 49341 7513088
64 147 49289 7513088
64 148 49287 7513088
64 149 49287 7513088
64 150 49287 7513088
64 151 49288 7513088
64 152 49310 7513088
64 153 49288 7513088
64 154 49287 7513088
64 155 49310 7513088
64 156 49288 7513088
64 157 49288 7513088
64 158 49288 7513088
64 159 49288 7513088
64 160 49289 7513088
64 161 49311 7513088
64 162 49315 7513088
64 163 49287 7513088
64 164 49317 7513088
64 165 49289 7513088
64 166 49309 7513088
64 167 49318 7513088
64 168 49287 7513088
64 169 49288 7513088
64 170 49377 7513088
64 171 49313 7513088
64 172 49317 7513088
64 173 49288 7513088
64 174 49288 7513088
64 175 49375 7513088
64 176 49287 7513088
64 177 49287 7513088
64 178 49398 7513088
64 179 49404 7513088
64 180 49400 7513088
64 181 49288 7513088
64 182 49288 7513088
64 183 49344 7513088
64 184 49315 7513088
64 185 49346 7513088
64 186 49472 7513088
64 187 49370 7513088
64 188 49347 7513088
64 189 49288 7513088
64 190 49318 7513088
64 191 49319 7513088
64 192 49287 7513088
64 193 49287 7513088
64 194 49397 7513088
64 195 49289 7513088
64 196 49289 7513088
64 197 49314 7513088
64 198 49287 7513088
64 199 49368 7513088
64 200 49315 7513088
64 201 49289 7513088
64 202 49363 7513088
64 203 49341 7513088
64 204 49316 7513088
64 205 49315 7513088
64 206 49286 7513088
64 207 49321 7513088
64 208 49341 7513088
64 209 49287 7513088
64 210 49286 7513088
64 211 49288 7513088
64 212 49371 7513088
64 213 49338 7513088
64 214 49340 7513088
64 215 49339 7513088
64 216 49315 7513088
64 217 49475 7513088
64 218 49286 7513088
64 219 49287 7513088
64 220 49288 7513088
64 221 49345 7513088
64 222 49315 7513088
64 223 49347 7513088
64 224 49312 7513088
64 225 49287 7513088
64 226 49287 7513088
64 227 49286 7513088
64 228 49287 7513088
64 229 49289 7513088
64 230 49288 7513088
64 231 49285 7513088
64 232 49287 7513088
64 233 49287 7513088
64 234 49316 7513088
64 235 49288 7513088
64 236 49288 7513088
64 237 49288 7513088
64 238 49287 7513088
64 239 49288 7513088
64 240 49310 7513088
64 241 49288 7513088
64 242 49287 7513088
64 243 49288 7513088
64 244 49287 7513088
64 245 49288 7513088
64 246 49310 7513088
64 247 49287 7513088
64 248 49288 7513088
64 249 49286 7513088
64 250 49288 7513088
64 251 49288 7513088
64 252 49313 7513088
64 253 49288 7513088
64 254 49308 7513088
64 255 49402 7513088
64 256 49288 7513088
64 257 49291 7513088
64 258 49403 7513088
64 259 49288 7513088
64 260 49315 7513088
64 261 49288 7513088
64 262 49288 7513088
64 263 49348 7513088
64 264 49317 7513088
64 265 49287 7513088
64 266 49373 7513088
64 267 49371 7513088
64 268 49346 7513088
64 269 49288 7513088
64 270 49314 7513088
64 271 49373 7513088
64 272 49374 7513088
64 273 49316 7513088
64 274 49344 7513088
64 275 49340 7513088
64 276 49371 7513088
64 277 49289 7513088
64 278 49289 7513088
64 279 49313 7513088
64 280 49576 7513088
64 281 49318 7513088
64 282 49314 7513088
64 283 49287 7513088
64 284 49313 7513088
64 285 49347 7513088
64 286 49315 7513088
64 287 49345 7513088
64 288 49289 7513088
64 289 49288 7513088
64 290 49366 7513088
64 291 49314 7513088
64 292 49319 7513088
64 293 49314 7513088
64 294 49287 7513088
64 295 49288 7513088
64 296 49316 7513088
64 297 49288 7513088
64 298 49315 7513088
64 299 49312 7513088
64 300 49286 7513088
64 301 49314 7513088
64 302 49316 7513088
64 303 49289 7513088
64 304 49285 7513088
64 305 49313 7513088
64 306 49313 7513088
64 307 49288 7513088
64 308 49287 7513088
64 309 49285 7513088
64 310 49344 7513088
64 311 49530 7513088
64 312 49286 7513088
64 313 49317 7513088
64 314 49372 7513088
64 315 49287 7513088
64 316 49288 7513088
64 317 49288 7513088
64 318 49343 7513088
64 319 49287 7513088
64 320 49287 7513088
64 321 49287 7513088
64 322 49313 7513088
64 323 49287 7513088
64 324 49287 7513088
64 325 49287 7513088
64 326 49287 7513088
64 327 49316 7513088
64 328 49287 7513088
64 329 49288 7513088
64 330 49287 7513088
64 331 49288 7513088
64 332 49308 7513088
64 333 49288 7513088
64 334 49288 7513088
64 335 49287 7513088
64 336 49288 7513088
64 337 49330 7513088
64 338 49288 7513088
64 339 49289 7513088
64 340 49287 7513088
64 341 49288 7513088
64 342 49454 7513088
64 343 49316 7513088
64 344 49288 7513088
64 345 49288 7513088
64 346 49288 7513088
64 347 49345 7513088
64 348 49316 7513088
64 349 49287 7513088
64 350 49288 7513088
64 351 49375 7513088
64 352 49290 7513088
64 353 49344 7513088
64 354 49347 7513088
64 355 49375 7513088
64 356 49373 7513088
64 357 49287 7513088
64 358 49341 7513088
64 359 49314 7513088
64 360 49346 7513088
64 361 49317 7513088
64 362 49315 7513088
64 363 49372 7513088
64 364 49399 7513088
64 365 49288 7513088
64 366 49344 7513088
64 367 49344 7513088
64 368 49371 7513088
64 369 49432 7513088
64 370 49287 7513088
64 371 49287 7513088
64 372 49289 7513088
64 373 49288 7513088
64 374 49288 7513088
64 375 49289 7513088
64 376 49290 7513088
64 377 49317 7513088
64 378 49312 7513088
64 379 49290 7513088
64 380 49341 7513088
64 381 49315 7513088
64 382 49287 7513088
64 383 49313 7513088
64 384 49288 7513088
64 385 49347 7513088
64 386 49287 7513088
64 387 49316 7513088
64 388 49314 7513088
64 389 49288 7513088
64 390 49348 7513088
64 391 49316 7513088
64 392 49314 7513088
64 393 49288 7513088
64 394 49343 7513088
64 395 49342 7513088
64 396 49287 7513088
64 397 49316 7513088
64 398 49287 7513088
64 399 49345 7513088
64 400 49345 7513088
64 401 49287 7513088
64 402 49313 7513088
64 403 49289 7513088
64 404 49317 7513088
64 405 49438 7513088
64 406 49312 7513088
64 407 49286 7513088
64 408 49288 7513088
64 409 49287 7513088
64 410 49287 7513088
64 411 49287 7513088
64 412 49288 7513088
64 413 49287 7513088
64 414 49288 7513088
64 415 49339 7513088
64 416 49286 7513088
64 417 49288 7513088
64 418 49286 7513088
64 419 49289 7513088
64 420 49288 7513088
64 421 49311 7513088
64 422 49309 7513088
64 423 49287 7513088
64 424 49288 7513088
64 425 49287 7513088
64 426 49309 7513088
64 427 49288 7513088
64 428 49288 7513088
64 429 49308 7513088
64 430 49287 7513088
64 431 49287 7513088
64 432 49288 7513088
64 433 49288 7513088
64 434 49308 7513088
64 435 49288 7513088
64 436 49447 7513088
64 437 49310 7513088
64 438 49310 7513088
64 439 49345 7513088
64 440 49288 7513088
64 441 49288 7513088
64 442 49287 7513088
64 443 49317 7513088
64 444 49344 7513088
64 445 49288 7513088
64 446 49289 7513088
64 447 49346 7513088
64 448 49287 7513088
64 449 49317 7513088
64 450 49287 7513088
64 451 49375 7513088
64 452 49373 7513088
64 453 49289 7513088
64 454 49316 7513088
64 455 49316 7513088
64 456 49315 7513088
64 457 49342 7513088
64 458 49341 7513088
64 459 49317 7513088
64 460 49342 7513088
64 461 49289 7513088
64 462 49287 7513088
64 463 49288 7513088
64 464 49317 7513088
64 465 49315 7513088
64 466 49318 7513088
64 467 49287 7513088
64 468 49313 7513088
64 469 49316 7513088
64 470 49288 7513088
64 471 49346 7513088
64 472 49368 7513088
64 473 49289 7513088
64 474 49316 7513088
64 475 49318 7513088
64 476 49289 7513088
64 477 49285 7513088
64 478 49287 7513088
64 479 49314 7513088
64 480 49288 7513088
64 481 49315 7513088
64 482 49289 7513088
64 483 49315 7513088
64 484 49342 7513088
64 485 49286 7513088
64 486 49316 7513088
64 487 49317 7513088
64 488 49315 7513088
64 489 49288 7513088
64 490 49343 7513088
64 491 49288 7513088
64 492 49316 7513088
64 493 49285 7513088
64 494 49340 7513088
64 495 49313 7513088
64 496 49289 7513088
64 497 49288 7513088
64 498 49318 7513088
64 499 49288 7513088
64 500 49313 7513088
64 501 49316 7513088
64 502 49316 7513088
64 503 49288 7513088
64 504 49287 7513088
64 505 49287 7513088
64 506 49287 7513088
64 507 49286 7513088
64 508 49287 7513088
64 509 49287 7513088
64 510 49287 7513088
64 511 49313 7513088
64 512 49288 7513088
64 513 49288 7513088
64 514 49288 7513088
64 515 49287 7513088
64 516 49288 7513088
64 517 49288 7513088
64 518 49289 7513088
64 519 49287 7513088
64 520 49287 7513088
64 521 49288 7513088
64 522 49287 7513088
64 523 49310 7513088
64 524 49287 7513088
64 525 49309 7513088
64 526 49288 7513088
64 527 49348 7513088
64 528 49288 7513088
64 529 49288 7513088
64 530 49288 7513088
64 531 49288 7513088
64 532 49319 7513088
64 533 49288 7513088
64 534 49289 7513088
64 535 49347 7513088
64 536 49343 7513088
64 537 49287 7513088
64 538 49288 7513088
64 539 49346 7513088
64 540 49316 7513088
64 541 49315 7513088
64 542 49288 7513088
64 543 49373 7513088
64 544 49317 7513088
64 545 49428 7513088
64 546 49317 7513088
64 547 49373 7513088
64 548 49318 7513088
64 549 49313 7513088
64 550 49374 7513088
64 551 49314 7513088
64 552 49374 7513088
64 553 49345 7513088
64 554 49287 7513088
64 555 49315 7513088
64 556 49311 7513088
64 557 49288 7513088
64 558 49399 7513088
64 559 49290 7513088
64 560 49288 7513088
64 561 49341 7513088
64 562 49285 7513088
64 563 49289 7513088
64 564 49315 7513088
64 565 49314 7513088
64 566 49288 7513088
64 567 49342 7513088
64 568 49317 7513088
64 569 49342 7513088
64 570 49291 7513088
64 571 49289 7513088
64 572 49345 7513088
64 573 49315 7513088
64 574 49317 7513088
64 575 49286 7513088
64 576 49287 7513088
64 577 49315 7513088
64 578 49288 7513088
64 579 49288 7513088
64 580 49288 7513088
64 581 49285 7513088
64 582 49313 7513088
64 583 49343 7513088
64 584 49312 7513088
64 585 49288 7513088
64 586 49315 7513088
64 587 49287 7513088
64 588 49288 7513088
64 589 49313 7513088
64 590 49317 7513088
64 591 49312 7513088
64 592 49289 7513088
64 593 49288 7513088
64 594 49315 7513088
64 595 49288 7513088
64 596 49316 7513088
64 597 49315 7513088
64 598 49287 7513088
64 599 49312 7513088
64 600 49288 7513088
64 601 49288 7513088
64 602 49287 7513088
64 603 49288 7513088
64 604 49311 7513088
64 605 49288 7513088
64 606 49288 7513088
64 607 49312 7513088
64 608 49288 7513088
64 609 49331 7513088
64 610 49288 7513088
64 611 49288 7513088
64 612 49289 7513088
64 613 49289 7513088
64 614 49288 7513088
64 615 49287 7513088
64 616 49288 7513088
64 617 49310 7513088
64 618 49288 7513088
64 619 49315 7513088
64 620 49288 7513088
64 621 49310 7513088
64 622 49310 7513088
64 623 49427 7513088
64 624 49288 7513088
64 625 49287 7513088
64 626 49289 7513088
64 627 49374 7513088
64 628 49346 7513088
64 629 49288 7513088
64 630 49313 7513088
64 631 49403 7513088
64 632 49318 7513088
64 633 49376 7513088
64 634 49288 7513088
64 635 49372 7513088
64 636 49429 7513088
64 637 49319 7513088
64 638 49346 7513088
64 639 49343 7513088
64 640 49397 7513088
64 641 49344 7513088
64 642 49289 7513088
64 643 49289 7513088
64 644 49313 7513088
64 645 49346 7513088
64 646 49343 7513088
64 647 49316 7513088
64 648 49318 7513088
64 649 49315 7513088
64 650 49396 7513088
64 651 49288 7513088
64 652 49342 7513088
64 653 49288 7513088
64 654 49288 7513088
64 655 49289 7513088
64 656 49347 7513088
64 657 49314 7513088
64 658 49311 7513088
64 659 49287 7513088
64 660 49369 7513088
64 661 49288 7513088
64 662 49288 7513088
64 663 49288 7513088
64 664 49288 7513088
64 665 49287 7513088
64 666 49349 7513088
64 667 49287 7513088
64 668 49287 7513088
64 669 49316 7513088
64 670 49286 7513088
64 671 49314 7513088
64 672 49288 7513088
64 673 49314 7513088
64 674 49287 7513088
64 675 49288 7513088
64 676 49318 7513088
64 677 49287 7513088
64 678 49313 7513088
64 679 49316 7513088
64 680 49287 7513088
64 681 49287 7513088
64 682 49316 7513088
64 683 49311 7513088
64 684 49316 7513088
64 685 49287 7513088
64 686 49287 7513088
64 687 49313 7513088
64 688 49288 7513088
64 689 49308 7513088
64 690 49286 7513088
64 691 49309 7513088
64 692 49319 7513088
64 693 49288 7513088
64 694 49288 7513088
64 695 49287 7513088
64 696 49286 7513088
64 697 49289 7513088
64 698 49309 7513088
64 699 49288 7513088
64 700 49310 7513088
64 701 49288 7513088
64 702 49287 7513088
64 703 49287 7513088
64 704 49288 7513088
64 705 49288 7513088
64 706 49288 7513088
64 707 49287 7513088
64 708 49288 7513088
64 709 49289 7513088
64 710 49288 7513088
64 711 49288 7513088
64 712 49288 7513088
64 713 49286 7513088
64 714 49288 7513088
64 715 49343 7513088
64 716 49317 7513088
64 717 49289 7513088
64 718 49312 7513088
64 719 49372 7513088
64 720 49318 7513088
64 721 49316 7513088
64 722 49288 7513088
64 723 49318 7513088
64 724 49371 7513088
64 725 49318 7513088
64 726 49288 7513088
64 727 49342 7513088
64 728 49344 7513088
64 729 49316 7513088
64 730 49288 7513088
64 731 49288 7513088
64 732 49314 7513088
64 733 49317 7513088
64 734 49345 7513088
64 735 49341 7513088
64 736 49345 7513088
64 737 49316 7513088
64 738 49288 7513088
64 739 49315 7513088
64 740 49315 7513088
64 741 49316 7513088
64 742 49286 7513088
64 743 49317 7513088
64 744 49288 7513088
64 745 49287 7513088
64 746 49314 7513088
64 747 49346 7513088
64 748 49341 7513088
64 749 49288 7513088
64 750 49317 7513088
64 751 49315 7513088
64 752 49314 7513088
64 753 49317 7513088
64 754 49285 7513088
64 755 49287 7513088
64 756 49288 7513088
64 757 49346 7513088
64 758 49289 7513088
64 759 49284 7513088
64 760 49288 7513088
64 761 49367 7513088
64 762 49316 7513088
64 763 49289 7513088
64 764 49344 7513088
64 765 49287 7513088
64 766 49286 7513088
64 767 49313 7513088
64 768 49288 7513088
64 769 49316 7513088
64 770 49288 7513088
64 771 49315 7513088
64 772 49311 7513088
64 773 49287 7513088
64 774 49287 7513088
64 775 49318 7513088
64 776 49287 7513088
64 777 49288 7513088
64 778 49286 7513088
64 779 49288 7513088
64 780 49284 7513088
64 781 49287 7513088
64 782 49288 7513088
64 783 49312 7513088
64 784 49308 7513088
64 785 49288 7513088
64 786 49286 7513088
64 787 49288 7513088
64 788 49285 7513088
64 789 49289 7513088
64 790 49288 7513088
64 791 49287 7513088
64 792 49287 7513088
64 793 49288 7513088
64 794 49307 7513088
64 795 49289 7513088
64 796 49343 7513088
64 797 49310 7513088
64 798 49310 7513088
64 799 49287 7513088
64 800 49288 7513088
64 801 49316 7513088
64 802 49288 7513088
64 803 49318 7513088
64 804 49346 7513088
64 805 49287 7513088
64 806 49287 7513088
64 807 49288 7513088
64 808 49318 7513088
64 809 49288 7513088
64 810 49287 7513088
64 811 49343 7513088
64 812 49346 7513088
64 813 49288 7513088
64 814 49347 7513088
64 815 49318 7513088
64 816 49373 7513088
64 817 49340 7513088
64 818 49287 7513088
64 819 49345 7513088
64 820 49315 7513088
64 821 49315 7513088
64 822 49346 7513088
64 823 49343 7513088
64 824 49287 7513088
64 825 49288 7513088
64 826 49289 7513088
64 827 49311 7513088
64 828 49312 7513088
64 829 49348 7513088
64 830 49344 7513088
64 831 49317 7513088
64 832 49316 7513088
64 833 49316 7513088
64 834 49314 7513088
64 835 49290 7513088
64 836 49345 7513088
64 837 49289 7513088
64 838 49291 7513088
64 839 49315 7513088
64 840 49287 7513088
64 841 49288 7513088
64 842 49287 7513088
64 843 49288 7513088
64 844 49287 7513088
64 845 49288 7513088
64 846 49288 7513088
64 847 49314 7513088
64 848 49368 7513088
64 849 49338 7513088
64 850 49288 7513088
64 851 49286 7513088
64 852 49286 7513088
64 853 49287 7513088
64 854 49287 7513088
64 855 49286 7513088
64 856 49288 7513088
64 857 49314 7513088
64 858 49288 7513088
64 859 49343 7513088
64 860 49317 7513088
64 861 49287 7513088
64 862 49287 7513088
64 863 49287 7513088
64 864 49289 7513088
64 865 49341 7513088
64 866 49286 7513088
64 867 49313 7513088
64 868 49340 7513088
64 869 49287 7513088
64 870 49288 7513088
64 871 49288 7513088
64 872 49289 7513088
64 873 49288 7513088
64 874 49287 7513088
64 875 49313 7513088
64 876 49287 7513088
64 877 49286 7513088
64 878 49310 7513088
64 879 49288 7513088
64 880 49287 7513088
64 881 49288 7513088
64 882 49286 7513088
64 883 49286 7513088
64 884 49287 7513088
64 885 49287 7513088
64 886 49288 7513088
64 887 49331 7513088
64 888 49289 7513088
64 889 49315 7513088
64 890 49310 7513088
64 891 49348 7513088
64 892 49373 7513088
64 893 49289 7513088
64 894 49289 7513088
64 895 49309 7513088
64 896 49315 7513088
64 897 49317 7513088
64 898 49287 7513088
64 899 49373 7513088
64 900 49312 7513088
64 901 49289 7513088
64 902 49315 7513088
64 903 49288 7513088
64 904 49374 7513088
64 905 49347 7513088
64 906 49312 7513088
64 907 49379 7513088
64 908 49344 7513088
64 909 49344 7513088
64 910 49345 7513088
64 911 49289 7513088
64 912 49347 7513088
64 913 49425 7513088
64 914 49373 7513088
64 915 49319 7513088
64 916 49290 7513088
64 917 49432 7513088
64 918 49344 7513088
64 919 49340 7513088
64 920 49287 7513088
64 921 49313 7513088
64 922 49288 7513088
64 923 49287 7513088
64 924 49367 7513088
64 925 49314 7513088
64 926 49341 7513088
64 927 49318 7513088
64 928 49288 7513088
64 929 49288 7513088
64 930 49286 7513088
64 931 49289 7513088
64 932 49313 7513088
64 933 49341 7513088
64 934 49287 7513088
64 935 49286 7513088
64 936 49341 7513088
64 937 49287 7513088
64 938 49342 7513088
64 939 49288 7513088
64 940 49343 7513088
64 941 49289 7513088
64 942 49288 7513088
64 943 49345 7513088
64 944 49313 7513088
64 945 49286 7513088
64 946 49286 7513088
64 947 49343 7513088
64 948 49288 7513088
64 949 49287 7513088
64 950 49288 7513088
64 951 49286 7513088
64 952 49287 7513088
64 953 49285 7513088
64 954 49288 7513088
64 955 49288 7513088
64 956 49285 7513088
64 957 49288 7513088
64 958 49287 7513088
64 959 49287 7513088
64 960 49288 7513088
64 961 49312 7513088
64 962 49287 7513088
64 963 49316 7513088
64 964 49287 7513088
64 965 49288 7513088
64 966 49288 7513088
64 967 49287 7513088
64 968 49288 7513088
64 969 49286 7513088
64 970 49288 7513088
64 971 49287 7513088
64 972 49287 7513088
64 973 49288 7513088
64 974 49287 7513088
64 975 49288 7513088
64 976 49288 7513088
64 977 49288 7513088
64 978 49333 7513088
64 979 49314 7513088
64 980 49288 7513088
64 981 49288 7513088
64 982 49288 7513088
64 983 49288 7513088
64 984 49317 7513088
64 985 49318 7513088
64 986 49288 7513088
64 987 49370 7513088
64 988 49375 7513088
64 989 49312 7513088
64 990 49345 7513088
64 991 49288 7513088
64 992 49346 7513088
64 993 49375 7513088
64 994 49286 7513088
64 995 49344 7513088
64 996 49376 7513088
64 997 49347 7513088
64 998 49315 7513088
64 999 49288 7513088
