256 0 4744235 1823096832
256 1 4543874 1823096832
256 2 4541297 1823096832
256 3 4541991 1823096832
256 4 4540151 1823096832
256 5 4539963 1823096832
256 6 4540419 1823096832
256 7 4540400 1823096832
256 8 4539872 1823096832
256 9 4541031 1823096832
256 10 4539647 1823096832
256 11 4540164 1823096832
256 12 4541860 1823096832
256 13 4540500 1823096832
256 14 4541281 1823096832
256 15 4541091 1823096832
256 16 4541727 1823096832
256 17 4539609 1823096832
256 18 4542231 1823096832
256 19 4540070 1823096832
256 20 4542480 1823096832
256 21 4540120 1823096832
256 22 4542057 1823096832
256 23 4540429 1823096832
256 24 4541020 1823096832
256 25 4540791 1823096832
256 26 4542684 1823096832
256 27 4540919 1823096832
256 28 4539917 1823096832
256 29 4541298 1823096832
256 30 4540427 1823096832
256 31 4540123 1823096832
256 32 4541129 1823096832
256 33 4541906 1823096832
256 34 4539452 1823096832
256 35 4541233 1823096832
256 36 4539968 1823096832
256 37 4541108 1823096832
256 38 4540838 1823096832
256 39 4541111 1823096832
256 40 4540779 1823096832
256 41 4541819 1823096832
256 42 4541043 1823096832
256 43 4542852 1823096832
256 44 4539375 1823096832
256 45 4542076 1823096832
256 46 4540696 1823096832
256 47 4541914 1823096832
256 48 4540275 1823096832
256 49 4542898 1823096832
256 50 4540674 1823096832
256 51 4540436 1823096832
256 52 4540487 1823096832
256 53 4540703 1823096832
256 54 4539815 1823096832
256 55 4539680 1823096832
256 56 4542590 1823096832
256 57 4540741 1823096832
256 58 4541683 1823096832
256 59 4540173 1823096832
256 60 4542227 1823096832
256 61 4541276 1823096832
256 62 4541901 1823096832
256 63 4540459 1823096832
256 64 4541726 1823096832
256 65 4540404 1823096832
256 66 4542366 1823096832
256 67 4539970 1823096832
256 68 4541387 1823096832
256 69 4540044 1823096832
256 70 4541698 1823096832
256 71 4540945 1823096832
256 72 4539736 1823096832
256 73 4540944 1823096832
256 74 4540481 1823096832
256 75 4541398 1823096832
256 76 4541747 1823096832
256 77 4542824 1823096832
256 78 4539607 1823096832
256 79 4543380 1823096832
256 80 4539669 1823096832
256 81 4541357 1823096832
256 82 4540647 1823096832
256 83 4541901 1823096832
256 84 4541240 1823096832
256 85 4542169 1823096832
256 86 4540698 1823096832
256 87 4541338 1823096832
256 88 4540729 1823096832
256 89 4542425 1823096832
256 90 4540528 1823096832
256 91 4542440 1823096832
256 92 4541429 1823096832
256 93 4542056 1823096832
256 94 4540324 1823096832
256 95 4541702 1823096832
256 96 4540616 1823096832
256 97 4541047 1823096832
256 98 4539941 1823096832
256 99 4541136 1823096832
256 100 4541763 1823096832
256 101 4540077 1823096832
256 102 4541703 1823096832
256 103 4540286 1823096832
256 104 4541917 1823096832
256 105 4539918 1823096832
256 106 4541116 1823096832
256 107 4541059 1823096832
256 108 4541808 1823096832
256 109 4540090 1823096832
256 110 4541669 1823096832
256 111 4540794 1823096832
256 112 4541505 1823096832
256 113 4540592 1823096832
256 114 4540402 1823096832
256 115 4540937 1823096832
256 116 4539294 1823096832
256 117 4539406 1823096832
256 118 4540651 1823096832
256 119 4540981 1823096832
256 120 4540029 1823096832
256 121 4540524 1823096832
256 122 4540687 1823096832
256 123 4542182 1823096832
256 124 4540333 1823096832
256 125 4541866 1823096832
256 126 4540637 1823096832
256 127 4541717 1823096832
256 128 4540632 1823096832
256 129 4542527 1823096832
256 130 4540721 1823096832
256 131 4541781 1823096832
256 132 4540548 1823096832
256 133 4542865 1823096832
256 134 4540215 1823096832
256 135 4542595 1823096832
256 136 4538979 1823096832
256 137 4541609 1823096832
256 138 4540827 1823096832
256 139 4540929 1823096832
256 140 4540235 1823096832
256 141 4540260 1823096832
256 142 4540476 1823096832
256 143 4539901 1823096832
256 144 4541578 1823096832
256 145 4540126 1823096832
256 146 4542547 1823096832
256 147 4540360 1823096832
256 148 4542107 1823096832
256 149 4541085 1823096832
256 150 4542147 1823096832
256 151 4539261 1823096832
256 152 4542431 1823096832
256 153 4540537 1823096832
256 154 4541876 1823096832
256 155 4540320 1823096832
256 156 4541264 1823096832
256 157 4540963 1823096832
256 158 4542305 1823096832
256 159 4540463 1823096832
256 160 4539614 1823096832
256 161 4540221 1823096832
256 162 4539999 1823096832
256 163 4540296 1823096832
256 164 4540357 1823096832
256 165 4542311 1823096832
256 166 4540110 1823096832
256 167 4542491 1823096832
256 168 4540022 1823096832
256 169 4542446 1823096832
256 170 4541161 1823096832
256 171 4542130 1823096832
256 172 4539963 1823096832
256 173 4542472 1823096832
256 174 4540047 1823096832
256 175 4542065 1823096832
256 176 4540553 1823096832
256 177 4541671 1823096832
256 178 4540742 1823096832
256 179 4541192 1823096832
256 180 4539746 1823096832
256 181 4541238 1823096832
256 182 4539560 1823096832
256 183 4540440 1823096832
256 184 4540576 1823096832
256 185 4540772 1823096832
256 186 4540131 1823096832
256 187 4540455 1823096832
256 188 4540963 1823096832
256 189 4540071 1823096832
256 190 4541076 1823096832
256 191 4539766 1823096832
256 192 4541077 1823096832
256 193 4540291 1823096832
256 194 4542636 1823096832
256 195 4539769 1823096832
256 196 4542423 1823096832
256 197 4539637 1823096832
256 198 4542023 1823096832
256 199 4539979 1823096832
256 200 4542739 1823096832
256 201 4539607 1823096832
256 202 4541060 1823096832
256 203 4539318 1823096832
256 204 4541134 1823096832
256 205 4539973 1823096832
256 206 4539872 1823096832
256 207 4539243 1823096832
256 208 4540799 1823096832
256 209 4540450 1823096832
256 210 4539711 1823096832
256 211 4542504 1823096832
256 212 4540927 1823096832
256 213 4541638 1823096832
256 214 4540493 1823096832
256 215 4541621 1823096832
256 216 4539601 1823096832
256 217 4541214 1823096832
256 218 4539872 1823096832
256 219 4542959 1823096832
256 220 4539097 1823096832
256 221 4541915 1823096832
256 222 4540345 1823096832
256 223 4542223 1823096832
256 224 4541013 1823096832
256 225 4541881 1823096832
256 226 4540734 1823096832
256 227 4541152 1823096832
256 228 4540223 1823096832
256 229 4539726 1823096832
256 230 4541005 1823096832
256 231 4540815 1823096832
256 232 4542522 1823096832
256 233 4540462 1823096832
256 234 4541879 1823096832
256 235 4540618 1823096832
256 236 4542453 1823096832
256 237 4540519 1823096832
256 238 4541399 1823096832
256 239 4541758 1823096832
256 240 4541887 1823096832
256 241 4540155 1823096832
256 242 4541731 1823096832
256 243 4540078 1823096832
256 244 4542505 1823096832
256 245 4540716 1823096832
256 246 4541152 1823096832
256 247 4539618 1823096832
256 248 4540831 1823096832
256 249 4540941 1823096832
256 250 4541451 1823096832
256 251 4540221 1823096832
256 252 4541059 1823096832
256 253 4540196 1823096832
256 254 4539275 1823096832
256 255 4542213 1823096832
256 256 4540142 1823096832
256 257 4541977 1823096832
256 258 4540927 1823096832
256 259 4542940 1823096832
256 260 4541275 1823096832
256 261 4542516 1823096832
256 262 4540717 1823096832
256 263 4541028 1823096832
256 264 4539456 1823096832
256 265 4542440 1823096832
256 266 4540499 1823096832
256 267 4541641 1823096832
256 268 4540434 1823096832
256 269 4541805 1823096832
256 270 4539626 1823096832
256 271 4538858 1823096832
256 272 4539452 1823096832
256 273 4540478 1823096832
256 274 4540649 1823096832
256 275 4540614 1823096832
256 276 4541876 1823096832
256 277 4540737 1823096832
256 278 4542143 1823096832
256 279 4540251 1823096832
256 280 4541167 1823096832
256 281 4540481 1823096832
256 282 4541896 1823096832
256 283 4541408 1823096832
256 284 4543260 1823096832
256 285 4540792 1823096832
256 286 4541579 1823096832
256 287 4540349 1823096832
256 288 4542628 1823096832
256 289 4540779 1823096832
256 290 4540580 1823096832
256 291 4540393 1823096832
256 292 4542532 1823096832
256 293 4540381 1823096832
256 294 4540075 1823096832
256 295 4539723 1823096832
256 296 4540182 1823096832
256 297 4540518 1823096832
256 298 4540304 1823096832
256 299 4541602 1823096832
256 300 4540615 1823096832
256 301 4541094 1823096832
256 302 4540888 1823096832
256 303 4541804 1823096832
256 304 4541381 1823096832
256 305 4541753 1823096832
256 306 4541034 1823096832
256 307 4541363 1823096832
256 308 4540327 1823096832
256 309 4541707 1823096832
256 310 4540790 1823096832
256 311 4542234 1823096832
256 312 4541164 1823096832
256 313 4541385 1823096832
256 314 4540494 1823096832
256 315 4540356 1823096832
256 316 4541757 1823096832
256 317 4539905 1823096832
256 318 4540616 1823096832
256 319 4540470 1823096832
256 320 4542908 1823096832
256 321 4540108 1823096832
256 322 4542183 1823096832
256 323 4540120 1823096832
256 324 4542554 1823096832
256 325 4540292 1823096832
256 326 4542239 1823096832
256 327 4540243 1823096832
256 328 4541968 1823096832
256 329 4539297 1823096832
256 330 4541497 1823096832
256 331 4540475 1823096832
256 332 4541810 1823096832
256 333 4541086 1823096832
256 334 4541329 1823096832
256 335 4541169 1823096832
256 336 4541652 1823096832
256 337 4540746 1823096832
256 338 4540012 1823096832
256 339 4541210 1823096832
256 340 4540625 1823096832
256 341 4539951 1823096832
256 342 4540051 1823096832
256 343 4541450 1823096832
256 344 4540039 1823096832
256 345 4541171 1823096832
256 346 4539196 1823096832
256 347 4542414 1823096832
256 348 4540700 1823096832
256 349 4541659 1823096832
256 350 4540161 1823096832
256 351 4541413 1823096832
256 352 4541073 1823096832
256 353 4541041 1823096832
256 354 4540909 1823096832
256 355 4542331 1823096832
256 356 4540696 1823096832
256 357 4541736 1823096832
256 358 4540995 1823096832
256 359 4540544 1823096832
256 360 4538928 1823096832
256 361 4540269 1823096832
256 362 4540614 1823096832
256 363 4540091 1823096832
256 364 4542618 1823096832
256 365 4539897 1823096832
256 366 4541887 1823096832
256 367 4540511 1823096832
256 368 4542309 1823096832
256 369 4540096 1823096832
256 370 4542327 1823096832
256 371 4540064 1823096832
256 372 4541519 1823096832
256 373 4540519 1823096832
256 374 4541402 1823096832
256 375 4539210 1823096832
256 376 4542501 1823096832
256 377 4539962 1823096832
256 378 4542111 1823096832
256 379 4540437 1823096832
256 380 4542456 1823096832
256 381 4539898 1823096832
256 382 4540539 1823096832
256 383 4540412 1823096832
256 384 4539454 1823096832
256 385 4540085 1823096832
256 386 4541229 1823096832
256 387 4541031 1823096832
256 388 4539889 1823096832
256 389 4541536 1823096832
256 390 4540588 1823096832
256 391 4541682 1823096832
256 392 4539617 1823096832
256 393 4541992 1823096832
256 394 4541198 1823096832
256 395 4541760 1823096832
256 396 4539949 1823096832
256 397 4542590 1823096832
256 398 4539547 1823096832
256 399 4540787 1823096832
256 400 4540284 1823096832
256 401 4540448 1823096832
256 402 4539342 1823096832
256 403 4540018 1823096832
256 404 4540386 1823096832
256 405 4540649 1823096832
256 406 4540575 1823096832
256 407 4539197 1823096832
256 408 4541795 1823096832
256 409 4541515 1823096832
256 410 4541345 1823096832
256 411 4540381 1823096832
256 412 4542027 1823096832
256 413 4539311 1823096832
256 414 4542921 1823096832
256 415 4539810 1823096832
256 416 4542087 1823096832
256 417 4540446 1823096832
256 418 4541933 1823096832
256 419 4539604 1823096832
256 420 4542353 1823096832
256 421 4540395 1823096832
256 422 4542543 1823096832
256 423 4540533 1823096832
256 424 4542441 1823096832
256 425 4539865 1823096832
256 426 4540740 1823096832
256 427 4539068 1823096832
256 428 4540411 1823096832
256 429 4539994 1823096832
256 430 4539994 1823096832
256 431 4541237 1823096832
256 432 4540309 1823096832
256 433 4541201 1823096832
256 434 4539878 1823096832
256 435 4542640 1823096832
256 436 4540285 1823096832
256 437 4541965 1823096832
256 438 4541078 1823096832
256 439 4542854 1823096832
256 440 4540431 1823096832
256 441 4543376 1823096832
256 442 4541081 1823096832
256 443 4541245 1823096832
256 444 4540279 1823096832
256 445 4542453 1823096832
256 446 4539980 1823096832
256 447 4540501 1823096832
256 448 4540608 1823096832
256 449 4539772 1823096832
256 450 4541038 1823096832
256 451 4539937 1823096832
256 452 4542708 1823096832
256 453 4540492 1823096832
256 454 4541196 1823096832
256 455 4541133 1823096832
256 456 4541715 1823096832
256 457 4540839 1823096832
256 458 4540873 1823096832
256 459 4540401 1823096832
256 460 4541872 1823096832
256 461 4539305 1823096832
256 462 4541675 1823096832
256 463 4540181 1823096832
256 464 4541171 1823096832
256 465 4540884 1823096832
256 466 4542599 1823096832
256 467 4540236 1823096832
256 468 4541767 1823096832
256 469 4540288 1823096832
256 470 4541460 1823096832
256 471 4540686 1823096832
256 472 4540425 1823096832
256 473 4539474 1823096832
256 474 4539997 1823096832
256 475 4542538 1823096832
256 476 4539958 1823096832
256 477 4541937 1823096832
256 478 4539916 1823096832
256 479 4542619 1823096832
256 480 4539886 1823096832
256 481 4542250 1823096832
256 482 4540217 1823096832
256 483 4541694 1823096832
256 484 4539854 1823096832
256 485 4541083 1823096832
256 486 4540516 1823096832
256 487 4541958 1823096832
256 488 4540021 1823096832
256 489 4542336 1823096832
256 490 4540202 1823096832
256 491 4540189 1823096832
256 492 4540131 1823096832
256 493 4540673 1823096832
256 494 4538981 1823096832
256 495 4540523 1823096832
256 496 4540471 1823096832
256 497 4539941 1823096832
256 498 4542779 1823096832
256 499 4540327 1823096832
256 500 4541352 1823096832
256 501 4540000 1823096832
256 502 4543152 1823096832
256 503 4540517 1823096832
256 504 4542394 1823096832
256 505 4539332 1823096832
256 506 4542256 1823096832
256 507 4539932 1823096832
256 508 4542114 1823096832
256 509 4540040 1823096832
256 510 4541202 1823096832
256 511 4540111 1823096832
256 512 4541000 1823096832
256 513 4540102 1823096832
256 514 4540209 1823096832
256 515 4540383 1823096832
256 516 4540852 1823096832
256 517 4541054 1823096832
256 518 4539612 1823096832
256 519 4541677 1823096832
256 520 4540041 1823096832
256 521 4541904 1823096832
256 522 4539581 1823096832
256 523 4541648 1823096832
256 524 4539056 1823096832
256 525 4541183 1823096832
256 526 4540202 1823096832
256 527 4542408 1823096832
256 528 4540377 1823096832
256 529 4541231 1823096832
256 530 4540566 1823096832
256 531 4542352 1823096832
256 532 4540670 1823096832
256 533 4541484 1823096832
256 534 4539997 1823096832
256 535 4539887 1823096832
256 536 4538507 1823096832
256 537 4540074 1823096832
256 538 4540414 1823096832
256 539 4540886 1823096832
256 540 4539720 1823096832
256 541 4539804 1823096832
256 542 4542326 1823096832
256 543 4540281 1823096832
256 544 4541913 1823096832
256 545 4540847 1823096832
256 546 4542008 1823096832
256 547 4539620 1823096832
256 548 4541804 1823096832
256 549 4540054 1823096832
256 550 4541008 1823096832
256 551 4540249 1823096832
256 552 4542458 1823096832
256 553 4540442 1823096832
256 554 4541871 1823096832
256 555 4540922 1823096832
256 556 4542358 1823096832
256 557 4540265 1823096832
256 558 4540152 1823096832
256 559 4540027 1823096832
256 560 4540418 1823096832
256 561 4539913 1823096832
256 562 4540411 1823096832
256 563 4540994 1823096832
256 564 4540254 1823096832
256 565 4541986 1823096832
256 566 4540030 1823096832
256 567 4541796 1823096832
256 568 4539884 1823096832
256 569 4542930 1823096832
256 570 4540094 1823096832
256 571 4542001 1823096832
256 572 4539769 1823096832
256 573 4541738 1823096832
256 574 4540210 1823096832
256 575 4542655 1823096832
256 576 4540288 1823096832
256 577 4541397 1823096832
256 578 4539943 1823096832
256 579 4542804 1823096832
256 580 4541268 1823096832
256 581 4539232 1823096832
256 582 4540177 1823096832
256 583 4539489 1823096832
256 584 4539610 1823096832
256 585 4540561 1823096832
256 586 4540907 1823096832
256 587 4540368 1823096832
256 588 4540740 1823096832
256 589 4541166 1823096832
256 590 4541108 1823096832
256 591 4539939 1823096832
256 592 4541755 1823096832
256 593 4538941 1823096832
256 594 4542102 1823096832
256 595 4541031 1823096832
256 596 4542377 1823096832
256 597 4540764 1823096832
256 598 4542025 1823096832
256 599 4539590 1823096832
256 600 4540731 1823096832
256 601 4540389 1823096832
256 602 4540855 1823096832
256 603 4539950 1823096832
256 604 4539425 1823096832
256 605 4541494 1823096832
256 606 4540247 1823096832
256 607 4541945 1823096832
256 608 4541283 1823096832
256 609 4541240 1823096832
256 610 4539912 1823096832
256 611 4542543 1823096832
256 612 4541134 1823096832
256 613 4542277 1823096832
256 614 4540315 1823096832
256 615 4542616 1823096832
256 616 4540370 1823096832
256 617 4541784 1823096832
256 618 4540562 1823096832
256 619 4541833 1823096832
256 620 4540961 1823096832
256 621 4541698 1823096832
256 622 4539683 1823096832
256 623 4542023 1823096832
256 624 4539960 1823096832
256 625 4540899 1823096832
256 626 4540057 1823096832
256 627 4540090 1823096832
256 628 4541331 1823096832
256 629 4540451 1823096832
256 630 4541200 1823096832
256 631 4539777 1823096832
256 632 4541115 1823096832
256 633 4540333 1823096832
256 634 4541795 1823096832
256 635 4540563 1823096832
256 636 4542026 1823096832
256 637 4540373 1823096832
256 638 4542199 1823096832
256 639 4539401 1823096832
256 640 4542031 1823096832
256 641 4541267 1823096832
256 642 4542091 1823096832
256 643 4540108 1823096832
256 644 4541614 1823096832
256 645 4539573 1823096832
256 646 4540786 1823096832
256 647 4539366 1823096832
256 648 4541433 1823096832
256 649 4540154 1823096832
256 650 4540529 1823096832
256 651 4542026 1823096832
256 652 4540561 1823096832
256 653 4542062 1823096832
256 654 4540739 1823096832
256 655 4542228 1823096832
256 656 4540618 1823096832
256 657 4541732 1823096832
256 658 4540307 1823096832
256 659 4541270 1823096832
256 660 4540258 1823096832
256 661 4542319 1823096832
256 662 4540270 1823096832
256 663 4541522 1823096832
256 664 4540224 1823096832
256 665 4541449 1823096832
256 666 4540920 1823096832
256 667 4542115 1823096832
256 668 4540476 1823096832
256 669 4539940 1823096832
256 670 4540434 1823096832
256 671 4539240 1823096832
256 672 4540770 1823096832
256 673 4540463 1823096832
256 674 4542258 1823096832
256 675 4540293 1823096832
256 676 4541987 1823096832
256 677 4540066 1823096832
256 678 4541808 1823096832
256 679 4540438 1823096832
256 680 4542032 1823096832
256 681 4539750 1823096832
256 682 4542059 1823096832
256 683 4540461 1823096832
256 684 4541854 1823096832
256 685 4540030 1823096832
256 686 4542373 1823096832
256 687 4539974 1823096832
256 688 4542052 1823096832
256 689 4539699 1823096832
256 690 4541353 1823096832
256 691 4540947 1823096832
256 692 4540714 1823096832
256 693 4540391 1823096832
256 694 4540419 1823096832
256 695 4542277 1823096832
256 696 4541130 1823096832
256 697 4541856 1823096832
256 698 4541426 1823096832
256 699 4542659 1823096832
256 700 4540611 1823096832
256 701 4541799 1823096832
256 702 4540840 1823096832
256 703 4542204 1823096832
256 704 4541389 1823096832
256 705 4542106 1823096832
256 706 4540108 1823096832
256 707 4541859 1823096832
256 708 4540182 1823096832
256 709 4541546 1823096832
256 710 4540755 1823096832
256 711 4542613 1823096832
256 712 4540729 1823096832
256 713 4540235 1823096832
256 714 4539968 1823096832
256 715 4540578 1823096832
256 716 4540320 1823096832
256 717 4541046 1823096832
256 718 4541099 1823096832
256 719 4540776 1823096832
256 720 4542167 1823096832
256 721 4541291 1823096832
256 722 4540923 1823096832
256 723 4540114 1823096832
256 724 4542079 1823096832
256 725 4540531 1823096832
256 726 4542487 1823096832
256 727 4539462 1823096832
256 728 4541537 1823096832
256 729 4540113 1823096832
256 730 4541373 1823096832
256 731 4541537 1823096832
256 732 4541750 1823096832
256 733 4541275 1823096832
256 734 4540860 1823096832
256 735 4540239 1823096832
256 736 4540993 1823096832
256 737 4540441 1823096832
256 738 4540951 1823096832
256 739 4541893 1823096832
256 740 4541353 1823096832
256 741 4540325 1823096832
256 742 4539889 1823096832
256 743 4542304 1823096832
256 744 4540207 1823096832
256 745 4541988 1823096832
256 746 4539872 1823096832
256 747 4541552 1823096832
256 748 4540606 1823096832
256 749 4542384 1823096832
256 750 4541307 1823096832
256 751 4540247 1823096832
256 752 4540151 1823096832
256 753 4541249 1823096832
256 754 4539986 1823096832
256 755 4541024 1823096832
256 756 4540697 1823096832
256 757 4540288 1823096832
256 758 4538905 1823096832
256 759 4540395 1823096832
256 760 4540563 1823096832
256 761 4540160 1823096832
256 762 4541616 1823096832
256 763 4540699 1823096832
256 764 4541469 1823096832
256 765 4540640 1823096832
256 766 4540876 1823096832
256 767 4540483 1823096832
256 768 4541148 1823096832
256 769 4540435 1823096832
256 770 4541821 1823096832
256 771 4539930 1823096832
256 772 4542084 1823096832
256 773 4540330 1823096832
256 774 4542747 1823096832
256 775 4540868 1823096832
256 776 4542328 1823096832
256 777 4541096 1823096832
256 778 4541055 1823096832
256 779 4539420 1823096832
256 780 4540013 1823096832
256 781 4539659 1823096832
256 782 4539363 1823096832
256 783 4539896 1823096832
256 784 4540007 1823096832
256 785 4542004 1823096832
256 786 4540175 1823096832
256 787 4540471 1823096832
256 788 4540664 1823096832
256 789 4542669 1823096832
256 790 4540581 1823096832
256 791 4542069 1823096832
256 792 4541206 1823096832
256 793 4541457 1823096832
256 794 4540674 1823096832
256 795 4542380 1823096832
256 796 4540570 1823096832
256 797 4540527 1823096832
256 798 4541184 1823096832
256 799 4540628 1823096832
256 800 4540322 1823096832
256 801 4541280 1823096832
256 802 4540467 1823096832
256 803 4540934 1823096832
256 804 4539531 1823096832
256 805 4540336 1823096832
256 806 4541602 1823096832
256 807 4539819 1823096832
256 808 4541332 1823096832
256 809 4539796 1823096832
256 810 4543203 1823096832
256 811 4539900 1823096832
256 812 4541921 1823096832
256 813 4539522 1823096832
256 814 4540717 1823096832
256 815 4540130 1823096832
256 816 4542955 1823096832
256 817 4539598 1823096832
256 818 4540692 1823096832
256 819 4540143 1823096832
256 820 4541570 1823096832
256 821 4539975 1823096832
256 822 4540449 1823096832
256 823 4540933 1823096832
256 824 4540067 1823096832
256 825 4540547 1823096832
256 826 4539833 1823096832
256 827 4540381 1823096832
256 828 4539678 1823096832
256 829 4541679 1823096832
256 830 4540185 1823096832
256 831 4541559 1823096832
256 832 4540591 1823096832
256 833 4541701 1823096832
256 834 4541461 1823096832
256 835 4541854 1823096832
256 836 4538902 1823096832
256 837 4541904 1823096832
256 838 4540091 1823096832
256 839 4541581 1823096832
256 840 4540464 1823096832
256 841 4542250 1823096832
256 842 4540966 1823096832
256 843 4541615 1823096832
256 844 4540161 1823096832
256 845 4540581 1823096832
256 846 4539641 1823096832
256 847 4540956 1823096832
256 848 4540122 1823096832
256 849 4540374 1823096832
256 850 4542137 1823096832
256 851 4540951 1823096832
256 852 4542027 1823096832
256 853 4540724 1823096832
256 854 4542815 1823096832
256 855 4540664 1823096832
256 856 4541723 1823096832
256 857 4540508 1823096832
256 858 4541880 1823096832
256 859 4541132 1823096832
256 860 4541618 1823096832
256 861 4540833 1823096832
256 862 4542230 1823096832
256 863 4540094 1823096832
256 864 4541633 1823096832
256 865 4540930 1823096832
256 866 4542446 1823096832
256 867 4541412 1823096832
256 868 4540197 1823096832
256 869 4539907 1823096832
256 870 4540336 1823096832
256 871 4539997 1823096832
256 872 4540861 1823096832
256 873 4540859 1823096832
256 874 4540261 1823096832
256 875 4541858 1823096832
256 876 4540273 1823096832
256 877 4542119 1823096832
256 878 4539692 1823096832
256 879 4541594 1823096832
256 880 4540274 1823096832
256 881 4541326 1823096832
256 882 4540679 1823096832
256 883 4541280 1823096832
256 884 4541126 1823096832
256 885 4542198 1823096832
256 886 4540488 1823096832
256 887 4542947 1823096832
256 888 4540517 1823096832
256 889 4540774 1823096832
256 890 4539926 1823096832
256 891 4540437 1823096832
256 892 4540380 1823096832
256 893 4539616 1823096832
256 894 4541078 1823096832
256 895 4538933 1823096832
256 896 4542196 1823096832
256 897 4540792 1823096832
256 898 4540632 1823096832
256 899 4540971 1823096832
256 900 4542793 1823096832
256 901 4539370 1823096832
256 902 4542158 1823096832
256 903 4540308 1823096832
256 904 4541666 1823096832
256 905 4540102 1823096832
256 906 4542167 1823096832
256 907 4540564 1823096832
256 908 4542537 1823096832
256 909 4540042 1823096832
256 910 4542087 1823096832
256 911 4540427 1823096832
256 912 4539619 1823096832
256 913 4540172 1823096832
256 914 4539955 1823096832
256 915 4541408 1823096832
256 916 4540629 1823096832
256 917 4542088 1823096832
256 918 4540616 1823096832
256 919 4542055 1823096832
256 920 4541008 1823096832
256 921 4542218 1823096832
256 922 4539571 1823096832
256 923 4541854 1823096832
256 924 4540337 1823096832
256 925 4542380 1823096832
256 926 4540707 1823096832
256 927 4541670 1823096832
256 928 4540175 1823096832
256 929 4542219 1823096832
256 930 4540581 1823096832
256 931 4541545 1823096832
256 932 4540992 1823096832
256 933 4540847 1823096832
256 934 4539122 1823096832
256 935 4540518 1823096832
256 936 4540320 1823096832
256 937 4539527 1823096832
256 938 4543030 1823096832
256 939 4540430 1823096832
256 940 4541807 1823096832
256 941 4539781 1823096832
256 942 4542407 1823096832
256 943 4540592 1823096832
256 944 4541853 1823096832
256 945 4539936 1823096832
256 946 4542650 1823096832
256 947 4540065 1823096832
256 948 4543017 1823096832
256 949 4538798 1823096832
256 950 4542443 1823096832
256 951 4541203 1823096832
256 952 4541935 1823096832
256 953 4541171 1823096832
256 954 4543087 1823096832
256 955 4540561 1823096832
256 956 4540935 1823096832
256 957 4540488 1823096832
256 958 4541389 1823096832
256 959 4540206 1823096832
256 960 4540147 1823096832
256 961 4542585 1823096832
256 962 4540085 1823096832
256 963 4541298 1823096832
256 964 4540667 1823096832
256 965 4541563 1823096832
256 966 4540557 1823096832
256 967 4541858 1823096832
256 968 4541456 1823096832
256 969 4542200 1823096832
256 970 4540648 1823096832
256 971 4542090 1823096832
256 972 4541186 1823096832
256 973 4542536 1823096832
256 974 4540565 1823096832
256 975 4540896 1823096832
256 976 4540733 1823096832
256 977 4539651 1823096832
256 978 4540271 1823096832
256 979 4540465 1823096832
256 980 4540684 1823096832
256 981 4540961 1823096832
256 982 4541181 1823096832
256 983 4540067 1823096832
256 984 4541599 1823096832
256 985 4541024 1823096832
256 986 4541508 1823096832
256 987 4540133 1823096832
256 988 4542153 1823096832
256 989 4540234 1823096832
256 990 4542546 1823096832
256 991 4540913 1823096832
256 992 4541643 1823096832
256 993 4540490 1823096832
256 994 4542383 1823096832
256 995 4540557 1823096832
256 996 4542226 1823096832
256 997 4539693 1823096832
256 998 4541500 1823096832
256 999 4540016 1823096832
