512 0 2334760 3131637760
512 1 2333738 3131637760
512 2 2333232 3131637760
512 3 2333136 3131637760
512 4 2333009 3131637760
512 5 2332872 3131637760
512 6 2333167 3131637760
512 7 2333457 3131637760
512 8 2333054 3131637760
512 9 2333688 3131637760
512 10 2333009 3131637760
512 11 2332779 3131637760
512 12 2333171 3131637760
512 13 2333535 3131637760
512 14 2333470 3131637760
512 15 2333374 3131637760
512 16 2333048 3131637760
512 17 2333286 3131637760
512 18 2333401 3131637760
512 19 2333166 3131637760
512 20 2333709 3131637760
512 21 2333121 3131637760
512 22 2333470 3131637760
512 23 2333236 3131637760
512 24 2333863 3131637760
512 25 2333631 3131637760
512 26 2333181 3131637760
512 27 2333438 3131637760
512 28 2332936 3131637760
512 29 2332987 3131637760
512 30 2333390 3131637760
512 31 2333045 3131637760
512 32 2333515 3131637760
512 33 2332756 3131637760
512 34 2333263 3131637760
512 35 2333196 3131637760
512 36 2333241 3131637760
512 37 2333874 3131637760
512 38 2333523 3131637760
512 39 2333383 3131637760
512 40 2333330 3131637760
512 41 2333212 3131637760
512 42 2333057 3131637760
512 43 2333229 3131637760
512 44 2333368 3131637760
512 45 2333697 3131637760
512 46 2332972 3131637760
512 47 2332861 3131637760
512 48 2333359 3131637760
512 49 2333226 3131637760
512 50 2332911 3131637760
512 51 2333972 3131637760
512 52 2333575 3131637760
512 53 2333120 3131637760
512 54 2333676 3131637760
512 55 2333586 3131637760
512 56 2333539 3131637760
512 57 2333307 3131637760
512 58 2333499 3131637760
512 59 2333177 3131637760
512 60 2333494 3131637760
512 61 2332875 3131637760
512 62 2332966 3131637760
512 63 2333192 3131637760
512 64 2333612 3131637760
512 65 2333483 3131637760
512 66 2332905 3131637760
512 67 2333793 3131637760
512 68 2333267 3131637760
512 69 2333915 3131637760
512 70 2333198 3131637760
512 71 2333263 3131637760
512 72 2333569 3131637760
512 73 2333089 3131637760
512 74 2333167 3131637760
512 75 2333157 3131637760
512 76 2333351 3131637760
512 77 2333165 3131637760
512 78 2333674 3131637760
512 79 2333657 3131637760
512 80 2333770 3131637760
512 81 2333020 3131637760
512 82 2333511 3131637760
512 83 2333406 3131637760
512 84 2333423 3131637760
512 85 2333166 3131637760
512 86 2332776 3131637760
512 87 2333143 3131637760
512 88 2333341 3131637760
512 89 2333075 3131637760
512 90 2333177 3131637760
512 91 2332923 3131637760
512 92 2333305 3131637760
512 93 2333213 3131637760
512 94 2333662 3131637760
512 95 2333100 3131637760
512 96 2333212 3131637760
512 97 2333329 3131637760
512 98 2333458 3131637760
512 99 2333043 3131637760
512 100 2333373 3131637760
512 101 2333697 3131637760
512 102 2333403 3131637760
512 103 2332922 3131637760
512 104 2333069 3131637760
512 105 2333428 3131637760
512 106 2333193 3131637760
512 107 2333594 3131637760
512 108 2333419 3131637760
512 109 2333449 3131637760
512 110 2333109 3131637760
512 111 2333075 3131637760
512 112 2333515 3131637760
512 113 2333497 3131637760
512 114 2333714 3131637760
512 115 2333448 3131637760
512 116 2332995 3131637760
512 117 2333384 3131637760
512 118 2333462 3131637760
512 119 2333549 3131637760
512 120 2333344 3131637760
512 121 2333613 3131637760
512 122 2333694 3131637760
512 123 2333373 3131637760
512 124 2333426 3131637760
512 125 2333279 3131637760
512 126 2332902 3131637760
512 127 2333792 3131637760
512 128 2333442 3131637760
512 129 2333352 3131637760
512 130 2333750 3131637760
512 131 2333224 3131637760
512 132 2333040 3131637760
512 133 2333579 3131637760
512 134 2333247 3131637760
512 135 2333641 3131637760
512 136 2332955 3131637760
512 137 2333380 3131637760
512 138 2333375 3131637760
512 139 2333431 3131637760
512 140 2333024 3131637760
512 141 2333102 3131637760
512 142 2333129 3131637760
512 143 2333429 3131637760
512 144 2333128 3131637760
512 145 2333426 3131637760
512 146 2333354 3131637760
512 147 2332833 3131637760
512 148 2333070 3131637760
512 149 2333453 3131637760
512 150 2333568 3131637760
512 151 2333301 3131637760
512 152 2333208 3131637760
512 153 2333375 3131637760
512 154 2333453 3131637760
512 155 2333293 3131637760
512 156 2333285 3131637760
512 157 2333084 3131637760
512 158 2333402 3131637760
512 159 2333185 3131637760
512 160 2333077 3131637760
512 161 2332916 3131637760
512 162 2333067 3131637760
512 163 2332957 3131637760
512 164 2333354 3131637760
512 165 2332977 3131637760
512 166 2333607 3131637760
512 167 2333056 3131637760
512 168 2333889 3131637760
512 169 2333259 3131637760
512 170 2332918 3131637760
512 171 2333250 3131637760
512 172 2333543 3131637760
512 173 2333639 3131637760
512 174 2333237 3131637760
512 175 2333367 3131637760
512 176 2333019 3131637760
512 177 2333335 3131637760
512 178 2333709 3131637760
512 179 2333553 3131637760
512 180 2333359 3131637760
512 181 2333411 3131637760
512 182 2333530 3131637760
512 183 2333608 3131637760
512 184 2333205 3131637760
512 185 2333024 3131637760
512 186 2333497 3131637760
512 187 2332850 3131637760
512 188 2333355 3131637760
512 189 2333280 3131637760
512 190 2333348 3131637760
512 191 2332508 3131637760
512 192 2333440 3131637760
512 193 2333461 3131637760
512 194 2332995 3131637760
512 195 2334195 3131637760
512 196 2333046 3131637760
512 197 2333128 3131637760
512 198 2333513 3131637760
512 199 2332954 3131637760
512 200 2333352 3131637760
512 201 2333011 3131637760
512 202 2332715 3131637760
512 203 2333061 3131637760
512 204 2333403 3131637760
512 205 2333305 3131637760
512 206 2332939 3131637760
512 207 2333520 3131637760
512 208 2333263 3131637760
512 209 2333430 3131637760
512 210 2333130 3131637760
512 211 2333050 3131637760
512 212 2333520 3131637760
512 213 2332755 3131637760
512 214 2333396 3131637760
512 215 2333261 3131637760
512 216 2333371 3131637760
512 217 2333387 3131637760
512 218 2333068 3131637760
512 219 2333691 3131637760
512 220 2333477 3131637760
512 221 2332831 3131637760
512 222 2332889 3131637760
512 223 2333232 3131637760
512 224 2333593 3131637760
512 225 2333398 3131637760
512 226 2332999 3131637760
512 227 2333263 3131637760
512 228 2333294 3131637760
512 229 2333538 3131637760
512 230 2333524 3131637760
512 231 2333585 3131637760
512 232 2333680 3131637760
512 233 2333289 3131637760
512 234 2333484 3131637760
512 235 2333451 3131637760
512 236 2333185 3131637760
512 237 2333116 3131637760
512 238 2333401 3131637760
512 239 2333289 3131637760
512 240 2333198 3131637760
512 241 2333480 3131637760
512 242 2333280 3131637760
512 243 2333452 3131637760
512 244 2333500 3131637760
512 245 2333294 3131637760
512 246 2332975 3131637760
512 247 2333683 3131637760
512 248 2333539 3131637760
512 249 2333363 3131637760
512 250 2333270 3131637760
512 251 2333283 3131637760
512 252 2333800 3131637760
512 253 2332981 3131637760
512 254 2332991 3131637760
512 255 2333596 3131637760
512 256 2333139 3131637760
512 257 2333488 3131637760
512 258 2333215 3131637760
512 259 2333297 3131637760
512 260 2333517 3131637760
512 261 2333342 3131637760
512 262 2333106 3131637760
512 263 2333483 3131637760
512 264 2333373 3131637760
512 265 2333338 3131637760
512 266 2333308 3131637760
512 267 2333343 3131637760
512 268 2333233 3131637760
512 269 2333480 3131637760
512 270 2333188 3131637760
512 271 2332950 3131637760
512 272 2333723 3131637760
512 273 2333381 3131637760
512 274 2333584 3131637760
512 275 2334248 3131637760
512 276 2333029 3131637760
512 277 2333171 3131637760
512 278 2333883 3131637760
512 279 2333391 3131637760
512 280 2333056 3131637760
512 281 2332766 3131637760
512 282 2333100 3131637760
512 283 2333072 3131637760
512 284 2333654 3131637760
512 285 2333656 3131637760
512 286 2333165 3131637760
512 287 2332922 3131637760
512 288 2332989 3131637760
512 289 2333338 3131637760
512 290 2333409 3131637760
512 291 2333256 3131637760
512 292 2333391 3131637760
512 293 2333514 3131637760
512 294 2332919 3131637760
512 295 2333372 3131637760
512 296 2333201 3131637760
512 297 2333344 3131637760
512 298 2332627 3131637760
512 299 2333339 3131637760
512 300 2333366 3131637760
512 301 2332919 3131637760
512 302 2333240 3131637760
512 303 2333671 3131637760
512 304 2333162 3131637760
512 305 2332968 3131637760
512 306 2333308 3131637760
512 307 2333423 3131637760
512 308 2333124 3131637760
512 309 2333676 3131637760
512 310 2333369 3131637760
512 311 2332873 3131637760
512 312 2333386 3131637760
512 313 2333236 3131637760
512 314 2333428 3131637760
512 315 2333401 3131637760
512 316 2333457 3131637760
512 317 2332946 3131637760
512 318 2332763 3131637760
512 319 2333492 3131637760
512 320 2332824 3131637760
512 321 2333024 3131637760
512 322 2332984 3131637760
512 323 2332856 3131637760
512 324 2333485 3131637760
512 325 2333147 3131637760
512 326 2332519 3131637760
512 327 2333594 3131637760
512 328 2333699 3131637760
512 329 2332934 3131637760
512 330 2333354 3131637760
512 331 2333144 3131637760
512 332 2333888 3131637760
512 333 2333317 3131637760
512 334 2332886 3131637760
512 335 2333426 3131637760
512 336 2333153 3131637760
512 337 2333407 3131637760
512 338 2333108 3131637760
512 339 2333576 3131637760
512 340 2333259 3131637760
512 341 2333475 3131637760
512 342 2332897 3131637760
512 343 2332836 3131637760
512 344 2333118 3131637760
512 345 2333266 3131637760
512 346 2333488 3131637760
512 347 2333641 3131637760
512 348 2333241 3131637760
512 349 2333358 3131637760
512 350 2333345 3131637760
512 351 2332827 3131637760
512 352 2333583 3131637760
512 353 2333423 3131637760
512 354 2333530 3131637760
512 355 2333350 3131637760
512 356 2333080 3131637760
512 357 2333455 3131637760
512 358 2332905 3131637760
512 359 2333131 3131637760
512 360 2333222 3131637760
512 361 2333441 3131637760
512 362 2333601 3131637760
512 363 2333057 3131637760
512 364 2333372 3131637760
512 365 2333125 3131637760
512 366 2332904 3131637760
512 367 2333579 3131637760
512 368 2333357 3131637760
512 369 2333206 3131637760
512 370 2333261 3131637760
512 371 2332976 3131637760
512 372 2333262 3131637760
512 373 2333514 3131637760
512 374 2333486 3131637760
512 375 2333593 3131637760
512 376 2333474 3131637760
512 377 2333163 3131637760
512 378 2333654 3131637760
512 379 2333488 3131637760
512 380 2333474 3131637760
512 381 2333255 3131637760
512 382 2333332 3131637760
512 383 2333080 3131637760
512 384 2333408 3131637760
512 385 2333237 3131637760
512 386 2332882 3131637760
512 387 2333275 3131637760
512 388 2333260 3131637760
512 389 2333939 3131637760
512 390 2333157 3131637760
512 391 2333515 3131637760
512 392 2333191 3131637760
512 393 2333277 3131637760
512 394 2333499 3131637760
512 395 2333215 3131637760
512 396 2332802 3131637760
512 397 2333444 3131637760
512 398 2332863 3131637760
512 399 2333361 3131637760
512 400 2333357 3131637760
512 401 2333247 3131637760
512 402 2333285 3131637760
512 403 2333167 3131637760
512 404 2333488 3131637760
512 405 2333316 3131637760
512 406 2332068 3131637760
512 407 2333328 3131637760
512 408 2332896 3131637760
512 409 2333232 3131637760
512 410 2333379 3131637760
512 411 2333525 3131637760
512 412 2333009 3131637760
512 413 2333602 3131637760
512 414 2333597 3131637760
512 415 2333509 3131637760
512 416 2332422 3131637760
512 417 2333316 3131637760
512 418 2333921 3131637760
512 419 2333610 3131637760
512 420 2333501 3131637760
512 421 2332879 3131637760
512 422 2333133 3131637760
512 423 2333329 3131637760
512 424 2333396 3131637760
512 425 2333488 3131637760
512 426 2333447 3131637760
512 427 2333305 3131637760
512 428 2333725 3131637760
512 429 2333165 3131637760
512 430 2333560 3131637760
512 431 2333053 3131637760
512 432 2332897 3131637760
512 433 2333392 3131637760
512 434 2333240 3131637760
512 435 2333434 3131637760
512 436 2333686 3131637760
512 437 2333328 3131637760
512 438 2333074 3131637760
512 439 2333736 3131637760
512 440 2333340 3131637760
512 441 2333296 3131637760
512 442 2333600 3131637760
512 443 2332544 3131637760
512 444 2333218 3131637760
512 445 2333338 3131637760
512 446 2333443 3131637760
512 447 2332969 3131637760
512 448 2333770 3131637760
512 449 2333315 3131637760
512 450 2333213 3131637760
512 451 2332996 3131637760
512 452 2333361 3131637760
512 453 2333296 3131637760
512 454 2333311 3131637760
512 455 2333383 3131637760
512 456 2332722 3131637760
512 457 2333366 3131637760
512 458 2333195 3131637760
512 459 2333404 3131637760
512 460 2333042 3131637760
512 461 2333747 3131637760
512 462 2333351 3131637760
512 463 2332997 3131637760
512 464 2333131 3131637760
512 465 2333667 3131637760
512 466 2333196 3131637760
512 467 2333550 3131637760
512 468 2332877 3131637760
512 469 2333353 3131637760
512 470 2333067 3131637760
512 471 2333322 3131637760
512 472 2333402 3131637760
512 473 2333162 3131637760
512 474 2333626 3131637760
512 475 2333521 3131637760
512 476 2332863 3131637760
512 477 2333205 3131637760
512 478 2333303 3131637760
512 479 2333354 3131637760
512 480 2333429 3131637760
512 481 2333395 3131637760
512 482 2333156 3131637760
512 483 2333228 3131637760
512 484 2333466 3131637760
512 485 2333578 3131637760
512 486 2333247 3131637760
512 487 2332978 3131637760
512 488 2333283 3131637760
512 489 2333107 3131637760
512 490 2333676 3131637760
512 491 2333530 3131637760
512 492 2332957 3131637760
512 493 2333671 3131637760
512 494 2333215 3131637760
512 495 2333583 3131637760
512 496 2332887 3131637760
512 497 2333446 3131637760
512 498 2332837 3131637760
512 499 2333363 3131637760
512 500 2333115 3131637760
512 501 2333036 3131637760
512 502 2333558 3131637760
512 503 2333082 3131637760
512 504 2333302 3131637760
512 505 2333702 3131637760
512 506 2332508 3131637760
512 507 2333128 3131637760
512 508 2333043 3131637760
512 509 2333153 3131637760
512 510 2333513 3131637760
512 511 2333283 3131637760
512 512 2333511 3131637760
512 513 2333200 3131637760
512 514 2333117 3131637760
512 515 2333272 3131637760
512 516 2332910 3131637760
512 517 2333319 3131637760
512 518 2333516 3131637760
512 519 2333179 3131637760
512 520 2333108 3131637760
512 521 2333292 3131637760
512 522 2333442 3131637760
512 523 2333898 3131637760
512 524 2333818 3131637760
512 525 2333470 3131637760
512 526 2332832 3131637760
512 527 2333216 3131637760
512 528 2333096 3131637760
512 529 2333406 3131637760
512 530 2333270 3131637760
512 531 2333147 3131637760
512 532 2333225 3131637760
512 533 2333429 3131637760
512 534 2333736 3131637760
512 535 2333724 3131637760
512 536 2333264 3131637760
512 537 2333606 3131637760
512 538 2333493 3131637760
512 539 2334070 3131637760
512 540 2333731 3131637760
512 541 2333012 3131637760
512 542 2333276 3131637760
512 543 2332969 3131637760
512 544 2333708 3131637760
512 545 2333103 3131637760
512 546 2333701 3131637760
512 547 2333930 3131637760
512 548 2333462 3131637760
512 549 2333203 3131637760
512 550 2333102 3131637760
512 551 2333139 3131637760
512 552 2333370 3131637760
512 553 2333828 3131637760
512 554 2333533 3131637760
512 555 2333561 3131637760
512 556 2333481 3131637760
512 557 2333362 3131637760
512 558 2333245 3131637760
512 559 2333363 3131637760
512 560 2333275 3131637760
512 561 2333041 3131637760
512 562 2333321 3131637760
512 563 2333395 3131637760
512 564 2333041 3131637760
512 565 2333561 3131637760
512 566 2332812 3131637760
512 567 2333510 3131637760
512 568 2333154 3131637760
512 569 2333649 3131637760
512 570 2333537 3131637760
512 571 2332831 3131637760
512 572 2333414 3131637760
512 573 2333084 3131637760
512 574 2333964 3131637760
512 575 2333541 3131637760
512 576 2333360 3131637760
512 577 2333323 3131637760
512 578 2332809 3131637760
512 579 2333495 3131637760
512 580 2333452 3131637760
512 581 2333482 3131637760
512 582 2333616 3131637760
512 583 2333726 3131637760
512 584 2333437 3131637760
512 585 2333748 3131637760
512 586 2332827 3131637760
512 587 2333776 3131637760
512 588 2333490 3131637760
512 589 2333211 3131637760
512 590 2333249 3131637760
512 591 2333507 3131637760
512 592 2332938 3131637760
512 593 2333785 3131637760
512 594 2333030 3131637760
512 595 2333630 3131637760
512 596 2333118 3131637760
512 597 2333229 3131637760
512 598 2333285 3131637760
512 599 2334061 3131637760
512 600 2333409 3131637760
512 601 2333315 3131637760
512 602 2333541 3131637760
512 603 2333599 3131637760
512 604 2333376 3131637760
512 605 2333548 3131637760
512 606 2333368 3131637760
512 607 2333868 3131637760
512 608 2333255 3131637760
512 609 2333335 3131637760
512 610 2333327 3131637760
512 611 2333147 3131637760
512 612 2333280 3131637760
512 613 2333351 3131637760
512 614 2333575 3131637760
512 615 2333326 3131637760
512 616 2332966 3131637760
512 617 2333025 3131637760
512 618 2333321 3131637760
512 619 2333062 3131637760
512 620 2333417 3131637760
512 621 2332864 3131637760
512 622 2333328 3131637760
512 623 2333794 3131637760
512 624 2332971 3131637760
512 625 2333089 3131637760
512 626 2333234 3131637760
512 627 2333088 3131637760
512 628 2333638 3131637760
512 629 2333182 3131637760
512 630 2333087 3131637760
512 631 2332948 3131637760
512 632 2333613 3131637760
512 633 2333471 3131637760
512 634 2333586 3131637760
512 635 2332944 3131637760
512 636 2333868 3131637760
512 637 2333172 3131637760
512 638 2333658 3131637760
512 639 2333794 3131637760
512 640 2333455 3131637760
512 641 2333667 3131637760
512 642 2333712 3131637760
512 643 2333636 3131637760
512 644 2333828 3131637760
512 645 2333574 3131637760
512 646 2333024 3131637760
512 647 2333691 3131637760
512 648 2333252 3131637760
512 649 2333872 3131637760
512 650 2333084 3131637760
512 651 2333060 3131637760
512 652 2333520 3131637760
512 653 2333175 3131637760
512 654 2333677 3131637760
512 655 2333499 3131637760
512 656 2332945 3131637760
512 657 2333436 3131637760
512 658 2333366 3131637760
512 659 2333684 3131637760
512 660 2333884 3131637760
512 661 2333482 3131637760
512 662 2333594 3131637760
512 663 2333488 3131637760
512 664 2334333 3131637760
512 665 2333079 3131637760
512 666 2333623 3131637760
512 667 2333197 3131637760
512 668 2333276 3131637760
512 669 2333778 3131637760
512 670 2333418 3131637760
512 671 2333244 3131637760
512 672 2333489 3131637760
512 673 2333212 3131637760
512 674 2333488 3131637760
512 675 2333352 3131637760
512 676 2332695 3131637760
512 677 2333567 3131637760
512 678 2333626 3131637760
512 679 2333368 3131637760
512 680 2333541 3131637760
512 681 2332587 3131637760
512 682 2333728 3131637760
512 683 2333489 3131637760
512 684 2332954 3131637760
512 685 2333565 3131637760
512 686 2333282 3131637760
512 687 2333307 3131637760
512 688 2333268 3131637760
512 689 2333354 3131637760
512 690 2333695 3131637760
512 691 2333733 3131637760
512 692 2333897 3131637760
512 693 2333571 3131637760
512 694 2333020 3131637760
512 695 2333341 3131637760
512 696 2332950 3131637760
512 697 2333616 3131637760
512 698 2332986 3131637760
512 699 2333405 3131637760
512 700 2333393 3131637760
512 701 2333606 3131637760
512 702 2333864 3131637760
512 703 2333537 3131637760
512 704 2333539 3131637760
512 705 2333847 3131637760
512 706 2333083 3131637760
512 707 2333526 3131637760
512 708 2333693 3131637760
512 709 2333582 3131637760
512 710 2333019 3131637760
512 711 2333096 3131637760
512 712 2333684 3131637760
512 713 2333783 3131637760
512 714 2333207 3131637760
512 715 2333841 3131637760
512 716 2332894 3131637760
512 717 2333505 3131637760
512 718 2332910 3131637760
512 719 2333389 3131637760
512 720 2333706 3131637760
512 721 2333842 3131637760
512 722 2333063 3131637760
512 723 2333466 3131637760
512 724 2333161 3131637760
512 725 2333166 3131637760
512 726 2333079 3131637760
512 727 2333688 3131637760
512 728 2333179 3131637760
512 729 2333226 3131637760
512 730 2333162 3131637760
512 731 2332959 3131637760
512 732 2333408 3131637760
512 733 2333607 3131637760
512 734 2333932 3131637760
512 735 2333320 3131637760
512 736 2332897 3131637760
512 737 2333682 3131637760
512 738 2333533 3131637760
512 739 2333462 3131637760
512 740 2333657 3131637760
512 741 2333306 3131637760
512 742 2333600 3131637760
512 743 2333805 3131637760
512 744 2333493 3131637760
512 745 2333247 3131637760
512 746 2332773 3131637760
512 747 2333311 3131637760
512 748 2333818 3131637760
512 749 2333605 3131637760
512 750 2333429 3131637760
512 751 2333255 3131637760
512 752 2333787 3131637760
512 753 2333585 3131637760
512 754 2333637 3131637760
512 755 2333357 3131637760
512 756 2333247 3131637760
512 757 2333950 3131637760
512 758 2333211 3131637760
512 759 2333602 3131637760
512 760 2333911 3131637760
512 761 2333446 3131637760
512 762 2333382 3131637760
512 763 2333156 3131637760
512 764 2333156 3131637760
512 765 2333586 3131637760
512 766 2333247 3131637760
512 767 2333778 3131637760
512 768 2333246 3131637760
512 769 2333127 3131637760
512 770 2333208 3131637760
512 771 2333286 3131637760
512 772 2333515 3131637760
512 773 2333444 3131637760
512 774 2333462 3131637760
512 775 2333531 3131637760
512 776 2333087 3131637760
512 777 2333722 3131637760
512 778 2333742 3131637760
512 779 2333374 3131637760
512 780 2333772 3131637760
512 781 2333330 3131637760
512 782 2333243 3131637760
512 783 2333701 3131637760
512 784 2333161 3131637760
512 785 2333685 3131637760
512 786 2333506 3131637760
512 787 2333282 3131637760
512 788 2333430 3131637760
512 789 2333549 3131637760
512 790 2333439 3131637760
512 791 2333144 3131637760
512 792 2333555 3131637760
512 793 2333383 3131637760
512 794 2333701 3131637760
512 795 2333947 3131637760
512 796 2333267 3131637760
512 797 2333607 3131637760
512 798 2333280 3131637760
512 799 2333090 3131637760
512 800 2333197 3131637760
512 801 2333572 3131637760
512 802 2333635 3131637760
512 803 2333046 3131637760
512 804 2333508 3131637760
512 805 2333611 3131637760
512 806 2333423 3131637760
512 807 2333525 3131637760
512 808 2333785 3131637760
512 809 2333363 3131637760
512 810 2333024 3131637760
512 811 2333304 3131637760
512 812 2333291 3131637760
512 813 2333117 3131637760
512 814 2333663 3131637760
512 815 2333736 3131637760
512 816 2333229 3131637760
512 817 2333541 3131637760
512 818 2333164 3131637760
512 819 2333190 3131637760
512 820 2333905 3131637760
512 821 2333229 3131637760
512 822 2333370 3131637760
512 823 2333107 3131637760
512 824 2333684 3131637760
512 825 2333122 3131637760
512 826 2333224 3131637760
512 827 2332934 3131637760
512 828 2333353 3131637760
512 829 2333224 3131637760
512 830 2333407 3131637760
512 831 2332556 3131637760
512 832 2333825 3131637760
512 833 2332979 3131637760
512 834 2334104 3131637760
512 835 2333730 3131637760
512 836 2332938 3131637760
512 837 2333638 3131637760
512 838 2333570 3131637760
512 839 2333479 3131637760
512 840 2333221 3131637760
512 841 2333008 3131637760
512 842 2333416 3131637760
512 843 2333312 3131637760
512 844 2333357 3131637760
512 845 2333543 3131637760
512 846 2333226 3131637760
512 847 2333599 3131637760
512 848 2333958 3131637760
512 849 2334139 3131637760
512 850 2333460 3131637760
512 851 2332953 3131637760
512 852 2333426 3131637760
512 853 2333008 3131637760
512 854 2333105 3131637760
512 855 2333348 3131637760
512 856 2333166 3131637760
512 857 2333664 3131637760
512 858 2333506 3131637760
512 859 2334015 3131637760
512 860 2333656 3131637760
512 861 2332812 3131637760
512 862 2333501 3131637760
512 863 2333458 3131637760
512 864 2333885 3131637760
512 865 2332808 3131637760
512 866 2333262 3131637760
512 867 2333142 3131637760
512 868 2333577 3131637760
512 869 2333336 3131637760
512 870 2333429 3131637760
512 871 2333038 3131637760
512 872 2333670 3131637760
512 873 2332954 3131637760
512 874 2333707 3131637760
512 875 2333463 3131637760
512 876 2332898 3131637760
512 877 2333084 3131637760
512 878 2333187 3131637760
512 879 2333172 3131637760
512 880 2333303 3131637760
512 881 2334129 3131637760
512 882 2333701 3131637760
512 883 2333714 3131637760
512 884 2333550 3131637760
512 885 2333081 3131637760
512 886 2333624 3131637760
512 887 2333577 3131637760
512 888 2333760 3131637760
512 889 2333667 3131637760
512 890 2333329 3131637760
512 891 2332843 3131637760
512 892 2333880 3131637760
512 893 2333205 3131637760
512 894 2333477 3131637760
512 895 2333173 3131637760
512 896 2333152 3131637760
512 897 2333603 3131637760
512 898 2333381 3131637760
512 899 2333730 3131637760
512 900 2333210 3131637760
512 901 2333153 3131637760
512 902 2333179 3131637760
512 903 2332971 3131637760
512 904 2333549 3131637760
512 905 2333708 3131637760
512 906 2332868 3131637760
512 907 2333173 3131637760
512 908 2333430 3131637760
512 909 2333486 3131637760
512 910 2333741 3131637760
512 911 2333817 3131637760
512 912 2333490 3131637760
512 913 2333634 3131637760
512 914 2333488 3131637760
512 915 2333486 3131637760
512 916 2333260 3131637760
512 917 2333883 3131637760
512 918 2333396 3131637760
512 919 2333386 3131637760
512 920 2333575 3131637760
512 921 2333279 3131637760
512 922 2333402 3131637760
512 923 2333539 3131637760
512 924 2333446 3131637760
512 925 2333665 3131637760
512 926 2333405 3131637760
512 927 2333858 3131637760
512 928 2333234 3131637760
512 929 2333812 3131637760
512 930 2333580 3131637760
512 931 2332953 3131637760
512 932 2333351 3131637760
512 933 2333025 3131637760
512 934 2333392 3131637760
512 935 2333562 3131637760
512 936 2333142 3131637760
512 937 2333524 3131637760
512 938 2333023 3131637760
512 939 2332704 3131637760
512 940 2333045 3131637760
512 941 2332930 3131637760
512 942 2333385 3131637760
512 943 2333319 3131637760
512 944 2333343 3131637760
512 945 2333017 3131637760
512 946 2333124 3131637760
512 947 2333500 3131637760
512 948 2333226 3131637760
512 949 2333424 3131637760
512 950 2333154 3131637760
512 951 2332746 3131637760
512 952 2333076 3131637760
512 953 2333693 3131637760
512 954 2333493 3131637760
512 955 2333774 3131637760
512 956 2333024 3131637760
512 957 2333358 3131637760
512 958 2333552 3131637760
512 959 2332987 3131637760
512 960 2333681 3131637760
512 961 2333227 3131637760
512 962 2333528 3131637760
512 963 2333361 3131637760
512 964 2333831 3131637760
512 965 2333977 3131637760
512 966 2333100 3131637760
512 967 2333623 3131637760
512 968 2333354 3131637760
512 969 2333736 3131637760
512 970 2333314 3131637760
512 971 2333051 3131637760
512 972 2333278 3131637760
512 973 2333388 3131637760
512 974 2333442 3131637760
512 975 2333443 3131637760
512 976 2333097 3131637760
512 977 2333072 3131637760
512 978 2333801 3131637760
512 979 2333218 3131637760
512 980 2333128 3131637760
512 981 2333002 3131637760
512 982 2333739 3131637760
512 983 2333228 3131637760
512 984 2333432 3131637760
512 985 2333942 3131637760
512 986 2333133 3131637760
512 987 2333428 3131637760
512 988 2333278 3131637760
512 989 2333485 3131637760
512 990 2333498 3131637760
512 991 2332971 3131637760
512 992 2333298 3131637760
512 993 2333630 3131637760
512 994 2333071 3131637760
512 995 2333683 3131637760
512 996 2333447 3131637760
512 997 2333248 3131637760
512 998 2333439 3131637760
512 999 2333403 3131637760
