256 0 787396 1823096832
256 1 787330 1823096832
256 2 787117 1823096832
256 3 786897 1823096832
256 4 787186 1823096832
256 5 787012 1823096832
256 6 786969 1823096832
256 7 787038 1823096832
256 8 786992 1823096832
256 9 787081 1823096832
256 10 786949 1823096832
256 11 786876 1823096832
256 12 787133 1823096832
256 13 786932 1823096832
256 14 787113 1823096832
256 15 786966 1823096832
256 16 786915 1823096832
256 17 787074 1823096832
256 18 786915 1823096832
256 19 787084 1823096832
256 20 787037 1823096832
256 21 786973 1823096832
256 22 787144 1823096832
256 23 786877 1823096832
256 24 787048 1823096832
256 25 787066 1823096832
256 26 786992 1823096832
256 27 787142 1823096832
256 28 786971 1823096832
256 29 787025 1823096832
256 30 787124 1823096832
256 31 786878 1823096832
256 32 787004 1823096832
256 33 787104 1823096832
256 34 786986 1823096832
256 35 787219 1823096832
256 36 787100 1823096832
256 37 787092 1823096832
256 38 786996 1823096832
256 39 786917 1823096832
256 40 787075 1823096832
256 41 786892 1823096832
256 42 787042 1823096832
256 43 787135 1823096832
256 44 787048 1823096832
256 45 787247 1823096832
256 46 786955 1823096832
256 47 787316 1823096832
256 48 787092 1823096832
256 49 786919 1823096832
256 50 787181 1823096832
256 51 786956 1823096832
256 52 786953 1823096832
256 53 787084 1823096832
256 54 786935 1823096832
256 55 787061 1823096832
256 56 786939 1823096832
256 57 787104 1823096832
256 58 787087 1823096832
256 59 786916 1823096832
256 60 787128 1823096832
256 61 786890 1823096832
256 62 787047 1823096832
256 63 787042 1823096832
256 64 787008 1823096832
256 65 787070 1823096832
256 66 787182 1823096832
256 67 787090 1823096832
256 68 787181 1823096832
256 69 786984 1823096832
256 70 787084 1823096832
256 71 787123 1823096832
256 72 786802 1823096832
256 73 787245 1823096832
256 74 786863 1823096832
256 75 786913 1823096832
256 76 787154 1823096832
256 77 786961 1823096832
256 78 787242 1823096832
256 79 786973 1823096832
256 80 786802 1823096832
256 81 786951 1823096832
256 82 786902 1823096832
256 83 787161 1823096832
256 84 786842 1823096832
256 85 787063 1823096832
256 86 787199 1823096832
256 87 786933 1823096832
256 88 787081 1823096832
256 89 786952 1823096832
256 90 787003 1823096832
256 91 787159 1823096832
256 92 787004 1823096832
256 93 787106 1823096832
256 94 787164 1823096832
256 95 786969 1823096832
256 96 787183 1823096832
256 97 786910 1823096832
256 98 786821 1823096832
256 99 787124 1823096832
256 100 786986 1823096832
256 101 787092 1823096832
256 102 786995 1823096832
256 103 787071 1823096832
256 104 787129 1823096832
256 105 786899 1823096832
256 106 787123 1823096832
256 107 787156 1823096832
256 108 787105 1823096832
256 109 787273 1823096832
256 110 786881 1823096832
256 111 787060 1823096832
256 112 787063 1823096832
256 113 786854 1823096832
256 114 787193 1823096832
256 115 787140 1823096832
256 116 787247 1823096832
256 117 787160 1823096832
256 118 786972 1823096832
256 119 787142 1823096832
256 120 787122 1823096832
256 121 786878 1823096832
256 122 787174 1823096832
256 123 787006 1823096832
256 124 787161 1823096832
256 125 786970 1823096832
256 126 786930 1823096832
256 127 787047 1823096832
256 128 786859 1823096832
256 129 787265 1823096832
256 130 786897 1823096832
256 131 786957 1823096832
256 132 787302 1823096832
256 133 786970 1823096832
256 134 787098 1823096832
256 135 786913 1823096832
256 136 786919 1823096832
256 137 787157 1823096832
256 138 786993 1823096832
256 139 787146 1823096832
256 140 787065 1823096832
256 141 787009 1823096832
256 142 787087 1823096832
256 143 786969 1823096832
256 144 787103 1823096832
256 145 787135 1823096832
256 146 787049 1823096832
256 147 787078 1823096832
256 148 786986 1823096832
256 149 786822 1823096832
256 150 787069 1823096832
256 151 786918 1823096832
256 152 787133 1823096832
256 153 786957 1823096832
256 154 786837 1823096832
256 155 787139 1823096832
256 156 786886 1823096832
256 157 787157 1823096832
256 158 786955 1823096832
256 159 786969 1823096832
256 160 787118 1823096832
256 161 787146 1823096832
256 162 787269 1823096832
256 163 787156 1823096832
256 164 787101 1823096832
256 165 787092 1823096832
256 166 787071 1823096832
256 167 787253 1823096832
256 168 787114 1823096832
256 169 786990 1823096832
256 170 787028 1823096832
256 171 787008 1823096832
256 172 786978 1823096832
256 173 787116 1823096832
256 174 786913 1823096832
256 175 787143 1823096832
256 176 786990 1823096832
256 177 786953 1823096832
256 178 787038 1823096832
256 179 786899 1823096832
256 180 787228 1823096832
256 181 786929 1823096832
256 182 786974 1823096832
256 183 787197 1823096832
256 184 787048 1823096832
256 185 787275 1823096832
256 186 787195 1823096832
256 187 786939 1823096832
256 188 787162 1823096832
256 189 786875 1823096832
256 190 787057 1823096832
256 191 787161 1823096832
256 192 786938 1823096832
256 193 787203 1823096832
256 194 786915 1823096832
256 195 787103 1823096832
256 196 787214 1823096832
256 197 786954 1823096832
256 198 787195 1823096832
256 199 786989 1823096832
256 200 786948 1823096832
256 201 787004 1823096832
256 202 787179 1823096832
256 203 787143 1823096832
256 204 787025 1823096832
256 205 787054 1823096832
256 206 787092 1823096832
256 207 786934 1823096832
256 208 787094 1823096832
256 209 787281 1823096832
256 210 786976 1823096832
256 211 787115 1823096832
256 212 786920 1823096832
256 213 787143 1823096832
256 214 787232 1823096832
256 215 786942 1823096832
256 216 787080 1823096832
256 217 786901 1823096832
256 218 787028 1823096832
256 219 787237 1823096832
256 220 786971 1823096832
256 221 787052 1823096832
256 222 786822 1823096832
256 223 787005 1823096832
256 224 787125 1823096832
256 225 787077 1823096832
256 226 787089 1823096832
256 227 786910 1823096832
256 228 786971 1823096832
256 229 787243 1823096832
256 230 786838 1823096832
256 231 787273 1823096832
256 232 786973 1823096832
256 233 786990 1823096832
256 234 787264 1823096832
256 235 786892 1823096832
256 236 787115 1823096832
256 237 787258 1823096832
256 238 786878 1823096832
256 239 787090 1823096832
256 240 786955 1823096832
256 241 786951 1823096832
256 242 787302 1823096832
256 243 786899 1823096832
256 244 787096 1823096832
256 245 786990 1823096832
256 246 786875 1823096832
256 247 786989 1823096832
256 248 787106 1823096832
256 249 787108 1823096832
256 250 786971 1823096832
256 251 786951 1823096832
256 252 787179 1823096832
256 253 786954 1823096832
256 254 787074 1823096832
256 255 786951 1823096832
256 256 786934 1823096832
256 257 787116 1823096832
256 258 787086 1823096832
256 259 787187 1823096832
256 260 787187 1823096832
256 261 786954 1823096832
256 262 787169 1823096832
256 263 787013 1823096832
256 264 786917 1823096832
256 265 787066 1823096832
256 266 786916 1823096832
256 267 787080 1823096832
256 268 786995 1823096832
256 269 786972 1823096832
256 270 787159 1823096832
256 271 787016 1823096832
256 272 787241 1823096832
256 273 786954 1823096832
256 274 786859 1823096832
256 275 787120 1823096832
256 276 786950 1823096832
256 277 787128 1823096832
256 278 786977 1823096832
256 279 786877 1823096832
256 280 787200 1823096832
256 281 787013 1823096832
256 282 787080 1823096832
256 283 787103 1823096832
256 284 786918 1823096832
256 285 786973 1823096832
256 286 787008 1823096832
256 287 787145 1823096832
256 288 787152 1823096832
256 289 787013 1823096832
256 290 787000 1823096832
256 291 787100 1823096832
256 292 786951 1823096832
256 293 787203 1823096832
256 294 786915 1823096832
256 295 787116 1823096832
256 296 786843 1823096832
256 297 786950 1823096832
256 298 787209 1823096832
256 299 786875 1823096832
256 300 787143 1823096832
256 301 786894 1823096832
256 302 786837 1823096832
256 303 787103 1823096832
256 304 786934 1823096832
256 305 787203 1823096832
256 306 787059 1823096832
256 307 786895 1823096832
256 308 787100 1823096832
256 309 786989 1823096832
256 310 787208 1823096832
256 311 787084 1823096832
256 312 787012 1823096832
256 313 787052 1823096832
256 314 786977 1823096832
256 315 786892 1823096832
256 316 787181 1823096832
256 317 786956 1823096832
256 318 787180 1823096832
256 319 787012 1823096832
256 320 786992 1823096832
256 321 787157 1823096832
256 322 786971 1823096832
256 323 787001 1823096832
256 324 786985 1823096832
256 325 786984 1823096832
256 326 787070 1823096832
256 327 787029 1823096832
256 328 787204 1823096832
256 329 787109 1823096832
256 330 786962 1823096832
256 331 786982 1823096832
256 332 786895 1823096832
256 333 787050 1823096832
256 334 787062 1823096832
256 335 786878 1823096832
256 336 786995 1823096832
256 337 786916 1823096832
256 338 786896 1823096832
256 339 787182 1823096832
256 340 786898 1823096832
256 341 787087 1823096832
256 342 786993 1823096832
256 343 786918 1823096832
256 344 787135 1823096832
256 345 786957 1823096832
256 346 787053 1823096832
256 347 786942 1823096832
256 348 786915 1823096832
256 349 787145 1823096832
256 350 786990 1823096832
256 351 787062 1823096832
256 352 787117 1823096832
256 353 786935 1823096832
256 354 787220 1823096832
256 355 786935 1823096832
256 356 787106 1823096832
256 357 787122 1823096832
256 358 787074 1823096832
256 359 787211 1823096832
256 360 786934 1823096832
256 361 786952 1823096832
256 362 787193 1823096832
256 363 787028 1823096832
256 364 787136 1823096832
256 365 786978 1823096832
256 366 787121 1823096832
256 367 787191 1823096832
256 368 786936 1823096832
256 369 787136 1823096832
256 370 786950 1823096832
256 371 786932 1823096832
256 372 787325 1823096832
256 373 786842 1823096832
256 374 787052 1823096832
256 375 787193 1823096832
256 376 786994 1823096832
256 377 787245 1823096832
256 378 786936 1823096832
256 379 787052 1823096832
256 380 787060 1823096832
256 381 786951 1823096832
256 382 787152 1823096832
256 383 786880 1823096832
256 384 786895 1823096832
256 385 787150 1823096832
256 386 786892 1823096832
256 387 787121 1823096832
256 388 786914 1823096832
256 389 786974 1823096832
256 390 787128 1823096832
256 391 786913 1823096832
256 392 787196 1823096832
256 393 786932 1823096832
256 394 786988 1823096832
256 395 787116 1823096832
256 396 786918 1823096832
256 397 787142 1823096832
256 398 786933 1823096832
256 399 786915 1823096832
256 400 787183 1823096832
256 401 786802 1823096832
256 402 787125 1823096832
256 403 787167 1823096832
256 404 787030 1823096832
256 405 787161 1823096832
256 406 786936 1823096832
256 407 786931 1823096832
256 408 786970 1823096832
256 409 786879 1823096832
256 410 787123 1823096832
256 411 786954 1823096832
256 412 786877 1823096832
256 413 787151 1823096832
256 414 786891 1823096832
256 415 787086 1823096832
256 416 786958 1823096832
256 417 786913 1823096832
256 418 787212 1823096832
256 419 786973 1823096832
256 420 787089 1823096832
256 421 787103 1823096832
256 422 786877 1823096832
256 423 787056 1823096832
256 424 787029 1823096832
256 425 787085 1823096832
256 426 787064 1823096832
256 427 786896 1823096832
256 428 787034 1823096832
256 429 786838 1823096832
256 430 786951 1823096832
256 431 787109 1823096832
256 432 786918 1823096832
256 433 787207 1823096832
256 434 786969 1823096832
256 435 786952 1823096832
256 436 787185 1823096832
256 437 786992 1823096832
256 438 787240 1823096832
256 439 786992 1823096832
256 440 787011 1823096832
256 441 787177 1823096832
256 442 786935 1823096832
256 443 787042 1823096832
256 444 786994 1823096832
256 445 786881 1823096832
256 446 787145 1823096832
256 447 786761 1823096832
256 448 787237 1823096832
256 449 787044 1823096832
256 450 786947 1823096832
256 451 787052 1823096832
256 452 786995 1823096832
256 453 787052 1823096832
256 454 787112 1823096832
256 455 787084 1823096832
256 456 787181 1823096832
256 457 786762 1823096832
256 458 786898 1823096832
256 459 787115 1823096832
256 460 786840 1823096832
256 461 787146 1823096832
256 462 786861 1823096832
256 463 786857 1823096832
256 464 787178 1823096832
256 465 786994 1823096832
256 466 787175 1823096832
256 467 787154 1823096832
256 468 786856 1823096832
256 469 787155 1823096832
256 470 786927 1823096832
256 471 787113 1823096832
256 472 787104 1823096832
256 473 786783 1823096832
256 474 787239 1823096832
256 475 787028 1823096832
256 476 787057 1823096832
256 477 787243 1823096832
256 478 786992 1823096832
256 479 787086 1823096832
256 480 786916 1823096832
256 481 786856 1823096832
256 482 787044 1823096832
256 483 786972 1823096832
256 484 787145 1823096832
256 485 786919 1823096832
256 486 786946 1823096832
256 487 787010 1823096832
256 488 786936 1823096832
256 489 787072 1823096832
256 490 786936 1823096832
256 491 786780 1823096832
256 492 787152 1823096832
256 493 786822 1823096832
256 494 787309 1823096832
256 495 787027 1823096832
256 496 787028 1823096832
256 497 787177 1823096832
256 498 786856 1823096832
256 499 787095 1823096832
256 500 787208 1823096832
256 501 787028 1823096832
256 502 787240 1823096832
256 503 786957 1823096832
256 504 787108 1823096832
256 505 787139 1823096832
256 506 787104 1823096832
256 507 787231 1823096832
256 508 787135 1823096832
256 509 787032 1823096832
256 510 787226 1823096832
256 511 786916 1823096832
256 512 787097 1823096832
256 513 786956 1823096832
256 514 786856 1823096832
256 515 787086 1823096832
256 516 786876 1823096832
256 517 787244 1823096832
256 518 787094 1823096832
256 519 786876 1823096832
256 520 787089 1823096832
256 521 786917 1823096832
256 522 787112 1823096832
256 523 787089 1823096832
256 524 787031 1823096832
256 525 787137 1823096832
256 526 787104 1823096832
256 527 786821 1823096832
256 528 787141 1823096832
256 529 786896 1823096832
256 530 787186 1823096832
256 531 786932 1823096832
256 532 786935 1823096832
256 533 787187 1823096832
256 534 786892 1823096832
256 535 787143 1823096832
256 536 787007 1823096832
256 537 787010 1823096832
256 538 787172 1823096832
256 539 786896 1823096832
256 540 787186 1823096832
256 541 787072 1823096832
256 542 786928 1823096832
256 543 787258 1823096832
256 544 786861 1823096832
256 545 787158 1823096832
256 546 787051 1823096832
256 547 787024 1823096832
256 548 787091 1823096832
256 549 787009 1823096832
256 550 787007 1823096832
256 551 787343 1823096832
256 552 786897 1823096832
256 553 787043 1823096832
256 554 787046 1823096832
256 555 786917 1823096832
256 556 787175 1823096832
256 557 786952 1823096832
256 558 787105 1823096832
256 559 786853 1823096832
256 560 787048 1823096832
256 561 787150 1823096832
256 562 787051 1823096832
256 563 787082 1823096832
256 564 787064 1823096832
256 565 787047 1823096832
256 566 787111 1823096832
256 567 786934 1823096832
256 568 787181 1823096832
256 569 787246 1823096832
256 570 786917 1823096832
256 571 787165 1823096832
256 572 786915 1823096832
256 573 786988 1823096832
256 574 787275 1823096832
256 575 786988 1823096832
256 576 787107 1823096832
256 577 786937 1823096832
256 578 786919 1823096832
256 579 787219 1823096832
256 580 786969 1823096832
256 581 787175 1823096832
256 582 786989 1823096832
256 583 786899 1823096832
256 584 787125 1823096832
256 585 786979 1823096832
256 586 787108 1823096832
256 587 786989 1823096832
256 588 786854 1823096832
256 589 787263 1823096832
256 590 786879 1823096832
256 591 787053 1823096832
256 592 787126 1823096832
256 593 786935 1823096832
256 594 787086 1823096832
256 595 786917 1823096832
256 596 786976 1823096832
256 597 787174 1823096832
256 598 786927 1823096832
256 599 787137 1823096832
256 600 787089 1823096832
256 601 786914 1823096832
256 602 786946 1823096832
256 603 786986 1823096832
256 604 787119 1823096832
256 605 786968 1823096832
256 606 787046 1823096832
256 607 787075 1823096832
256 608 786956 1823096832
256 609 787079 1823096832
256 610 787046 1823096832
256 611 786994 1823096832
256 612 787119 1823096832
256 613 786884 1823096832
256 614 787217 1823096832
256 615 787182 1823096832
256 616 786952 1823096832
256 617 787191 1823096832
256 618 786898 1823096832
256 619 786876 1823096832
256 620 787169 1823096832
256 621 786973 1823096832
256 622 787068 1823096832
256 623 786973 1823096832
256 624 786954 1823096832
256 625 787259 1823096832
256 626 787082 1823096832
256 627 787085 1823096832
256 628 786974 1823096832
256 629 786912 1823096832
256 630 787236 1823096832
256 631 786950 1823096832
256 632 787226 1823096832
256 633 787079 1823096832
256 634 786971 1823096832
256 635 787101 1823096832
256 636 786991 1823096832
256 637 787099 1823096832
256 638 787132 1823096832
256 639 786970 1823096832
256 640 787035 1823096832
256 641 786969 1823096832
256 642 787008 1823096832
256 643 787194 1823096832
256 644 786920 1823096832
256 645 787125 1823096832
256 646 786880 1823096832
256 647 787048 1823096832
256 648 787068 1823096832
256 649 787028 1823096832
256 650 787132 1823096832
256 651 786965 1823096832
256 652 786951 1823096832
256 653 787094 1823096832
256 654 786966 1823096832
256 655 787109 1823096832
256 656 786976 1823096832
256 657 786953 1823096832
256 658 787142 1823096832
256 659 786921 1823096832
256 660 786987 1823096832
256 661 787098 1823096832
256 662 787034 1823096832
256 663 787030 1823096832
256 664 786980 1823096832
256 665 787160 1823096832
256 666 787151 1823096832
256 667 786865 1823096832
256 668 787075 1823096832
256 669 786931 1823096832
256 670 786994 1823096832
256 671 787157 1823096832
256 672 786916 1823096832
256 673 787200 1823096832
256 674 786969 1823096832
256 675 786859 1823096832
256 676 787132 1823096832
256 677 787010 1823096832
256 678 787177 1823096832
256 679 786862 1823096832
256 680 786889 1823096832
256 681 787239 1823096832
256 682 786930 1823096832
256 683 787202 1823096832
256 684 787248 1823096832
256 685 786996 1823096832
256 686 787082 1823096832
256 687 787026 1823096832
256 688 787091 1823096832
256 689 787128 1823096832
256 690 787142 1823096832
256 691 787028 1823096832
256 692 786874 1823096832
256 693 786992 1823096832
256 694 787172 1823096832
256 695 787105 1823096832
256 696 787208 1823096832
256 697 787028 1823096832
256 698 786858 1823096832
256 699 787261 1823096832
256 700 786913 1823096832
256 701 787079 1823096832
256 702 786956 1823096832
256 703 786935 1823096832
256 704 787221 1823096832
256 705 787013 1823096832
256 706 787234 1823096832
256 707 787109 1823096832
256 708 786935 1823096832
256 709 787310 1823096832
256 710 786951 1823096832
256 711 787194 1823096832
256 712 787111 1823096832
256 713 786913 1823096832
256 714 787063 1823096832
256 715 786935 1823096832
256 716 786879 1823096832
256 717 787204 1823096832
256 718 787046 1823096832
256 719 787101 1823096832
256 720 786981 1823096832
256 721 786803 1823096832
256 722 787051 1823096832
256 723 786934 1823096832
256 724 787014 1823096832
256 725 786989 1823096832
256 726 787009 1823096832
256 727 787110 1823096832
256 728 786996 1823096832
256 729 787093 1823096832
256 730 786953 1823096832
256 731 787106 1823096832
256 732 787141 1823096832
256 733 786840 1823096832
256 734 787239 1823096832
256 735 787117 1823096832
256 736 787081 1823096832
256 737 787283 1823096832
256 738 786877 1823096832
256 739 786859 1823096832
256 740 787091 1823096832
256 741 787085 1823096832
256 742 787091 1823096832
256 743 787023 1823096832
256 744 787013 1823096832
256 745 787121 1823096832
256 746 787028 1823096832
256 747 787121 1823096832
256 748 786858 1823096832
256 749 786894 1823096832
256 750 787135 1823096832
256 751 786971 1823096832
256 752 787105 1823096832
256 753 786861 1823096832
256 754 786861 1823096832
256 755 787212 1823096832
256 756 786952 1823096832
256 757 786983 1823096832
256 758 787061 1823096832
256 759 786913 1823096832
256 760 787122 1823096832
256 761 786939 1823096832
256 762 787089 1823096832
256 763 787149 1823096832
256 764 787011 1823096832
256 765 787042 1823096832
256 766 786945 1823096832
256 767 786878 1823096832
256 768 787029 1823096832
256 769 786993 1823096832
256 770 787166 1823096832
256 771 787044 1823096832
256 772 787028 1823096832
256 773 787145 1823096832
256 774 787111 1823096832
256 775 787155 1823096832
256 776 786971 1823096832
256 777 786976 1823096832
256 778 787028 1823096832
256 779 786877 1823096832
256 780 787193 1823096832
256 781 787198 1823096832
256 782 786998 1823096832
256 783 787120 1823096832
256 784 787051 1823096832
256 785 787081 1823096832
256 786 787112 1823096832
256 787 787067 1823096832
256 788 787181 1823096832
256 789 787060 1823096832
256 790 786875 1823096832
256 791 787068 1823096832
256 792 786932 1823096832
256 793 787017 1823096832
256 794 786992 1823096832
256 795 786971 1823096832
256 796 787108 1823096832
256 797 787013 1823096832
256 798 787039 1823096832
256 799 786896 1823096832
256 800 786972 1823096832
256 801 787269 1823096832
256 802 786897 1823096832
256 803 787045 1823096832
256 804 787078 1823096832
256 805 786931 1823096832
256 806 787178 1823096832
256 807 787038 1823096832
256 808 787120 1823096832
256 809 787134 1823096832
256 810 787052 1823096832
256 811 787085 1823096832
256 812 786902 1823096832
256 813 787025 1823096832
256 814 787191 1823096832
256 815 786856 1823096832
256 816 787183 1823096832
256 817 786970 1823096832
256 818 787042 1823096832
256 819 787229 1823096832
256 820 787064 1823096832
256 821 787035 1823096832
256 822 787046 1823096832
256 823 786914 1823096832
256 824 787208 1823096832
256 825 786994 1823096832
256 826 787092 1823096832
256 827 787278 1823096832
256 828 786892 1823096832
256 829 787168 1823096832
256 830 786931 1823096832
256 831 787073 1823096832
256 832 787090 1823096832
256 833 787047 1823096832
256 834 787114 1823096832
256 835 786995 1823096832
256 836 786987 1823096832
256 837 787147 1823096832
256 838 787024 1823096832
256 839 787265 1823096832
256 840 786989 1823096832
256 841 787028 1823096832
256 842 787107 1823096832
256 843 786897 1823096832
256 844 787131 1823096832
256 845 787013 1823096832
256 846 786935 1823096832
256 847 787150 1823096832
256 848 786933 1823096832
256 849 787054 1823096832
256 850 787048 1823096832
256 851 786916 1823096832
256 852 787212 1823096832
256 853 786930 1823096832
256 854 787165 1823096832
256 855 787103 1823096832
256 856 786857 1823096832
256 857 787137 1823096832
256 858 786955 1823096832
256 859 786953 1823096832
256 860 787083 1823096832
256 861 786953 1823096832
256 862 787253 1823096832
256 863 786948 1823096832
256 864 786880 1823096832
256 865 787078 1823096832
256 866 786917 1823096832
256 867 787054 1823096832
256 868 786855 1823096832
256 869 786975 1823096832
256 870 787166 1823096832
256 871 786913 1823096832
256 872 787137 1823096832
256 873 787164 1823096832
256 874 786947 1823096832
256 875 787100 1823096832
256 876 787101 1823096832
256 877 787124 1823096832
256 878 787084 1823096832
256 879 786938 1823096832
256 880 787232 1823096832
256 881 786931 1823096832
256 882 786954 1823096832
256 883 787138 1823096832
256 884 786879 1823096832
256 885 787019 1823096832
256 886 786878 1823096832
256 887 787062 1823096832
256 888 787057 1823096832
256 889 786975 1823096832
256 890 787189 1823096832
256 891 786881 1823096832
256 892 786935 1823096832
256 893 787118 1823096832
256 894 786897 1823096832
256 895 787245 1823096832
256 896 786857 1823096832
256 897 786970 1823096832
256 898 787104 1823096832
256 899 786953 1823096832
256 900 787016 1823096832
256 901 787101 1823096832
256 902 786934 1823096832
256 903 787074 1823096832
256 904 787005 1823096832
256 905 786879 1823096832
256 906 787194 1823096832
256 907 786919 1823096832
256 908 787139 1823096832
256 909 786874 1823096832
256 910 787031 1823096832
256 911 787106 1823096832
256 912 786973 1823096832
256 913 787211 1823096832
256 914 786982 1823096832
256 915 786919 1823096832
256 916 787145 1823096832
256 917 786953 1823096832
256 918 787134 1823096832
256 919 786877 1823096832
256 920 786949 1823096832
256 921 787139 1823096832
256 922 786893 1823096832
256 923 787151 1823096832
256 924 787137 1823096832
256 925 787045 1823096832
256 926 787144 1823096832
256 927 786819 1823096832
256 928 786934 1823096832
256 929 787067 1823096832
256 930 786782 1823096832
256 931 787117 1823096832
256 932 786972 1823096832
256 933 787013 1823096832
256 934 787083 1823096832
256 935 787012 1823096832
256 936 787103 1823096832
256 937 787010 1823096832
256 938 786839 1823096832
256 939 787135 1823096832
256 940 786969 1823096832
256 941 787099 1823096832
256 942 786897 1823096832
256 943 787010 1823096832
256 944 787318 1823096832
256 945 786917 1823096832
256 946 787078 1823096832
256 947 787056 1823096832
256 948 787081 1823096832
256 949 787188 1823096832
256 950 786918 1823096832
256 951 786893 1823096832
256 952 787075 1823096832
256 953 787087 1823096832
256 954 787060 1823096832
256 955 787137 1823096832
256 956 786954 1823096832
256 957 787141 1823096832
256 958 786993 1823096832
256 959 787179 1823096832
256 960 786899 1823096832
256 961 787009 1823096832
256 962 787021 1823096832
256 963 786921 1823096832
256 964 787040 1823096832
256 965 786970 1823096832
256 966 786973 1823096832
256 967 787191 1823096832
256 968 786919 1823096832
256 969 787306 1823096832
256 970 787084 1823096832
256 971 786935 1823096832
256 972 787140 1823096832
256 973 786933 1823096832
256 974 787158 1823096832
256 975 787103 1823096832
256 976 786915 1823096832
256 977 787205 1823096832
256 978 786953 1823096832
256 979 786920 1823096832
256 980 787104 1823096832
256 981 787003 1823096832
256 982 787180 1823096832
256 983 786896 1823096832
256 984 787082 1823096832
256 985 787080 1823096832
256 986 786895 1823096832
256 987 787143 1823096832
256 988 787007 1823096832
256 989 786970 1823096832
256 990 787113 1823096832
256 991 787002 1823096832
256 992 787006 1823096832
256 993 787159 1823096832
256 994 786859 1823096832
256 995 787151 1823096832
256 996 786991 1823096832
256 997 787174 1823096832
256 998 787138 1823096832
256 999 786910 1823096832
