128 0 1200300 116035584
128 1 1150666 116035584
128 2 1150722 116035584
128 3 1152379 116035584
128 4 1149938 116035584
128 5 1150396 116035584
128 6 1150410 116035584
128 7 1150387 116035584
128 8 1150753 116035584
128 9 1149997 116035584
128 10 1150229 116035584
128 11 1150306 116035584
128 12 1150916 116035584
128 13 1149728 116035584
128 14 1150662 116035584
128 15 1150774 116035584
128 16 1151702 116035584
128 17 1150003 116035584
128 18 1150136 116035584
128 19 1150466 116035584
128 20 1150287 116035584
128 21 1149926 116035584
128 22 1150169 116035584
128 23 1149721 116035584
128 24 1150034 116035584
128 25 1150635 116035584
128 26 1150160 116035584
128 27 1150386 116035584
128 28 1149882 116035584
128 29 1152092 116035584
128 30 1150497 116035584
128 31 1150100 116035584
128 32 1150354 116035584
128 33 1150259 116035584
128 34 1149347 116035584
128 35 1150249 116035584
128 36 1150457 116035584
128 37 1149917 116035584
128 38 1149480 116035584
128 39 1150397 116035584
128 40 1150151 116035584
128 41 1149994 116035584
128 42 1151937 116035584
128 43 1150579 116035584
128 44 1149836 116035584
128 45 1150358 116035584
128 46 1150778 116035584
128 47 1150548 116035584
128 48 1150327 116035584
128 49 1149619 116035584
128 50 1150550 116035584
128 51 1150404 116035584
128 52 1150131 116035584
128 53 1149633 116035584
128 54 1150336 116035584
128 55 1152783 116035584
128 56 1150017 116035584
128 57 1150327 116035584
128 58 1150477 116035584
128 59 1150615 116035584
128 60 1150580 116035584
128 61 1149394 116035584
128 62 1150227 116035584
128 63 1149925 116035584
128 64 1150307 116035584
128 65 1149991 116035584
128 66 1149828 116035584
128 67 1149902 116035584
128 68 1152140 116035584
128 69 1150728 116035584
128 70 1150254 116035584
128 71 1150180 116035584
128 72 1153053 116035584
128 73 1150395 116035584
128 74 1150478 116035584
128 75 1150268 116035584
128 76 1149740 116035584
128 77 1150566 116035584
128 78 1149787 116035584
128 79 1150086 116035584
128 80 1150505 116035584
128 81 1152363 116035584
128 82 1150780 116035584
128 83 1150038 116035584
128 84 1150336 116035584
128 85 1151577 116035584
128 86 1149906 116035584
128 87 1151293 116035584
128 88 1151054 116035584
128 89 1150783 116035584
128 90 1150018 116035584
128 91 1150008 116035584
128 92 1150609 116035584
128 93 1151235 116035584
128 94 1152467 116035584
128 95 1149987 116035584
128 96 1150928 116035584
128 97 1150469 116035584
128 98 1152238 116035584
128 99 1149653 116035584
128 100 1150892 116035584
128 101 1150989 116035584
128 102 1151218 116035584
128 103 1150449 116035584
128 104 1150083 116035584
128 105 1150957 116035584
128 106 1149992 116035584
128 107 1149846 116035584
128 108 1150224 116035584
128 109 1150299 116035584
128 110 1149518 116035584
128 111 1151188 116035584
128 112 1149557 116035584
128 113 1149387 116035584
128 114 1150446 116035584
128 115 1149986 116035584
128 116 1150092 116035584
128 117 1151302 116035584
128 118 1150299 116035584
128 119 1149915 116035584
128 120 1151195 116035584
128 121 1150082 116035584
128 122 1149201 116035584
128 123 1150117 116035584
128 124 1150812 116035584
128 125 1150003 116035584
128 126 1149862 116035584
128 127 1149561 116035584
128 128 1152179 116035584
128 129 1150590 116035584
128 130 1150351 116035584
128 131 1149322 116035584
128 132 1150527 116035584
128 133 1150349 116035584
128 134 1150140 116035584
128 135 1149902 116035584
128 136 1150594 116035584
128 137 1150338 116035584
128 138 1150284 116035584
128 139 1150523 116035584
128 140 1150320 116035584
128 141 1150123 116035584
128 142 1150978 116035584
128 143 1150405 116035584
128 144 1150567 116035584
128 145 1152722 116035584
128 146 1150668 116035584
128 147 1150403 116035584
128 148 1150403 116035584
128 149 1151738 116035584
128 150 1150982 116035584
128 151 1150239 116035584
128 152 1149631 116035584
128 153 1150520 116035584
128 154 1149346 116035584
128 155 1149839 116035584
128 156 1150103 116035584
128 157 1150394 116035584
128 158 1150510 116035584
128 159 1150094 116035584
128 160 1150033 116035584
128 161 1150234 116035584
128 162 1152194 116035584
128 163 1149631 116035584
128 164 1149319 116035584
128 165 1150508 116035584
128 166 1151921 116035584
128 167 1149963 116035584
128 168 1149778 116035584
128 169 1150497 116035584
128 170 1150671 116035584
128 171 1150680 116035584
128 172 1150365 116035584
128 173 1149990 116035584
128 174 1149552 116035584
128 175 1150713 116035584
128 176 1150245 116035584
128 177 1149782 116035584
128 178 1150109 116035584
128 179 1151848 116035584
128 180 1149673 116035584
128 181 1150393 116035584
128 182 1150173 116035584
128 183 1152189 116035584
128 184 1150529 116035584
128 185 1149350 116035584
128 186 1150080 116035584
128 187 1149231 116035584
128 188 1150068 116035584
128 189 1150381 116035584
128 190 1150536 116035584
128 191 1150009 116035584
128 192 1149705 116035584
128 193 1150241 116035584
128 194 1150231 116035584
128 195 1150703 116035584
128 196 1152200 116035584
128 197 1150210 116035584
128 198 1149746 116035584
128 199 1149845 116035584
128 200 1152163 116035584
128 201 1150397 116035584
128 202 1150155 116035584
128 203 1150479 116035584
128 204 1149929 116035584
128 205 1150361 116035584
128 206 1149834 116035584
128 207 1149877 116035584
128 208 1149919 116035584
128 209 1149753 116035584
128 210 1150447 116035584
128 211 1150781 116035584
128 212 1149925 116035584
128 213 1152139 116035584
128 214 1150298 116035584
128 215 1150470 116035584
128 216 1149990 116035584
128 217 1152431 116035584
128 218 1150146 116035584
128 219 1149904 116035584
128 220 1150939 116035584
128 221 1150435 116035584
128 222 1149380 116035584
128 223 1150104 116035584
128 224 1150616 116035584
128 225 1150726 116035584
128 226 1150164 116035584
128 227 1149411 116035584
128 228 1150887 116035584
128 229 1149730 116035584
128 230 1151486 116035584
128 231 1150071 116035584
128 232 1150382 116035584
128 233 1149696 116035584
128 234 1152171 116035584
128 235 1150100 116035584
128 236 1149840 116035584
128 237 1150293 116035584
128 238 1150381 116035584
128 239 1150340 116035584
128 240 1150628 116035584
128 241 1150218 116035584
128 242 1150550 116035584
128 243 1150699 116035584
128 244 1150269 116035584
128 245 1150634 116035584
128 246 1150213 116035584
128 247 1151248 116035584
128 248 1150272 116035584
128 249 1150478 116035584
128 250 1149792 116035584
128 251 1152600 116035584
128 252 1150758 116035584
128 253 1150548 116035584
128 254 1150503 116035584
128 255 1149972 116035584
128 256 1149263 116035584
128 257 1149548 116035584
128 258 1150420 116035584
128 259 1150268 116035584
128 260 1149899 116035584
128 261 1149749 116035584
128 262 1150375 116035584
128 263 1149463 116035584
128 264 1151405 116035584
128 265 1149393 116035584
128 266 1150270 116035584
128 267 1149640 116035584
128 268 1151281 116035584
128 269 1150292 116035584
128 270 1151324 116035584
128 271 1150168 116035584
128 272 1150879 116035584
128 273 1150475 116035584
128 274 1150058 116035584
128 275 1149866 116035584
128 276 1149625 116035584
128 277 1150412 116035584
128 278 1150286 116035584
128 279 1149470 116035584
128 280 1149698 116035584
128 281 1151917 116035584
128 282 1150594 116035584
128 283 1149953 116035584
128 284 1150267 116035584
128 285 1152161 116035584
128 286 1150551 116035584
128 287 1150614 116035584
128 288 1149823 116035584
128 289 1150536 116035584
128 290 1149533 116035584
128 291 1150549 116035584
128 292 1151101 116035584
128 293 1150960 116035584
128 294 1149544 116035584
128 295 1150052 116035584
128 296 1151244 116035584
128 297 1149670 116035584
128 298 1152692 116035584
128 299 1149917 116035584
128 300 1149373 116035584
128 301 1149852 116035584
128 302 1151500 116035584
128 303 1149733 116035584
128 304 1149717 116035584
128 305 1149899 116035584
128 306 1150200 116035584
128 307 1150350 116035584
128 308 1150320 116035584
128 309 1150007 116035584
128 310 1150079 116035584
128 311 1150488 116035584
128 312 1150344 116035584
128 313 1150187 116035584
128 314 1149815 116035584
128 315 1151551 116035584
128 316 1149373 116035584
128 317 1150449 116035584
128 318 1150281 116035584
128 319 1151670 116035584
128 320 1150795 116035584
128 321 1149395 116035584
128 322 1149472 116035584
128 323 1150065 116035584
128 324 1150087 116035584
128 325 1150066 116035584
128 326 1150035 116035584
128 327 1150648 116035584
128 328 1150076 116035584
128 329 1150208 116035584
128 330 1149603 116035584
128 331 1150354 116035584
128 332 1152133 116035584
128 333 1149595 116035584
128 334 1151329 116035584
128 335 1150905 116035584
128 336 1151608 116035584
128 337 1150182 116035584
128 338 1150078 116035584
128 339 1150401 116035584
128 340 1151113 116035584
128 341 1149793 116035584
128 342 1150790 116035584
128 343 1150245 116035584
128 344 1150353 116035584
128 345 1150287 116035584
128 346 1150576 116035584
128 347 1149953 116035584
128 348 1150108 116035584
128 349 1151794 116035584
128 350 1150793 116035584
128 351 1149644 116035584
128 352 1150396 116035584
128 353 1151858 116035584
128 354 1150631 116035584
128 355 1150535 116035584
128 356 1150230 116035584
128 357 1150421 116035584
128 358 1150203 116035584
128 359 1149793 116035584
128 360 1149903 116035584
128 361 1150062 116035584
128 362 1149939 116035584
128 363 1150582 116035584
128 364 1149390 116035584
128 365 1150278 116035584
128 366 1151898 116035584
128 367 1150334 116035584
128 368 1150175 116035584
128 369 1150722 116035584
128 370 1152261 116035584
128 371 1150773 116035584
128 372 1149587 116035584
128 373 1149828 116035584
128 374 1150531 116035584
128 375 1150442 116035584
128 376 1149637 116035584
128 377 1150345 116035584
128 378 1150476 116035584
128 379 1149649 116035584
128 380 1150122 116035584
128 381 1150881 116035584
128 382 1149735 116035584
128 383 1151530 116035584
128 384 1150394 116035584
128 385 1150293 116035584
128 386 1150276 116035584
128 387 1152342 116035584
128 388 1150059 116035584
128 389 1150293 116035584
128 390 1150912 116035584
128 391 1149877 116035584
128 392 1149922 116035584
128 393 1149949 116035584
128 394 1150321 116035584
128 395 1150421 116035584
128 396 1149862 116035584
128 397 1150228 116035584
128 398 1150503 116035584
128 399 1150416 116035584
128 400 1150289 116035584
128 401 1150251 116035584
128 402 1149952 116035584
128 403 1149557 116035584
128 404 1151455 116035584
128 405 1150309 116035584
128 406 1150078 116035584
128 407 1150752 116035584
128 408 1150465 116035584
128 409 1150486 116035584
128 410 1150134 116035584
128 411 1150646 116035584
128 412 1150047 116035584
128 413 1150581 116035584
128 414 1149951 116035584
128 415 1150281 116035584
128 416 1150324 116035584
128 417 1150299 116035584
128 418 1150571 116035584
128 419 1150160 116035584
128 420 1150455 116035584
128 421 1151984 116035584
128 422 1149476 116035584
128 423 1150474 116035584
128 424 1149734 116035584
128 425 1149965 116035584
128 426 1150095 116035584
128 427 1150676 116035584
128 428 1150312 116035584
128 429 1149494 116035584
128 430 1150368 116035584
128 431 1149284 116035584
128 432 1150915 116035584
128 433 1150756 116035584
128 434 1150672 116035584
128 435 1150407 116035584
128 436 1149313 116035584
128 437 1149477 116035584
128 438 1152052 116035584
128 439 1150190 116035584
128 440 1150843 116035584
128 441 1149894 116035584
128 442 1150879 116035584
128 443 1150426 116035584
128 444 1150163 116035584
128 445 1149186 116035584
128 446 1150242 116035584
128 447 1149696 116035584
128 448 1150323 116035584
128 449 1150116 116035584
128 450 1150649 116035584
128 451 1150039 116035584
128 452 1150835 116035584
128 453 1149575 116035584
128 454 1150598 116035584
128 455 1152085 116035584
128 456 1149473 116035584
128 457 1149926 116035584
128 458 1149531 116035584
128 459 1150604 116035584
128 460 1150375 116035584
128 461 1149907 116035584
128 462 1150405 116035584
128 463 1149829 116035584
128 464 1149584 116035584
128 465 1149625 116035584
128 466 1150506 116035584
128 467 1149226 116035584
128 468 1150008 116035584
128 469 1150726 116035584
128 470 1149642 116035584
128 471 1149938 116035584
128 472 1151040 116035584
128 473 1149914 116035584
128 474 1150363 116035584
128 475 1149604 116035584
128 476 1149913 116035584
128 477 1149955 116035584
128 478 1149774 116035584
128 479 1150509 116035584
128 480 1150267 116035584
128 481 1150370 116035584
128 482 1150820 116035584
128 483 1150042 116035584
128 484 1150528 116035584
128 485 1150028 116035584
128 486 1149866 116035584
128 487 1150039 116035584
128 488 1150319 116035584
128 489 1152646 116035584
128 490 1150302 116035584
128 491 1150586 116035584
128 492 1149608 116035584
128 493 1150798 116035584
128 494 1150324 116035584
128 495 1149567 116035584
128 496 1150974 116035584
128 497 1149934 116035584
128 498 1149826 116035584
128 499 1150456 116035584
128 500 1150646 116035584
128 501 1150006 116035584
128 502 1149977 116035584
128 503 1150418 116035584
128 504 1150824 116035584
128 505 1149457 116035584
128 506 1152229 116035584
128 507 1150118 116035584
128 508 1149932 116035584
128 509 1150105 116035584
128 510 1149777 116035584
128 511 1149679 116035584
128 512 1150869 116035584
128 513 1149957 116035584
128 514 1149618 116035584
128 515 1149600 116035584
128 516 1150188 116035584
128 517 1150060 116035584
128 518 1150028 116035584
128 519 1150288 116035584
128 520 1149494 116035584
128 521 1150003 116035584
128 522 1149591 116035584
128 523 1151341 116035584
128 524 1150456 116035584
128 525 1150756 116035584
128 526 1150125 116035584
128 527 1150447 116035584
128 528 1150737 116035584
128 529 1149790 116035584
128 530 1150031 116035584
128 531 1149748 116035584
128 532 1150241 116035584
128 533 1150121 116035584
128 534 1148742 116035584
128 535 1149786 116035584
128 536 1150375 116035584
128 537 1150214 116035584
128 538 1150483 116035584
128 539 1149410 116035584
128 540 1151761 116035584
128 541 1149866 116035584
128 542 1149943 116035584
128 543 1150210 116035584
128 544 1150637 116035584
128 545 1150246 116035584
128 546 1149845 116035584
128 547 1150251 116035584
128 548 1150315 116035584
128 549 1150582 116035584
128 550 1149779 116035584
128 551 1150769 116035584
128 552 1149582 116035584
128 553 1149491 116035584
128 554 1149846 116035584
128 555 1150033 116035584
128 556 1150374 116035584
128 557 1152118 116035584
128 558 1149757 116035584
128 559 1150155 116035584
128 560 1149800 116035584
128 561 1151533 116035584
128 562 1149751 116035584
128 563 1149752 116035584
128 564 1149415 116035584
128 565 1150080 116035584
128 566 1149975 116035584
128 567 1150399 116035584
128 568 1150670 116035584
128 569 1151277 116035584
128 570 1150095 116035584
128 571 1149106 116035584
128 572 1150581 116035584
128 573 1150335 116035584
128 574 1151363 116035584
128 575 1150065 116035584
128 576 1149530 116035584
128 577 1150392 116035584
128 578 1151469 116035584
128 579 1149669 116035584
128 580 1149988 116035584
128 581 1150107 116035584
128 582 1149617 116035584
128 583 1150451 116035584
128 584 1150550 116035584
128 585 1150695 116035584
128 586 1150401 116035584
128 587 1149684 116035584
128 588 1149658 116035584
128 589 1149594 116035584
128 590 1150418 116035584
128 591 1152444 116035584
128 592 1149382 116035584
128 593 1150408 116035584
128 594 1150414 116035584
128 595 1152349 116035584
128 596 1149940 116035584
128 597 1149793 116035584
128 598 1150229 116035584
128 599 1150309 116035584
128 600 1150042 116035584
128 601 1149809 116035584
128 602 1150302 116035584
128 603 1150646 116035584
128 604 1150264 116035584
128 605 1150064 116035584
128 606 1149741 116035584
128 607 1150418 116035584
128 608 1151787 116035584
128 609 1150148 116035584
128 610 1150171 116035584
128 611 1149208 116035584
128 612 1152555 116035584
128 613 1150577 116035584
128 614 1150914 116035584
128 615 1150585 116035584
128 616 1150250 116035584
128 617 1149766 116035584
128 618 1149946 116035584
128 619 1149990 116035584
128 620 1150564 116035584
128 621 1150782 116035584
128 622 1150202 116035584
128 623 1149747 116035584
128 624 1149828 116035584
128 625 1152701 116035584
128 626 1151330 116035584
128 627 1150811 116035584
128 628 1150047 116035584
128 629 1151824 116035584
128 630 1151191 116035584
128 631 1150391 116035584
128 632 1150043 116035584
128 633 1149972 116035584
128 634 1150309 116035584
128 635 1149650 116035584
128 636 1149831 116035584
128 637 1150238 116035584
128 638 1149674 116035584
128 639 1149289 116035584
128 640 1150071 116035584
128 641 1149887 116035584
128 642 1151644 116035584
128 643 1150453 116035584
128 644 1149900 116035584
128 645 1150799 116035584
128 646 1151147 116035584
128 647 1149938 116035584
128 648 1150060 116035584
128 649 1150233 116035584
128 650 1150029 116035584
128 651 1150656 116035584
128 652 1149649 116035584
128 653 1149863 116035584
128 654 1150550 116035584
128 655 1150102 116035584
128 656 1149849 116035584
128 657 1149567 116035584
128 658 1149526 116035584
128 659 1151343 116035584
128 660 1150024 116035584
128 661 1150285 116035584
128 662 1150066 116035584
128 663 1151767 116035584
128 664 1150621 116035584
128 665 1150053 116035584
128 666 1150772 116035584
128 667 1150242 116035584
128 668 1150514 116035584
128 669 1150966 116035584
128 670 1149952 116035584
128 671 1151026 116035584
128 672 1149906 116035584
128 673 1149998 116035584
128 674 1150117 116035584
128 675 1150362 116035584
128 676 1151422 116035584
128 677 1149939 116035584
128 678 1150083 116035584
128 679 1150214 116035584
128 680 1152052 116035584
128 681 1149796 116035584
128 682 1149959 116035584
128 683 1149517 116035584
128 684 1150699 116035584
128 685 1149787 116035584
128 686 1149794 116035584
128 687 1150048 116035584
128 688 1149987 116035584
128 689 1150113 116035584
128 690 1150964 116035584
128 691 1150066 116035584
128 692 1149498 116035584
128 693 1151848 116035584
128 694 1149958 116035584
128 695 1149829 116035584
128 696 1149893 116035584
128 697 1151512 116035584
128 698 1149874 116035584
128 699 1149986 116035584
128 700 1150440 116035584
128 701 1149468 116035584
128 702 1150483 116035584
128 703 1150212 116035584
128 704 1149487 116035584
128 705 1149964 116035584
128 706 1150326 116035584
128 707 1150322 116035584
128 708 1150511 116035584
128 709 1150274 116035584
128 710 1152385 116035584
128 711 1149743 116035584
128 712 1150784 116035584
128 713 1149894 116035584
128 714 1151272 116035584
128 715 1149373 116035584
128 716 1149977 116035584
128 717 1149812 116035584
128 718 1150306 116035584
128 719 1150712 116035584
128 720 1149659 116035584
128 721 1149693 116035584
128 722 1150080 116035584
128 723 1150468 116035584
128 724 1150257 116035584
128 725 1149079 116035584
128 726 1150435 116035584
128 727 1151629 116035584
128 728 1150617 116035584
128 729 1149723 116035584
128 730 1149542 116035584
128 731 1152029 116035584
128 732 1150121 116035584
128 733 1150657 116035584
128 734 1149906 116035584
128 735 1150597 116035584
128 736 1149929 116035584
128 737 1149920 116035584
128 738 1150503 116035584
128 739 1150238 116035584
128 740 1150133 116035584
128 741 1150168 116035584
128 742 1150201 116035584
128 743 1150109 116035584
128 744 1152425 116035584
128 745 1150831 116035584
128 746 1149769 116035584
128 747 1150907 116035584
128 748 1151682 116035584
128 749 1149767 116035584
128 750 1150977 116035584
128 751 1149348 116035584
128 752 1149742 116035584
128 753 1150824 116035584
128 754 1149838 116035584
128 755 1150638 116035584
128 756 1150032 116035584
128 757 1150219 116035584
128 758 1150391 116035584
128 759 1149866 116035584
128 760 1149729 116035584
128 761 1152123 116035584
128 762 1149312 116035584
128 763 1150189 116035584
128 764 1150095 116035584
128 765 1152056 116035584
128 766 1149898 116035584
128 767 1150557 116035584
128 768 1150485 116035584
128 769 1149742 116035584
128 770 1150035 116035584
128 771 1150438 116035584
128 772 1150067 116035584
128 773 1149490 116035584
128 774 1149811 116035584
128 775 1149162 116035584
128 776 1150184 116035584
128 777 1149922 116035584
128 778 1151436 116035584
128 779 1150272 116035584
128 780 1149304 116035584
128 781 1149903 116035584
128 782 1150981 116035584
128 783 1150214 116035584
128 784 1150353 116035584
128 785 1151189 116035584
128 786 1149857 116035584
128 787 1150612 116035584
128 788 1150082 116035584
128 789 1149993 116035584
128 790 1150320 116035584
128 791 1149624 116035584
128 792 1149065 116035584
128 793 1149709 116035584
128 794 1150236 116035584
128 795 1151909 116035584
128 796 1150122 116035584
128 797 1150629 116035584
128 798 1150063 116035584
128 799 1151403 116035584
128 800 1150202 116035584
128 801 1150452 116035584
128 802 1150423 116035584
128 803 1149834 116035584
128 804 1149650 116035584
128 805 1149835 116035584
128 806 1149614 116035584
128 807 1150485 116035584
128 808 1150022 116035584
128 809 1149276 116035584
128 810 1150803 116035584
128 811 1150397 116035584
128 812 1150291 116035584
128 813 1149525 116035584
128 814 1150733 116035584
128 815 1150018 116035584
128 816 1152171 116035584
128 817 1150417 116035584
128 818 1150559 116035584
128 819 1150828 116035584
128 820 1149794 116035584
128 821 1150269 116035584
128 822 1150718 116035584
128 823 1150702 116035584
128 824 1149619 116035584
128 825 1150339 116035584
128 826 1151095 116035584
128 827 1149712 116035584
128 828 1150326 116035584
128 829 1150227 116035584
128 830 1149725 116035584
128 831 1150288 116035584
128 832 1150580 116035584
128 833 1152374 116035584
128 834 1150351 116035584
128 835 1150708 116035584
128 836 1150248 116035584
128 837 1150349 116035584
128 838 1150088 116035584
128 839 1150374 116035584
128 840 1150400 116035584
128 841 1149594 116035584
128 842 1151230 116035584
128 843 1149557 116035584
128 844 1150029 116035584
128 845 1150350 116035584
128 846 1150316 116035584
128 847 1150596 116035584
128 848 1149992 116035584
128 849 1149835 116035584
128 850 1151531 116035584
128 851 1150784 116035584
128 852 1149776 116035584
128 853 1150040 116035584
128 854 1150589 116035584
128 855 1149817 116035584
128 856 1150116 116035584
128 857 1149986 116035584
128 858 1150233 116035584
128 859 1149762 116035584
128 860 1150390 116035584
128 861 1150956 116035584
128 862 1150093 116035584
128 863 1150368 116035584
128 864 1150237 116035584
128 865 1150114 116035584
128 866 1150226 116035584
128 867 1152221 116035584
128 868 1149828 116035584
128 869 1150346 116035584
128 870 1150444 116035584
128 871 1150068 116035584
128 872 1149969 116035584
128 873 1150634 116035584
128 874 1149712 116035584
128 875 1150330 116035584
128 876 1149864 116035584
128 877 1149916 116035584
128 878 1150059 116035584
128 879 1150789 116035584
128 880 1150278 116035584
128 881 1150876 116035584
128 882 1150559 116035584
128 883 1150138 116035584
128 884 1151785 116035584
128 885 1150115 116035584
128 886 1150269 116035584
128 887 1149763 116035584
128 888 1149879 116035584
128 889 1149259 116035584
128 890 1149741 116035584
128 891 1150446 116035584
128 892 1150250 116035584
128 893 1150328 116035584
128 894 1150792 116035584
128 895 1150169 116035584
128 896 1150364 116035584
128 897 1150592 116035584
128 898 1150499 116035584
128 899 1150725 116035584
128 900 1149863 116035584
128 901 1152112 116035584
128 902 1149981 116035584
128 903 1150107 116035584
128 904 1149907 116035584
128 905 1150161 116035584
128 906 1150818 116035584
128 907 1149406 116035584
128 908 1150154 116035584
128 909 1150457 116035584
128 910 1150473 116035584
128 911 1149854 116035584
128 912 1150343 116035584
128 913 1150468 116035584
128 914 1150413 116035584
128 915 1149876 116035584
128 916 1149955 116035584
128 917 1149528 116035584
128 918 1151669 116035584
128 919 1149997 116035584
128 920 1150093 116035584
128 921 1150168 116035584
128 922 1150337 116035584
128 923 1150085 116035584
128 924 1150104 116035584
128 925 1150054 116035584
128 926 1150547 116035584
128 927 1150308 116035584
128 928 1149679 116035584
128 929 1150244 116035584
128 930 1148683 116035584
128 931 1150103 116035584
128 932 1150511 116035584
128 933 1149817 116035584
128 934 1150412 116035584
128 935 1151935 116035584
128 936 1149705 116035584
128 937 1150827 116035584
128 938 1149709 116035584
128 939 1150023 116035584
128 940 1150285 116035584
128 941 1150598 116035584
128 942 1150218 116035584
128 943 1150162 116035584
128 944 1149670 116035584
128 945 1150547 116035584
128 946 1150649 116035584
128 947 1150085 116035584
128 948 1150480 116035584
128 949 1150374 116035584
128 950 1149345 116035584
128 951 1149409 116035584
128 952 1152144 116035584
128 953 1149306 116035584
128 954 1150076 116035584
128 955 1150410 116035584
128 956 1152118 116035584
128 957 1150337 116035584
128 958 1150713 116035584
128 959 1150329 116035584
128 960 1149223 116035584
128 961 1149968 116035584
128 962 1150900 116035584
128 963 1149986 116035584
128 964 1149834 116035584
128 965 1150484 116035584
128 966 1149800 116035584
128 967 1150990 116035584
128 968 1149760 116035584
128 969 1151303 116035584
128 970 1149865 116035584
128 971 1149810 116035584
128 972 1149421 116035584
128 973 1152185 116035584
128 974 1150152 116035584
128 975 1149977 116035584
128 976 1150351 116035584
128 977 1150941 116035584
128 978 1149686 116035584
128 979 1149771 116035584
128 980 1149843 116035584
128 981 1150542 116035584
128 982 1149874 116035584
128 983 1150208 116035584
128 984 1150501 116035584
128 985 1150409 116035584
128 986 1151306 116035584
128 987 1149337 116035584
128 988 1149687 116035584
128 989 1150334 116035584
128 990 1152668 116035584
128 991 1149870 116035584
128 992 1150526 116035584
128 993 1150585 116035584
128 994 1150481 116035584
128 995 1150551 116035584
128 996 1150291 116035584
128 997 1150531 116035584
128 998 1150325 116035584
128 999 1150372 116035584
