512 0 38882663 3131637760
512 1 33658311 3131637760
512 2 33641731 3131637760
512 3 34103256 3131637760
512 4 34405290 3131637760
512 5 36990051 3131637760
512 6 33752510 3131637760
512 7 33897246 3131637760
512 8 33766532 3131637760
512 9 34209854 3131637760
512 10 36775357 3131637760
512 11 33701412 3131637760
512 12 33763014 3131637760
512 13 33984072 3131637760
512 14 34323229 3131637760
512 15 37152228 3131637760
512 16 33490856 3131637760
512 17 33707348 3131637760
512 18 33881174 3131637760
512 19 34214024 3131637760
512 20 37197650 3131637760
512 21 33463114 3131637760
512 22 33844814 3131637760
512 23 34009432 3131637760
512 24 34077662 3131637760
512 25 37054031 3131637760
512 26 33506112 3131637760
512 27 33787818 3131637760
512 28 33863410 3131637760
512 29 34068474 3131637760
512 30 37199266 3131637760
512 31 33480317 3131637760
512 32 33644249 3131637760
512 33 33867863 3131637760
512 34 34132826 3131637760
512 35 36816399 3131637760
512 36 33685060 3131637760
512 37 33771129 3131637760
512 38 33842817 3131637760
512 39 34195409 3131637760
512 40 37036470 3131637760
512 41 33657918 3131637760
512 42 33643543 3131637760
512 43 33791242 3131637760
512 44 34206076 3131637760
512 45 37030234 3131637760
512 46 33763491 3131637760
512 47 33841270 3131637760
512 48 33845609 3131637760
512 49 34381812 3131637760
512 50 36956846 3131637760
512 51 33902706 3131637760
512 52 33857244 3131637760
512 53 33839505 3131637760
512 54 34240428 3131637760
512 55 37113450 3131637760
512 56 33691886 3131637760
512 57 33705484 3131637760
512 58 33863256 3131637760
512 59 34135766 3131637760
512 60 37063158 3131637760
512 61 33674384 3131637760
512 62 33624500 3131637760
512 63 33806841 3131637760
512 64 34112349 3131637760
512 65 36988469 3131637760
512 66 33523774 3131637760
512 67 33706140 3131637760
512 68 34171185 3131637760
512 69 34484095 3131637760
512 70 37181815 3131637760
512 71 33584070 3131637760
512 72 33834890 3131637760
512 73 33932048 3131637760
512 74 34114848 3131637760
512 75 37178371 3131637760
512 76 33560897 3131637760
512 77 33805716 3131637760
512 78 34056161 3131637760
512 79 34324428 3131637760
512 80 37160954 3131637760
512 81 33596303 3131637760
512 82 33687270 3131637760
512 83 33834046 3131637760
512 84 34219121 3131637760
512 85 36987416 3131637760
512 86 33530952 3131637760
512 87 33735130 3131637760
512 88 33931039 3131637760
512 89 34231286 3131637760
512 90 37173923 3131637760
512 91 34052988 3131637760
512 92 33741768 3131637760
512 93 33967528 3131637760
512 94 34228073 3131637760
512 95 37197078 3131637760
512 96 33671601 3131637760
512 97 33783142 3131637760
512 98 34227144 3131637760
512 99 34210290 3131637760
512 100 37063931 3131637760
512 101 33829825 3131637760
512 102 33693624 3131637760
512 103 33920482 3131637760
512 104 34099963 3131637760
512 105 36905036 3131637760
512 106 33467126 3131637760
512 107 33431551 3131637760
512 108 33954030 3131637760
512 109 34353201 3131637760
512 110 37153736 3131637760
512 111 33734935 3131637760
512 112 33801048 3131637760
512 113 33891267 3131637760
512 114 34194942 3131637760
512 115 37261340 3131637760
512 116 33772328 3131637760
512 117 33703265 3131637760
512 118 33862086 3131637760
512 119 34370024 3131637760
512 120 37113796 3131637760
512 121 33564282 3131637760
512 122 33771495 3131637760
512 123 33954146 3131637760
512 124 34213613 3131637760
512 125 37016410 3131637760
512 126 33592673 3131637760
512 127 33829565 3131637760
512 128 33805424 3131637760
512 129 34212784 3131637760
512 130 36889160 3131637760
512 131 33689011 3131637760
512 132 33790502 3131637760
512 133 33777350 3131637760
512 134 34301556 3131637760
512 135 37176414 3131637760
512 136 33601117 3131637760
512 137 33814389 3131637760
512 138 33754316 3131637760
512 139 34393438 3131637760
512 140 36782887 3131637760
512 141 33492313 3131637760
512 142 33915669 3131637760
512 143 33777526 3131637760
512 144 34298562 3131637760
512 145 37083580 3131637760
512 146 33665124 3131637760
512 147 33646380 3131637760
512 148 33732904 3131637760
512 149 34188600 3131637760
512 150 37205464 3131637760
512 151 33542476 3131637760
512 152 33761087 3131637760
512 153 33812694 3131637760
512 154 34196204 3131637760
512 155 36844690 3131637760
512 156 33762416 3131637760
512 157 33927168 3131637760
512 158 33813518 3131637760
512 159 34166748 3131637760
512 160 37083021 3131637760
512 161 33680438 3131637760
512 162 33620180 3131637760
512 163 33822011 3131637760
512 164 34279646 3131637760
512 165 37308378 3131637760
512 166 33611011 3131637760
512 167 33734106 3131637760
512 168 33769465 3131637760
512 169 34401154 3131637760
512 170 37121279 3131637760
512 171 33624993 3131637760
512 172 33790376 3131637760
512 173 33975576 3131637760
512 174 34259429 3131637760
512 175 36888091 3131637760
512 176 33671096 3131637760
512 177 33707257 3131637760
512 178 33910652 3131637760
512 179 34215274 3131637760
512 180 37164216 3131637760
512 181 33472980 3131637760
512 182 33650722 3131637760
512 183 33750766 3131637760
512 184 34418832 3131637760
512 185 37023885 3131637760
512 186 33589634 3131637760
512 187 33684776 3131637760
512 188 33817142 3131637760
512 189 34171512 3131637760
512 190 36970459 3131637760
512 191 33757867 3131637760
512 192 33866876 3131637760
512 193 33835038 3131637760
512 194 34350887 3131637760
512 195 37052034 3131637760
512 196 33509971 3131637760
512 197 33684850 3131637760
512 198 33831044 3131637760
512 199 34343269 3131637760
512 200 36910156 3131637760
512 201 33582882 3131637760
512 202 33572774 3131637760
512 203 33972992 3131637760
512 204 34351274 3131637760
512 205 36674249 3131637760
512 206 33721513 3131637760
512 207 33688614 3131637760
512 208 33893698 3131637760
512 209 34221972 3131637760
512 210 37030191 3131637760
512 211 33748237 3131637760
512 212 33800731 3131637760
512 213 33779172 3131637760
512 214 34087004 3131637760
512 215 37316379 3131637760
512 216 33511896 3131637760
512 217 33702412 3131637760
512 218 33723560 3131637760
512 219 34047152 3131637760
512 220 36860013 3131637760
512 221 33378371 3131637760
512 222 33611462 3131637760
512 223 33667103 3131637760
512 224 34090559 3131637760
512 225 36983868 3131637760
512 226 33629633 3131637760
512 227 33620732 3131637760
512 228 33783318 3131637760
512 229 34207358 3131637760
512 230 37074434 3131637760
512 231 33450867 3131637760
512 232 33769068 3131637760
512 233 33750067 3131637760
512 234 34263360 3131637760
512 235 36985664 3131637760
512 236 33506348 3131637760
512 237 33654063 3131637760
512 238 33967694 3131637760
512 239 34198938 3131637760
512 240 37144809 3131637760
512 241 33662536 3131637760
512 242 33739016 3131637760
512 243 33712830 3131637760
512 244 34052116 3131637760
512 245 36977584 3131637760
512 246 33417756 3131637760
512 247 33815620 3131637760
512 248 33756614 3131637760
512 249 34001767 3131637760
512 250 37221734 3131637760
512 251 33677288 3131637760
512 252 33842254 3131637760
512 253 33914526 3131637760
512 254 34222138 3131637760
512 255 37129102 3131637760
512 256 33472393 3131637760
512 257 33720045 3131637760
512 258 33971824 3131637760
512 259 34222940 3131637760
512 260 37015524 3131637760
512 261 33432267 3131637760
512 262 33733630 3131637760
512 263 33709268 3131637760
512 264 34268795 3131637760
512 265 37222191 3131637760
512 266 33504386 3131637760
512 267 33624879 3131637760
512 268 34124379 3131637760
512 269 34261884 3131637760
512 270 37143262 3131637760
512 271 33708922 3131637760
512 272 33687708 3131637760
512 273 33667704 3131637760
512 274 34493876 3131637760
512 275 37025508 3131637760
512 276 33451919 3131637760
512 277 33685506 3131637760
512 278 33968834 3131637760
512 279 34114035 3131637760
512 280 36825567 3131637760
512 281 33665069 3131637760
512 282 33689399 3131637760
512 283 33946102 3131637760
512 284 34142609 3131637760
512 285 36987734 3131637760
512 286 33554218 3131637760
512 287 33643588 3131637760
512 288 33732368 3131637760
512 289 34261038 3131637760
512 290 37032790 3131637760
512 291 33637069 3131637760
512 292 33777329 3131637760
512 293 33888952 3131637760
512 294 34248444 3131637760
512 295 37012956 3131637760
512 296 33522745 3131637760
512 297 33723505 3131637760
512 298 33583544 3131637760
512 299 34150028 3131637760
512 300 37212283 3131637760
512 301 33714191 3131637760
512 302 33671947 3131637760
512 303 33963057 3131637760
512 304 34133635 3131637760
512 305 36965356 3131637760
512 306 33690631 3131637760
512 307 33764123 3131637760
512 308 33792935 3131637760
512 309 34275799 3131637760
512 310 36961297 3131637760
512 311 33765650 3131637760
512 312 33576835 3131637760
512 313 33581991 3131637760
512 314 34049219 3131637760
512 315 37002903 3131637760
512 316 33660795 3131637760
512 317 33706276 3131637760
512 318 33818915 3131637760
512 319 34305912 3131637760
512 320 36982465 3131637760
512 321 33750175 3131637760
512 322 33594754 3131637760
512 323 33892677 3131637760
512 324 34190144 3131637760
512 325 36821808 3131637760
512 326 33412490 3131637760
512 327 33750217 3131637760
512 328 33928650 3131637760
512 329 34220007 3131637760
512 330 36881255 3131637760
512 331 33796980 3131637760
512 332 33924323 3131637760
512 333 33944354 3131637760
512 334 34089460 3131637760
512 335 36815786 3131637760
512 336 33642364 3131637760
512 337 33596856 3131637760
512 338 33932513 3131637760
512 339 34208282 3131637760
512 340 37100062 3131637760
512 341 33536480 3131637760
512 342 33607300 3131637760
512 343 33713874 3131637760
512 344 34307400 3131637760
512 345 37230096 3131637760
512 346 33426135 3131637760
512 347 33712330 3131637760
512 348 33776398 3131637760
512 349 34251672 3131637760
512 350 36731596 3131637760
512 351 33413886 3131637760
512 352 33861161 3131637760
512 353 33995123 3131637760
512 354 34160374 3131637760
512 355 36971719 3131637760
512 356 33682670 3131637760
512 357 33738472 3131637760
512 358 33824199 3131637760
512 359 34324003 3131637760
512 360 37127626 3131637760
512 361 33632978 3131637760
512 362 33736042 3131637760
512 363 33995098 3131637760
512 364 34175666 3131637760
512 365 37380504 3131637760
512 366 33906818 3131637760
512 367 33822793 3131637760
512 368 33958053 3131637760
512 369 34184631 3131637760
512 370 37230392 3131637760
512 371 33826364 3131637760
512 372 33805575 3131637760
512 373 33994415 3131637760
512 374 34154046 3131637760
512 375 37289084 3131637760
512 376 33720132 3131637760
512 377 33656904 3131637760
512 378 33800656 3131637760
512 379 34118896 3131637760
512 380 37183396 3131637760
512 381 33606000 3131637760
512 382 33834778 3131637760
512 383 34008582 3131637760
512 384 34258223 3131637760
512 385 37285797 3131637760
512 386 33409774 3131637760
512 387 33789314 3131637760
512 388 34083115 3131637760
512 389 34136842 3131637760
512 390 37229880 3131637760
512 391 33650937 3131637760
512 392 33524695 3131637760
512 393 33904116 3131637760
512 394 34344504 3131637760
512 395 37076922 3131637760
512 396 33538208 3131637760
512 397 33707379 3131637760
512 398 33605982 3131637760
512 399 34274512 3131637760
512 400 36867570 3131637760
512 401 33583360 3131637760
512 402 33755203 3131637760
512 403 33712517 3131637760
512 404 34216804 3131637760
512 405 36806644 3131637760
512 406 33524124 3131637760
512 407 33623660 3131637760
512 408 33807826 3131637760
512 409 34183743 3131637760
512 410 36920282 3131637760
512 411 33682727 3131637760
512 412 33688072 3131637760
512 413 34070023 3131637760
512 414 34426014 3131637760
512 415 37318239 3131637760
512 416 33761518 3131637760
512 417 33738715 3131637760
512 418 33810672 3131637760
512 419 34193740 3131637760
512 420 36946884 3131637760
512 421 33679052 3131637760
512 422 33765628 3131637760
512 423 33823517 3131637760
512 424 34257626 3131637760
512 425 37186599 3131637760
512 426 33734185 3131637760
512 427 33620033 3131637760
512 428 33682566 3131637760
512 429 34199560 3131637760
512 430 37088634 3131637760
512 431 33481090 3131637760
512 432 33648288 3131637760
512 433 33769903 3131637760
512 434 34416189 3131637760
512 435 37213388 3131637760
512 436 33781016 3131637760
512 437 33749452 3131637760
512 438 33828238 3131637760
512 439 34486302 3131637760
512 440 36934281 3131637760
512 441 33623002 3131637760
512 442 33752872 3131637760
512 443 33943762 3131637760
512 444 34403732 3131637760
512 445 37240187 3131637760
512 446 33913063 3131637760
512 447 33592102 3131637760
512 448 33930781 3131637760
512 449 34192973 3131637760
512 450 37126666 3131637760
512 451 33745652 3131637760
512 452 33591926 3131637760
512 453 33760626 3131637760
512 454 34124573 3131637760
512 455 37217034 3131637760
512 456 33620498 3131637760
512 457 33768501 3131637760
512 458 33846976 3131637760
512 459 34373968 3131637760
512 460 37049726 3131637760
512 461 33530799 3131637760
512 462 33737454 3131637760
512 463 33975188 3131637760
512 464 34120794 3131637760
512 465 36896924 3131637760
512 466 33507174 3131637760
512 467 33835538 3131637760
512 468 34001569 3131637760
512 469 34443338 3131637760
512 470 36869528 3131637760
512 471 33714010 3131637760
512 472 33650480 3131637760
512 473 34071172 3131637760
512 474 34360188 3131637760
512 475 37258504 3131637760
512 476 33441080 3131637760
512 477 33723678 3131637760
512 478 33960537 3131637760
512 479 34448898 3131637760
512 480 36981372 3131637760
512 481 33594737 3131637760
512 482 33741351 3131637760
512 483 33798948 3131637760
512 484 34306325 3131637760
512 485 37058441 3131637760
512 486 33779968 3131637760
512 487 33710098 3131637760
512 488 33834476 3131637760
512 489 34148150 3131637760
512 490 37195209 3131637760
512 491 33541906 3131637760
512 492 33700500 3131637760
512 493 33890307 3131637760
512 494 34352664 3131637760
512 495 36966996 3131637760
512 496 33739780 3131637760
512 497 33675419 3131637760
512 498 33675260 3131637760
512 499 34226928 3131637760
512 500 36893620 3131637760
512 501 33351441 3131637760
512 502 33707110 3131637760
512 503 33762584 3131637760
512 504 34253140 3131637760
512 505 36923735 3131637760
512 506 33575852 3131637760
512 507 33876698 3131637760
512 508 34027367 3131637760
512 509 34103695 3131637760
512 510 37082210 3131637760
512 511 33513197 3131637760
512 512 33686778 3131637760
512 513 33929311 3131637760
512 514 34316034 3131637760
512 515 37271336 3131637760
512 516 33727600 3131637760
512 517 33765810 3131637760
512 518 33702864 3131637760
512 519 34125095 3131637760
512 520 36742334 3131637760
512 521 33639358 3131637760
512 522 33559122 3131637760
512 523 33795924 3131637760
512 524 34190072 3131637760
512 525 36909178 3131637760
512 526 33609692 3131637760
512 527 33811358 3131637760
512 528 33973452 3131637760
512 529 34322662 3131637760
512 530 37220105 3131637760
512 531 33683258 3131637760
512 532 33659625 3131637760
512 533 34113548 3131637760
512 534 34268966 3131637760
512 535 37223598 3131637760
512 536 33639925 3131637760
512 537 33698363 3131637760
512 538 33898542 3131637760
512 539 34208356 3131637760
512 540 36913498 3131637760
512 541 33629081 3131637760
512 542 33530182 3131637760
512 543 33914056 3131637760
512 544 34227911 3131637760
512 545 37146293 3131637760
512 546 33805406 3131637760
512 547 33811656 3131637760
512 548 34007680 3131637760
512 549 34127560 3131637760
512 550 37078038 3131637760
512 551 33632452 3131637760
512 552 33708469 3131637760
512 553 33653251 3131637760
512 554 34274031 3131637760
512 555 37169354 3131637760
512 556 33598420 3131637760
512 557 33710728 3131637760
512 558 33653122 3131637760
512 559 34156698 3131637760
512 560 37051230 3131637760
512 561 33560042 3131637760
512 562 33661785 3131637760
512 563 34006512 3131637760
512 564 34257561 3131637760
512 565 36966566 3131637760
512 566 33395129 3131637760
512 567 33499214 3131637760
512 568 33816230 3131637760
512 569 34210596 3131637760
512 570 37008770 3131637760
512 571 33760426 3131637760
512 572 33664830 3131637760
512 573 34063788 3131637760
512 574 34328347 3131637760
512 575 37080797 3131637760
512 576 33611609 3131637760
512 577 33702201 3131637760
512 578 33953600 3131637760
512 579 34193445 3131637760
512 580 36863732 3131637760
512 581 33539396 3131637760
512 582 33746164 3131637760
512 583 34054278 3131637760
512 584 34258482 3131637760
512 585 37161212 3131637760
512 586 33609287 3131637760
512 587 33728302 3131637760
512 588 33848483 3131637760
512 589 34271290 3131637760
512 590 37065818 3131637760
512 591 33682958 3131637760
512 592 33705375 3131637760
512 593 33854834 3131637760
512 594 34061766 3131637760
512 595 37159858 3131637760
512 596 33757015 3131637760
512 597 33669592 3131637760
512 598 33953756 3131637760
512 599 34217409 3131637760
512 600 37301720 3131637760
512 601 33602694 3131637760
512 602 33843466 3131637760
512 603 33902796 3131637760
512 604 34095122 3131637760
512 605 37068728 3131637760
512 606 33732276 3131637760
512 607 33820534 3131637760
512 608 33895157 3131637760
512 609 34385087 3131637760
512 610 36728506 3131637760
512 611 33963428 3131637760
512 612 33829838 3131637760
512 613 34021091 3131637760
512 614 34227652 3131637760
512 615 36695138 3131637760
512 616 33657323 3131637760
512 617 33826062 3131637760
512 618 33761296 3131637760
512 619 34436152 3131637760
512 620 37070788 3131637760
512 621 33604795 3131637760
512 622 33486831 3131637760
512 623 33841408 3131637760
512 624 34305125 3131637760
512 625 36971426 3131637760
512 626 33710698 3131637760
512 627 33701436 3131637760
512 628 34030980 3131637760
512 629 34242002 3131637760
512 630 36893804 3131637760
512 631 33872966 3131637760
512 632 33811126 3131637760
512 633 33884526 3131637760
512 634 34373805 3131637760
512 635 37100392 3131637760
512 636 33582572 3131637760
512 637 33697493 3131637760
512 638 33859246 3131637760
512 639 34135304 3131637760
512 640 37070428 3131637760
512 641 33438926 3131637760
512 642 33801788 3131637760
512 643 34000331 3131637760
512 644 34259056 3131637760
512 645 36773365 3131637760
512 646 33826220 3131637760
512 647 33729121 3131637760
512 648 33824915 3131637760
512 649 34163061 3131637760
512 650 37080633 3131637760
512 651 33522133 3131637760
512 652 33656951 3131637760
512 653 33959565 3131637760
512 654 33969780 3131637760
512 655 37139236 3131637760
512 656 33643636 3131637760
512 657 33550106 3131637760
512 658 33902537 3131637760
512 659 34278364 3131637760
512 660 37114633 3131637760
512 661 33831560 3131637760
512 662 33800515 3131637760
512 663 34059384 3131637760
512 664 34282174 3131637760
512 665 37024106 3131637760
512 666 33718962 3131637760
512 667 33725145 3131637760
512 668 33751494 3131637760
512 669 34257980 3131637760
512 670 37168667 3131637760
512 671 33686132 3131637760
512 672 33623847 3131637760
512 673 33744696 3131637760
512 674 34227646 3131637760
512 675 37071611 3131637760
512 676 33689082 3131637760
512 677 33785138 3131637760
512 678 33772374 3131637760
512 679 34224324 3131637760
512 680 36972597 3131637760
512 681 33348468 3131637760
512 682 33507823 3131637760
512 683 33946895 3131637760
512 684 34254824 3131637760
512 685 37125285 3131637760
512 686 33710444 3131637760
512 687 33696834 3131637760
512 688 33912004 3131637760
512 689 34283328 3131637760
512 690 37000860 3131637760
512 691 33545340 3131637760
512 692 33845700 3131637760
512 693 34038065 3131637760
512 694 34297624 3131637760
512 695 36850442 3131637760
512 696 33547542 3131637760
512 697 33713657 3131637760
512 698 34057180 3131637760
512 699 34315490 3131637760
512 700 37253470 3131637760
512 701 33814662 3131637760
512 702 33712438 3131637760
512 703 33880602 3131637760
512 704 34153875 3131637760
512 705 37168024 3131637760
512 706 33583226 3131637760
512 707 33782446 3131637760
512 708 34076340 3131637760
512 709 34297798 3131637760
512 710 36762595 3131637760
512 711 33723414 3131637760
512 712 33798421 3131637760
512 713 34105492 3131637760
512 714 34360542 3131637760
512 715 36934732 3131637760
512 716 33631930 3131637760
512 717 33903528 3131637760
512 718 33944360 3131637760
512 719 34361420 3131637760
512 720 36959708 3131637760
512 721 33384640 3131637760
512 722 33857445 3131637760
512 723 33785196 3131637760
512 724 34253910 3131637760
512 725 37082546 3131637760
512 726 33525829 3131637760
512 727 33620718 3131637760
512 728 33919107 3131637760
512 729 34247557 3131637760
512 730 37124349 3131637760
512 731 33571334 3131637760
512 732 33821300 3131637760
512 733 33901887 3131637760
512 734 34282446 3131637760
512 735 37069034 3131637760
512 736 33661060 3131637760
512 737 33853106 3131637760
512 738 33719130 3131637760
512 739 34279914 3131637760
512 740 37167690 3131637760
512 741 33569218 3131637760
512 742 33709988 3131637760
512 743 33789592 3131637760
512 744 34269850 3131637760
512 745 37092449 3131637760
512 746 33755954 3131637760
512 747 33587190 3131637760
512 748 33887529 3131637760
512 749 34029611 3131637760
512 750 36800070 3131637760
512 751 33300341 3131637760
512 752 33696116 3131637760
512 753 33751933 3131637760
512 754 34213211 3131637760
512 755 36643550 3131637760
512 756 33836876 3131637760
512 757 33740735 3131637760
512 758 33853462 3131637760
512 759 34281954 3131637760
512 760 37019126 3131637760
512 761 33671998 3131637760
512 762 33854910 3131637760
512 763 33747734 3131637760
512 764 34163992 3131637760
512 765 36938557 3131637760
512 766 33757371 3131637760
512 767 33786948 3131637760
512 768 33864198 3131637760
512 769 34329962 3131637760
512 770 37305620 3131637760
512 771 33594702 3131637760
512 772 33749608 3131637760
512 773 33773278 3131637760
512 774 34139291 3131637760
512 775 37035736 3131637760
512 776 33662097 3131637760
512 777 33522098 3131637760
512 778 33935321 3131637760
512 779 34089622 3131637760
512 780 37118146 3131637760
512 781 33578894 3131637760
512 782 33832351 3131637760
512 783 33712480 3131637760
512 784 34196128 3131637760
512 785 37173998 3131637760
512 786 33540070 3131637760
512 787 33828947 3131637760
512 788 33878174 3131637760
512 789 34136052 3131637760
512 790 36968726 3131637760
512 791 33606604 3131637760
512 792 33711016 3131637760
512 793 33807040 3131637760
512 794 34346388 3131637760
512 795 36718580 3131637760
512 796 33577450 3131637760
512 797 33785580 3131637760
512 798 33894080 3131637760
512 799 34109414 3131637760
512 800 36790486 3131637760
512 801 33831139 3131637760
512 802 33790764 3131637760
512 803 33909714 3131637760
512 804 34185296 3131637760
512 805 36829138 3131637760
512 806 33518254 3131637760
512 807 33784302 3131637760
512 808 33994536 3131637760
512 809 34420809 3131637760
512 810 37333239 3131637760
512 811 33751852 3131637760
512 812 33710426 3131637760
512 813 34071234 3131637760
512 814 34177810 3131637760
512 815 37002698 3131637760
512 816 33667031 3131637760
512 817 33732512 3131637760
512 818 33876596 3131637760
512 819 34290906 3131637760
512 820 37289214 3131637760
512 821 33715752 3131637760
512 822 33878790 3131637760
512 823 33888603 3131637760
512 824 34152242 3131637760
512 825 37051328 3131637760
512 826 33710628 3131637760
512 827 33775164 3131637760
512 828 33904366 3131637760
512 829 34182832 3131637760
512 830 37150032 3131637760
512 831 33587250 3131637760
512 832 33874896 3131637760
512 833 33935447 3131637760
512 834 34361484 3131637760
512 835 37157812 3131637760
512 836 33737271 3131637760
512 837 33864068 3131637760
512 838 33797606 3131637760
512 839 34361428 3131637760
512 840 37056276 3131637760
512 841 33752002 3131637760
512 842 33777426 3131637760
512 843 33957676 3131637760
512 844 34449014 3131637760
512 845 37133211 3131637760
512 846 33469980 3131637760
512 847 33621731 3131637760
512 848 34013487 3131637760
512 849 34272803 3131637760
512 850 37078002 3131637760
512 851 33762060 3131637760
512 852 33870123 3131637760
512 853 34004197 3131637760
512 854 34139892 3131637760
512 855 37191752 3131637760
512 856 33533771 3131637760
512 857 33821210 3131637760
512 858 33639681 3131637760
512 859 34267154 3131637760
512 860 36982166 3131637760
512 861 33501550 3131637760
512 862 33623666 3131637760
512 863 33956610 3131637760
512 864 34351877 3131637760
512 865 37164730 3131637760
512 866 33666260 3131637760
512 867 33663556 3131637760
512 868 33777772 3131637760
512 869 34404192 3131637760
512 870 36858367 3131637760
512 871 33886758 3131637760
512 872 33921955 3131637760
512 873 33827755 3131637760
512 874 34092108 3131637760
512 875 36645701 3131637760
512 876 33716722 3131637760
512 877 33797396 3131637760
512 878 33962732 3131637760
512 879 34303529 3131637760
512 880 37094058 3131637760
512 881 33705204 3131637760
512 882 33678479 3131637760
512 883 33961801 3131637760
512 884 34351186 3131637760
512 885 37382748 3131637760
512 886 33539792 3131637760
512 887 33723936 3131637760
512 888 33861138 3131637760
512 889 34144530 3131637760
512 890 37073796 3131637760
512 891 33696058 3131637760
512 892 33831361 3131637760
512 893 33883535 3131637760
512 894 34359916 3131637760
512 895 37222050 3131637760
512 896 33608580 3131637760
512 897 33621966 3131637760
512 898 33890853 3131637760
512 899 34316835 3131637760
512 900 36849580 3131637760
512 901 33697265 3131637760
512 902 33753735 3131637760
512 903 33974188 3131637760
512 904 34290231 3131637760
512 905 36783980 3131637760
512 906 33639533 3131637760
512 907 33885176 3131637760
512 908 34039405 3131637760
512 909 34336753 3131637760
512 910 37147586 3131637760
512 911 33633778 3131637760
512 912 33713076 3131637760
512 913 33726692 3131637760
512 914 34234990 3131637760
512 915 37091982 3131637760
512 916 33817827 3131637760
512 917 33739357 3131637760
512 918 33919202 3131637760
512 919 34082118 3131637760
512 920 36918122 3131637760
512 921 33634409 3131637760
512 922 33785109 3131637760
512 923 33863950 3131637760
512 924 34209406 3131637760
512 925 37201323 3131637760
512 926 33707792 3131637760
512 927 33849266 3131637760
512 928 34041610 3131637760
512 929 34135660 3131637760
512 930 36960318 3131637760
512 931 33577366 3131637760
512 932 33673078 3131637760
512 933 33779986 3131637760
512 934 34056408 3131637760
512 935 37115910 3131637760
512 936 33693178 3131637760
512 937 33582504 3131637760
512 938 33915731 3131637760
512 939 34244184 3131637760
512 940 37066868 3131637760
512 941 33370518 3131637760
512 942 33795946 3131637760
512 943 33913292 3131637760
512 944 34295174 3131637760
512 945 37208516 3131637760
512 946 33657960 3131637760
512 947 33910228 3131637760
512 948 33840991 3131637760
512 949 34341979 3131637760
512 950 37111156 3131637760
512 951 33651550 3131637760
512 952 33748243 3131637760
512 953 33884909 3131637760
512 954 34226573 3131637760
512 955 37076353 3131637760
512 956 33574643 3131637760
512 957 33684772 3131637760
512 958 33998424 3131637760
512 959 34425018 3131637760
512 960 37251265 3131637760
512 961 33424914 3131637760
512 962 33684598 3131637760
512 963 33945311 3131637760
512 964 34197625 3131637760
512 965 37400508 3131637760
512 966 33612288 3131637760
512 967 33771094 3131637760
512 968 33673300 3131637760
512 969 34119636 3131637760
512 970 36897741 3131637760
512 971 33418885 3131637760
512 972 33629694 3131637760
512 973 33791608 3131637760
512 974 34038474 3131637760
512 975 36724848 3131637760
512 976 33653129 3131637760
512 977 33626010 3131637760
512 978 33929906 3131637760
512 979 34168672 3131637760
512 980 36667379 3131637760
512 981 33530296 3131637760
512 982 33840444 3131637760
512 983 33678263 3131637760
512 984 34165788 3131637760
512 985 37176928 3131637760
512 986 33879888 3131637760
512 987 33652639 3131637760
512 988 34033108 3131637760
512 989 34316696 3131637760
512 990 37175144 3131637760
512 991 33588301 3131637760
512 992 33702946 3131637760
512 993 33695897 3131637760
512 994 34181548 3131637760
512 995 37038519 3131637760
512 996 33444216 3131637760
512 997 33819126 3131637760
512 998 33795310 3131637760
512 999 34161666 3131637760
