256 0 274473 1823096832
256 1 274449 1823096832
256 2 274437 1823096832
256 3 274412 1823096832
256 4 274437 1823096832
256 5 274414 1823096832
256 6 274414 1823096832
256 7 274436 1823096832
256 8 274411 1823096832
256 9 274438 1823096832
256 10 274413 1823096832
256 11 274416 1823096832
256 12 274439 1823096832
256 13 274413 1823096832
256 14 274444 1823096832
256 15 274413 1823096832
256 16 274413 1823096832
256 17 274435 1823096832
256 18 274414 1823096832
256 19 274440 1823096832
256 20 274436 1823096832
256 21 274413 1823096832
256 22 274437 1823096832
256 23 274413 1823096832
256 24 274436 1823096832
256 25 274440 1823096832
256 26 274414 1823096832
256 27 274436 1823096832
256 28 274414 1823096832
256 29 274412 1823096832
256 30 274439 1823096832
256 31 274414 1823096832
256 32 274437 1823096832
256 33 274416 1823096832
256 34 274412 1823096832
256 35 274439 1823096832
256 36 274413 1823096832
256 37 274446 1823096832
256 38 274413 1823096832
256 39 274414 1823096832
256 40 274437 1823096832
256 41 274414 1823096832
256 42 274441 1823096832
256 43 274415 1823096832
256 44 274415 1823096832
256 45 274442 1823096832
256 46 274413 1823096832
256 47 274436 1823096832
256 48 274437 1823096832
256 49 274416 1823096832
256 50 274439 1823096832
256 51 274414 1823096832
256 52 274432 1823096832
256 53 274440 1823096832
256 54 274413 1823096832
256 55 274434 1823096832
256 56 274415 1823096832
256 57 274416 1823096832
256 58 274437 1823096832
256 59 274411 1823096832
256 60 274437 1823096832
256 61 274413 1823096832
256 62 274413 1823096832
256 63 274440 1823096832
256 64 274413 1823096832
256 65 274443 1823096832
256 66 274412 1823096832
256 67 274414 1823096832
256 68 274437 1823096832
256 69 274415 1823096832
256 70 274435 1823096832
256 71 274437 1823096832
256 72 274413 1823096832
256 73 274437 1823096832
256 74 274414 1823096832
256 75 274435 1823096832
256 76 274440 1823096832
256 77 274413 1823096832
256 78 274437 1823096832
256 79 274412 1823096832
256 80 274415 1823096832
256 81 274439 1823096832
256 82 274416 1823096832
256 83 274436 1823096832
256 84 274414 1823096832
256 85 274412 1823096832
256 86 274439 1823096832
256 87 274415 1823096832
256 88 274445 1823096832
256 89 274414 1823096832
256 90 274414 1823096832
256 91 274439 1823096832
256 92 274412 1823096832
256 93 274437 1823096832
256 94 274437 1823096832
256 95 274415 1823096832
256 96 274438 1823096832
256 97 274412 1823096832
256 98 274438 1823096832
256 99 274439 1823096832
256 100 274415 1823096832
256 101 274437 1823096832
256 102 274415 1823096832
256 103 274415 1823096832
256 104 274437 1823096832
256 105 274413 1823096832
256 106 274434 1823096832
256 107 274414 1823096832
256 108 274412 1823096832
256 109 274437 1823096832
256 110 274414 1823096832
256 111 274437 1823096832
256 112 274416 1823096832
256 113 274411 1823096832
256 114 274440 1823096832
256 115 274415 1823096832
256 116 274440 1823096832
256 117 274416 1823096832
256 118 274414 1823096832
256 119 274438 1823096832
256 120 274413 1823096832
256 121 274434 1823096832
256 122 274438 1823096832
256 123 274415 1823096832
256 124 274439 1823096832
256 125 274412 1823096832
256 126 274415 1823096832
256 127 274438 1823096832
256 128 274415 1823096832
256 129 274437 1823096832
256 130 274415 1823096832
256 131 274414 1823096832
256 132 274437 1823096832
256 133 274415 1823096832
256 134 274435 1823096832
256 135 274416 1823096832
256 136 274416 1823096832
256 137 274438 1823096832
256 138 274416 1823096832
256 139 274436 1823096832
256 140 274416 1823096832
256 141 274409 1823096832
256 142 274440 1823096832
256 143 274415 1823096832
256 144 274438 1823096832
256 145 274439 1823096832
256 146 274415 1823096832
256 147 274439 1823096832
256 148 274413 1823096832
256 149 274430 1823096832
256 150 274439 1823096832
256 151 274414 1823096832
256 152 274438 1823096832
256 153 274410 1823096832
256 154 274416 1823096832
256 155 274437 1823096832
256 156 274415 1823096832
256 157 274433 1823096832
256 158 274415 1823096832
256 159 274414 1823096832
256 160 274438 1823096832
256 161 274415 1823096832
256 162 274435 1823096832
256 163 274414 1823096832
256 164 274415 1823096832
256 165 274435 1823096832
256 166 274414 1823096832
256 167 274437 1823096832
256 168 274440 1823096832
256 169 274414 1823096832
256 170 274439 1823096832
256 171 274411 1823096832
256 172 274437 1823096832
256 173 274439 1823096832
256 174 274412 1823096832
256 175 274437 1823096832
256 176 274413 1823096832
256 177 274415 1823096832
256 178 274435 1823096832
256 179 274416 1823096832
256 180 274436 1823096832
256 181 274413 1823096832
256 182 274413 1823096832
256 183 274437 1823096832
256 184 274414 1823096832
256 185 274442 1823096832
256 186 274414 1823096832
256 187 274415 1823096832
256 188 274437 1823096832
256 189 274416 1823096832
256 190 274438 1823096832
256 191 274414 1823096832
256 192 274413 1823096832
256 193 274439 1823096832
256 194 274416 1823096832
256 195 274436 1823096832
256 196 274440 1823096832
256 197 274413 1823096832
256 198 274438 1823096832
256 199 274411 1823096832
256 200 274414 1823096832
256 201 274436 1823096832
256 202 274414 1823096832
256 203 274440 1823096832
256 204 274412 1823096832
256 205 274413 1823096832
256 206 274437 1823096832
256 207 274414 1823096832
256 208 274438 1823096832
256 209 274410 1823096832
256 210 274416 1823096832
256 211 274439 1823096832
256 212 274415 1823096832
256 213 274440 1823096832
256 214 274414 1823096832
256 215 274416 1823096832
256 216 274439 1823096832
256 217 274414 1823096832
256 218 274435 1823096832
256 219 274439 1823096832
256 220 274414 1823096832
256 221 274442 1823096832
256 222 274415 1823096832
256 223 274435 1823096832
256 224 274439 1823096832
256 225 274411 1823096832
256 226 274437 1823096832
256 227 274413 1823096832
256 228 274416 1823096832
256 229 274438 1823096832
256 230 274415 1823096832
256 231 274440 1823096832
256 232 274410 1823096832
256 233 274414 1823096832
256 234 274438 1823096832
256 235 274415 1823096832
256 236 274441 1823096832
256 237 274414 1823096832
256 238 274415 1823096832
256 239 274437 1823096832
256 240 274415 1823096832
256 241 274438 1823096832
256 242 274439 1823096832
256 243 274416 1823096832
256 244 274435 1823096832
256 245 274415 1823096832
256 246 274435 1823096832
256 247 274439 1823096832
256 248 274414 1823096832
256 249 274439 1823096832
256 250 274413 1823096832
256 251 274416 1823096832
256 252 274440 1823096832
256 253 274412 1823096832
256 254 274439 1823096832
256 255 274411 1823096832
256 256 274415 1823096832
256 257 274440 1823096832
256 258 274414 1823096832
256 259 274444 1823096832
256 260 274413 1823096832
256 261 274413 1823096832
256 262 274439 1823096832
256 263 274415 1823096832
256 264 274441 1823096832
256 265 274411 1823096832
256 266 274415 1823096832
256 267 274437 1823096832
256 268 274413 1823096832
256 269 274435 1823096832
256 270 274438 1823096832
256 271 274415 1823096832
256 272 274433 1823096832
256 273 274415 1823096832
256 274 274413 1823096832
256 275 274440 1823096832
256 276 274413 1823096832
256 277 274438 1823096832
256 278 274416 1823096832
256 279 274412 1823096832
256 280 274440 1823096832
256 281 274412 1823096832
256 282 274439 1823096832
256 283 274413 1823096832
256 284 274414 1823096832
256 285 274439 1823096832
256 286 274412 1823096832
256 287 274443 1823096832
256 288 274414 1823096832
256 289 274415 1823096832
256 290 274436 1823096832
256 291 274415 1823096832
256 292 274437 1823096832
256 293 274436 1823096832
256 294 274417 1823096832
256 295 274438 1823096832
256 296 274415 1823096832
256 297 274436 1823096832
256 298 274441 1823096832
256 299 274416 1823096832
256 300 274436 1823096832
256 301 274413 1823096832
256 302 274412 1823096832
256 303 274438 1823096832
256 304 274412 1823096832
256 305 274439 1823096832
256 306 274416 1823096832
256 307 274413 1823096832
256 308 274440 1823096832
256 309 274415 1823096832
256 310 274445 1823096832
256 311 274412 1823096832
256 312 274415 1823096832
256 313 274439 1823096832
256 314 274412 1823096832
256 315 274436 1823096832
256 316 274437 1823096832
256 317 274415 1823096832
256 318 274436 1823096832
256 319 274415 1823096832
256 320 274438 1823096832
256 321 274437 1823096832
256 322 274414 1823096832
256 323 274436 1823096832
256 324 274416 1823096832
256 325 274412 1823096832
256 326 274436 1823096832
256 327 274415 1823096832
256 328 274438 1823096832
256 329 274413 1823096832
256 330 274411 1823096832
256 331 274439 1823096832
256 332 274416 1823096832
256 333 274443 1823096832
256 334 274412 1823096832
256 335 274412 1823096832
256 336 274438 1823096832
256 337 274415 1823096832
256 338 274440 1823096832
256 339 274439 1823096832
256 340 274414 1823096832
256 341 274441 1823096832
256 342 274412 1823096832
256 343 274439 1823096832
256 344 274436 1823096832
256 345 274415 1823096832
256 346 274437 1823096832
256 347 274415 1823096832
256 348 274415 1823096832
256 349 274437 1823096832
256 350 274416 1823096832
256 351 274437 1823096832
256 352 274415 1823096832
256 353 274414 1823096832
256 354 274437 1823096832
256 355 274416 1823096832
256 356 274441 1823096832
256 357 274416 1823096832
256 358 274415 1823096832
256 359 274439 1823096832
256 360 274415 1823096832
256 361 274442 1823096832
256 362 274415 1823096832
256 363 274412 1823096832
256 364 274438 1823096832
256 365 274414 1823096832
256 366 274436 1823096832
256 367 274438 1823096832
256 368 274412 1823096832
256 369 274439 1823096832
256 370 274412 1823096832
256 371 274416 1823096832
256 372 274438 1823096832
256 373 274416 1823096832
256 374 274435 1823096832
256 375 274414 1823096832
256 376 274414 1823096832
256 377 274438 1823096832
256 378 274416 1823096832
256 379 274436 1823096832
256 380 274414 1823096832
256 381 274414 1823096832
256 382 274439 1823096832
256 383 274414 1823096832
256 384 274441 1823096832
256 385 274415 1823096832
256 386 274413 1823096832
256 387 274440 1823096832
256 388 274416 1823096832
256 389 274438 1823096832
256 390 274439 1823096832
256 391 274412 1823096832
256 392 274439 1823096832
256 393 274412 1823096832
256 394 274438 1823096832
256 395 274440 1823096832
256 396 274415 1823096832
256 397 274438 1823096832
256 398 274412 1823096832
256 399 274415 1823096832
256 400 274435 1823096832
256 401 274415 1823096832
256 402 274436 1823096832
256 403 274417 1823096832
256 404 274415 1823096832
256 405 274437 1823096832
256 406 274415 1823096832
256 407 274439 1823096832
256 408 274414 1823096832
256 409 274414 1823096832
256 410 274438 1823096832
256 411 274416 1823096832
256 412 274435 1823096832
256 413 274439 1823096832
256 414 274414 1823096832
256 415 274436 1823096832
256 416 274413 1823096832
256 417 274438 1823096832
256 418 274438 1823096832
256 419 274411 1823096832
256 420 274438 1823096832
256 421 274412 1823096832
256 422 274415 1823096832
256 423 274439 1823096832
256 424 274415 1823096832
256 425 274437 1823096832
256 426 274412 1823096832
256 427 274415 1823096832
256 428 274441 1823096832
256 429 274415 1823096832
256 430 274440 1823096832
256 431 274414 1823096832
256 432 274416 1823096832
256 433 274438 1823096832
256 434 274413 1823096832
256 435 274437 1823096832
256 436 274415 1823096832
256 437 274413 1823096832
256 438 274438 1823096832
256 439 274415 1823096832
256 440 274436 1823096832
256 441 274440 1823096832
256 442 274414 1823096832
256 443 274437 1823096832
256 444 274413 1823096832
256 445 274413 1823096832
256 446 274436 1823096832
256 447 274412 1823096832
256 448 274439 1823096832
256 449 274412 1823096832
256 450 274415 1823096832
256 451 274434 1823096832
256 452 274414 1823096832
256 453 274439 1823096832
256 454 274411 1823096832
256 455 274415 1823096832
256 456 274439 1823096832
256 457 274415 1823096832
256 458 274440 1823096832
256 459 274414 1823096832
256 460 274416 1823096832
256 461 274438 1823096832
256 462 274414 1823096832
256 463 274437 1823096832
256 464 274439 1823096832
256 465 274412 1823096832
256 466 274440 1823096832
256 467 274413 1823096832
256 468 274438 1823096832
256 469 274439 1823096832
256 470 274411 1823096832
256 471 274437 1823096832
256 472 274412 1823096832
256 473 274415 1823096832
256 474 274440 1823096832
256 475 274415 1823096832
256 476 274439 1823096832
256 477 274411 1823096832
256 478 274416 1823096832
256 479 274439 1823096832
256 480 274414 1823096832
256 481 274443 1823096832
256 482 274412 1823096832
256 483 274416 1823096832
256 484 274438 1823096832
256 485 274414 1823096832
256 486 274436 1823096832
256 487 274436 1823096832
256 488 274415 1823096832
256 489 274437 1823096832
256 490 274415 1823096832
256 491 274434 1823096832
256 492 274438 1823096832
256 493 274412 1823096832
256 494 274439 1823096832
256 495 274413 1823096832
256 496 274413 1823096832
256 497 274440 1823096832
256 498 274413 1823096832
256 499 274440 1823096832
256 500 274412 1823096832
256 501 274414 1823096832
256 502 274439 1823096832
256 503 274411 1823096832
256 504 274445 1823096832
256 505 274414 1823096832
256 506 274414 1823096832
256 507 274435 1823096832
256 508 274415 1823096832
256 509 274439 1823096832
256 510 274438 1823096832
256 511 274416 1823096832
256 512 274437 1823096832
256 513 274414 1823096832
256 514 274434 1823096832
256 515 274437 1823096832
256 516 274416 1823096832
256 517 274438 1823096832
256 518 274415 1823096832
256 519 274412 1823096832
256 520 274437 1823096832
256 521 274415 1823096832
256 522 274438 1823096832
256 523 274416 1823096832
256 524 274413 1823096832
256 525 274440 1823096832
256 526 274415 1823096832
256 527 274439 1823096832
256 528 274414 1823096832
256 529 274415 1823096832
256 530 274440 1823096832
256 531 274415 1823096832
256 532 274443 1823096832
256 533 274414 1823096832
256 534 274416 1823096832
256 535 274432 1823096832
256 536 274413 1823096832
256 537 274437 1823096832
256 538 274438 1823096832
256 539 274415 1823096832
256 540 274436 1823096832
256 541 274414 1823096832
256 542 274415 1823096832
256 543 274438 1823096832
256 544 274412 1823096832
256 545 274436 1823096832
256 546 274416 1823096832
256 547 274412 1823096832
256 548 274437 1823096832
256 549 274412 1823096832
256 550 274437 1823096832
256 551 274414 1823096832
256 552 274415 1823096832
256 553 274440 1823096832
256 554 274413 1823096832
256 555 274442 1823096832
256 556 274413 1823096832
256 557 274415 1823096832
256 558 274438 1823096832
256 559 274413 1823096832
256 560 274438 1823096832
256 561 274438 1823096832
256 562 274414 1823096832
256 563 274435 1823096832
256 564 274413 1823096832
256 565 274438 1823096832
256 566 274435 1823096832
256 567 274416 1823096832
256 568 274435 1823096832
256 569 274415 1823096832
256 570 274414 1823096832
256 571 274439 1823096832
256 572 274416 1823096832
256 573 274435 1823096832
256 574 274415 1823096832
256 575 274410 1823096832
256 576 274439 1823096832
256 577 274415 1823096832
256 578 274443 1823096832
256 579 274415 1823096832
256 580 274412 1823096832
256 581 274437 1823096832
256 582 274414 1823096832
256 583 274437 1823096832
256 584 274440 1823096832
256 585 274414 1823096832
256 586 274442 1823096832
256 587 274415 1823096832
256 588 274439 1823096832
256 589 274436 1823096832
256 590 274415 1823096832
256 591 274438 1823096832
256 592 274416 1823096832
256 593 274413 1823096832
256 594 274436 1823096832
256 595 274416 1823096832
256 596 274436 1823096832
256 597 274414 1823096832
256 598 274414 1823096832
256 599 274439 1823096832
256 600 274415 1823096832
256 601 274438 1823096832
256 602 274415 1823096832
256 603 274414 1823096832
256 604 274438 1823096832
256 605 274414 1823096832
256 606 274440 1823096832
256 607 274416 1823096832
256 608 274413 1823096832
256 609 274439 1823096832
256 610 274413 1823096832
256 611 274435 1823096832
256 612 274435 1823096832
256 613 274415 1823096832
256 614 274440 1823096832
256 615 274414 1823096832
256 616 274416 1823096832
256 617 274436 1823096832
256 618 274413 1823096832
256 619 274434 1823096832
256 620 274414 1823096832
256 621 274414 1823096832
256 622 274435 1823096832
256 623 274416 1823096832
256 624 274442 1823096832
256 625 274415 1823096832
256 626 274412 1823096832
256 627 274437 1823096832
256 628 274414 1823096832
256 629 274440 1823096832
256 630 274415 1823096832
256 631 274413 1823096832
256 632 274438 1823096832
256 633 274411 1823096832
256 634 274437 1823096832
256 635 274439 1823096832
256 636 274412 1823096832
256 637 274437 1823096832
256 638 274414 1823096832
256 639 274413 1823096832
256 640 274432 1823096832
256 641 274416 1823096832
256 642 274440 1823096832
256 643 274411 1823096832
256 644 274413 1823096832
256 645 274435 1823096832
256 646 274415 1823096832
256 647 274439 1823096832
256 648 274414 1823096832
256 649 274416 1823096832
256 650 274436 1823096832
256 651 274412 1823096832
256 652 274438 1823096832
256 653 274416 1823096832
256 654 274413 1823096832
256 655 274439 1823096832
256 656 274414 1823096832
256 657 274433 1823096832
256 658 274437 1823096832
256 659 274412 1823096832
256 660 274440 1823096832
256 661 274413 1823096832
256 662 274437 1823096832
256 663 274438 1823096832
256 664 274412 1823096832
256 665 274438 1823096832
256 666 274413 1823096832
256 667 274415 1823096832
256 668 274434 1823096832
256 669 274414 1823096832
256 670 274438 1823096832
256 671 274413 1823096832
256 672 274415 1823096832
256 673 274436 1823096832
256 674 274414 1823096832
256 675 274444 1823096832
256 676 274415 1823096832
256 677 274414 1823096832
256 678 274439 1823096832
256 679 274416 1823096832
256 680 274438 1823096832
256 681 274434 1823096832
256 682 274413 1823096832
256 683 274438 1823096832
256 684 274415 1823096832
256 685 274435 1823096832
256 686 274441 1823096832
256 687 274413 1823096832
256 688 274438 1823096832
256 689 274414 1823096832
256 690 274416 1823096832
256 691 274438 1823096832
256 692 274413 1823096832
256 693 274440 1823096832
256 694 274412 1823096832
256 695 274413 1823096832
256 696 274434 1823096832
256 697 274416 1823096832
256 698 274445 1823096832
256 699 274415 1823096832
256 700 274414 1823096832
256 701 274437 1823096832
256 702 274416 1823096832
256 703 274438 1823096832
256 704 274416 1823096832
256 705 274417 1823096832
256 706 274438 1823096832
256 707 274416 1823096832
256 708 274435 1823096832
256 709 274437 1823096832
256 710 274413 1823096832
256 711 274439 1823096832
256 712 274416 1823096832
256 713 274415 1823096832
256 714 274438 1823096832
256 715 274412 1823096832
256 716 274438 1823096832
256 717 274413 1823096832
256 718 274415 1823096832
256 719 274442 1823096832
256 720 274413 1823096832
256 721 274441 1823096832
256 722 274412 1823096832
256 723 274415 1823096832
256 724 274439 1823096832
256 725 274414 1823096832
256 726 274441 1823096832
256 727 274414 1823096832
256 728 274416 1823096832
256 729 274431 1823096832
256 730 274414 1823096832
256 731 274437 1823096832
256 732 274438 1823096832
256 733 274413 1823096832
256 734 274437 1823096832
256 735 274413 1823096832
256 736 274435 1823096832
256 737 274439 1823096832
256 738 274412 1823096832
256 739 274439 1823096832
256 740 274415 1823096832
256 741 274413 1823096832
256 742 274440 1823096832
256 743 274415 1823096832
256 744 274437 1823096832
256 745 274415 1823096832
256 746 274413 1823096832
256 747 274441 1823096832
256 748 274413 1823096832
256 749 274441 1823096832
256 750 274413 1823096832
256 751 274415 1823096832
256 752 274438 1823096832
256 753 274413 1823096832
256 754 274437 1823096832
256 755 274435 1823096832
256 756 274414 1823096832
256 757 274435 1823096832
256 758 274413 1823096832
256 759 274435 1823096832
256 760 274439 1823096832
256 761 274414 1823096832
256 762 274436 1823096832
256 763 274415 1823096832
256 764 274411 1823096832
256 765 274441 1823096832
256 766 274415 1823096832
256 767 274440 1823096832
256 768 274415 1823096832
256 769 274414 1823096832
256 770 274437 1823096832
256 771 274412 1823096832
256 772 274443 1823096832
256 773 274413 1823096832
256 774 274413 1823096832
256 775 274434 1823096832
256 776 274414 1823096832
256 777 274440 1823096832
256 778 274413 1823096832
256 779 274416 1823096832
256 780 274436 1823096832
256 781 274414 1823096832
256 782 274438 1823096832
256 783 274439 1823096832
256 784 274415 1823096832
256 785 274434 1823096832
256 786 274415 1823096832
256 787 274414 1823096832
256 788 274438 1823096832
256 789 274413 1823096832
256 790 274438 1823096832
256 791 274414 1823096832
256 792 274411 1823096832
256 793 274437 1823096832
256 794 274414 1823096832
256 795 274438 1823096832
256 796 274413 1823096832
256 797 274412 1823096832
256 798 274435 1823096832
256 799 274413 1823096832
256 800 274442 1823096832
256 801 274414 1823096832
256 802 274416 1823096832
256 803 274440 1823096832
256 804 274413 1823096832
256 805 274437 1823096832
256 806 274438 1823096832
256 807 274413 1823096832
256 808 274435 1823096832
256 809 274415 1823096832
256 810 274437 1823096832
256 811 274437 1823096832
256 812 274415 1823096832
256 813 274437 1823096832
256 814 274415 1823096832
256 815 274413 1823096832
256 816 274440 1823096832
256 817 274415 1823096832
256 818 274437 1823096832
256 819 274416 1823096832
256 820 274414 1823096832
256 821 274439 1823096832
256 822 274414 1823096832
256 823 274443 1823096832
256 824 274415 1823096832
256 825 274412 1823096832
256 826 274442 1823096832
256 827 274408 1823096832
256 828 274438 1823096832
256 829 274439 1823096832
256 830 274415 1823096832
256 831 274439 1823096832
256 832 274412 1823096832
256 833 274439 1823096832
256 834 274437 1823096832
256 835 274414 1823096832
256 836 274435 1823096832
256 837 274414 1823096832
256 838 274416 1823096832
256 839 274440 1823096832
256 840 274416 1823096832
256 841 274438 1823096832
256 842 274413 1823096832
256 843 274413 1823096832
256 844 274439 1823096832
256 845 274416 1823096832
256 846 274440 1823096832
256 847 274416 1823096832
256 848 274414 1823096832
256 849 274438 1823096832
256 850 274416 1823096832
256 851 274440 1823096832
256 852 274437 1823096832
256 853 274412 1823096832
256 854 274437 1823096832
256 855 274414 1823096832
256 856 274439 1823096832
256 857 274441 1823096832
256 858 274414 1823096832
256 859 274433 1823096832
256 860 274412 1823096832
256 861 274415 1823096832
256 862 274434 1823096832
256 863 274414 1823096832
256 864 274438 1823096832
256 865 274416 1823096832
256 866 274416 1823096832
256 867 274436 1823096832
256 868 274415 1823096832
256 869 274438 1823096832
256 870 274414 1823096832
256 871 274413 1823096832
256 872 274440 1823096832
256 873 274416 1823096832
256 874 274439 1823096832
256 875 274412 1823096832
256 876 274411 1823096832
256 877 274438 1823096832
256 878 274413 1823096832
256 879 274437 1823096832
256 880 274439 1823096832
256 881 274410 1823096832
256 882 274440 1823096832
256 883 274412 1823096832
256 884 274414 1823096832
256 885 274436 1823096832
256 886 274415 1823096832
256 887 274440 1823096832
256 888 274415 1823096832
256 889 274416 1823096832
256 890 274437 1823096832
256 891 274416 1823096832
256 892 274440 1823096832
256 893 274414 1823096832
256 894 274414 1823096832
256 895 274436 1823096832
256 896 274415 1823096832
256 897 274436 1823096832
256 898 274413 1823096832
256 899 274412 1823096832
256 900 274441 1823096832
256 901 274415 1823096832
256 902 274435 1823096832
256 903 274440 1823096832
256 904 274410 1823096832
256 905 274439 1823096832
256 906 274409 1823096832
256 907 274436 1823096832
256 908 274440 1823096832
256 909 274413 1823096832
256 910 274439 1823096832
256 911 274411 1823096832
256 912 274413 1823096832
256 913 274436 1823096832
256 914 274412 1823096832
256 915 274440 1823096832
256 916 274415 1823096832
256 917 274414 1823096832
256 918 274437 1823096832
256 919 274413 1823096832
256 920 274438 1823096832
256 921 274414 1823096832
256 922 274415 1823096832
256 923 274441 1823096832
256 924 274415 1823096832
256 925 274436 1823096832
256 926 274441 1823096832
256 927 274413 1823096832
256 928 274439 1823096832
256 929 274414 1823096832
256 930 274434 1823096832
256 931 274439 1823096832
256 932 274413 1823096832
256 933 274438 1823096832
256 934 274414 1823096832
256 935 274416 1823096832
256 936 274438 1823096832
256 937 274413 1823096832
256 938 274436 1823096832
256 939 274414 1823096832
256 940 274415 1823096832
256 941 274439 1823096832
256 942 274415 1823096832
256 943 274442 1823096832
256 944 274415 1823096832
256 945 274416 1823096832
256 946 274431 1823096832
256 947 274414 1823096832
256 948 274436 1823096832
256 949 274414 1823096832
256 950 274416 1823096832
256 951 274440 1823096832
256 952 274415 1823096832
256 953 274432 1823096832
256 954 274437 1823096832
256 955 274413 1823096832
256 956 274439 1823096832
256 957 274414 1823096832
256 958 274413 1823096832
256 959 274439 1823096832
256 960 274413 1823096832
256 961 274436 1823096832
256 962 274409 1823096832
256 963 274414 1823096832
256 964 274435 1823096832
256 965 274412 1823096832
256 966 274439 1823096832
256 967 274411 1823096832
256 968 274415 1823096832
256 969 274439 1823096832
256 970 274414 1823096832
256 971 274443 1823096832
256 972 274413 1823096832
256 973 274416 1823096832
256 974 274436 1823096832
256 975 274414 1823096832
256 976 274436 1823096832
256 977 274436 1823096832
256 978 274416 1823096832
256 979 274438 1823096832
256 980 274415 1823096832
256 981 274436 1823096832
256 982 274438 1823096832
256 983 274416 1823096832
256 984 274439 1823096832
256 985 274414 1823096832
256 986 274415 1823096832
256 987 274439 1823096832
256 988 274413 1823096832
256 989 274439 1823096832
256 990 274412 1823096832
256 991 274415 1823096832
256 992 274440 1823096832
256 993 274413 1823096832
256 994 274442 1823096832
256 995 274412 1823096832
256 996 274415 1823096832
256 997 274436 1823096832
256 998 274415 1823096832
256 999 274439 1823096832
