2 0 7 21
2 1 8 21
2 2 8 21
2 3 8 21
2 4 8 21
2 5 8 21
2 6 8 21
2 7 8 21
2 8 8 21
2 9 8 21
2 10 8 21
2 11 8 21
2 12 8 21
2 13 8 21
2 14 8 21
2 15 8 21
2 16 8 21
2 17 8 21
2 18 8 21
2 19 8 21
2 20 8 21
2 21 8 21
2 22 8 21
2 23 8 21
2 24 8 21
2 25 8 21
2 26 8 21
2 27 8 21
2 28 8 21
2 29 8 21
2 30 8 21
2 31 8 21
2 32 8 21
2 33 8 21
2 34 8 21
2 35 8 21
2 36 8 21
2 37 8 21
2 38 8 21
2 39 8 21
2 40 8 21
2 41 8 21
2 42 8 21
2 43 8 21
2 44 8 21
2 45 8 21
2 46 8 21
2 47 8 21
2 48 8 21
2 49 8 21
2 50 8 21
2 51 8 21
2 52 8 21
2 53 8 21
2 54 8 21
2 55 8 21
2 56 8 21
2 57 8 21
2 58 8 21
2 59 8 21
2 60 8 21
2 61 8 21
2 62 8 21
2 63 8 21
2 64 8 21
2 65 8 21
2 66 8 21
2 67 8 21
2 68 8 21
2 69 8 21
2 70 8 21
2 71 8 21
2 72 8 21
2 73 8 21
2 74 8 21
2 75 8 21
2 76 8 21
2 77 8 21
2 78 8 21
2 79 8 21
2 80 8 21
2 81 8 21
2 82 8 21
2 83 8 21
2 84 8 21
2 85 8 21
2 86 8 21
2 87 8 21
2 88 8 21
2 89 8 21
2 90 8 21
2 91 8 21
2 92 8 21
2 93 8 21
2 94 8 21
2 95 8 21
2 96 8 21
2 97 8 21
2 98 8 21
2 99 8 21
2 100 8 21
2 101 8 21
2 102 8 21
2 103 8 21
2 104 8 21
2 105 8 21
2 106 8 21
2 107 8 21
2 108 8 21
2 109 8 21
2 110 8 21
2 111 8 21
2 112 8 21
2 113 8 21
2 114 8 21
2 115 8 21
2 116 8 21
2 117 8 21
2 118 8 21
2 119 8 21
2 120 8 21
2 121 8 21
2 122 8 21
2 123 8 21
2 124 8 21
2 125 8 21
2 126 8 21
2 127 8 21
2 128 8 21
2 129 8 21
2 130 8 21
2 131 8 21
2 132 8 21
2 133 8 21
2 134 8 21
2 135 8 21
2 136 8 21
2 137 8 21
2 138 8 21
2 139 8 21
2 140 8 21
2 141 8 21
2 142 8 21
2 143 8 21
2 144 8 21
2 145 8 21
2 146 8 21
2 147 8 21
2 148 8 21
2 149 8 21
2 150 8 21
2 151 8 21
2 152 8 21
2 153 8 21
2 154 8 21
2 155 8 21
2 156 8 21
2 157 8 21
2 158 8 21
2 159 8 21
2 160 8 21
2 161 8 21
2 162 8 21
2 163 8 21
2 164 8 21
2 165 8 21
2 166 8 21
2 167 8 21
2 168 8 21
2 169 8 21
2 170 8 21
2 171 8 21
2 172 8 21
2 173 8 21
2 174 8 21
2 175 8 21
2 176 8 21
2 177 8 21
2 178 8 21
2 179 8 21
2 180 8 21
2 181 8 21
2 182 8 21
2 183 8 21
2 184 8 21
2 185 8 21
2 186 8 21
2 187 8 21
2 188 8 21
2 189 8 21
2 190 8 21
2 191 8 21
2 192 8 21
2 193 8 21
2 194 8 21
2 195 8 21
2 196 8 21
2 197 8 21
2 198 8 21
2 199 8 21
2 200 8 21
2 201 8 21
2 202 8 21
2 203 8 21
2 204 8 21
2 205 8 21
2 206 8 21
2 207 8 21
2 208 8 21
2 209 8 21
2 210 8 21
2 211 8 21
2 212 8 21
2 213 8 21
2 214 8 21
2 215 8 21
2 216 8 21
2 217 8 21
2 218 8 21
2 219 8 21
2 220 8 21
2 221 8 21
2 222 8 21
2 223 8 21
2 224 8 21
2 225 8 21
2 226 8 21
2 227 8 21
2 228 8 21
2 229 8 21
2 230 8 21
2 231 8 21
2 232 8 21
2 233 8 21
2 234 8 21
2 235 8 21
2 236 8 21
2 237 8 21
2 238 8 21
2 239 8 21
2 240 8 21
2 241 8 21
2 242 8 21
2 243 8 21
2 244 8 21
2 245 8 21
2 246 8 21
2 247 8 21
2 248 8 21
2 249 8 21
2 250 8 21
2 251 8 21
2 252 8 21
2 253 8 21
2 254 8 21
2 255 8 21
2 256 8 21
2 257 8 21
2 258 8 21
2 259 8 21
2 260 8 21
2 261 8 21
2 262 8 21
2 263 8 21
2 264 8 21
2 265 8 21
2 266 8 21
2 267 8 21
2 268 8 21
2 269 8 21
2 270 8 21
2 271 8 21
2 272 8 21
2 273 8 21
2 274 8 21
2 275 8 21
2 276 8 21
2 277 8 21
2 278 8 21
2 279 8 21
2 280 8 21
2 281 8 21
2 282 8 21
2 283 8 21
2 284 8 21
2 285 8 21
2 286 8 21
2 287 8 21
2 288 8 21
2 289 8 21
2 290 8 21
2 291 8 21
2 292 8 21
2 293 8 21
2 294 8 21
2 295 8 21
2 296 8 21
2 297 8 21
2 298 8 21
2 299 8 21
2 300 8 21
2 301 8 21
2 302 8 21
2 303 8 21
2 304 8 21
2 305 8 21
2 306 8 21
2 307 8 21
2 308 8 21
2 309 8 21
2 310 8 21
2 311 8 21
2 312 8 21
2 313 8 21
2 314 8 21
2 315 8 21
2 316 8 21
2 317 8 21
2 318 8 21
2 319 8 21
2 320 8 21
2 321 8 21
2 322 8 21
2 323 8 21
2 324 8 21
2 325 8 21
2 326 8 21
2 327 8 21
2 328 8 21
2 329 8 21
2 330 8 21
2 331 8 21
2 332 8 21
2 333 8 21
2 334 8 21
2 335 8 21
2 336 8 21
2 337 8 21
2 338 8 21
2 339 8 21
2 340 8 21
2 341 8 21
2 342 8 21
2 343 8 21
2 344 8 21
2 345 8 21
2 346 8 21
2 347 8 21
2 348 8 21
2 349 8 21
2 350 8 21
2 351 8 21
2 352 8 21
2 353 8 21
2 354 8 21
2 355 8 21
2 356 8 21
2 357 8 21
2 358 8 21
2 359 8 21
2 360 8 21
2 361 8 21
2 362 8 21
2 363 8 21
2 364 8 21
2 365 8 21
2 366 8 21
2 367 8 21
2 368 8 21
2 369 8 21
2 370 8 21
2 371 8 21
2 372 8 21
2 373 8 21
2 374 8 21
2 375 8 21
2 376 8 21
2 377 8 21
2 378 8 21
2 379 8 21
2 380 8 21
2 381 8 21
2 382 8 21
2 383 8 21
2 384 8 21
2 385 8 21
2 386 8 21
2 387 8 21
2 388 8 21
2 389 8 21
2 390 8 21
2 391 8 21
2 392 8 21
2 393 8 21
2 394 8 21
2 395 8 21
2 396 8 21
2 397 8 21
2 398 8 21
2 399 8 21
2 400 8 21
2 401 8 21
2 402 8 21
2 403 8 21
2 404 8 21
2 405 8 21
2 406 8 21
2 407 8 21
2 408 8 21
2 409 8 21
2 410 8 21
2 411 8 21
2 412 8 21
2 413 8 21
2 414 8 21
2 415 8 21
2 416 8 21
2 417 8 21
2 418 8 21
2 419 8 21
2 420 8 21
2 421 8 21
2 422 8 21
2 423 8 21
2 424 8 21
2 425 8 21
2 426 8 21
2 427 8 21
2 428 8 21
2 429 8 21
2 430 8 21
2 431 8 21
2 432 8 21
2 433 8 21
2 434 8 21
2 435 8 21
2 436 8 21
2 437 8 21
2 438 8 21
2 439 8 21
2 440 8 21
2 441 8 21
2 442 8 21
2 443 8 21
2 444 8 21
2 445 8 21
2 446 8 21
2 447 8 21
2 448 8 21
2 449 8 21
2 450 8 21
2 451 8 21
2 452 8 21
2 453 8 21
2 454 8 21
2 455 8 21
2 456 8 21
2 457 8 21
2 458 8 21
2 459 8 21
2 460 8 21
2 461 8 21
2 462 8 21
2 463 8 21
2 464 8 21
2 465 8 21
2 466 8 21
2 467 8 21
2 468 8 21
2 469 8 21
2 470 8 21
2 471 8 21
2 472 8 21
2 473 8 21
2 474 8 21
2 475 8 21
2 476 8 21
2 477 8 21
2 478 8 21
2 479 8 21
2 480 8 21
2 481 8 21
2 482 8 21
2 483 8 21
2 484 8 21
2 485 8 21
2 486 8 21
2 487 8 21
2 488 8 21
2 489 8 21
2 490 8 21
2 491 8 21
2 492 8 21
2 493 8 21
2 494 8 21
2 495 8 21
2 496 8 21
2 497 8 21
2 498 8 21
2 499 8 21
2 500 8 21
2 501 8 21
2 502 8 21
2 503 8 21
2 504 8 21
2 505 8 21
2 506 8 21
2 507 8 21
2 508 8 21
2 509 8 21
2 510 8 21
2 511 8 21
2 512 8 21
2 513 8 21
2 514 8 21
2 515 8 21
2 516 8 21
2 517 8 21
2 518 8 21
2 519 8 21
2 520 8 21
2 521 8 21
2 522 8 21
2 523 8 21
2 524 8 21
2 525 8 21
2 526 8 21
2 527 8 21
2 528 8 21
2 529 8 21
2 530 8 21
2 531 8 21
2 532 8 21
2 533 8 21
2 534 8 21
2 535 8 21
2 536 8 21
2 537 8 21
2 538 8 21
2 539 8 21
2 540 8 21
2 541 8 21
2 542 8 21
2 543 8 21
2 544 8 21
2 545 8 21
2 546 8 21
2 547 8 21
2 548 8 21
2 549 8 21
2 550 8 21
2 551 8 21
2 552 8 21
2 553 8 21
2 554 8 21
2 555 8 21
2 556 8 21
2 557 8 21
2 558 8 21
2 559 8 21
2 560 8 21
2 561 8 21
2 562 8 21
2 563 8 21
2 564 8 21
2 565 8 21
2 566 8 21
2 567 8 21
2 568 8 21
2 569 8 21
2 570 8 21
2 571 8 21
2 572 8 21
2 573 8 21
2 574 8 21
2 575 8 21
2 576 8 21
2 577 8 21
2 578 8 21
2 579 8 21
2 580 8 21
2 581 8 21
2 582 8 21
2 583 8 21
2 584 8 21
2 585 8 21
2 586 8 21
2 587 8 21
2 588 8 21
2 589 8 21
2 590 8 21
2 591 8 21
2 592 8 21
2 593 8 21
2 594 8 21
2 595 8 21
2 596 8 21
2 597 8 21
2 598 8 21
2 599 8 21
2 600 8 21
2 601 8 21
2 602 8 21
2 603 8 21
2 604 8 21
2 605 8 21
2 606 8 21
2 607 8 21
2 608 8 21
2 609 8 21
2 610 8 21
2 611 8 21
2 612 8 21
2 613 8 21
2 614 8 21
2 615 8 21
2 616 8 21
2 617 8 21
2 618 8 21
2 619 8 21
2 620 8 21
2 621 8 21
2 622 8 21
2 623 8 21
2 624 8 21
2 625 8 21
2 626 8 21
2 627 8 21
2 628 8 21
2 629 8 21
2 630 8 21
2 631 8 21
2 632 8 21
2 633 8 21
2 634 8 21
2 635 8 21
2 636 8 21
2 637 8 21
2 638 8 21
2 639 8 21
2 640 8 21
2 641 8 21
2 642 8 21
2 643 8 21
2 644 8 21
2 645 8 21
2 646 8 21
2 647 8 21
2 648 8 21
2 649 8 21
2 650 8 21
2 651 8 21
2 652 8 21
2 653 8 21
2 654 8 21
2 655 8 21
2 656 8 21
2 657 8 21
2 658 8 21
2 659 8 21
2 660 8 21
2 661 8 21
2 662 8 21
2 663 8 21
2 664 8 21
2 665 8 21
2 666 8 21
2 667 8 21
2 668 8 21
2 669 8 21
2 670 8 21
2 671 8 21
2 672 8 21
2 673 8 21
2 674 8 21
2 675 8 21
2 676 8 21
2 677 8 21
2 678 8 21
2 679 8 21
2 680 8 21
2 681 8 21
2 682 8 21
2 683 8 21
2 684 8 21
2 685 8 21
2 686 8 21
2 687 8 21
2 688 8 21
2 689 8 21
2 690 8 21
2 691 8 21
2 692 8 21
2 693 8 21
2 694 8 21
2 695 8 21
2 696 8 21
2 697 8 21
2 698 8 21
2 699 8 21
2 700 8 21
2 701 8 21
2 702 8 21
2 703 8 21
2 704 8 21
2 705 8 21
2 706 8 21
2 707 8 21
2 708 8 21
2 709 8 21
2 710 8 21
2 711 8 21
2 712 8 21
2 713 8 21
2 714 8 21
2 715 8 21
2 716 8 21
2 717 8 21
2 718 8 21
2 719 8 21
2 720 8 21
2 721 8 21
2 722 8 21
2 723 8 21
2 724 8 21
2 725 8 21
2 726 8 21
2 727 8 21
2 728 8 21
2 729 8 21
2 730 8 21
2 731 8 21
2 732 8 21
2 733 8 21
2 734 8 21
2 735 8 21
2 736 8 21
2 737 8 21
2 738 8 21
2 739 8 21
2 740 8 21
2 741 8 21
2 742 8 21
2 743 8 21
2 744 8 21
2 745 8 21
2 746 8 21
2 747 8 21
2 748 8 21
2 749 8 21
2 750 8 21
2 751 8 21
2 752 8 21
2 753 8 21
2 754 8 21
2 755 8 21
2 756 8 21
2 757 8 21
2 758 8 21
2 759 8 21
2 760 8 21
2 761 8 21
2 762 8 21
2 763 8 21
2 764 8 21
2 765 8 21
2 766 8 21
2 767 8 21
2 768 8 21
2 769 8 21
2 770 8 21
2 771 8 21
2 772 8 21
2 773 8 21
2 774 8 21
2 775 8 21
2 776 8 21
2 777 8 21
2 778 8 21
2 779 8 21
2 780 8 21
2 781 8 21
2 782 8 21
2 783 8 21
2 784 8 21
2 785 8 21
2 786 8 21
2 787 8 21
2 788 8 21
2 789 8 21
2 790 8 21
2 791 8 21
2 792 8 21
2 793 8 21
2 794 8 21
2 795 8 21
2 796 8 21
2 797 8 21
2 798 8 21
2 799 8 21
2 800 8 21
2 801 8 21
2 802 8 21
2 803 8 21
2 804 8 21
2 805 8 21
2 806 8 21
2 807 8 21
2 808 8 21
2 809 8 21
2 810 8 21
2 811 8 21
2 812 8 21
2 813 8 21
2 814 8 21
2 815 8 21
2 816 8 21
2 817 8 21
2 818 8 21
2 819 8 21
2 820 8 21
2 821 8 21
2 822 8 21
2 823 8 21
2 824 8 21
2 825 8 21
2 826 8 21
2 827 8 21
2 828 8 21
2 829 8 21
2 830 8 21
2 831 8 21
2 832 8 21
2 833 8 21
2 834 8 21
2 835 8 21
2 836 8 21
2 837 8 21
2 838 8 21
2 839 8 21
2 840 8 21
2 841 8 21
2 842 8 21
2 843 8 21
2 844 8 21
2 845 8 21
2 846 8 21
2 847 8 21
2 848 8 21
2 849 8 21
2 850 8 21
2 851 8 21
2 852 8 21
2 853 8 21
2 854 8 21
2 855 8 21
2 856 8 21
2 857 8 21
2 858 8 21
2 859 8 21
2 860 8 21
2 861 8 21
2 862 8 21
2 863 8 21
2 864 8 21
2 865 8 21
2 866 8 21
2 867 8 21
2 868 8 21
2 869 8 21
2 870 8 21
2 871 8 21
2 872 8 21
2 873 8 21
2 874 8 21
2 875 8 21
2 876 8 21
2 877 8 21
2 878 8 21
2 879 8 21
2 880 8 21
2 881 8 21
2 882 8 21
2 883 8 21
2 884 8 21
2 885 8 21
2 886 8 21
2 887 8 21
2 888 8 21
2 889 8 21
2 890 8 21
2 891 8 21
2 892 8 21
2 893 8 21
2 894 8 21
2 895 8 21
2 896 8 21
2 897 8 21
2 898 8 21
2 899 8 21
2 900 8 21
2 901 8 21
2 902 8 21
2 903 8 21
2 904 8 21
2 905 8 21
2 906 8 21
2 907 8 21
2 908 8 21
2 909 8 21
2 910 8 21
2 911 8 21
2 912 8 21
2 913 8 21
2 914 8 21
2 915 8 21
2 916 8 21
2 917 8 21
2 918 8 21
2 919 8 21
2 920 8 21
2 921 8 21
2 922 8 21
2 923 8 21
2 924 8 21
2 925 8 21
2 926 8 21
2 927 8 21
2 928 8 21
2 929 8 21
2 930 8 21
2 931 8 21
2 932 8 21
2 933 8 21
2 934 8 21
2 935 8 21
2 936 8 21
2 937 8 21
2 938 8 21
2 939 8 21
2 940 8 21
2 941 8 21
2 942 8 21
2 943 8 21
2 944 8 21
2 945 8 21
2 946 8 21
2 947 8 21
2 948 8 21
2 949 8 21
2 950 8 21
2 951 8 21
2 952 8 21
2 953 8 21
2 954 8 21
2 955 8 21
2 956 8 21
2 957 8 21
2 958 8 21
2 959 8 21
2 960 8 21
2 961 8 21
2 962 8 21
2 963 8 21
2 964 8 21
2 965 8 21
2 966 8 21
2 967 8 21
2 968 8 21
2 969 8 21
2 970 8 21
2 971 8 21
2 972 8 21
2 973 8 21
2 974 8 21
2 975 8 21
2 976 8 21
2 977 8 21
2 978 8 21
2 979 8 21
2 980 8 21
2 981 8 21
2 982 8 21
2 983 8 21
2 984 8 21
2 985 8 21
2 986 8 21
2 987 8 21
2 988 8 21
2 989 8 21
2 990 8 21
2 991 8 21
2 992 8 21
2 993 8 21
2 994 8 21
2 995 8 21
2 996 8 21
2 997 8 21
2 998 8 21
2 999 8 21
