32 0 12359 502016
32 1 12360 502016
32 2 12360 502016
32 3 12360 502016
32 4 12360 502016
32 5 12360 502016
32 6 12360 502016
32 7 12360 502016
32 8 12360 502016
32 9 12360 502016
32 10 12360 502016
32 11 12360 502016
32 12 12360 502016
32 13 12360 502016
32 14 12360 502016
32 15 12360 502016
32 16 12360 502016
32 17 12360 502016
32 18 12360 502016
32 19 12360 502016
32 20 12360 502016
32 21 12360 502016
32 22 12360 502016
32 23 12360 502016
32 24 12360 502016
32 25 12360 502016
32 26 12360 502016
32 27 12360 502016
32 28 12360 502016
32 29 12360 502016
32 30 12360 502016
32 31 12360 502016
32 32 12360 502016
32 33 12360 502016
32 34 12360 502016
32 35 12360 502016
32 36 12360 502016
32 37 12360 502016
32 38 12360 502016
32 39 12360 502016
32 40 12360 502016
32 41 12360 502016
32 42 12360 502016
32 43 12360 502016
32 44 12360 502016
32 45 12360 502016
32 46 12360 502016
32 47 12360 502016
32 48 12360 502016
32 49 12360 502016
32 50 12360 502016
32 51 12360 502016
32 52 12360 502016
32 53 12360 502016
32 54 12360 502016
32 55 12360 502016
32 56 12360 502016
32 57 12360 502016
32 58 12360 502016
32 59 12360 502016
32 60 12360 502016
32 61 12360 502016
32 62 12360 502016
32 63 12360 502016
32 64 12360 502016
32 65 12360 502016
32 66 12360 502016
32 67 12360 502016
32 68 12360 502016
32 69 12360 502016
32 70 12360 502016
32 71 12360 502016
32 72 12360 502016
32 73 12360 502016
32 74 12360 502016
32 75 12360 502016
32 76 12360 502016
32 77 12360 502016
32 78 12360 502016
32 79 12360 502016
32 80 12360 502016
32 81 12360 502016
32 82 12360 502016
32 83 12360 502016
32 84 12360 502016
32 85 12360 502016
32 86 12360 502016
32 87 12360 502016
32 88 12360 502016
32 89 12360 502016
32 90 12360 502016
32 91 12360 502016
32 92 12360 502016
32 93 12360 502016
32 94 12360 502016
32 95 12360 502016
32 96 12360 502016
32 97 12360 502016
32 98 12360 502016
32 99 12360 502016
32 100 12360 502016
32 101 12360 502016
32 102 12360 502016
32 103 12360 502016
32 104 12360 502016
32 105 12360 502016
32 106 12360 502016
32 107 12360 502016
32 108 12360 502016
32 109 12360 502016
32 110 12360 502016
32 111 12360 502016
32 112 12360 502016
32 113 12360 502016
32 114 12360 502016
32 115 12360 502016
32 116 12360 502016
32 117 12360 502016
32 118 12360 502016
32 119 12360 502016
32 120 12360 502016
32 121 12360 502016
32 122 12360 502016
32 123 12360 502016
32 124 12360 502016
32 125 12360 502016
32 126 12360 502016
32 127 12360 502016
32 128 12360 502016
32 129 12360 502016
32 130 12360 502016
32 131 12360 502016
32 132 12360 502016
32 133 12360 502016
32 134 12360 502016
32 135 12360 502016
32 136 12360 502016
32 137 12360 502016
32 138 12360 502016
32 139 12360 502016
32 140 12360 502016
32 141 12360 502016
32 142 12360 502016
32 143 12360 502016
32 144 12360 502016
32 145 12360 502016
32 146 12360 502016
32 147 12360 502016
32 148 12360 502016
32 149 12360 502016
32 150 12360 502016
32 151 12360 502016
32 152 12360 502016
32 153 12360 502016
32 154 12360 502016
32 155 12360 502016
32 156 12360 502016
32 157 12360 502016
32 158 12360 502016
32 159 12360 502016
32 160 12360 502016
32 161 12360 502016
32 162 12360 502016
32 163 12360 502016
32 164 12360 502016
32 165 12360 502016
32 166 12360 502016
32 167 12360 502016
32 168 12360 502016
32 169 12360 502016
32 170 12360 502016
32 171 12360 502016
32 172 12360 502016
32 173 12360 502016
32 174 12360 502016
32 175 12360 502016
32 176 12360 502016
32 177 12360 502016
32 178 12360 502016
32 179 12360 502016
32 180 12360 502016
32 181 12360 502016
32 182 12360 502016
32 183 12360 502016
32 184 12360 502016
32 185 12360 502016
32 186 12360 502016
32 187 12360 502016
32 188 12360 502016
32 189 12360 502016
32 190 12360 502016
32 191 12360 502016
32 192 12360 502016
32 193 12360 502016
32 194 12360 502016
32 195 12360 502016
32 196 12360 502016
32 197 12360 502016
32 198 12360 502016
32 199 12360 502016
32 200 12360 502016
32 201 12360 502016
32 202 12360 502016
32 203 12360 502016
32 204 12360 502016
32 205 12360 502016
32 206 12360 502016
32 207 12360 502016
32 208 12360 502016
32 209 12360 502016
32 210 12360 502016
32 211 12360 502016
32 212 12360 502016
32 213 12360 502016
32 214 12360 502016
32 215 12360 502016
32 216 12360 502016
32 217 12360 502016
32 218 12360 502016
32 219 12360 502016
32 220 12360 502016
32 221 12360 502016
32 222 12360 502016
32 223 12360 502016
32 224 12360 502016
32 225 12360 502016
32 226 12360 502016
32 227 12360 502016
32 228 12360 502016
32 229 12360 502016
32 230 12360 502016
32 231 12360 502016
32 232 12360 502016
32 233 12360 502016
32 234 12360 502016
32 235 12360 502016
32 236 12360 502016
32 237 12360 502016
32 238 12360 502016
32 239 12360 502016
32 240 12360 502016
32 241 12360 502016
32 242 12360 502016
32 243 12360 502016
32 244 12360 502016
32 245 12360 502016
32 246 12360 502016
32 247 12360 502016
32 248 12360 502016
32 249 12360 502016
32 250 12360 502016
32 251 12360 502016
32 252 12360 502016
32 253 12360 502016
32 254 12360 502016
32 255 12360 502016
32 256 12360 502016
32 257 12360 502016
32 258 12360 502016
32 259 12360 502016
32 260 12360 502016
32 261 12360 502016
32 262 12360 502016
32 263 12360 502016
32 264 12360 502016
32 265 12360 502016
32 266 12360 502016
32 267 12360 502016
32 268 12360 502016
32 269 12360 502016
32 270 12360 502016
32 271 12360 502016
32 272 12360 502016
32 273 12360 502016
32 274 12360 502016
32 275 12360 502016
32 276 12360 502016
32 277 12360 502016
32 278 12360 502016
32 279 12360 502016
32 280 12360 502016
32 281 12360 502016
32 282 12360 502016
32 283 12360 502016
32 284 12360 502016
32 285 12360 502016
32 286 12360 502016
32 287 12360 502016
32 288 12360 502016
32 289 12360 502016
32 290 12360 502016
32 291 12360 502016
32 292 12360 502016
32 293 12360 502016
32 294 12360 502016
32 295 12360 502016
32 296 12360 502016
32 297 12360 502016
32 298 12360 502016
32 299 12360 502016
32 300 12360 502016
32 301 12360 502016
32 302 12360 502016
32 303 12360 502016
32 304 12360 502016
32 305 12360 502016
32 306 12360 502016
32 307 12360 502016
32 308 12360 502016
32 309 12360 502016
32 310 12360 502016
32 311 12360 502016
32 312 12360 502016
32 313 12360 502016
32 314 12360 502016
32 315 12360 502016
32 316 12360 502016
32 317 12360 502016
32 318 12360 502016
32 319 12360 502016
32 320 12360 502016
32 321 12360 502016
32 322 12360 502016
32 323 12360 502016
32 324 12360 502016
32 325 12360 502016
32 326 12360 502016
32 327 12360 502016
32 328 12360 502016
32 329 12360 502016
32 330 12360 502016
32 331 12360 502016
32 332 12360 502016
32 333 12360 502016
32 334 12360 502016
32 335 12360 502016
32 336 12360 502016
32 337 12360 502016
32 338 12360 502016
32 339 12360 502016
32 340 12360 502016
32 341 12360 502016
32 342 12360 502016
32 343 12360 502016
32 344 12360 502016
32 345 12360 502016
32 346 12360 502016
32 347 12360 502016
32 348 12360 502016
32 349 12360 502016
32 350 12360 502016
32 351 12360 502016
32 352 12360 502016
32 353 12360 502016
32 354 12360 502016
32 355 12360 502016
32 356 12360 502016
32 357 12360 502016
32 358 12360 502016
32 359 12360 502016
32 360 12360 502016
32 361 12360 502016
32 362 12360 502016
32 363 12360 502016
32 364 12360 502016
32 365 12360 502016
32 366 12360 502016
32 367 12360 502016
32 368 12360 502016
32 369 12360 502016
32 370 12360 502016
32 371 12360 502016
32 372 12360 502016
32 373 12360 502016
32 374 12360 502016
32 375 12360 502016
32 376 12360 502016
32 377 12360 502016
32 378 12360 502016
32 379 12360 502016
32 380 12360 502016
32 381 12360 502016
32 382 12360 502016
32 383 12360 502016
32 384 12360 502016
32 385 12360 502016
32 386 12360 502016
32 387 12360 502016
32 388 12360 502016
32 389 12360 502016
32 390 12360 502016
32 391 12360 502016
32 392 12360 502016
32 393 12360 502016
32 394 12360 502016
32 395 12360 502016
32 396 12360 502016
32 397 12360 502016
32 398 12360 502016
32 399 12360 502016
32 400 12360 502016
32 401 12360 502016
32 402 12360 502016
32 403 12360 502016
32 404 12360 502016
32 405 12360 502016
32 406 12360 502016
32 407 12360 502016
32 408 12360 502016
32 409 12360 502016
32 410 12360 502016
32 411 12360 502016
32 412 12360 502016
32 413 12360 502016
32 414 12360 502016
32 415 12360 502016
32 416 12360 502016
32 417 12360 502016
32 418 12360 502016
32 419 12360 502016
32 420 12360 502016
32 421 12360 502016
32 422 12360 502016
32 423 12360 502016
32 424 12360 502016
32 425 12360 502016
32 426 12360 502016
32 427 12360 502016
32 428 12360 502016
32 429 12360 502016
32 430 12360 502016
32 431 12360 502016
32 432 12360 502016
32 433 12360 502016
32 434 12360 502016
32 435 12360 502016
32 436 12360 502016
32 437 12360 502016
32 438 12360 502016
32 439 12360 502016
32 440 12360 502016
32 441 12360 502016
32 442 12360 502016
32 443 12360 502016
32 444 12360 502016
32 445 12360 502016
32 446 12360 502016
32 447 12360 502016
32 448 12360 502016
32 449 12360 502016
32 450 12360 502016
32 451 12360 502016
32 452 12360 502016
32 453 12360 502016
32 454 12360 502016
32 455 12360 502016
32 456 12360 502016
32 457 12360 502016
32 458 12360 502016
32 459 12360 502016
32 460 12360 502016
32 461 12360 502016
32 462 12360 502016
32 463 12360 502016
32 464 12360 502016
32 465 12360 502016
32 466 12360 502016
32 467 12360 502016
32 468 12360 502016
32 469 12360 502016
32 470 12360 502016
32 471 12360 502016
32 472 12360 502016
32 473 12360 502016
32 474 12360 502016
32 475 12360 502016
32 476 12360 502016
32 477 12360 502016
32 478 12360 502016
32 479 12360 502016
32 480 12360 502016
32 481 12360 502016
32 482 12360 502016
32 483 12360 502016
32 484 12360 502016
32 485 12360 502016
32 486 12360 502016
32 487 12360 502016
32 488 12360 502016
32 489 12360 502016
32 490 12360 502016
32 491 12360 502016
32 492 12360 502016
32 493 12360 502016
32 494 12360 502016
32 495 12360 502016
32 496 12360 502016
32 497 12360 502016
32 498 12360 502016
32 499 12360 502016
32 500 12360 502016
32 501 12360 502016
32 502 12360 502016
32 503 12360 502016
32 504 12360 502016
32 505 12360 502016
32 506 12360 502016
32 507 12360 502016
32 508 12360 502016
32 509 12360 502016
32 510 12360 502016
32 511 12360 502016
32 512 12360 502016
32 513 12360 502016
32 514 12360 502016
32 515 12360 502016
32 516 12360 502016
32 517 12360 502016
32 518 12360 502016
32 519 12360 502016
32 520 12360 502016
32 521 12360 502016
32 522 12360 502016
32 523 12360 502016
32 524 12360 502016
32 525 12360 502016
32 526 12360 502016
32 527 12360 502016
32 528 12360 502016
32 529 12360 502016
32 530 12360 502016
32 531 12360 502016
32 532 12360 502016
32 533 12360 502016
32 534 12360 502016
32 535 12360 502016
32 536 12360 502016
32 537 12360 502016
32 538 12360 502016
32 539 12360 502016
32 540 12360 502016
32 541 12360 502016
32 542 12360 502016
32 543 12360 502016
32 544 12360 502016
32 545 12360 502016
32 546 12360 502016
32 547 12360 502016
32 548 12360 502016
32 549 12360 502016
32 550 12360 502016
32 551 12360 502016
32 552 12360 502016
32 553 12360 502016
32 554 12360 502016
32 555 12360 502016
32 556 12360 502016
32 557 12360 502016
32 558 12360 502016
32 559 12360 502016
32 560 12360 502016
32 561 12360 502016
32 562 12360 502016
32 563 12360 502016
32 564 12360 502016
32 565 12360 502016
32 566 12360 502016
32 567 12360 502016
32 568 12360 502016
32 569 12360 502016
32 570 12360 502016
32 571 12360 502016
32 572 12360 502016
32 573 12360 502016
32 574 12360 502016
32 575 12360 502016
32 576 12360 502016
32 577 12360 502016
32 578 12360 502016
32 579 12360 502016
32 580 12360 502016
32 581 12360 502016
32 582 12360 502016
32 583 12360 502016
32 584 12360 502016
32 585 12360 502016
32 586 12360 502016
32 587 12360 502016
32 588 12360 502016
32 589 12360 502016
32 590 12360 502016
32 591 12360 502016
32 592 12360 502016
32 593 12360 502016
32 594 12360 502016
32 595 12360 502016
32 596 12360 502016
32 597 12360 502016
32 598 12360 502016
32 599 12360 502016
32 600 12360 502016
32 601 12360 502016
32 602 12360 502016
32 603 12360 502016
32 604 12360 502016
32 605 12360 502016
32 606 12360 502016
32 607 12360 502016
32 608 12360 502016
32 609 12360 502016
32 610 12360 502016
32 611 12360 502016
32 612 12360 502016
32 613 12360 502016
32 614 12360 502016
32 615 12360 502016
32 616 12360 502016
32 617 12360 502016
32 618 12360 502016
32 619 12360 502016
32 620 12360 502016
32 621 12360 502016
32 622 12360 502016
32 623 12360 502016
32 624 12360 502016
32 625 12360 502016
32 626 12360 502016
32 627 12360 502016
32 628 12360 502016
32 629 12360 502016
32 630 12360 502016
32 631 12360 502016
32 632 12360 502016
32 633 12360 502016
32 634 12360 502016
32 635 12360 502016
32 636 12360 502016
32 637 12360 502016
32 638 12360 502016
32 639 12360 502016
32 640 12360 502016
32 641 12360 502016
32 642 12360 502016
32 643 12360 502016
32 644 12360 502016
32 645 12360 502016
32 646 12360 502016
32 647 12360 502016
32 648 12360 502016
32 649 12360 502016
32 650 12360 502016
32 651 12360 502016
32 652 12360 502016
32 653 12360 502016
32 654 12360 502016
32 655 12360 502016
32 656 12360 502016
32 657 12360 502016
32 658 12360 502016
32 659 12360 502016
32 660 12360 502016
32 661 12360 502016
32 662 12360 502016
32 663 12360 502016
32 664 12360 502016
32 665 12360 502016
32 666 12360 502016
32 667 12360 502016
32 668 12360 502016
32 669 12360 502016
32 670 12360 502016
32 671 12360 502016
32 672 12360 502016
32 673 12360 502016
32 674 12360 502016
32 675 12360 502016
32 676 12360 502016
32 677 12360 502016
32 678 12360 502016
32 679 12360 502016
32 680 12360 502016
32 681 12360 502016
32 682 12360 502016
32 683 12360 502016
32 684 12360 502016
32 685 12360 502016
32 686 12360 502016
32 687 12360 502016
32 688 12360 502016
32 689 12360 502016
32 690 12360 502016
32 691 12360 502016
32 692 12360 502016
32 693 12360 502016
32 694 12360 502016
32 695 12360 502016
32 696 12360 502016
32 697 12360 502016
32 698 12360 502016
32 699 12360 502016
32 700 12360 502016
32 701 12360 502016
32 702 12360 502016
32 703 12360 502016
32 704 12360 502016
32 705 12360 502016
32 706 12360 502016
32 707 12360 502016
32 708 12360 502016
32 709 12360 502016
32 710 12360 502016
32 711 12360 502016
32 712 12360 502016
32 713 12360 502016
32 714 12360 502016
32 715 12360 502016
32 716 12360 502016
32 717 12360 502016
32 718 12360 502016
32 719 12360 502016
32 720 12360 502016
32 721 12360 502016
32 722 12360 502016
32 723 12360 502016
32 724 12360 502016
32 725 12360 502016
32 726 12360 502016
32 727 12360 502016
32 728 12360 502016
32 729 12360 502016
32 730 12360 502016
32 731 12360 502016
32 732 12360 502016
32 733 12360 502016
32 734 12360 502016
32 735 12360 502016
32 736 12360 502016
32 737 12360 502016
32 738 12360 502016
32 739 12360 502016
32 740 12360 502016
32 741 12360 502016
32 742 12360 502016
32 743 12360 502016
32 744 12360 502016
32 745 12360 502016
32 746 12360 502016
32 747 12360 502016
32 748 12360 502016
32 749 12360 502016
32 750 12360 502016
32 751 12360 502016
32 752 12360 502016
32 753 12360 502016
32 754 12360 502016
32 755 12360 502016
32 756 12360 502016
32 757 12360 502016
32 758 12360 502016
32 759 12360 502016
32 760 12360 502016
32 761 12360 502016
32 762 12360 502016
32 763 12360 502016
32 764 12360 502016
32 765 12360 502016
32 766 12360 502016
32 767 12360 502016
32 768 12360 502016
32 769 12360 502016
32 770 12360 502016
32 771 12360 502016
32 772 12360 502016
32 773 12360 502016
32 774 12360 502016
32 775 12360 502016
32 776 12360 502016
32 777 12360 502016
32 778 12360 502016
32 779 12360 502016
32 780 12360 502016
32 781 12360 502016
32 782 12360 502016
32 783 12360 502016
32 784 12360 502016
32 785 12360 502016
32 786 12360 502016
32 787 12360 502016
32 788 12360 502016
32 789 12360 502016
32 790 12360 502016
32 791 12360 502016
32 792 12360 502016
32 793 12360 502016
32 794 12360 502016
32 795 12360 502016
32 796 12360 502016
32 797 12360 502016
32 798 12360 502016
32 799 12360 502016
32 800 12360 502016
32 801 12360 502016
32 802 12360 502016
32 803 12360 502016
32 804 12360 502016
32 805 12360 502016
32 806 12360 502016
32 807 12360 502016
32 808 12360 502016
32 809 12360 502016
32 810 12360 502016
32 811 12360 502016
32 812 12360 502016
32 813 12360 502016
32 814 12360 502016
32 815 12360 502016
32 816 12360 502016
32 817 12360 502016
32 818 12360 502016
32 819 12360 502016
32 820 12360 502016
32 821 12360 502016
32 822 12360 502016
32 823 12360 502016
32 824 12360 502016
32 825 12360 502016
32 826 12360 502016
32 827 12360 502016
32 828 12360 502016
32 829 12360 502016
32 830 12360 502016
32 831 12360 502016
32 832 12360 502016
32 833 12360 502016
32 834 12360 502016
32 835 12360 502016
32 836 12360 502016
32 837 12360 502016
32 838 12360 502016
32 839 12360 502016
32 840 12360 502016
32 841 12360 502016
32 842 12360 502016
32 843 12360 502016
32 844 12360 502016
32 845 12360 502016
32 846 12360 502016
32 847 12360 502016
32 848 12360 502016
32 849 12360 502016
32 850 12360 502016
32 851 12360 502016
32 852 12360 502016
32 853 12360 502016
32 854 12360 502016
32 855 12360 502016
32 856 12360 502016
32 857 12360 502016
32 858 12360 502016
32 859 12360 502016
32 860 12360 502016
32 861 12360 502016
32 862 12360 502016
32 863 12360 502016
32 864 12360 502016
32 865 12360 502016
32 866 12360 502016
32 867 12360 502016
32 868 12360 502016
32 869 12360 502016
32 870 12360 502016
32 871 12360 502016
32 872 12360 502016
32 873 12360 502016
32 874 12360 502016
32 875 12360 502016
32 876 12360 502016
32 877 12360 502016
32 878 12360 502016
32 879 12360 502016
32 880 12360 502016
32 881 12360 502016
32 882 12360 502016
32 883 12360 502016
32 884 12360 502016
32 885 12360 502016
32 886 12360 502016
32 887 12360 502016
32 888 12360 502016
32 889 12360 502016
32 890 12360 502016
32 891 12360 502016
32 892 12360 502016
32 893 12360 502016
32 894 12360 502016
32 895 12360 502016
32 896 12360 502016
32 897 12360 502016
32 898 12360 502016
32 899 12360 502016
32 900 12360 502016
32 901 12360 502016
32 902 12360 502016
32 903 12360 502016
32 904 12360 502016
32 905 12360 502016
32 906 12360 502016
32 907 12360 502016
32 908 12360 502016
32 909 12360 502016
32 910 12360 502016
32 911 12360 502016
32 912 12360 502016
32 913 12360 502016
32 914 12360 502016
32 915 12360 502016
32 916 12360 502016
32 917 12360 502016
32 918 12360 502016
32 919 12360 502016
32 920 12360 502016
32 921 12360 502016
32 922 12360 502016
32 923 12360 502016
32 924 12360 502016
32 925 12360 502016
32 926 12360 502016
32 927 12360 502016
32 928 12360 502016
32 929 12360 502016
32 930 12360 502016
32 931 12360 502016
32 932 12360 502016
32 933 12360 502016
32 934 12360 502016
32 935 12360 502016
32 936 12360 502016
32 937 12360 502016
32 938 12360 502016
32 939 12360 502016
32 940 12360 502016
32 941 12360 502016
32 942 12360 502016
32 943 12360 502016
32 944 12360 502016
32 945 12360 502016
32 946 12360 502016
32 947 12360 502016
32 948 12360 502016
32 949 12360 502016
32 950 12360 502016
32 951 12360 502016
32 952 12360 502016
32 953 12360 502016
32 954 12360 502016
32 955 12360 502016
32 956 12360 502016
32 957 12360 502016
32 958 12360 502016
32 959 12360 502016
32 960 12360 502016
32 961 12360 502016
32 962 12360 502016
32 963 12360 502016
32 964 12360 502016
32 965 12360 502016
32 966 12360 502016
32 967 12360 502016
32 968 12360 502016
32 969 12360 502016
32 970 12360 502016
32 971 12360 502016
32 972 12360 502016
32 973 12360 502016
32 974 12360 502016
32 975 12360 502016
32 976 12360 502016
32 977 12360 502016
32 978 12360 502016
32 979 12360 502016
32 980 12360 502016
32 981 12360 502016
32 982 12360 502016
32 983 12360 502016
32 984 12360 502016
32 985 12360 502016
32 986 12360 502016
32 987 12360 502016
32 988 12360 502016
32 989 12360 502016
32 990 12360 502016
32 991 12360 502016
32 992 12360 502016
32 993 12360 502016
32 994 12360 502016
32 995 12360 502016
32 996 12360 502016
32 997 12360 502016
32 998 12360 502016
32 999 12360 502016
