512 0 1099274 3131637760
512 1 1099068 3131637760
512 2 1098997 3131637760
512 3 1099076 3131637760
512 4 1099172 3131637760
512 5 1099085 3131637760
512 6 1099261 3131637760
512 7 1099172 3131637760
512 8 1099241 3131637760
512 9 1099143 3131637760
512 10 1099111 3131637760
512 11 1098944 3131637760
512 12 1099021 3131637760
512 13 1099079 3131637760
512 14 1099129 3131637760
512 15 1099073 3131637760
512 16 1099189 3131637760
512 17 1099134 3131637760
512 18 1099061 3131637760
512 19 1099090 3131637760
512 20 1099032 3131637760
512 21 1099064 3131637760
512 22 1099027 3131637760
512 23 1099185 3131637760
512 24 1099173 3131637760
512 25 1099087 3131637760
512 26 1099085 3131637760
512 27 1099146 3131637760
512 28 1099150 3131637760
512 29 1099158 3131637760
512 30 1099100 3131637760
512 31 1099234 3131637760
512 32 1099039 3131637760
512 33 1099137 3131637760
512 34 1099110 3131637760
512 35 1099051 3131637760
512 36 1099186 3131637760
512 37 1099107 3131637760
512 38 1099096 3131637760
512 39 1099174 3131637760
512 40 1098983 3131637760
512 41 1099098 3131637760
512 42 1099059 3131637760
512 43 1099073 3131637760
512 44 1099116 3131637760
512 45 1099240 3131637760
512 46 1098950 3131637760
512 47 1099086 3131637760
512 48 1099125 3131637760
512 49 1099054 3131637760
512 50 1099113 3131637760
512 51 1099075 3131637760
512 52 1098960 3131637760
512 53 1099124 3131637760
512 54 1098975 3131637760
512 55 1099193 3131637760
512 56 1099157 3131637760
512 57 1099033 3131637760
512 58 1099104 3131637760
512 59 1099106 3131637760
512 60 1099120 3131637760
512 61 1099058 3131637760
512 62 1099270 3131637760
512 63 1099049 3131637760
512 64 1099110 3131637760
512 65 1099068 3131637760
512 66 1099037 3131637760
512 67 1098965 3131637760
512 68 1099093 3131637760
512 69 1099155 3131637760
512 70 1099098 3131637760
512 71 1099132 3131637760
512 72 1099120 3131637760
512 73 1098992 3131637760
512 74 1099155 3131637760
512 75 1099107 3131637760
512 76 1099084 3131637760
512 77 1099168 3131637760
512 78 1099003 3131637760
512 79 1099053 3131637760
512 80 1099111 3131637760
512 81 1099152 3131637760
512 82 1099082 3131637760
512 83 1099075 3131637760
512 84 1098956 3131637760
512 85 1099105 3131637760
512 86 1099183 3131637760
512 87 1099188 3131637760
512 88 1099160 3131637760
512 89 1099158 3131637760
512 90 1099027 3131637760
512 91 1099156 3131637760
512 92 1099164 3131637760
512 93 1099020 3131637760
512 94 1098984 3131637760
512 95 1099155 3131637760
512 96 1099076 3131637760
512 97 1099113 3131637760
512 98 1099141 3131637760
512 99 1099048 3131637760
512 100 1099079 3131637760
512 101 1099016 3131637760
512 102 1099088 3131637760
512 103 1099124 3131637760
512 104 1099091 3131637760
512 105 1099045 3131637760
512 106 1099021 3131637760
512 107 1099022 3131637760
512 108 1099023 3131637760
512 109 1099220 3131637760
512 110 1099082 3131637760
512 111 1099124 3131637760
512 112 1099121 3131637760
512 113 1099252 3131637760
512 114 1099199 3131637760
512 115 1099188 3131637760
512 116 1099030 3131637760
512 117 1098959 3131637760
512 118 1099037 3131637760
512 119 1099137 3131637760
512 120 1099109 3131637760
512 121 1099144 3131637760
512 122 1099192 3131637760
512 123 1099147 3131637760
512 124 1099080 3131637760
512 125 1099083 3131637760
512 126 1099005 3131637760
512 127 1099086 3131637760
512 128 1099152 3131637760
512 129 1099149 3131637760
512 130 1099147 3131637760
512 131 1099057 3131637760
512 132 1099060 3131637760
512 133 1099049 3131637760
512 134 1099072 3131637760
512 135 1099170 3131637760
512 136 1099078 3131637760
512 137 1099270 3131637760
512 138 1099082 3131637760
512 139 1099127 3131637760
512 140 1099188 3131637760
512 141 1099085 3131637760
512 142 1099219 3131637760
512 143 1099083 3131637760
512 144 1099213 3131637760
512 145 1099073 3131637760
512 146 1099016 3131637760
512 147 1099263 3131637760
512 148 1099097 3131637760
512 149 1099034 3131637760
512 150 1099202 3131637760
512 151 1099169 3131637760
512 152 1099137 3131637760
512 153 1099138 3131637760
512 154 1099118 3131637760
512 155 1099096 3131637760
512 156 1099019 3131637760
512 157 1099059 3131637760
512 158 1099095 3131637760
512 159 1099144 3131637760
512 160 1099102 3131637760
512 161 1099033 3131637760
512 162 1099172 3131637760
512 163 1098979 3131637760
512 164 1099064 3131637760
512 165 1098998 3131637760
512 166 1098961 3131637760
512 167 1099118 3131637760
512 168 1099122 3131637760
512 169 1099080 3131637760
512 170 1099056 3131637760
512 171 1099094 3131637760
512 172 1099147 3131637760
512 173 1099060 3131637760
512 174 1099072 3131637760
512 175 1099130 3131637760
512 176 1099094 3131637760
512 177 1099162 3131637760
512 178 1099049 3131637760
512 179 1099124 3131637760
512 180 1099000 3131637760
512 181 1098992 3131637760
512 182 1099043 3131637760
512 183 1099172 3131637760
512 184 1098968 3131637760
512 185 1099185 3131637760
512 186 1099065 3131637760
512 187 1099031 3131637760
512 188 1099089 3131637760
512 189 1099054 3131637760
512 190 1099195 3131637760
512 191 1099199 3131637760
512 192 1099203 3131637760
512 193 1099153 3131637760
512 194 1099173 3131637760
512 195 1099130 3131637760
512 196 1099044 3131637760
512 197 1098996 3131637760
512 198 1099082 3131637760
512 199 1099089 3131637760
512 200 1099199 3131637760
512 201 1099077 3131637760
512 202 1099094 3131637760
512 203 1099069 3131637760
512 204 1099100 3131637760
512 205 1098986 3131637760
512 206 1099012 3131637760
512 207 1099032 3131637760
512 208 1099200 3131637760
512 209 1099030 3131637760
512 210 1099008 3131637760
512 211 1099002 3131637760
512 212 1099052 3131637760
512 213 1099071 3131637760
512 214 1099186 3131637760
512 215 1099031 3131637760
512 216 1099129 3131637760
512 217 1099029 3131637760
512 218 1099187 3131637760
512 219 1099056 3131637760
512 220 1099048 3131637760
512 221 1099115 3131637760
512 222 1099095 3131637760
512 223 1099158 3131637760
512 224 1099143 3131637760
512 225 1099072 3131637760
512 226 1099106 3131637760
512 227 1099087 3131637760
512 228 1099110 3131637760
512 229 1099083 3131637760
512 230 1099123 3131637760
512 231 1098984 3131637760
512 232 1099056 3131637760
512 233 1099074 3131637760
512 234 1099032 3131637760
512 235 1099168 3131637760
512 236 1099114 3131637760
512 237 1099133 3131637760
512 238 1099071 3131637760
512 239 1099073 3131637760
512 240 1099057 3131637760
512 241 1099224 3131637760
512 242 1099036 3131637760
512 243 1099186 3131637760
512 244 1099205 3131637760
512 245 1099167 3131637760
512 246 1099113 3131637760
512 247 1099029 3131637760
512 248 1098927 3131637760
512 249 1098986 3131637760
512 250 1099058 3131637760
512 251 1099109 3131637760
512 252 1099117 3131637760
512 253 1099082 3131637760
512 254 1099019 3131637760
512 255 1099137 3131637760
512 256 1099122 3131637760
512 257 1099134 3131637760
512 258 1099080 3131637760
512 259 1099049 3131637760
512 260 1099194 3131637760
512 261 1099039 3131637760
512 262 1099143 3131637760
512 263 1099091 3131637760
512 264 1099049 3131637760
512 265 1099106 3131637760
512 266 1099161 3131637760
512 267 1099107 3131637760
512 268 1099169 3131637760
512 269 1099002 3131637760
512 270 1099090 3131637760
512 271 1099047 3131637760
512 272 1099087 3131637760
512 273 1098987 3131637760
512 274 1099203 3131637760
512 275 1099168 3131637760
512 276 1099035 3131637760
512 277 1099085 3131637760
512 278 1099117 3131637760
512 279 1099109 3131637760
512 280 1099042 3131637760
512 281 1099061 3131637760
512 282 1099110 3131637760
512 283 1099060 3131637760
512 284 1099067 3131637760
512 285 1099134 3131637760
512 286 1099184 3131637760
512 287 1099165 3131637760
512 288 1099129 3131637760
512 289 1099053 3131637760
512 290 1099106 3131637760
512 291 1099081 3131637760
512 292 1099105 3131637760
512 293 1099190 3131637760
512 294 1098953 3131637760
512 295 1099055 3131637760
512 296 1099170 3131637760
512 297 1099093 3131637760
512 298 1099103 3131637760
512 299 1099136 3131637760
512 300 1099096 3131637760
512 301 1099099 3131637760
512 302 1099048 3131637760
512 303 1099124 3131637760
512 304 1099111 3131637760
512 305 1099158 3131637760
512 306 1099220 3131637760
512 307 1099090 3131637760
512 308 1099150 3131637760
512 309 1099269 3131637760
512 310 1099183 3131637760
512 311 1099139 3131637760
512 312 1099085 3131637760
512 313 1099029 3131637760
512 314 1098988 3131637760
512 315 1099075 3131637760
512 316 1099129 3131637760
512 317 1099138 3131637760
512 318 1099076 3131637760
512 319 1099140 3131637760
512 320 1099086 3131637760
512 321 1099039 3131637760
512 322 1099008 3131637760
512 323 1098951 3131637760
512 324 1098969 3131637760
512 325 1098959 3131637760
512 326 1098946 3131637760
512 327 1099125 3131637760
512 328 1099067 3131637760
512 329 1099047 3131637760
512 330 1099167 3131637760
512 331 1099024 3131637760
512 332 1099050 3131637760
512 333 1099119 3131637760
512 334 1099041 3131637760
512 335 1099222 3131637760
512 336 1099144 3131637760
512 337 1099093 3131637760
512 338 1099060 3131637760
512 339 1099098 3131637760
512 340 1099038 3131637760
512 341 1099050 3131637760
512 342 1099051 3131637760
512 343 1099129 3131637760
512 344 1099139 3131637760
512 345 1099120 3131637760
512 346 1099222 3131637760
512 347 1099168 3131637760
512 348 1099020 3131637760
512 349 1098982 3131637760
512 350 1099164 3131637760
512 351 1099095 3131637760
512 352 1099102 3131637760
512 353 1099147 3131637760
512 354 1099256 3131637760
512 355 1099134 3131637760
512 356 1099097 3131637760
512 357 1099092 3131637760
512 358 1098997 3131637760
512 359 1098980 3131637760
512 360 1099101 3131637760
512 361 1099150 3131637760
512 362 1099221 3131637760
512 363 1099175 3131637760
512 364 1099123 3131637760
512 365 1099180 3131637760
512 366 1099169 3131637760
512 367 1098966 3131637760
512 368 1099179 3131637760
512 369 1099133 3131637760
512 370 1099067 3131637760
512 371 1099067 3131637760
512 372 1099062 3131637760
512 373 1099093 3131637760
512 374 1099081 3131637760
512 375 1099094 3131637760
512 376 1098997 3131637760
512 377 1098963 3131637760
512 378 1099184 3131637760
512 379 1099046 3131637760
512 380 1099113 3131637760
512 381 1099014 3131637760
512 382 1099131 3131637760
512 383 1099238 3131637760
512 384 1099167 3131637760
512 385 1099166 3131637760
512 386 1099019 3131637760
512 387 1099138 3131637760
512 388 1099063 3131637760
512 389 1099160 3131637760
512 390 1098993 3131637760
512 391 1098966 3131637760
512 392 1099154 3131637760
512 393 1099128 3131637760
512 394 1099183 3131637760
512 395 1099126 3131637760
512 396 1099147 3131637760
512 397 1099068 3131637760
512 398 1098979 3131637760
512 399 1099060 3131637760
512 400 1099139 3131637760
512 401 1099054 3131637760
512 402 1099088 3131637760
512 403 1099044 3131637760
512 404 1099001 3131637760
512 405 1099037 3131637760
512 406 1099031 3131637760
512 407 1098969 3131637760
512 408 1099173 3131637760
512 409 1099041 3131637760
512 410 1099186 3131637760
512 411 1099010 3131637760
512 412 1099066 3131637760
512 413 1099164 3131637760
512 414 1099061 3131637760
512 415 1099081 3131637760
512 416 1099149 3131637760
512 417 1099008 3131637760
512 418 1099131 3131637760
512 419 1099158 3131637760
512 420 1099044 3131637760
512 421 1099088 3131637760
512 422 1099108 3131637760
512 423 1099165 3131637760
512 424 1099022 3131637760
512 425 1099105 3131637760
512 426 1099012 3131637760
512 427 1099127 3131637760
512 428 1099174 3131637760
512 429 1099218 3131637760
512 430 1099230 3131637760
512 431 1099222 3131637760
512 432 1099028 3131637760
512 433 1099184 3131637760
512 434 1099121 3131637760
512 435 1099138 3131637760
512 436 1099116 3131637760
512 437 1098959 3131637760
512 438 1099046 3131637760
512 439 1099108 3131637760
512 440 1099066 3131637760
512 441 1099199 3131637760
512 442 1099126 3131637760
512 443 1099169 3131637760
512 444 1099099 3131637760
512 445 1098972 3131637760
512 446 1098986 3131637760
512 447 1099100 3131637760
512 448 1098905 3131637760
512 449 1099124 3131637760
512 450 1098927 3131637760
512 451 1098991 3131637760
512 452 1099185 3131637760
512 453 1099015 3131637760
512 454 1099133 3131637760
512 455 1099048 3131637760
512 456 1098985 3131637760
512 457 1099005 3131637760
512 458 1099123 3131637760
512 459 1099170 3131637760
512 460 1099071 3131637760
512 461 1098995 3131637760
512 462 1099025 3131637760
512 463 1099063 3131637760
512 464 1099008 3131637760
512 465 1099042 3131637760
512 466 1099156 3131637760
512 467 1099163 3131637760
512 468 1099076 3131637760
512 469 1099093 3131637760
512 470 1099116 3131637760
512 471 1099068 3131637760
512 472 1099104 3131637760
512 473 1099220 3131637760
512 474 1099218 3131637760
512 475 1099043 3131637760
512 476 1099060 3131637760
512 477 1099093 3131637760
512 478 1099100 3131637760
512 479 1099125 3131637760
512 480 1099100 3131637760
512 481 1099071 3131637760
512 482 1099103 3131637760
512 483 1099183 3131637760
512 484 1099084 3131637760
512 485 1099107 3131637760
512 486 1099041 3131637760
512 487 1099178 3131637760
512 488 1099197 3131637760
512 489 1099035 3131637760
512 490 1099030 3131637760
512 491 1099199 3131637760
512 492 1099080 3131637760
512 493 1099138 3131637760
512 494 1099036 3131637760
512 495 1099071 3131637760
512 496 1099088 3131637760
512 497 1099091 3131637760
512 498 1099112 3131637760
512 499 1098974 3131637760
512 500 1099132 3131637760
512 501 1099106 3131637760
512 502 1099089 3131637760
512 503 1099115 3131637760
512 504 1099200 3131637760
512 505 1099097 3131637760
512 506 1099075 3131637760
512 507 1098932 3131637760
512 508 1099084 3131637760
512 509 1099146 3131637760
512 510 1099083 3131637760
512 511 1098998 3131637760
512 512 1099153 3131637760
512 513 1099193 3131637760
512 514 1099089 3131637760
512 515 1099240 3131637760
512 516 1099177 3131637760
512 517 1099032 3131637760
512 518 1099050 3131637760
512 519 1099121 3131637760
512 520 1099230 3131637760
512 521 1099241 3131637760
512 522 1099116 3131637760
512 523 1099163 3131637760
512 524 1099017 3131637760
512 525 1099140 3131637760
512 526 1099179 3131637760
512 527 1099151 3131637760
512 528 1099120 3131637760
512 529 1099202 3131637760
512 530 1099235 3131637760
512 531 1099201 3131637760
512 532 1099286 3131637760
512 533 1099078 3131637760
512 534 1099054 3131637760
512 535 1099146 3131637760
512 536 1099084 3131637760
512 537 1099096 3131637760
512 538 1099035 3131637760
512 539 1099195 3131637760
512 540 1099066 3131637760
512 541 1099023 3131637760
512 542 1099081 3131637760
512 543 1099024 3131637760
512 544 1099220 3131637760
512 545 1099140 3131637760
512 546 1099087 3131637760
512 547 1099105 3131637760
512 548 1099098 3131637760
512 549 1099104 3131637760
512 550 1099161 3131637760
512 551 1099140 3131637760
512 552 1099145 3131637760
512 553 1099187 3131637760
512 554 1099139 3131637760
512 555 1099086 3131637760
512 556 1099077 3131637760
512 557 1099192 3131637760
512 558 1099234 3131637760
512 559 1099214 3131637760
512 560 1099233 3131637760
512 561 1099159 3131637760
512 562 1099285 3131637760
512 563 1099115 3131637760
512 564 1099201 3131637760
512 565 1099243 3131637760
512 566 1099156 3131637760
512 567 1099215 3131637760
512 568 1099214 3131637760
512 569 1099220 3131637760
512 570 1099215 3131637760
512 571 1099120 3131637760
512 572 1099140 3131637760
512 573 1099134 3131637760
512 574 1098997 3131637760
512 575 1099128 3131637760
512 576 1099200 3131637760
512 577 1099129 3131637760
512 578 1099032 3131637760
512 579 1099085 3131637760
512 580 1099034 3131637760
512 581 1099017 3131637760
512 582 1099087 3131637760
512 583 1099048 3131637760
512 584 1099046 3131637760
512 585 1099017 3131637760
512 586 1099161 3131637760
512 587 1099250 3131637760
512 588 1099099 3131637760
512 589 1099122 3131637760
512 590 1099237 3131637760
512 591 1099136 3131637760
512 592 1099105 3131637760
512 593 1098974 3131637760
512 594 1099128 3131637760
512 595 1099161 3131637760
512 596 1099066 3131637760
512 597 1099105 3131637760
512 598 1099134 3131637760
512 599 1099133 3131637760
512 600 1099196 3131637760
512 601 1099040 3131637760
512 602 1099160 3131637760
512 603 1099114 3131637760
512 604 1099129 3131637760
512 605 1099170 3131637760
512 606 1099136 3131637760
512 607 1098974 3131637760
512 608 1099154 3131637760
512 609 1099129 3131637760
512 610 1099081 3131637760
512 611 1099144 3131637760
512 612 1099064 3131637760
512 613 1099070 3131637760
512 614 1099124 3131637760
512 615 1099165 3131637760
512 616 1099182 3131637760
512 617 1099089 3131637760
512 618 1099091 3131637760
512 619 1099117 3131637760
512 620 1099169 3131637760
512 621 1099148 3131637760
512 622 1099132 3131637760
512 623 1099157 3131637760
512 624 1099232 3131637760
512 625 1099150 3131637760
512 626 1099146 3131637760
512 627 1099019 3131637760
512 628 1099051 3131637760
512 629 1099148 3131637760
512 630 1099073 3131637760
512 631 1099053 3131637760
512 632 1099237 3131637760
512 633 1099046 3131637760
512 634 1099221 3131637760
512 635 1099151 3131637760
512 636 1099189 3131637760
512 637 1099096 3131637760
512 638 1099257 3131637760
512 639 1099060 3131637760
512 640 1099126 3131637760
512 641 1099255 3131637760
512 642 1099182 3131637760
512 643 1099164 3131637760
512 644 1099048 3131637760
512 645 1099137 3131637760
512 646 1099103 3131637760
512 647 1099123 3131637760
512 648 1099306 3131637760
512 649 1099075 3131637760
512 650 1099207 3131637760
512 651 1099116 3131637760
512 652 1099175 3131637760
512 653 1099244 3131637760
512 654 1099123 3131637760
512 655 1099237 3131637760
512 656 1099136 3131637760
512 657 1099223 3131637760
512 658 1099060 3131637760
512 659 1099037 3131637760
512 660 1099181 3131637760
512 661 1099033 3131637760
512 662 1099137 3131637760
512 663 1099189 3131637760
512 664 1099117 3131637760
512 665 1099024 3131637760
512 666 1099118 3131637760
512 667 1099172 3131637760
512 668 1099083 3131637760
512 669 1099258 3131637760
512 670 1099079 3131637760
512 671 1099109 3131637760
512 672 1098973 3131637760
512 673 1099088 3131637760
512 674 1099145 3131637760
512 675 1099092 3131637760
512 676 1099017 3131637760
512 677 1099230 3131637760
512 678 1099138 3131637760
512 679 1099179 3131637760
512 680 1099097 3131637760
512 681 1099218 3131637760
512 682 1099124 3131637760
512 683 1099256 3131637760
512 684 1099178 3131637760
512 685 1099199 3131637760
512 686 1099212 3131637760
512 687 1099109 3131637760
512 688 1099119 3131637760
512 689 1099170 3131637760
512 690 1099018 3131637760
512 691 1099210 3131637760
512 692 1099211 3131637760
512 693 1099178 3131637760
512 694 1099037 3131637760
512 695 1099160 3131637760
512 696 1099281 3131637760
512 697 1099163 3131637760
512 698 1099080 3131637760
512 699 1099129 3131637760
512 700 1098964 3131637760
512 701 1099076 3131637760
512 702 1099080 3131637760
512 703 1099126 3131637760
512 704 1099067 3131637760
512 705 1099246 3131637760
512 706 1099107 3131637760
512 707 1099047 3131637760
512 708 1099059 3131637760
512 709 1099152 3131637760
512 710 1099105 3131637760
512 711 1099061 3131637760
512 712 1098976 3131637760
512 713 1099206 3131637760
512 714 1099087 3131637760
512 715 1099175 3131637760
512 716 1099062 3131637760
512 717 1099095 3131637760
512 718 1099109 3131637760
512 719 1099164 3131637760
512 720 1099143 3131637760
512 721 1099122 3131637760
512 722 1099087 3131637760
512 723 1099068 3131637760
512 724 1099256 3131637760
512 725 1099148 3131637760
512 726 1099183 3131637760
512 727 1099182 3131637760
512 728 1099152 3131637760
512 729 1099039 3131637760
512 730 1099156 3131637760
512 731 1099136 3131637760
512 732 1099111 3131637760
512 733 1098926 3131637760
512 734 1099065 3131637760
512 735 1099081 3131637760
512 736 1099180 3131637760
512 737 1098979 3131637760
512 738 1099134 3131637760
512 739 1099148 3131637760
512 740 1099073 3131637760
512 741 1099075 3131637760
512 742 1099164 3131637760
512 743 1099200 3131637760
512 744 1099153 3131637760
512 745 1099081 3131637760
512 746 1099029 3131637760
512 747 1099109 3131637760
512 748 1099150 3131637760
512 749 1099138 3131637760
512 750 1099070 3131637760
512 751 1099090 3131637760
512 752 1099032 3131637760
512 753 1099053 3131637760
512 754 1099016 3131637760
512 755 1099047 3131637760
512 756 1099124 3131637760
512 757 1099158 3131637760
512 758 1099093 3131637760
512 759 1099135 3131637760
512 760 1099049 3131637760
512 761 1099079 3131637760
512 762 1099032 3131637760
512 763 1099182 3131637760
512 764 1099106 3131637760
512 765 1099110 3131637760
512 766 1099142 3131637760
512 767 1099196 3131637760
512 768 1099208 3131637760
512 769 1099136 3131637760
512 770 1099046 3131637760
512 771 1099179 3131637760
512 772 1099029 3131637760
512 773 1099181 3131637760
512 774 1099053 3131637760
512 775 1099173 3131637760
512 776 1099069 3131637760
512 777 1099107 3131637760
512 778 1099110 3131637760
512 779 1099147 3131637760
512 780 1099223 3131637760
512 781 1099150 3131637760
512 782 1099015 3131637760
512 783 1099148 3131637760
512 784 1099100 3131637760
512 785 1099049 3131637760
512 786 1099153 3131637760
512 787 1099140 3131637760
512 788 1099016 3131637760
512 789 1099171 3131637760
512 790 1099126 3131637760
512 791 1099006 3131637760
512 792 1099198 3131637760
512 793 1099163 3131637760
512 794 1099026 3131637760
512 795 1099143 3131637760
512 796 1099200 3131637760
512 797 1099140 3131637760
512 798 1099171 3131637760
512 799 1099083 3131637760
512 800 1099150 3131637760
512 801 1099223 3131637760
512 802 1099141 3131637760
512 803 1099217 3131637760
512 804 1099213 3131637760
512 805 1099096 3131637760
512 806 1099057 3131637760
512 807 1099170 3131637760
512 808 1099125 3131637760
512 809 1099146 3131637760
512 810 1099236 3131637760
512 811 1099197 3131637760
512 812 1099105 3131637760
512 813 1099117 3131637760
512 814 1099161 3131637760
512 815 1099167 3131637760
512 816 1099219 3131637760
512 817 1099246 3131637760
512 818 1099072 3131637760
512 819 1099192 3131637760
512 820 1099038 3131637760
512 821 1099145 3131637760
512 822 1099195 3131637760
512 823 1099165 3131637760
512 824 1099167 3131637760
512 825 1099244 3131637760
512 826 1099143 3131637760
512 827 1099145 3131637760
512 828 1099151 3131637760
512 829 1099144 3131637760
512 830 1099193 3131637760
512 831 1099015 3131637760
512 832 1099091 3131637760
512 833 1099104 3131637760
512 834 1099176 3131637760
512 835 1099106 3131637760
512 836 1099137 3131637760
512 837 1098967 3131637760
512 838 1099168 3131637760
512 839 1099214 3131637760
512 840 1099090 3131637760
512 841 1099089 3131637760
512 842 1099134 3131637760
512 843 1099106 3131637760
512 844 1099084 3131637760
512 845 1099133 3131637760
512 846 1099128 3131637760
512 847 1099030 3131637760
512 848 1099107 3131637760
512 849 1099096 3131637760
512 850 1099261 3131637760
512 851 1099193 3131637760
512 852 1099112 3131637760
512 853 1099337 3131637760
512 854 1099134 3131637760
512 855 1099256 3131637760
512 856 1099166 3131637760
512 857 1099101 3131637760
512 858 1099030 3131637760
512 859 1099061 3131637760
512 860 1099083 3131637760
512 861 1099173 3131637760
512 862 1099097 3131637760
512 863 1099187 3131637760
512 864 1099076 3131637760
512 865 1099073 3131637760
512 866 1099238 3131637760
512 867 1099199 3131637760
512 868 1099072 3131637760
512 869 1099102 3131637760
512 870 1099049 3131637760
512 871 1099128 3131637760
512 872 1099205 3131637760
512 873 1099091 3131637760
512 874 1099121 3131637760
512 875 1099104 3131637760
512 876 1099142 3131637760
512 877 1099198 3131637760
512 878 1099102 3131637760
512 879 1099084 3131637760
512 880 1099124 3131637760
512 881 1099039 3131637760
512 882 1099051 3131637760
512 883 1099182 3131637760
512 884 1099062 3131637760
512 885 1099101 3131637760
512 886 1099063 3131637760
512 887 1099183 3131637760
512 888 1099252 3131637760
512 889 1099112 3131637760
512 890 1099120 3131637760
512 891 1099169 3131637760
512 892 1099150 3131637760
512 893 1099201 3131637760
512 894 1099145 3131637760
512 895 1099233 3131637760
512 896 1099127 3131637760
512 897 1099170 3131637760
512 898 1099126 3131637760
512 899 1099073 3131637760
512 900 1099151 3131637760
512 901 1099261 3131637760
512 902 1099169 3131637760
512 903 1099127 3131637760
512 904 1099098 3131637760
512 905 1099121 3131637760
512 906 1099166 3131637760
512 907 1098961 3131637760
512 908 1099177 3131637760
512 909 1099065 3131637760
512 910 1099051 3131637760
512 911 1099164 3131637760
512 912 1099158 3131637760
512 913 1099203 3131637760
512 914 1099083 3131637760
512 915 1099106 3131637760
512 916 1099199 3131637760
512 917 1099164 3131637760
512 918 1099013 3131637760
512 919 1099197 3131637760
512 920 1099070 3131637760
512 921 1099061 3131637760
512 922 1099186 3131637760
512 923 1099085 3131637760
512 924 1099238 3131637760
512 925 1099192 3131637760
512 926 1099156 3131637760
512 927 1099080 3131637760
512 928 1099130 3131637760
512 929 1099193 3131637760
512 930 1099158 3131637760
512 931 1099120 3131637760
512 932 1099055 3131637760
512 933 1099079 3131637760
512 934 1099148 3131637760
512 935 1099092 3131637760
512 936 1098907 3131637760
512 937 1099053 3131637760
512 938 1099216 3131637760
512 939 1098977 3131637760
512 940 1099058 3131637760
512 941 1099095 3131637760
512 942 1099123 3131637760
512 943 1099078 3131637760
512 944 1099203 3131637760
512 945 1099124 3131637760
512 946 1099082 3131637760
512 947 1099195 3131637760
512 948 1099039 3131637760
512 949 1099186 3131637760
512 950 1099224 3131637760
512 951 1099076 3131637760
512 952 1099081 3131637760
512 953 1099217 3131637760
512 954 1099066 3131637760
512 955 1099202 3131637760
512 956 1099103 3131637760
512 957 1099119 3131637760
512 958 1099026 3131637760
512 959 1099125 3131637760
512 960 1099245 3131637760
512 961 1099203 3131637760
512 962 1099164 3131637760
512 963 1099108 3131637760
512 964 1099251 3131637760
512 965 1099033 3131637760
512 966 1099155 3131637760
512 967 1098972 3131637760
512 968 1099131 3131637760
512 969 1099067 3131637760
512 970 1098969 3131637760
512 971 1099070 3131637760
512 972 1099152 3131637760
512 973 1099049 3131637760
512 974 1099047 3131637760
512 975 1099116 3131637760
512 976 1099154 3131637760
512 977 1099028 3131637760
512 978 1099023 3131637760
512 979 1099045 3131637760
512 980 1099041 3131637760
512 981 1099180 3131637760
512 982 1099155 3131637760
512 983 1099157 3131637760
512 984 1099022 3131637760
512 985 1099024 3131637760
512 986 1099143 3131637760
512 987 1099068 3131637760
512 988 1099188 3131637760
512 989 1099093 3131637760
512 990 1099120 3131637760
512 991 1098992 3131637760
512 992 1099112 3131637760
512 993 1099273 3131637760
512 994 1099125 3131637760
512 995 1099157 3131637760
512 996 1099270 3131637760
512 997 1099288 3131637760
512 998 1099337 3131637760
512 999 1099154 3131637760
