64 0 107591 7513088
64 1 69135 7513088
64 2 69206 7513088
64 3 69207 7513088
64 4 69278 7513088
64 5 69236 7513088
64 6 69545 7513088
64 7 69215 7513088
64 8 69125 7513088
64 9 69409 7513088
64 10 69275 7513088
64 11 69339 7513088
64 12 69343 7513088
64 13 69233 7513088
64 14 69215 7513088
64 15 69402 7513088
64 16 69236 7513088
64 17 69221 7513088
64 18 69275 7513088
64 19 69232 7513088
64 20 69225 7513088
64 21 69122 7513088
64 22 69256 7513088
64 23 69304 7513088
64 24 69168 7513088
64 25 69131 7513088
64 26 69132 7513088
64 27 69362 7513088
64 28 69321 7513088
64 29 69116 7513088
64 30 69140 7513088
64 31 69274 7513088
64 32 69194 7513088
64 33 69595 7513088
64 34 69196 7513088
64 35 69135 7513088
64 36 69323 7513088
64 37 69281 7513088
64 38 69398 7513088
64 39 69143 7513088
64 40 69268 7513088
64 41 69473 7513088
64 42 69279 7513088
64 43 69156 7513088
64 44 69280 7513088
64 45 69119 7513088
64 46 69251 7513088
64 47 69496 7513088
64 48 69130 7513088
64 49 69114 7513088
64 50 69227 7513088
64 51 69278 7513088
64 52 69186 7513088
64 53 69145 7513088
64 54 69299 7513088
64 55 69369 7513088
64 56 69202 7513088
64 57 69327 7513088
64 58 69112 7513088
64 59 69280 7513088
64 60 69276 7513088
64 61 69283 7513088
64 62 69104 7513088
64 63 69227 7513088
64 64 69311 7513088
64 65 69279 7513088
64 66 69243 7513088
64 67 69108 7513088
64 68 69217 7513088
64 69 69174 7513088
64 70 69294 7513088
64 71 69168 7513088
64 72 69104 7513088
64 73 69209 7513088
64 74 69221 7513088
64 75 69163 7513088
64 76 69114 7513088
64 77 69108 7513088
64 78 69207 7513088
64 79 69443 7513088
64 80 69114 7513088
64 81 69201 7513088
64 82 69352 7513088
64 83 69231 7513088
64 84 69391 7513088
64 85 69153 7513088
64 86 69215 7513088
64 87 69252 7513088
64 88 69278 7513088
64 89 69187 7513088
64 90 69173 7513088
64 91 69313 7513088
64 92 69194 7513088
64 93 69315 7513088
64 94 69196 7513088
64 95 69347 7513088
64 96 69104 7513088
64 97 69232 7513088
64 98 69219 7513088
64 99 69151 7513088
64 100 69101 7513088
64 101 69224 7513088
64 102 69338 7513088
64 103 69117 7513088
64 104 69161 7513088
64 105 69125 7513088
64 106 69385 7513088
64 107 69201 7513088
64 108 69316 7513088
64 109 69460 7513088
64 110 69273 7513088
64 111 69262 7513088
64 112 69261 7513088
64 113 69192 7513088
64 114 69277 7513088
64 115 69243 7513088
64 116 69367 7513088
64 117 69331 7513088
64 118 69384 7513088
64 119 69488 7513088
64 120 69245 7513088
64 121 69171 7513088
64 122 69116 7513088
64 123 69272 7513088
64 124 69170 7513088
64 125 69251 7513088
64 126 69101 7513088
64 127 69281 7513088
64 128 69299 7513088
64 129 69298 7513088
64 130 69287 7513088
64 131 69329 7513088
64 132 69281 7513088
64 133 69188 7513088
64 134 69406 7513088
64 135 69429 7513088
64 136 69202 7513088
64 137 69249 7513088
64 138 69155 7513088
64 139 69174 7513088
64 140 69378 7513088
64 141 69337 7513088
64 142 69293 7513088
64 143 69181 7513088
64 144 69192 7513088
64 145 69281 7513088
64 146 69346 7513088
64 147 69129 7513088
64 148 69187 7513088
64 149 69275 7513088
64 150 69273 7513088
64 151 69127 7513088
64 152 69101 7513088
64 153 69129 7513088
64 154 69323 7513088
64 155 69183 7513088
64 156 69125 7513088
64 157 69151 7513088
64 158 69468 7513088
64 159 69189 7513088
64 160 69176 7513088
64 161 69157 7513088
64 162 69314 7513088
64 163 69291 7513088
64 164 69183 7513088
64 165 69176 7513088
64 166 69265 7513088
64 167 69347 7513088
64 168 69330 7513088
64 169 69479 7513088
64 170 69181 7513088
64 171 69233 7513088
64 172 69297 7513088
64 173 69234 7513088
64 174 69126 7513088
64 175 69294 7513088
64 176 69328 7513088
64 177 69293 7513088
64 178 69130 7513088
64 179 69103 7513088
64 180 69204 7513088
64 181 69380 7513088
64 182 69108 7513088
64 183 69175 7513088
64 184 69230 7513088
64 185 69251 7513088
64 186 69210 7513088
64 187 69209 7513088
64 188 69139 7513088
64 189 69233 7513088
64 190 69255 7513088
64 191 69141 7513088
64 192 69372 7513088
64 193 69210 7513088
64 194 69323 7513088
64 195 69435 7513088
64 196 69118 7513088
64 197 69190 7513088
64 198 69224 7513088
64 199 69185 7513088
64 200 69139 7513088
64 201 69103 7513088
64 202 69268 7513088
64 203 69359 7513088
64 204 69345 7513088
64 205 69121 7513088
64 206 69246 7513088
64 207 69436 7513088
64 208 69190 7513088
64 209 69385 7513088
64 210 69127 7513088
64 211 69239 7513088
64 212 69252 7513088
64 213 69342 7513088
64 214 69124 7513088
64 215 69297 7513088
64 216 69241 7513088
64 217 69214 7513088
64 218 69262 7513088
64 219 69310 7513088
64 220 69108 7513088
64 221 69376 7513088
64 222 69121 7513088
64 223 69152 7513088
64 224 69181 7513088
64 225 69276 7513088
64 226 69129 7513088
64 227 69101 7513088
64 228 69143 7513088
64 229 69283 7513088
64 230 69269 7513088
64 231 69259 7513088
64 232 69146 7513088
64 233 69216 7513088
64 234 69207 7513088
64 235 69241 7513088
64 236 69115 7513088
64 237 69230 7513088
64 238 69305 7513088
64 239 69544 7513088
64 240 69102 7513088
64 241 69204 7513088
64 242 69289 7513088
64 243 69243 7513088
64 244 69238 7513088
64 245 69412 7513088
64 246 69118 7513088
64 247 69201 7513088
64 248 69154 7513088
64 249 69169 7513088
64 250 69394 7513088
64 251 69283 7513088
64 252 69308 7513088
64 253 69105 7513088
64 254 69107 7513088
64 255 69500 7513088
64 256 69158 7513088
64 257 69104 7513088
64 258 69165 7513088
64 259 69299 7513088
64 260 69488 7513088
64 261 69322 7513088
64 262 69181 7513088
64 263 69339 7513088
64 264 69282 7513088
64 265 69437 7513088
64 266 69150 7513088
64 267 69179 7513088
64 268 69251 7513088
64 269 69339 7513088
64 270 69304 7513088
64 271 69395 7513088
64 272 69195 7513088
64 273 69235 7513088
64 274 69337 7513088
64 275 69169 7513088
64 276 69100 7513088
64 277 69223 7513088
64 278 69267 7513088
64 279 69116 7513088
64 280 69147 7513088
64 281 69427 7513088
64 282 69340 7513088
64 283 69220 7513088
64 284 69509 7513088
64 285 69139 7513088
64 286 69535 7513088
64 287 69192 7513088
64 288 69172 7513088
64 289 69112 7513088
64 290 69240 7513088
64 291 69298 7513088
64 292 69177 7513088
64 293 69112 7513088
64 294 69297 7513088
64 295 69289 7513088
64 296 69561 7513088
64 297 69257 7513088
64 298 69101 7513088
64 299 69104 7513088
64 300 69378 7513088
64 301 69161 7513088
64 302 69105 7513088
64 303 69314 7513088
64 304 69198 7513088
64 305 69391 7513088
64 306 69294 7513088
64 307 69171 7513088
64 308 69246 7513088
64 309 69519 7513088
64 310 69199 7513088
64 311 69163 7513088
64 312 69304 7513088
64 313 69471 7513088
64 314 69256 7513088
64 315 69164 7513088
64 316 69301 7513088
64 317 69375 7513088
64 318 69302 7513088
64 319 69110 7513088
64 320 69165 7513088
64 321 69129 7513088
64 322 69282 7513088
64 323 69265 7513088
64 324 69107 7513088
64 325 69121 7513088
64 326 69196 7513088
64 327 69207 7513088
64 328 69106 7513088
64 329 69130 7513088
64 330 69351 7513088
64 331 69386 7513088
64 332 69151 7513088
64 333 69230 7513088
64 334 69205 7513088
64 335 69200 7513088
64 336 69285 7513088
64 337 69181 7513088
64 338 69439 7513088
64 339 69378 7513088
64 340 69287 7513088
64 341 69177 7513088
64 342 69126 7513088
64 343 69347 7513088
64 344 69345 7513088
64 345 69303 7513088
64 346 69257 7513088
64 347 69123 7513088
64 348 69274 7513088
64 349 69389 7513088
64 350 69157 7513088
64 351 69157 7513088
64 352 69270 7513088
64 353 69319 7513088
64 354 69149 7513088
64 355 69148 7513088
64 356 69199 7513088
64 357 69369 7513088
64 358 69190 7513088
64 359 69175 7513088
64 360 69112 7513088
64 361 69236 7513088
64 362 69226 7513088
64 363 69439 7513088
64 364 69209 7513088
64 365 69165 7513088
64 366 69224 7513088
64 367 69192 7513088
64 368 69113 7513088
64 369 69252 7513088
64 370 69369 7513088
64 371 69462 7513088
64 372 69153 7513088
64 373 69103 7513088
64 374 69260 7513088
64 375 69195 7513088
64 376 69153 7513088
64 377 69101 7513088
64 378 69240 7513088
64 379 69168 7513088
64 380 69456 7513088
64 381 69186 7513088
64 382 69147 7513088
64 383 69258 7513088
64 384 69221 7513088
64 385 69478 7513088
64 386 69125 7513088
64 387 69375 7513088
64 388 69256 7513088
64 389 69552 7513088
64 390 69208 7513088
64 391 69245 7513088
64 392 69205 7513088
64 393 69323 7513088
64 394 69135 7513088
64 395 69209 7513088
64 396 69102 7513088
64 397 69185 7513088
64 398 69171 7513088
64 399 69102 7513088
64 400 69411 7513088
64 401 69284 7513088
64 402 69167 7513088
64 403 69140 7513088
64 404 69164 7513088
64 405 69282 7513088
64 406 69412 7513088
64 407 69402 7513088
64 408 69118 7513088
64 409 69166 7513088
64 410 69331 7513088
64 411 69397 7513088
64 412 69293 7513088
64 413 69216 7513088
64 414 69269 7513088
64 415 69362 7513088
64 416 69380 7513088
64 417 69159 7513088
64 418 69157 7513088
64 419 69173 7513088
64 420 69359 7513088
64 421 69394 7513088
64 422 69109 7513088
64 423 69196 7513088
64 424 69413 7513088
64 425 69195 7513088
64 426 69227 7513088
64 427 69444 7513088
64 428 69222 7513088
64 429 69124 7513088
64 430 69186 7513088
64 431 69241 7513088
64 432 69230 7513088
64 433 69202 7513088
64 434 69131 7513088
64 435 69209 7513088
64 436 69295 7513088
64 437 69335 7513088
64 438 69433 7513088
64 439 69349 7513088
64 440 69236 7513088
64 441 69242 7513088
64 442 69217 7513088
64 443 69141 7513088
64 444 69389 7513088
64 445 69328 7513088
64 446 69307 7513088
64 447 69272 7513088
64 448 69116 7513088
64 449 69121 7513088
64 450 69338 7513088
64 451 69167 7513088
64 452 69105 7513088
64 453 69253 7513088
64 454 69294 7513088
64 455 69160 7513088
64 456 69279 7513088
64 457 69103 7513088
64 458 69273 7513088
64 459 69338 7513088
64 460 69361 7513088
64 461 69130 7513088
64 462 69355 7513088
64 463 69614 7513088
64 464 69407 7513088
64 465 69200 7513088
64 466 69186 7513088
64 467 69343 7513088
64 468 69329 7513088
64 469 69210 7513088
64 470 69241 7513088
64 471 69226 7513088
64 472 69254 7513088
64 473 69342 7513088
64 474 69116 7513088
64 475 69124 7513088
64 476 69245 7513088
64 477 69332 7513088
64 478 69117 7513088
64 479 69270 7513088
64 480 69129 7513088
64 481 69420 7513088
64 482 69319 7513088
64 483 69124 7513088
64 484 69505 7513088
64 485 69243 7513088
64 486 69233 7513088
64 487 69126 7513088
64 488 69307 7513088
64 489 69442 7513088
64 490 69300 7513088
64 491 69187 7513088
64 492 69115 7513088
64 493 69141 7513088
64 494 69391 7513088
64 495 69142 7513088
64 496 69203 7513088
64 497 69133 7513088
64 498 69255 7513088
64 499 69329 7513088
64 500 69126 7513088
64 501 69185 7513088
64 502 69158 7513088
64 503 69284 7513088
64 504 69126 7513088
64 505 69232 7513088
64 506 69226 7513088
64 507 69194 7513088
64 508 69207 7513088
64 509 69106 7513088
64 510 69455 7513088
64 511 69389 7513088
64 512 69296 7513088
64 513 69411 7513088
64 514 69168 7513088
64 515 69410 7513088
64 516 69262 7513088
64 517 69167 7513088
64 518 69121 7513088
64 519 69162 7513088
64 520 69374 7513088
64 521 69257 7513088
64 522 69134 7513088
64 523 69126 7513088
64 524 69329 7513088
64 525 69486 7513088
64 526 69168 7513088
64 527 69133 7513088
64 528 69242 7513088
64 529 69234 7513088
64 530 69107 7513088
64 531 69188 7513088
64 532 69154 7513088
64 533 69310 7513088
64 534 69316 7513088
64 535 69152 7513088
64 536 69368 7513088
64 537 69349 7513088
64 538 69164 7513088
64 539 69326 7513088
64 540 69118 7513088
64 541 69369 7513088
64 542 69283 7513088
64 543 69164 7513088
64 544 69145 7513088
64 545 69372 7513088
64 546 69209 7513088
64 547 69191 7513088
64 548 69190 7513088
64 549 69101 7513088
64 550 69149 7513088
64 551 69472 7513088
64 552 69152 7513088
64 553 69131 7513088
64 554 69226 7513088
64 555 69223 7513088
64 556 69269 7513088
64 557 69360 7513088
64 558 69111 7513088
64 559 69227 7513088
64 560 69342 7513088
64 561 69276 7513088
64 562 69276 7513088
64 563 69393 7513088
64 564 69331 7513088
64 565 69315 7513088
64 566 69173 7513088
64 567 69378 7513088
64 568 69204 7513088
64 569 69304 7513088
64 570 69113 7513088
64 571 69133 7513088
64 572 69130 7513088
64 573 69352 7513088
64 574 69348 7513088
64 575 69101 7513088
64 576 69146 7513088
64 577 69370 7513088
64 578 69285 7513088
64 579 69101 7513088
64 580 69141 7513088
64 581 69301 7513088
64 582 69461 7513088
64 583 69292 7513088
64 584 69123 7513088
64 585 69242 7513088
64 586 69293 7513088
64 587 69509 7513088
64 588 69533 7513088
64 589 69163 7513088
64 590 69277 7513088
64 591 69324 7513088
64 592 69173 7513088
64 593 69203 7513088
64 594 69199 7513088
64 595 69219 7513088
64 596 69347 7513088
64 597 69266 7513088
64 598 69133 7513088
64 599 69300 7513088
64 600 69250 7513088
64 601 69122 7513088
64 602 69114 7513088
64 603 69226 7513088
64 604 69453 7513088
64 605 69101 7513088
64 606 69175 7513088
64 607 69254 7513088
64 608 69297 7513088
64 609 69271 7513088
64 610 69139 7513088
64 611 69132 7513088
64 612 69208 7513088
64 613 69167 7513088
64 614 69532 7513088
64 615 69276 7513088
64 616 69256 7513088
64 617 69252 7513088
64 618 69260 7513088
64 619 69220 7513088
64 620 69137 7513088
64 621 69280 7513088
64 622 69279 7513088
64 623 69136 7513088
64 624 69101 7513088
64 625 69351 7513088
64 626 69347 7513088
64 627 69130 7513088
64 628 69101 7513088
64 629 69214 7513088
64 630 69311 7513088
64 631 69117 7513088
64 632 69185 7513088
64 633 69128 7513088
64 634 69413 7513088
64 635 69336 7513088
64 636 69276 7513088
64 637 69131 7513088
64 638 69240 7513088
64 639 69326 7513088
64 640 69304 7513088
64 641 69143 7513088
64 642 69216 7513088
64 643 69152 7513088
64 644 69170 7513088
64 645 69141 7513088
64 646 69145 7513088
64 647 69416 7513088
64 648 69230 7513088
64 649 69279 7513088
64 650 69116 7513088
64 651 69144 7513088
64 652 69281 7513088
64 653 69156 7513088
64 654 69105 7513088
64 655 69222 7513088
64 656 69269 7513088
64 657 69367 7513088
64 658 69345 7513088
64 659 69107 7513088
64 660 69184 7513088
64 661 69539 7513088
64 662 69304 7513088
64 663 69138 7513088
64 664 69264 7513088
64 665 69301 7513088
64 666 69278 7513088
64 667 69138 7513088
64 668 69182 7513088
64 669 69109 7513088
64 670 69288 7513088
64 671 69263 7513088
64 672 69132 7513088
64 673 69101 7513088
64 674 69299 7513088
64 675 69488 7513088
64 676 69151 7513088
64 677 69230 7513088
64 678 69258 7513088
64 679 69300 7513088
64 680 69110 7513088
64 681 69164 7513088
64 682 69451 7513088
64 683 69361 7513088
64 684 69190 7513088
64 685 69155 7513088
64 686 69252 7513088
64 687 69593 7513088
64 688 69300 7513088
64 689 69430 7513088
64 690 69278 7513088
64 691 69365 7513088
64 692 69235 7513088
64 693 69655 7513088
64 694 69101 7513088
64 695 69122 7513088
64 696 69191 7513088
64 697 69284 7513088
64 698 69281 7513088
64 699 69101 7513088
64 700 69228 7513088
64 701 69581 7513088
64 702 69184 7513088
64 703 69148 7513088
64 704 69240 7513088
64 705 69269 7513088
64 706 69124 7513088
64 707 69302 7513088
64 708 69239 7513088
64 709 69349 7513088
64 710 69250 7513088
64 711 69133 7513088
64 712 69117 7513088
64 713 69355 7513088
64 714 69248 7513088
64 715 69468 7513088
64 716 69144 7513088
64 717 69234 7513088
64 718 69248 7513088
64 719 69247 7513088
64 720 69101 7513088
64 721 69128 7513088
64 722 69223 7513088
64 723 69220 7513088
64 724 69208 7513088
64 725 69101 7513088
64 726 69178 7513088
64 727 69205 7513088
64 728 69320 7513088
64 729 69123 7513088
64 730 69214 7513088
64 731 69291 7513088
64 732 69381 7513088
64 733 69365 7513088
64 734 69131 7513088
64 735 69239 7513088
64 736 69313 7513088
64 737 69128 7513088
64 738 69123 7513088
64 739 69283 7513088
64 740 69236 7513088
64 741 69294 7513088
64 742 69350 7513088
64 743 69217 7513088
64 744 69459 7513088
64 745 69188 7513088
64 746 69181 7513088
64 747 69127 7513088
64 748 69103 7513088
64 749 69281 7513088
64 750 69437 7513088
64 751 69114 7513088
64 752 69155 7513088
64 753 69387 7513088
64 754 69244 7513088
64 755 69139 7513088
64 756 69367 7513088
64 757 69323 7513088
64 758 69295 7513088
64 759 69242 7513088
64 760 69192 7513088
64 761 69124 7513088
64 762 69225 7513088
64 763 69173 7513088
64 764 69245 7513088
64 765 69211 7513088
64 766 69226 7513088
64 767 69421 7513088
64 768 69331 7513088
64 769 69106 7513088
64 770 69286 7513088
64 771 69344 7513088
64 772 69298 7513088
64 773 69144 7513088
64 774 69101 7513088
64 775 69296 7513088
64 776 69318 7513088
64 777 69404 7513088
64 778 69166 7513088
64 779 69222 7513088
64 780 69271 7513088
64 781 69207 7513088
64 782 69327 7513088
64 783 69286 7513088
64 784 69301 7513088
64 785 69311 7513088
64 786 69304 7513088
64 787 69115 7513088
64 788 69322 7513088
64 789 69284 7513088
64 790 69252 7513088
64 791 69307 7513088
64 792 69352 7513088
64 793 69257 7513088
64 794 69436 7513088
64 795 69140 7513088
64 796 69147 7513088
64 797 69233 7513088
64 798 69176 7513088
64 799 69120 7513088
64 800 69101 7513088
64 801 69136 7513088
64 802 69332 7513088
64 803 69245 7513088
64 804 69120 7513088
64 805 69224 7513088
64 806 69230 7513088
64 807 69309 7513088
64 808 69337 7513088
64 809 69138 7513088
64 810 69183 7513088
64 811 69223 7513088
64 812 69241 7513088
64 813 69247 7513088
64 814 69238 7513088
64 815 69278 7513088
64 816 69301 7513088
64 817 69279 7513088
64 818 69509 7513088
64 819 69239 7513088
64 820 69367 7513088
64 821 69272 7513088
64 822 69190 7513088
64 823 69343 7513088
64 824 69164 7513088
64 825 69367 7513088
64 826 69116 7513088
64 827 69135 7513088
64 828 69372 7513088
64 829 69350 7513088
64 830 69166 7513088
64 831 69168 7513088
64 832 69245 7513088
64 833 69541 7513088
64 834 69280 7513088
64 835 69227 7513088
64 836 69156 7513088
64 837 69345 7513088
64 838 69358 7513088
64 839 69168 7513088
64 840 69242 7513088
64 841 69309 7513088
64 842 69275 7513088
64 843 69416 7513088
64 844 69238 7513088
64 845 69128 7513088
64 846 69361 7513088
64 847 69289 7513088
64 848 69146 7513088
64 849 69128 7513088
64 850 69202 7513088
64 851 69298 7513088
64 852 69347 7513088
64 853 69168 7513088
64 854 69271 7513088
64 855 69385 7513088
64 856 69132 7513088
64 857 69440 7513088
64 858 69345 7513088
64 859 69429 7513088
64 860 69429 7513088
64 861 69262 7513088
64 862 69143 7513088
64 863 69216 7513088
64 864 69399 7513088
64 865 69249 7513088
64 866 69250 7513088
64 867 69230 7513088
64 868 69149 7513088
64 869 70827 7513088
64 870 69155 7513088
64 871 69141 7513088
64 872 69398 7513088
64 873 69339 7513088
64 874 69119 7513088
64 875 69145 7513088
64 876 69121 7513088
64 877 69266 7513088
64 878 69199 7513088
64 879 69173 7513088
64 880 69346 7513088
64 881 69259 7513088
64 882 69207 7513088
64 883 69434 7513088
64 884 69207 7513088
64 885 69399 7513088
64 886 69371 7513088
64 887 69546 7513088
64 888 69132 7513088
64 889 69161 7513088
64 890 69250 7513088
64 891 69174 7513088
64 892 69265 7513088
64 893 69231 7513088
64 894 69146 7513088
64 895 69438 7513088
64 896 69265 7513088
64 897 69155 7513088
64 898 69157 7513088
64 899 69295 7513088
64 900 69196 7513088
64 901 69115 7513088
64 902 69103 7513088
64 903 69270 7513088
64 904 69258 7513088
64 905 69191 7513088
64 906 69243 7513088
64 907 69310 7513088
64 908 69214 7513088
64 909 69290 7513088
64 910 69182 7513088
64 911 69396 7513088
64 912 69380 7513088
64 913 69402 7513088
64 914 69127 7513088
64 915 69223 7513088
64 916 69271 7513088
64 917 69321 7513088
64 918 69281 7513088
64 919 69214 7513088
64 920 69143 7513088
64 921 69378 7513088
64 922 69233 7513088
64 923 69107 7513088
64 924 69101 7513088
64 925 69297 7513088
64 926 69256 7513088
64 927 69114 7513088
64 928 69154 7513088
64 929 69207 7513088
64 930 69277 7513088
64 931 69155 7513088
64 932 70969 7513088
64 933 69373 7513088
64 934 69314 7513088
64 935 69231 7513088
64 936 69278 7513088
64 937 69133 7513088
64 938 69325 7513088
64 939 69338 7513088
64 940 69382 7513088
64 941 69113 7513088
64 942 69189 7513088
64 943 69314 7513088
64 944 69381 7513088
64 945 69151 7513088
64 946 69106 7513088
64 947 69231 7513088
64 948 69334 7513088
64 949 69150 7513088
64 950 69109 7513088
64 951 69255 7513088
64 952 69223 7513088
64 953 69481 7513088
64 954 69153 7513088
64 955 69130 7513088
64 956 69301 7513088
64 957 69320 7513088
64 958 69594 7513088
64 959 69218 7513088
64 960 69203 7513088
64 961 69267 7513088
64 962 69455 7513088
64 963 70490 7513088
64 964 69305 7513088
64 965 69403 7513088
64 966 69166 7513088
64 967 69107 7513088
64 968 69239 7513088
64 969 69200 7513088
64 970 69285 7513088
64 971 69182 7513088
64 972 69125 7513088
64 973 69157 7513088
64 974 69246 7513088
64 975 69223 7513088
64 976 69124 7513088
64 977 69144 7513088
64 978 69372 7513088
64 979 69634 7513088
64 980 69184 7513088
64 981 69124 7513088
64 982 69243 7513088
64 983 69272 7513088
64 984 69415 7513088
64 985 69189 7513088
64 986 69206 7513088
64 987 69238 7513088
64 988 69431 7513088
64 989 69181 7513088
64 990 69205 7513088
64 991 69274 7513088
64 992 69264 7513088
64 993 69313 7513088
64 994 70810 7513088
64 995 69136 7513088
64 996 69194 7513088
64 997 69238 7513088
64 998 69193 7513088
64 999 69231 7513088
