64 0 5404 7513088
64 1 0 7513088
64 2 0 7513088
64 3 0 7513088
64 4 0 7513088
64 5 0 7513088
64 6 0 7513088
64 7 0 7513088
64 8 0 7513088
64 9 0 7513088
64 10 0 7513088
64 11 0 7513088
64 12 0 7513088
64 13 0 7513088
64 14 0 7513088
64 15 0 7513088
64 16 0 7513088
64 17 0 7513088
64 18 0 7513088
64 19 0 7513088
64 20 0 7513088
64 21 0 7513088
64 22 0 7513088
64 23 0 7513088
64 24 0 7513088
64 25 0 7513088
64 26 0 7513088
64 27 0 7513088
64 28 0 7513088
64 29 0 7513088
64 30 0 7513088
64 31 0 7513088
64 32 0 7513088
64 33 0 7513088
64 34 0 7513088
64 35 0 7513088
64 36 0 7513088
64 37 0 7513088
64 38 0 7513088
64 39 0 7513088
64 40 0 7513088
64 41 0 7513088
64 42 0 7513088
64 43 0 7513088
64 44 0 7513088
64 45 0 7513088
64 46 0 7513088
64 47 0 7513088
64 48 0 7513088
64 49 0 7513088
64 50 0 7513088
64 51 0 7513088
64 52 0 7513088
64 53 0 7513088
64 54 0 7513088
64 55 0 7513088
64 56 0 7513088
64 57 0 7513088
64 58 0 7513088
64 59 0 7513088
64 60 0 7513088
64 61 0 7513088
64 62 0 7513088
64 63 0 7513088
64 64 0 7513088
64 65 0 7513088
64 66 0 7513088
64 67 0 7513088
64 68 0 7513088
64 69 0 7513088
64 70 0 7513088
64 71 0 7513088
64 72 0 7513088
64 73 0 7513088
64 74 0 7513088
64 75 0 7513088
64 76 0 7513088
64 77 0 7513088
64 78 0 7513088
64 79 0 7513088
64 80 0 7513088
64 81 0 7513088
64 82 0 7513088
64 83 0 7513088
64 84 0 7513088
64 85 0 7513088
64 86 0 7513088
64 87 0 7513088
64 88 0 7513088
64 89 0 7513088
64 90 0 7513088
64 91 0 7513088
64 92 0 7513088
64 93 0 7513088
64 94 0 7513088
64 95 0 7513088
64 96 0 7513088
64 97 0 7513088
64 98 0 7513088
64 99 0 7513088
64 100 0 7513088
64 101 0 7513088
64 102 0 7513088
64 103 0 7513088
64 104 0 7513088
64 105 0 7513088
64 106 0 7513088
64 107 0 7513088
64 108 0 7513088
64 109 0 7513088
64 110 0 7513088
64 111 0 7513088
64 112 0 7513088
64 113 0 7513088
64 114 0 7513088
64 115 0 7513088
64 116 0 7513088
64 117 0 7513088
64 118 0 7513088
64 119 0 7513088
64 120 0 7513088
64 121 0 7513088
64 122 0 7513088
64 123 0 7513088
64 124 0 7513088
64 125 0 7513088
64 126 0 7513088
64 127 0 7513088
64 128 0 7513088
64 129 0 7513088
64 130 0 7513088
64 131 0 7513088
64 132 0 7513088
64 133 0 7513088
64 134 0 7513088
64 135 0 7513088
64 136 0 7513088
64 137 0 7513088
64 138 0 7513088
64 139 0 7513088
64 140 0 7513088
64 141 0 7513088
64 142 0 7513088
64 143 0 7513088
64 144 0 7513088
64 145 0 7513088
64 146 0 7513088
64 147 0 7513088
64 148 0 7513088
64 149 0 7513088
64 150 0 7513088
64 151 0 7513088
64 152 0 7513088
64 153 0 7513088
64 154 0 7513088
64 155 0 7513088
64 156 0 7513088
64 157 0 7513088
64 158 0 7513088
64 159 0 7513088
64 160 0 7513088
64 161 0 7513088
64 162 0 7513088
64 163 0 7513088
64 164 0 7513088
64 165 0 7513088
64 166 0 7513088
64 167 0 7513088
64 168 0 7513088
64 169 0 7513088
64 170 0 7513088
64 171 0 7513088
64 172 0 7513088
64 173 0 7513088
64 174 0 7513088
64 175 0 7513088
64 176 0 7513088
64 177 0 7513088
64 178 0 7513088
64 179 0 7513088
64 180 0 7513088
64 181 0 7513088
64 182 0 7513088
64 183 0 7513088
64 184 0 7513088
64 185 0 7513088
64 186 0 7513088
64 187 0 7513088
64 188 0 7513088
64 189 3 7513088
64 190 0 7513088
64 191 0 7513088
64 192 0 7513088
64 193 0 7513088
64 194 0 7513088
64 195 0 7513088
64 196 0 7513088
64 197 0 7513088
64 198 0 7513088
64 199 0 7513088
64 200 0 7513088
64 201 0 7513088
64 202 0 7513088
64 203 0 7513088
64 204 0 7513088
64 205 0 7513088
64 206 0 7513088
64 207 0 7513088
64 208 0 7513088
64 209 0 7513088
64 210 0 7513088
64 211 0 7513088
64 212 0 7513088
64 213 0 7513088
64 214 0 7513088
64 215 0 7513088
64 216 0 7513088
64 217 0 7513088
64 218 0 7513088
64 219 0 7513088
64 220 0 7513088
64 221 0 7513088
64 222 0 7513088
64 223 0 7513088
64 224 0 7513088
64 225 0 7513088
64 226 0 7513088
64 227 0 7513088
64 228 3 7513088
64 229 0 7513088
64 230 0 7513088
64 231 0 7513088
64 232 0 7513088
64 233 0 7513088
64 234 0 7513088
64 235 0 7513088
64 236 0 7513088
64 237 0 7513088
64 238 0 7513088
64 239 0 7513088
64 240 0 7513088
64 241 0 7513088
64 242 0 7513088
64 243 0 7513088
64 244 0 7513088
64 245 0 7513088
64 246 0 7513088
64 247 0 7513088
64 248 0 7513088
64 249 0 7513088
64 250 0 7513088
64 251 0 7513088
64 252 0 7513088
64 253 0 7513088
64 254 0 7513088
64 255 0 7513088
64 256 0 7513088
64 257 0 7513088
64 258 0 7513088
64 259 0 7513088
64 260 0 7513088
64 261 0 7513088
64 262 0 7513088
64 263 0 7513088
64 264 0 7513088
64 265 0 7513088
64 266 3 7513088
64 267 0 7513088
64 268 0 7513088
64 269 0 7513088
64 270 0 7513088
64 271 0 7513088
64 272 0 7513088
64 273 0 7513088
64 274 0 7513088
64 275 0 7513088
64 276 0 7513088
64 277 0 7513088
64 278 0 7513088
64 279 0 7513088
64 280 0 7513088
64 281 0 7513088
64 282 0 7513088
64 283 0 7513088
64 284 0 7513088
64 285 0 7513088
64 286 0 7513088
64 287 0 7513088
64 288 0 7513088
64 289 0 7513088
64 290 0 7513088
64 291 0 7513088
64 292 0 7513088
64 293 0 7513088
64 294 0 7513088
64 295 0 7513088
64 296 0 7513088
64 297 0 7513088
64 298 0 7513088
64 299 0 7513088
64 300 0 7513088
64 301 0 7513088
64 302 0 7513088
64 303 0 7513088
64 304 3 7513088
64 305 0 7513088
64 306 0 7513088
64 307 0 7513088
64 308 0 7513088
64 309 0 7513088
64 310 0 7513088
64 311 0 7513088
64 312 0 7513088
64 313 0 7513088
64 314 0 7513088
64 315 0 7513088
64 316 0 7513088
64 317 0 7513088
64 318 0 7513088
64 319 0 7513088
64 320 0 7513088
64 321 0 7513088
64 322 0 7513088
64 323 0 7513088
64 324 0 7513088
64 325 0 7513088
64 326 0 7513088
64 327 0 7513088
64 328 0 7513088
64 329 0 7513088
64 330 0 7513088
64 331 0 7513088
64 332 0 7513088
64 333 0 7513088
64 334 0 7513088
64 335 0 7513088
64 336 0 7513088
64 337 0 7513088
64 338 0 7513088
64 339 0 7513088
64 340 0 7513088
64 341 0 7513088
64 342 3 7513088
64 343 0 7513088
64 344 0 7513088
64 345 0 7513088
64 346 0 7513088
64 347 0 7513088
64 348 0 7513088
64 349 0 7513088
64 350 0 7513088
64 351 0 7513088
64 352 0 7513088
64 353 0 7513088
64 354 0 7513088
64 355 0 7513088
64 356 0 7513088
64 357 0 7513088
64 358 0 7513088
64 359 0 7513088
64 360 0 7513088
64 361 0 7513088
64 362 0 7513088
64 363 0 7513088
64 364 0 7513088
64 365 0 7513088
64 366 0 7513088
64 367 0 7513088
64 368 0 7513088
64 369 0 7513088
64 370 0 7513088
64 371 0 7513088
64 372 0 7513088
64 373 0 7513088
64 374 0 7513088
64 375 0 7513088
64 376 0 7513088
64 377 0 7513088
64 378 0 7513088
64 379 0 7513088
64 380 0 7513088
64 381 0 7513088
64 382 0 7513088
64 383 0 7513088
64 384 0 7513088
64 385 0 7513088
64 386 0 7513088
64 387 0 7513088
64 388 0 7513088
64 389 0 7513088
64 390 0 7513088
64 391 0 7513088
64 392 0 7513088
64 393 0 7513088
64 394 0 7513088
64 395 0 7513088
64 396 0 7513088
64 397 0 7513088
64 398 0 7513088
64 399 0 7513088
64 400 0 7513088
64 401 0 7513088
64 402 0 7513088
64 403 0 7513088
64 404 0 7513088
64 405 0 7513088
64 406 0 7513088
64 407 0 7513088
64 408 0 7513088
64 409 0 7513088
64 410 0 7513088
64 411 0 7513088
64 412 0 7513088
64 413 0 7513088
64 414 0 7513088
64 415 0 7513088
64 416 0 7513088
64 417 0 7513088
64 418 0 7513088
64 419 3 7513088
64 420 0 7513088
64 421 0 7513088
64 422 0 7513088
64 423 0 7513088
64 424 0 7513088
64 425 0 7513088
64 426 0 7513088
64 427 0 7513088
64 428 0 7513088
64 429 0 7513088
64 430 0 7513088
64 431 0 7513088
64 432 0 7513088
64 433 0 7513088
64 434 0 7513088
64 435 0 7513088
64 436 0 7513088
64 437 0 7513088
64 438 0 7513088
64 439 0 7513088
64 440 0 7513088
64 441 0 7513088
64 442 0 7513088
64 443 0 7513088
64 444 0 7513088
64 445 0 7513088
64 446 0 7513088
64 447 0 7513088
64 448 0 7513088
64 449 0 7513088
64 450 0 7513088
64 451 0 7513088
64 452 0 7513088
64 453 0 7513088
64 454 0 7513088
64 455 0 7513088
64 456 0 7513088
64 457 3 7513088
64 458 0 7513088
64 459 0 7513088
64 460 0 7513088
64 461 0 7513088
64 462 0 7513088
64 463 0 7513088
64 464 0 7513088
64 465 0 7513088
64 466 0 7513088
64 467 0 7513088
64 468 0 7513088
64 469 0 7513088
64 470 0 7513088
64 471 0 7513088
64 472 0 7513088
64 473 0 7513088
64 474 0 7513088
64 475 0 7513088
64 476 0 7513088
64 477 0 7513088
64 478 0 7513088
64 479 0 7513088
64 480 0 7513088
64 481 0 7513088
64 482 0 7513088
64 483 0 7513088
64 484 0 7513088
64 485 0 7513088
64 486 0 7513088
64 487 0 7513088
64 488 0 7513088
64 489 0 7513088
64 490 0 7513088
64 491 0 7513088
64 492 0 7513088
64 493 0 7513088
64 494 0 7513088
64 495 3 7513088
64 496 0 7513088
64 497 0 7513088
64 498 0 7513088
64 499 0 7513088
64 500 0 7513088
64 501 0 7513088
64 502 0 7513088
64 503 0 7513088
64 504 0 7513088
64 505 0 7513088
64 506 0 7513088
64 507 0 7513088
64 508 0 7513088
64 509 0 7513088
64 510 0 7513088
64 511 0 7513088
64 512 0 7513088
64 513 0 7513088
64 514 0 7513088
64 515 0 7513088
64 516 0 7513088
64 517 0 7513088
64 518 0 7513088
64 519 0 7513088
64 520 0 7513088
64 521 0 7513088
64 522 0 7513088
64 523 0 7513088
64 524 0 7513088
64 525 0 7513088
64 526 0 7513088
64 527 0 7513088
64 528 0 7513088
64 529 0 7513088
64 530 0 7513088
64 531 0 7513088
64 532 0 7513088
64 533 0 7513088
64 534 0 7513088
64 535 0 7513088
64 536 0 7513088
64 537 0 7513088
64 538 0 7513088
64 539 0 7513088
64 540 0 7513088
64 541 0 7513088
64 542 0 7513088
64 543 0 7513088
64 544 0 7513088
64 545 0 7513088
64 546 0 7513088
64 547 0 7513088
64 548 0 7513088
64 549 0 7513088
64 550 0 7513088
64 551 0 7513088
64 552 0 7513088
64 553 0 7513088
64 554 0 7513088
64 555 0 7513088
64 556 0 7513088
64 557 0 7513088
64 558 0 7513088
64 559 0 7513088
64 560 0 7513088
64 561 0 7513088
64 562 0 7513088
64 563 0 7513088
64 564 0 7513088
64 565 0 7513088
64 566 0 7513088
64 567 0 7513088
64 568 0 7513088
64 569 0 7513088
64 570 0 7513088
64 571 0 7513088
64 572 0 7513088
64 573 0 7513088
64 574 0 7513088
64 575 0 7513088
64 576 0 7513088
64 577 0 7513088
64 578 0 7513088
64 579 0 7513088
64 580 0 7513088
64 581 0 7513088
64 582 0 7513088
64 583 0 7513088
64 584 0 7513088
64 585 0 7513088
64 586 0 7513088
64 587 0 7513088
64 588 0 7513088
64 589 0 7513088
64 590 0 7513088
64 591 0 7513088
64 592 0 7513088
64 593 0 7513088
64 594 0 7513088
64 595 0 7513088
64 596 0 7513088
64 597 0 7513088
64 598 0 7513088
64 599 0 7513088
64 600 0 7513088
64 601 0 7513088
64 602 0 7513088
64 603 0 7513088
64 604 0 7513088
64 605 0 7513088
64 606 0 7513088
64 607 0 7513088
64 608 0 7513088
64 609 0 7513088
64 610 0 7513088
64 611 0 7513088
64 612 0 7513088
64 613 0 7513088
64 614 0 7513088
64 615 0 7513088
64 616 0 7513088
64 617 0 7513088
64 618 0 7513088
64 619 0 7513088
64 620 0 7513088
64 621 0 7513088
64 622 0 7513088
64 623 0 7513088
64 624 0 7513088
64 625 0 7513088
64 626 0 7513088
64 627 0 7513088
64 628 0 7513088
64 629 0 7513088
64 630 0 7513088
64 631 0 7513088
64 632 0 7513088
64 633 0 7513088
64 634 0 7513088
64 635 0 7513088
64 636 0 7513088
64 637 0 7513088
64 638 0 7513088
64 639 0 7513088
64 640 0 7513088
64 641 0 7513088
64 642 0 7513088
64 643 0 7513088
64 644 0 7513088
64 645 0 7513088
64 646 0 7513088
64 647 0 7513088
64 648 0 7513088
64 649 0 7513088
64 650 0 7513088
64 651 0 7513088
64 652 0 7513088
64 653 0 7513088
64 654 0 7513088
64 655 0 7513088
64 656 0 7513088
64 657 0 7513088
64 658 0 7513088
64 659 0 7513088
64 660 0 7513088
64 661 0 7513088
64 662 0 7513088
64 663 0 7513088
64 664 0 7513088
64 665 0 7513088
64 666 0 7513088
64 667 0 7513088
64 668 0 7513088
64 669 0 7513088
64 670 0 7513088
64 671 0 7513088
64 672 0 7513088
64 673 0 7513088
64 674 0 7513088
64 675 0 7513088
64 676 0 7513088
64 677 0 7513088
64 678 0 7513088
64 679 0 7513088
64 680 0 7513088
64 681 0 7513088
64 682 0 7513088
64 683 0 7513088
64 684 0 7513088
64 685 0 7513088
64 686 0 7513088
64 687 0 7513088
64 688 0 7513088
64 689 0 7513088
64 690 0 7513088
64 691 0 7513088
64 692 0 7513088
64 693 0 7513088
64 694 0 7513088
64 695 0 7513088
64 696 0 7513088
64 697 0 7513088
64 698 0 7513088
64 699 0 7513088
64 700 0 7513088
64 701 0 7513088
64 702 0 7513088
64 703 0 7513088
64 704 0 7513088
64 705 0 7513088
64 706 0 7513088
64 707 0 7513088
64 708 0 7513088
64 709 0 7513088
64 710 0 7513088
64 711 0 7513088
64 712 0 7513088
64 713 0 7513088
64 714 0 7513088
64 715 0 7513088
64 716 0 7513088
64 717 0 7513088
64 718 0 7513088
64 719 0 7513088
64 720 0 7513088
64 721 0 7513088
64 722 0 7513088
64 723 0 7513088
64 724 0 7513088
64 725 0 7513088
64 726 0 7513088
64 727 0 7513088
64 728 0 7513088
64 729 0 7513088
64 730 0 7513088
64 731 0 7513088
64 732 0 7513088
64 733 0 7513088
64 734 0 7513088
64 735 0 7513088
64 736 0 7513088
64 737 0 7513088
64 738 0 7513088
64 739 0 7513088
64 740 0 7513088
64 741 0 7513088
64 742 0 7513088
64 743 0 7513088
64 744 0 7513088
64 745 0 7513088
64 746 0 7513088
64 747 0 7513088
64 748 0 7513088
64 749 0 7513088
64 750 0 7513088
64 751 0 7513088
64 752 0 7513088
64 753 0 7513088
64 754 0 7513088
64 755 0 7513088
64 756 0 7513088
64 757 0 7513088
64 758 0 7513088
64 759 0 7513088
64 760 0 7513088
64 761 0 7513088
64 762 0 7513088
64 763 0 7513088
64 764 0 7513088
64 765 0 7513088
64 766 0 7513088
64 767 0 7513088
64 768 0 7513088
64 769 0 7513088
64 770 0 7513088
64 771 0 7513088
64 772 0 7513088
64 773 0 7513088
64 774 0 7513088
64 775 0 7513088
64 776 0 7513088
64 777 0 7513088
64 778 0 7513088
64 779 0 7513088
64 780 0 7513088
64 781 0 7513088
64 782 0 7513088
64 783 0 7513088
64 784 0 7513088
64 785 0 7513088
64 786 0 7513088
64 787 0 7513088
64 788 0 7513088
64 789 0 7513088
64 790 0 7513088
64 791 0 7513088
64 792 0 7513088
64 793 0 7513088
64 794 0 7513088
64 795 0 7513088
64 796 0 7513088
64 797 0 7513088
64 798 0 7513088
64 799 0 7513088
64 800 0 7513088
64 801 0 7513088
64 802 0 7513088
64 803 0 7513088
64 804 0 7513088
64 805 0 7513088
64 806 0 7513088
64 807 0 7513088
64 808 0 7513088
64 809 0 7513088
64 810 0 7513088
64 811 0 7513088
64 812 0 7513088
64 813 0 7513088
64 814 0 7513088
64 815 0 7513088
64 816 0 7513088
64 817 0 7513088
64 818 0 7513088
64 819 0 7513088
64 820 0 7513088
64 821 0 7513088
64 822 0 7513088
64 823 0 7513088
64 824 0 7513088
64 825 0 7513088
64 826 0 7513088
64 827 0 7513088
64 828 0 7513088
64 829 0 7513088
64 830 0 7513088
64 831 0 7513088
64 832 0 7513088
64 833 0 7513088
64 834 0 7513088
64 835 0 7513088
64 836 0 7513088
64 837 0 7513088
64 838 0 7513088
64 839 0 7513088
64 840 0 7513088
64 841 0 7513088
64 842 0 7513088
64 843 0 7513088
64 844 0 7513088
64 845 0 7513088
64 846 0 7513088
64 847 0 7513088
64 848 0 7513088
64 849 0 7513088
64 850 0 7513088
64 851 0 7513088
64 852 0 7513088
64 853 0 7513088
64 854 0 7513088
64 855 0 7513088
64 856 0 7513088
64 857 0 7513088
64 858 0 7513088
64 859 0 7513088
64 860 0 7513088
64 861 0 7513088
64 862 0 7513088
64 863 0 7513088
64 864 0 7513088
64 865 0 7513088
64 866 0 7513088
64 867 0 7513088
64 868 0 7513088
64 869 0 7513088
64 870 0 7513088
64 871 0 7513088
64 872 0 7513088
64 873 0 7513088
64 874 0 7513088
64 875 0 7513088
64 876 0 7513088
64 877 0 7513088
64 878 0 7513088
64 879 0 7513088
64 880 0 7513088
64 881 0 7513088
64 882 0 7513088
64 883 0 7513088
64 884 0 7513088
64 885 0 7513088
64 886 0 7513088
64 887 0 7513088
64 888 0 7513088
64 889 0 7513088
64 890 0 7513088
64 891 0 7513088
64 892 0 7513088
64 893 0 7513088
64 894 0 7513088
64 895 0 7513088
64 896 0 7513088
64 897 0 7513088
64 898 0 7513088
64 899 0 7513088
64 900 0 7513088
64 901 0 7513088
64 902 0 7513088
64 903 0 7513088
64 904 0 7513088
64 905 0 7513088
64 906 0 7513088
64 907 0 7513088
64 908 0 7513088
64 909 0 7513088
64 910 0 7513088
64 911 0 7513088
64 912 0 7513088
64 913 0 7513088
64 914 0 7513088
64 915 0 7513088
64 916 0 7513088
64 917 0 7513088
64 918 0 7513088
64 919 0 7513088
64 920 0 7513088
64 921 0 7513088
64 922 0 7513088
64 923 0 7513088
64 924 0 7513088
64 925 0 7513088
64 926 0 7513088
64 927 0 7513088
64 928 0 7513088
64 929 0 7513088
64 930 0 7513088
64 931 0 7513088
64 932 0 7513088
64 933 0 7513088
64 934 0 7513088
64 935 0 7513088
64 936 0 7513088
64 937 0 7513088
64 938 0 7513088
64 939 0 7513088
64 940 0 7513088
64 941 0 7513088
64 942 0 7513088
64 943 0 7513088
64 944 0 7513088
64 945 0 7513088
64 946 0 7513088
64 947 0 7513088
64 948 0 7513088
64 949 0 7513088
64 950 0 7513088
64 951 0 7513088
64 952 0 7513088
64 953 0 7513088
64 954 0 7513088
64 955 0 7513088
64 956 0 7513088
64 957 0 7513088
64 958 0 7513088
64 959 0 7513088
64 960 0 7513088
64 961 0 7513088
64 962 0 7513088
64 963 0 7513088
64 964 0 7513088
64 965 0 7513088
64 966 0 7513088
64 967 0 7513088
64 968 0 7513088
64 969 0 7513088
64 970 0 7513088
64 971 0 7513088
64 972 0 7513088
64 973 0 7513088
64 974 0 7513088
64 975 0 7513088
64 976 0 7513088
64 977 0 7513088
64 978 0 7513088
64 979 0 7513088
64 980 0 7513088
64 981 0 7513088
64 982 0 7513088
64 983 0 7513088
64 984 0 7513088
64 985 0 7513088
64 986 0 7513088
64 987 0 7513088
64 988 0 7513088
64 989 0 7513088
64 990 0 7513088
64 991 0 7513088
64 992 0 7513088
64 993 0 7513088
64 994 0 7513088
64 995 0 7513088
64 996 0 7513088
64 997 0 7513088
64 998 0 7513088
64 999 0 7513088
