512 0 3162088 3131637760
512 1 3162322 3131637760
512 2 3162337 3131637760
512 3 3162738 3131637760
512 4 3163239 3131637760
512 5 3162214 3131637760
512 6 3161334 3131637760
512 7 3161888 3131637760
512 8 3161196 3131637760
512 9 3162136 3131637760
512 10 3162346 3131637760
512 11 3162964 3131637760
512 12 3161575 3131637760
512 13 3161425 3131637760
512 14 3162523 3131637760
512 15 3163140 3131637760
512 16 3162137 3131637760
512 17 3161688 3131637760
512 18 3161741 3131637760
512 19 3162346 3131637760
512 20 3161250 3131637760
512 21 3161930 3131637760
512 22 3162012 3131637760
512 23 3162372 3131637760
512 24 3162726 3131637760
512 25 3162704 3131637760
512 26 3162656 3131637760
512 27 3162021 3131637760
512 28 3163415 3131637760
512 29 3162506 3131637760
512 30 3161932 3131637760
512 31 3161976 3131637760
512 32 3162837 3131637760
512 33 3161929 3131637760
512 34 3161907 3131637760
512 35 3161775 3131637760
512 36 3161824 3131637760
512 37 3161878 3131637760
512 38 3162211 3131637760
512 39 3161730 3131637760
512 40 3162094 3131637760
512 41 3162412 3131637760
512 42 3161346 3131637760
512 43 3162147 3131637760
512 44 3162352 3131637760
512 45 3161493 3131637760
512 46 3163084 3131637760
512 47 3161486 3131637760
512 48 3161752 3131637760
512 49 3161244 3131637760
512 50 3162220 3131637760
512 51 3162077 3131637760
512 52 3161323 3131637760
512 53 3162734 3131637760
512 54 3161998 3131637760
512 55 3162092 3131637760
512 56 3162745 3131637760
512 57 3161218 3131637760
512 58 3161877 3131637760
512 59 3161442 3131637760
512 60 3162145 3131637760
512 61 3161694 3131637760
512 62 3161788 3131637760
512 63 3161905 3131637760
512 64 3162047 3131637760
512 65 3163739 3131637760
512 66 3161903 3131637760
512 67 3161432 3131637760
512 68 3162320 3131637760
512 69 3161262 3131637760
512 70 3162235 3131637760
512 71 3162358 3131637760
512 72 3162680 3131637760
512 73 3162805 3131637760
512 74 3162654 3131637760
512 75 3161157 3131637760
512 76 3161240 3131637760
512 77 3161652 3131637760
512 78 3162041 3131637760
512 79 3161838 3131637760
512 80 3162416 3131637760
512 81 3161206 3131637760
512 82 3162187 3131637760
512 83 3162269 3131637760
512 84 3161241 3131637760
512 85 3161826 3131637760
512 86 3162271 3131637760
512 87 3162113 3131637760
512 88 3162272 3131637760
512 89 3162270 3131637760
512 90 3161454 3131637760
512 91 3162477 3131637760
512 92 3160180 3131637760
512 93 3161616 3131637760
512 94 3161713 3131637760
512 95 3162585 3131637760
512 96 3161444 3131637760
512 97 3161958 3131637760
512 98 3162021 3131637760
512 99 3161865 3131637760
512 100 3162085 3131637760
512 101 3163083 3131637760
512 102 3162545 3131637760
512 103 3162733 3131637760
512 104 3162425 3131637760
512 105 3161786 3131637760
512 106 3162199 3131637760
512 107 3162075 3131637760
512 108 3162719 3131637760
512 109 3161731 3131637760
512 110 3162759 3131637760
512 111 3162409 3131637760
512 112 3161985 3131637760
512 113 3162944 3131637760
512 114 3162285 3131637760
512 115 3161330 3131637760
512 116 3162035 3131637760
512 117 3161980 3131637760
512 118 3161553 3131637760
512 119 3161770 3131637760
512 120 3162640 3131637760
512 121 3162463 3131637760
512 122 3162178 3131637760
512 123 3162231 3131637760
512 124 3161532 3131637760
512 125 3162964 3131637760
512 126 3162073 3131637760
512 127 3162078 3131637760
512 128 3161370 3131637760
512 129 3162257 3131637760
512 130 3161906 3131637760
512 131 3161304 3131637760
512 132 3162369 3131637760
512 133 3161850 3131637760
512 134 3162324 3131637760
512 135 3161954 3131637760
512 136 3162021 3131637760
512 137 3161904 3131637760
512 138 3162571 3131637760
512 139 3162286 3131637760
512 140 3161749 3131637760
512 141 3160879 3131637760
512 142 3161377 3131637760
512 143 3161614 3131637760
512 144 3161534 3131637760
512 145 3162534 3131637760
512 146 3161894 3131637760
512 147 3161937 3131637760
512 148 3161736 3131637760
512 149 3161636 3131637760
512 150 3161991 3131637760
512 151 3161561 3131637760
512 152 3162381 3131637760
512 153 3161731 3131637760
512 154 3161438 3131637760
512 155 3162177 3131637760
512 156 3161976 3131637760
512 157 3162456 3131637760
512 158 3162422 3131637760
512 159 3162020 3131637760
512 160 3161376 3131637760
512 161 3160661 3131637760
512 162 3161429 3131637760
512 163 3161575 3131637760
512 164 3163247 3131637760
512 165 3162045 3131637760
512 166 3163113 3131637760
512 167 3163007 3131637760
512 168 3161431 3131637760
512 169 3162357 3131637760
512 170 3161542 3131637760
512 171 3162407 3131637760
512 172 3161716 3131637760
512 173 3161977 3131637760
512 174 3162029 3131637760
512 175 3162055 3131637760
512 176 3162731 3131637760
512 177 3162124 3131637760
512 178 3162189 3131637760
512 179 3162498 3131637760
512 180 3163196 3131637760
512 181 3162820 3131637760
512 182 3163044 3131637760
512 183 3161323 3131637760
512 184 3161744 3131637760
512 185 3162533 3131637760
512 186 3162447 3131637760
512 187 3162370 3131637760
512 188 3161957 3131637760
512 189 3161901 3131637760
512 190 3161348 3131637760
512 191 3162633 3131637760
512 192 3161237 3131637760
512 193 3163138 3131637760
512 194 3161462 3131637760
512 195 3162512 3131637760
512 196 3161391 3131637760
512 197 3162389 3131637760
512 198 3161781 3131637760
512 199 3162822 3131637760
512 200 3162215 3131637760
512 201 3163159 3131637760
512 202 3161427 3131637760
512 203 3161533 3131637760
512 204 3161696 3131637760
512 205 3162191 3131637760
512 206 3162758 3131637760
512 207 3161702 3131637760
512 208 3162375 3131637760
512 209 3162215 3131637760
512 210 3162087 3131637760
512 211 3162036 3131637760
512 212 3162602 3131637760
512 213 3162404 3131637760
512 214 3162428 3131637760
512 215 3161649 3131637760
512 216 3161958 3131637760
512 217 3163147 3131637760
512 218 3161748 3131637760
512 219 3162885 3131637760
512 220 3162203 3131637760
512 221 3161939 3131637760
512 222 3162151 3131637760
512 223 3161701 3131637760
512 224 3162031 3131637760
512 225 3161852 3131637760
512 226 3161560 3131637760
512 227 3162988 3131637760
512 228 3161936 3131637760
512 229 3162712 3131637760
512 230 3162688 3131637760
512 231 3162671 3131637760
512 232 3161265 3131637760
512 233 3162212 3131637760
512 234 3163365 3131637760
512 235 3161476 3131637760
512 236 3161115 3131637760
512 237 3161821 3131637760
512 238 3163107 3131637760
512 239 3161286 3131637760
512 240 3162044 3131637760
512 241 3162783 3131637760
512 242 3162724 3131637760
512 243 3162572 3131637760
512 244 3162784 3131637760
512 245 3162068 3131637760
512 246 3161450 3131637760
512 247 3162051 3131637760
512 248 3161623 3131637760
512 249 3162414 3131637760
512 250 3162232 3131637760
512 251 3162782 3131637760
512 252 3162638 3131637760
512 253 3161993 3131637760
512 254 3161950 3131637760
512 255 3162262 3131637760
512 256 3162666 3131637760
512 257 3162370 3131637760
512 258 3162361 3131637760
512 259 3162242 3131637760
512 260 3160892 3131637760
512 261 3162349 3131637760
512 262 3162002 3131637760
512 263 3161684 3131637760
512 264 3162085 3131637760
512 265 3161909 3131637760
512 266 3161739 3131637760
512 267 3162264 3131637760
512 268 3161672 3131637760
512 269 3162611 3131637760
512 270 3161738 3131637760
512 271 3161664 3131637760
512 272 3161392 3131637760
512 273 3160827 3131637760
512 274 3161489 3131637760
512 275 3162145 3131637760
512 276 3161755 3131637760
512 277 3162753 3131637760
512 278 3162413 3131637760
512 279 3162767 3131637760
512 280 3162411 3131637760
512 281 3161559 3131637760
512 282 3161621 3131637760
512 283 3162979 3131637760
512 284 3162887 3131637760
512 285 3162931 3131637760
512 286 3162101 3131637760
512 287 3162178 3131637760
512 288 3161870 3131637760
512 289 3161671 3131637760
512 290 3161787 3131637760
512 291 3162666 3131637760
512 292 3162436 3131637760
512 293 3161942 3131637760
512 294 3162245 3131637760
512 295 3161868 3131637760
512 296 3161764 3131637760
512 297 3161912 3131637760
512 298 3161410 3131637760
512 299 3162549 3131637760
512 300 3162532 3131637760
512 301 3161928 3131637760
512 302 3161768 3131637760
512 303 3162009 3131637760
512 304 3162907 3131637760
512 305 3161513 3131637760
512 306 3162877 3131637760
512 307 3161555 3131637760
512 308 3162451 3131637760
512 309 3162092 3131637760
512 310 3163493 3131637760
512 311 3162103 3131637760
512 312 3161870 3131637760
512 313 3162760 3131637760
512 314 3161956 3131637760
512 315 3161872 3131637760
512 316 3162188 3131637760
512 317 3161919 3131637760
512 318 3161249 3131637760
512 319 3162544 3131637760
512 320 3162659 3131637760
512 321 3162599 3131637760
512 322 3162323 3131637760
512 323 3162803 3131637760
512 324 3160847 3131637760
512 325 3161335 3131637760
512 326 3163057 3131637760
512 327 3162568 3131637760
512 328 3161886 3131637760
512 329 3162633 3131637760
512 330 3161058 3131637760
512 331 3162297 3131637760
512 332 3162368 3131637760
512 333 3162945 3131637760
512 334 3162784 3131637760
512 335 3162545 3131637760
512 336 3161600 3131637760
512 337 3161949 3131637760
512 338 3161265 3131637760
512 339 3162133 3131637760
512 340 3163110 3131637760
512 341 3161427 3131637760
512 342 3162647 3131637760
512 343 3162257 3131637760
512 344 3162301 3131637760
512 345 3162483 3131637760
512 346 3161692 3131637760
512 347 3162036 3131637760
512 348 3161868 3131637760
512 349 3161983 3131637760
512 350 3162501 3131637760
512 351 3161788 3131637760
512 352 3162574 3131637760
512 353 3161241 3131637760
512 354 3161587 3131637760
512 355 3162633 3131637760
512 356 3161909 3131637760
512 357 3163689 3131637760
512 358 3162224 3131637760
512 359 3162214 3131637760
512 360 3161184 3131637760
512 361 3161572 3131637760
512 362 3161933 3131637760
512 363 3162167 3131637760
512 364 3161844 3131637760
512 365 3163234 3131637760
512 366 3162781 3131637760
512 367 3161515 3131637760
512 368 3163023 3131637760
512 369 3161746 3131637760
512 370 3162748 3131637760
512 371 3162535 3131637760
512 372 3161630 3131637760
512 373 3162613 3131637760
512 374 3161804 3131637760
512 375 3162575 3131637760
512 376 3161886 3131637760
512 377 3162035 3131637760
512 378 3162414 3131637760
512 379 3161893 3131637760
512 380 3161225 3131637760
512 381 3161037 3131637760
512 382 3161974 3131637760
512 383 3162437 3131637760
512 384 3161789 3131637760
512 385 3161196 3131637760
512 386 3161720 3131637760
512 387 3162751 3131637760
512 388 3162078 3131637760
512 389 3161107 3131637760
512 390 3162287 3131637760
512 391 3161208 3131637760
512 392 3161291 3131637760
512 393 3161857 3131637760
512 394 3161865 3131637760
512 395 3162594 3131637760
512 396 3162249 3131637760
512 397 3161776 3131637760
512 398 3162086 3131637760
512 399 3162203 3131637760
512 400 3161379 3131637760
512 401 3161425 3131637760
512 402 3161571 3131637760
512 403 3162347 3131637760
512 404 3162119 3131637760
512 405 3162410 3131637760
512 406 3162181 3131637760
512 407 3162864 3131637760
512 408 3162527 3131637760
512 409 3161823 3131637760
512 410 3161171 3131637760
512 411 3162554 3131637760
512 412 3162892 3131637760
512 413 3161647 3131637760
512 414 3162446 3131637760
512 415 3161399 3131637760
512 416 3161109 3131637760
512 417 3162453 3131637760
512 418 3161870 3131637760
512 419 3161692 3131637760
512 420 3161447 3131637760
512 421 3162244 3131637760
512 422 3161971 3131637760
512 423 3161391 3131637760
512 424 3161017 3131637760
512 425 3162219 3131637760
512 426 3162425 3131637760
512 427 3162790 3131637760
512 428 3161842 3131637760
512 429 3161859 3131637760
512 430 3162103 3131637760
512 431 3162205 3131637760
512 432 3162039 3131637760
512 433 3162068 3131637760
512 434 3161962 3131637760
512 435 3162488 3131637760
512 436 3161091 3131637760
512 437 3162539 3131637760
512 438 3161744 3131637760
512 439 3161158 3131637760
512 440 3162284 3131637760
512 441 3162010 3131637760
512 442 3162340 3131637760
512 443 3162831 3131637760
512 444 3162390 3131637760
512 445 3161959 3131637760
512 446 3161879 3131637760
512 447 3162804 3131637760
512 448 3162340 3131637760
512 449 3162763 3131637760
512 450 3162065 3131637760
512 451 3161653 3131637760
512 452 3162361 3131637760
512 453 3161468 3131637760
512 454 3161664 3131637760
512 455 3161217 3131637760
512 456 3162312 3131637760
512 457 3162712 3131637760
512 458 3162430 3131637760
512 459 3161157 3131637760
512 460 3162661 3131637760
512 461 3161435 3131637760
512 462 3162498 3131637760
512 463 3162982 3131637760
512 464 3162804 3131637760
512 465 3161645 3131637760
512 466 3162387 3131637760
512 467 3162465 3131637760
512 468 3162055 3131637760
512 469 3162032 3131637760
512 470 3162105 3131637760
512 471 3162301 3131637760
512 472 3161668 3131637760
512 473 3162198 3131637760
512 474 3161893 3131637760
512 475 3161728 3131637760
512 476 3161431 3131637760
512 477 3162761 3131637760
512 478 3162352 3131637760
512 479 3162120 3131637760
512 480 3162708 3131637760
512 481 3162078 3131637760
512 482 3162286 3131637760
512 483 3161833 3131637760
512 484 3161521 3131637760
512 485 3162106 3131637760
512 486 3162711 3131637760
512 487 3162588 3131637760
512 488 3162118 3131637760
512 489 3162137 3131637760
512 490 3162071 3131637760
512 491 3162983 3131637760
512 492 3161772 3131637760
512 493 3162860 3131637760
512 494 3162059 3131637760
512 495 3162392 3131637760
512 496 3160965 3131637760
512 497 3161713 3131637760
512 498 3162831 3131637760
512 499 3162201 3131637760
512 500 3162173 3131637760
512 501 3160892 3131637760
512 502 3161493 3131637760
512 503 3161591 3131637760
512 504 3160653 3131637760
512 505 3162561 3131637760
512 506 3161856 3131637760
512 507 3162179 3131637760
512 508 3161691 3131637760
512 509 3162537 3131637760
512 510 3162537 3131637760
512 511 3161250 3131637760
512 512 3161682 3131637760
512 513 3162221 3131637760
512 514 3161843 3131637760
512 515 3161252 3131637760
512 516 3161896 3131637760
512 517 3162714 3131637760
512 518 3161281 3131637760
512 519 3161266 3131637760
512 520 3162057 3131637760
512 521 3162536 3131637760
512 522 3162339 3131637760
512 523 3161624 3131637760
512 524 3161514 3131637760
512 525 3162456 3131637760
512 526 3162026 3131637760
512 527 3161864 3131637760
512 528 3162974 3131637760
512 529 3161901 3131637760
512 530 3162366 3131637760
512 531 3162120 3131637760
512 532 3162848 3131637760
512 533 3161907 3131637760
512 534 3162751 3131637760
512 535 3162716 3131637760
512 536 3162503 3131637760
512 537 3161856 3131637760
512 538 3161648 3131637760
512 539 3161740 3131637760
512 540 3161451 3131637760
512 541 3162306 3131637760
512 542 3162220 3131637760
512 543 3161705 3131637760
512 544 3161852 3131637760
512 545 3161544 3131637760
512 546 3162111 3131637760
512 547 3162029 3131637760
512 548 3162017 3131637760
512 549 3162227 3131637760
512 550 3162203 3131637760
512 551 3160472 3131637760
512 552 3161637 3131637760
512 553 3162035 3131637760
512 554 3161137 3131637760
512 555 3163152 3131637760
512 556 3162021 3131637760
512 557 3162423 3131637760
512 558 3161136 3131637760
512 559 3162035 3131637760
512 560 3161834 3131637760
512 561 3162211 3131637760
512 562 3163362 3131637760
512 563 3161354 3131637760
512 564 3161494 3131637760
512 565 3162826 3131637760
512 566 3161753 3131637760
512 567 3160961 3131637760
512 568 3161464 3131637760
512 569 3162157 3131637760
512 570 3162391 3131637760
512 571 3162262 3131637760
512 572 3161456 3131637760
512 573 3162330 3131637760
512 574 3162861 3131637760
512 575 3162498 3131637760
512 576 3163102 3131637760
512 577 3162585 3131637760
512 578 3162098 3131637760
512 579 3162386 3131637760
512 580 3162064 3131637760
512 581 3161699 3131637760
512 582 3161489 3131637760
512 583 3162638 3131637760
512 584 3162108 3131637760
512 585 3162619 3131637760
512 586 3161808 3131637760
512 587 3162159 3131637760
512 588 3162123 3131637760
512 589 3161526 3131637760
512 590 3162678 3131637760
512 591 3162432 3131637760
512 592 3161410 3131637760
512 593 3162544 3131637760
512 594 3162724 3131637760
512 595 3161026 3131637760
512 596 3162044 3131637760
512 597 3162245 3131637760
512 598 3162111 3131637760
512 599 3161040 3131637760
512 600 3162585 3131637760
512 601 3162481 3131637760
512 602 3161767 3131637760
512 603 3161376 3131637760
512 604 3162587 3131637760
512 605 3162075 3131637760
512 606 3162590 3131637760
512 607 3161943 3131637760
512 608 3161651 3131637760
512 609 3162116 3131637760
512 610 3162078 3131637760
512 611 3162013 3131637760
512 612 3161595 3131637760
512 613 3162004 3131637760
512 614 3161539 3131637760
512 615 3162182 3131637760
512 616 3160936 3131637760
512 617 3162529 3131637760
512 618 3161406 3131637760
512 619 3162040 3131637760
512 620 3161077 3131637760
512 621 3162057 3131637760
512 622 3161797 3131637760
512 623 3162138 3131637760
512 624 3163436 3131637760
512 625 3162054 3131637760
512 626 3162427 3131637760
512 627 3162266 3131637760
512 628 3160707 3131637760
512 629 3162173 3131637760
512 630 3162170 3131637760
512 631 3162555 3131637760
512 632 3163191 3131637760
512 633 3161914 3131637760
512 634 3163341 3131637760
512 635 3162161 3131637760
512 636 3161852 3131637760
512 637 3161116 3131637760
512 638 3162411 3131637760
512 639 3162354 3131637760
512 640 3161266 3131637760
512 641 3162262 3131637760
512 642 3161973 3131637760
512 643 3162030 3131637760
512 644 3161819 3131637760
512 645 3162076 3131637760
512 646 3162328 3131637760
512 647 3162528 3131637760
512 648 3163403 3131637760
512 649 3161414 3131637760
512 650 3162569 3131637760
512 651 3161785 3131637760
512 652 3162494 3131637760
512 653 3162517 3131637760
512 654 3162160 3131637760
512 655 3162483 3131637760
512 656 3161801 3131637760
512 657 3161356 3131637760
512 658 3163004 3131637760
512 659 3162504 3131637760
512 660 3161873 3131637760
512 661 3161438 3131637760
512 662 3162745 3131637760
512 663 3163407 3131637760
512 664 3160830 3131637760
512 665 3162808 3131637760
512 666 3162073 3131637760
512 667 3162865 3131637760
512 668 3162090 3131637760
512 669 3161541 3131637760
512 670 3160841 3131637760
512 671 3162219 3131637760
512 672 3162086 3131637760
512 673 3161899 3131637760
512 674 3161795 3131637760
512 675 3162398 3131637760
512 676 3162161 3131637760
512 677 3160921 3131637760
512 678 3162141 3131637760
512 679 3162842 3131637760
512 680 3161765 3131637760
512 681 3161340 3131637760
512 682 3162484 3131637760
512 683 3161043 3131637760
512 684 3161874 3131637760
512 685 3162198 3131637760
512 686 3162180 3131637760
512 687 3161606 3131637760
512 688 3160891 3131637760
512 689 3162087 3131637760
512 690 3161838 3131637760
512 691 3162263 3131637760
512 692 3162404 3131637760
512 693 3163025 3131637760
512 694 3161944 3131637760
512 695 3162413 3131637760
512 696 3162160 3131637760
512 697 3161915 3131637760
512 698 3162815 3131637760
512 699 3161311 3131637760
512 700 3160603 3131637760
512 701 3163126 3131637760
512 702 3162441 3131637760
512 703 3161700 3131637760
512 704 3161844 3131637760
512 705 3162365 3131637760
512 706 3161663 3131637760
512 707 3162035 3131637760
512 708 3162352 3131637760
512 709 3162297 3131637760
512 710 3161955 3131637760
512 711 3162020 3131637760
512 712 3161815 3131637760
512 713 3162056 3131637760
512 714 3163582 3131637760
512 715 3163538 3131637760
512 716 3162466 3131637760
512 717 3161295 3131637760
512 718 3161504 3131637760
512 719 3162399 3131637760
512 720 3162080 3131637760
512 721 3161833 3131637760
512 722 3161778 3131637760
512 723 3161154 3131637760
512 724 3161832 3131637760
512 725 3162711 3131637760
512 726 3163344 3131637760
512 727 3162834 3131637760
512 728 3162124 3131637760
512 729 3162036 3131637760
512 730 3162611 3131637760
512 731 3161610 3131637760
512 732 3162526 3131637760
512 733 3162190 3131637760
512 734 3162285 3131637760
512 735 3162415 3131637760
512 736 3162185 3131637760
512 737 3161994 3131637760
512 738 3162310 3131637760
512 739 3160742 3131637760
512 740 3161898 3131637760
512 741 3161595 3131637760
512 742 3161725 3131637760
512 743 3162046 3131637760
512 744 3161472 3131637760
512 745 3162295 3131637760
512 746 3162175 3131637760
512 747 3161772 3131637760
512 748 3161681 3131637760
512 749 3162053 3131637760
512 750 3161604 3131637760
512 751 3161825 3131637760
512 752 3162302 3131637760
512 753 3161951 3131637760
512 754 3163395 3131637760
512 755 3161976 3131637760
512 756 3161434 3131637760
512 757 3162205 3131637760
512 758 3161876 3131637760
512 759 3161713 3131637760
512 760 3161921 3131637760
512 761 3161878 3131637760
512 762 3161448 3131637760
512 763 3162377 3131637760
512 764 3161680 3131637760
512 765 3162580 3131637760
512 766 3161918 3131637760
512 767 3161200 3131637760
512 768 3161833 3131637760
512 769 3162063 3131637760
512 770 3162565 3131637760
512 771 3162211 3131637760
512 772 3161874 3131637760
512 773 3161646 3131637760
512 774 3162357 3131637760
512 775 3162012 3131637760
512 776 3162198 3131637760
512 777 3162439 3131637760
512 778 3162703 3131637760
512 779 3162088 3131637760
512 780 3162642 3131637760
512 781 3161765 3131637760
512 782 3161688 3131637760
512 783 3162993 3131637760
512 784 3161982 3131637760
512 785 3161616 3131637760
512 786 3161825 3131637760
512 787 3163134 3131637760
512 788 3162341 3131637760
512 789 3161820 3131637760
512 790 3160936 3131637760
512 791 3161946 3131637760
512 792 3161191 3131637760
512 793 3161194 3131637760
512 794 3162071 3131637760
512 795 3162370 3131637760
512 796 3161682 3131637760
512 797 3161690 3131637760
512 798 3161806 3131637760
512 799 3162181 3131637760
512 800 3163145 3131637760
512 801 3162566 3131637760
512 802 3162507 3131637760
512 803 3162187 3131637760
512 804 3162108 3131637760
512 805 3162172 3131637760
512 806 3161091 3131637760
512 807 3162154 3131637760
512 808 3162072 3131637760
512 809 3161623 3131637760
512 810 3162570 3131637760
512 811 3162319 3131637760
512 812 3161888 3131637760
512 813 3161672 3131637760
512 814 3163010 3131637760
512 815 3162388 3131637760
512 816 3163191 3131637760
512 817 3162052 3131637760
512 818 3161575 3131637760
512 819 3162176 3131637760
512 820 3161848 3131637760
512 821 3161416 3131637760
512 822 3161868 3131637760
512 823 3161871 3131637760
512 824 3161443 3131637760
512 825 3162373 3131637760
512 826 3161654 3131637760
512 827 3162080 3131637760
512 828 3162161 3131637760
512 829 3161866 3131637760
512 830 3161592 3131637760
512 831 3161129 3131637760
512 832 3163550 3131637760
512 833 3162425 3131637760
512 834 3161969 3131637760
512 835 3161932 3131637760
512 836 3162342 3131637760
512 837 3161702 3131637760
512 838 3161952 3131637760
512 839 3162282 3131637760
512 840 3161936 3131637760
512 841 3162382 3131637760
512 842 3162084 3131637760
512 843 3163022 3131637760
512 844 3162564 3131637760
512 845 3161128 3131637760
512 846 3161710 3131637760
512 847 3161901 3131637760
512 848 3162796 3131637760
512 849 3162580 3131637760
512 850 3161920 3131637760
512 851 3160545 3131637760
512 852 3161610 3131637760
512 853 3162559 3131637760
512 854 3162279 3131637760
512 855 3161717 3131637760
512 856 3161196 3131637760
512 857 3161475 3131637760
512 858 3162851 3131637760
512 859 3162111 3131637760
512 860 3161666 3131637760
512 861 3162182 3131637760
512 862 3162235 3131637760
512 863 3162775 3131637760
512 864 3161630 3131637760
512 865 3162307 3131637760
512 866 3161835 3131637760
512 867 3161273 3131637760
512 868 3161648 3131637760
512 869 3162380 3131637760
512 870 3162955 3131637760
512 871 3162268 3131637760
512 872 3162575 3131637760
512 873 3162217 3131637760
512 874 3161987 3131637760
512 875 3161881 3131637760
512 876 3162174 3131637760
512 877 3162401 3131637760
512 878 3162741 3131637760
512 879 3161797 3131637760
512 880 3162642 3131637760
512 881 3163228 3131637760
512 882 3161467 3131637760
512 883 3161958 3131637760
512 884 3161156 3131637760
512 885 3162280 3131637760
512 886 3162391 3131637760
512 887 3162127 3131637760
512 888 3161489 3131637760
512 889 3161210 3131637760
512 890 3161493 3131637760
512 891 3162356 3131637760
512 892 3162261 3131637760
512 893 3162245 3131637760
512 894 3161931 3131637760
512 895 3162353 3131637760
512 896 3161140 3131637760
512 897 3162287 3131637760
512 898 3161278 3131637760
512 899 3162423 3131637760
512 900 3160840 3131637760
512 901 3163195 3131637760
512 902 3161689 3131637760
512 903 3162232 3131637760
512 904 3161569 3131637760
512 905 3161851 3131637760
512 906 3163271 3131637760
512 907 3161898 3131637760
512 908 3162222 3131637760
512 909 3162503 3131637760
512 910 3161713 3131637760
512 911 3162570 3131637760
512 912 3162121 3131637760
512 913 3162407 3131637760
512 914 3162514 3131637760
512 915 3162192 3131637760
512 916 3161818 3131637760
512 917 3161206 3131637760
512 918 3162281 3131637760
512 919 3161803 3131637760
512 920 3162036 3131637760
512 921 3162362 3131637760
512 922 3162370 3131637760
512 923 3162302 3131637760
512 924 3162599 3131637760
512 925 3160911 3131637760
512 926 3161567 3131637760
512 927 3162132 3131637760
512 928 3161521 3131637760
512 929 3162805 3131637760
512 930 3161726 3131637760
512 931 3161911 3131637760
512 932 3160974 3131637760
512 933 3162630 3131637760
512 934 3162515 3131637760
512 935 3161540 3131637760
512 936 3161356 3131637760
512 937 3162580 3131637760
512 938 3162607 3131637760
512 939 3161813 3131637760
512 940 3161991 3131637760
512 941 3162119 3131637760
512 942 3162130 3131637760
512 943 3162547 3131637760
512 944 3162281 3131637760
512 945 3162963 3131637760
512 946 3162279 3131637760
512 947 3162345 3131637760
512 948 3161902 3131637760
512 949 3160681 3131637760
512 950 3162810 3131637760
512 951 3162517 3131637760
512 952 3162791 3131637760
512 953 3162584 3131637760
512 954 3162067 3131637760
512 955 3162032 3131637760
512 956 3162628 3131637760
512 957 3162284 3131637760
512 958 3162437 3131637760
512 959 3160768 3131637760
512 960 3161742 3131637760
512 961 3162083 3131637760
512 962 3162151 3131637760
512 963 3162184 3131637760
512 964 3162268 3131637760
512 965 3161356 3131637760
512 966 3161814 3131637760
512 967 3162165 3131637760
512 968 3162266 3131637760
512 969 3162595 3131637760
512 970 3162131 3131637760
512 971 3161540 3131637760
512 972 3161634 3131637760
512 973 3162948 3131637760
512 974 3162299 3131637760
512 975 3162529 3131637760
512 976 3162931 3131637760
512 977 3161712 3131637760
512 978 3162009 3131637760
512 979 3161600 3131637760
512 980 3161423 3131637760
512 981 3161475 3131637760
512 982 3161448 3131637760
512 983 3160847 3131637760
512 984 3161618 3131637760
512 985 3162517 3131637760
512 986 3161493 3131637760
512 987 3162785 3131637760
512 988 3162331 3131637760
512 989 3162209 3131637760
512 990 3162078 3131637760
512 991 3162393 3131637760
512 992 3163001 3131637760
512 993 3162303 3131637760
512 994 3161975 3131637760
512 995 3161898 3131637760
512 996 3161855 3131637760
512 997 3161315 3131637760
512 998 3162711 3131637760
512 999 3161899 3131637760
