512 0 3161860 3131637760
512 1 3161637 3131637760
512 2 3162247 3131637760
512 3 3160922 3131637760
512 4 3161352 3131637760
512 5 3161429 3131637760
512 6 3161116 3131637760
512 7 3162321 3131637760
512 8 3161260 3131637760
512 9 3161471 3131637760
512 10 3161088 3131637760
512 11 3160763 3131637760
512 12 3162312 3131637760
512 13 3161351 3131637760
512 14 3161530 3131637760
512 15 3163207 3131637760
512 16 3162894 3131637760
512 17 3161812 3131637760
512 18 3162150 3131637760
512 19 3162671 3131637760
512 20 3161527 3131637760
512 21 3161325 3131637760
512 22 3162072 3131637760
512 23 3162318 3131637760
512 24 3162532 3131637760
512 25 3161685 3131637760
512 26 3162340 3131637760
512 27 3161950 3131637760
512 28 3162262 3131637760
512 29 3161778 3131637760
512 30 3161322 3131637760
512 31 3161290 3131637760
512 32 3162158 3131637760
512 33 3161135 3131637760
512 34 3163012 3131637760
512 35 3162923 3131637760
512 36 3161375 3131637760
512 37 3162125 3131637760
512 38 3162804 3131637760
512 39 3162117 3131637760
512 40 3161708 3131637760
512 41 3161977 3131637760
512 42 3162557 3131637760
512 43 3162038 3131637760
512 44 3162118 3131637760
512 45 3161663 3131637760
512 46 3161637 3131637760
512 47 3162283 3131637760
512 48 3161342 3131637760
512 49 3162224 3131637760
512 50 3162091 3131637760
512 51 3162186 3131637760
512 52 3161602 3131637760
512 53 3162092 3131637760
512 54 3161430 3131637760
512 55 3162665 3131637760
512 56 3161039 3131637760
512 57 3161557 3131637760
512 58 3162736 3131637760
512 59 3161374 3131637760
512 60 3161141 3131637760
512 61 3161895 3131637760
512 62 3161801 3131637760
512 63 3161106 3131637760
512 64 3162785 3131637760
512 65 3161830 3131637760
512 66 3162295 3131637760
512 67 3162833 3131637760
512 68 3160751 3131637760
512 69 3161845 3131637760
512 70 3161722 3131637760
512 71 3161693 3131637760
512 72 3161867 3131637760
512 73 3160858 3131637760
512 74 3161567 3131637760
512 75 3162763 3131637760
512 76 3162132 3131637760
512 77 3162002 3131637760
512 78 3161669 3131637760
512 79 3162915 3131637760
512 80 3161899 3131637760
512 81 3162394 3131637760
512 82 3161948 3131637760
512 83 3161776 3131637760
512 84 3161542 3131637760
512 85 3161152 3131637760
512 86 3162095 3131637760
512 87 3161127 3131637760
512 88 3162007 3131637760
512 89 3161439 3131637760
512 90 3162245 3131637760
512 91 3162110 3131637760
512 92 3161349 3131637760
512 93 3161918 3131637760
512 94 3162393 3131637760
512 95 3162606 3131637760
512 96 3161527 3131637760
512 97 3161444 3131637760
512 98 3161694 3131637760
512 99 3162128 3131637760
512 100 3162206 3131637760
512 101 3161987 3131637760
512 102 3161708 3131637760
512 103 3162432 3131637760
512 104 3161715 3131637760
512 105 3161314 3131637760
512 106 3161975 3131637760
512 107 3160782 3131637760
512 108 3160779 3131637760
512 109 3161886 3131637760
512 110 3162441 3131637760
512 111 3161189 3131637760
512 112 3162167 3131637760
512 113 3161291 3131637760
512 114 3161522 3131637760
512 115 3161309 3131637760
512 116 3161305 3131637760
512 117 3162142 3131637760
512 118 3161132 3131637760
512 119 3162245 3131637760
512 120 3162536 3131637760
512 121 3161771 3131637760
512 122 3161585 3131637760
512 123 3162796 3131637760
512 124 3161665 3131637760
512 125 3161605 3131637760
512 126 3162243 3131637760
512 127 3160988 3131637760
512 128 3161015 3131637760
512 129 3162716 3131637760
512 130 3161635 3131637760
512 131 3162254 3131637760
512 132 3162076 3131637760
512 133 3161652 3131637760
512 134 3161083 3131637760
512 135 3161854 3131637760
512 136 3161460 3131637760
512 137 3162071 3131637760
512 138 3162109 3131637760
512 139 3163093 3131637760
512 140 3161639 3131637760
512 141 3161599 3131637760
512 142 3162507 3131637760
512 143 3161244 3131637760
512 144 3162744 3131637760
512 145 3162095 3131637760
512 146 3160990 3131637760
512 147 3162404 3131637760
512 148 3161052 3131637760
512 149 3161808 3131637760
512 150 3162214 3131637760
512 151 3161186 3131637760
512 152 3161953 3131637760
512 153 3161973 3131637760
512 154 3161519 3131637760
512 155 3162074 3131637760
512 156 3162864 3131637760
512 157 3161624 3131637760
512 158 3161589 3131637760
512 159 3160911 3131637760
512 160 3162077 3131637760
512 161 3162330 3131637760
512 162 3162165 3131637760
512 163 3161912 3131637760
512 164 3162113 3131637760
512 165 3161030 3131637760
512 166 3161866 3131637760
512 167 3161378 3131637760
512 168 3161463 3131637760
512 169 3162070 3131637760
512 170 3162397 3131637760
512 171 3161866 3131637760
512 172 3162183 3131637760
512 173 3161820 3131637760
512 174 3162160 3131637760
512 175 3161892 3131637760
512 176 3161059 3131637760
512 177 3161042 3131637760
512 178 3161217 3131637760
512 179 3161571 3131637760
512 180 3161675 3131637760
512 181 3162783 3131637760
512 182 3162454 3131637760
512 183 3160923 3131637760
512 184 3161588 3131637760
512 185 3162278 3131637760
512 186 3162985 3131637760
512 187 3161217 3131637760
512 188 3161464 3131637760
512 189 3161226 3131637760
512 190 3161994 3131637760
512 191 3161466 3131637760
512 192 3161327 3131637760
512 193 3161732 3131637760
512 194 3161590 3131637760
512 195 3161691 3131637760
512 196 3162110 3131637760
512 197 3162278 3131637760
512 198 3162215 3131637760
512 199 3162227 3131637760
512 200 3161588 3131637760
512 201 3161383 3131637760
512 202 3162418 3131637760
512 203 3162047 3131637760
512 204 3162110 3131637760
512 205 3162031 3131637760
512 206 3161863 3131637760
512 207 3161418 3131637760
512 208 3161879 3131637760
512 209 3161357 3131637760
512 210 3161857 3131637760
512 211 3161737 3131637760
512 212 3161436 3131637760
512 213 3162292 3131637760
512 214 3162413 3131637760
512 215 3161451 3131637760
512 216 3161780 3131637760
512 217 3161617 3131637760
512 218 3160220 3131637760
512 219 3162773 3131637760
512 220 3160991 3131637760
512 221 3160608 3131637760
512 222 3161046 3131637760
512 223 3161968 3131637760
512 224 3162533 3131637760
512 225 3162014 3131637760
512 226 3161340 3131637760
512 227 3161844 3131637760
512 228 3161841 3131637760
512 229 3161327 3131637760
512 230 3162232 3131637760
512 231 3161632 3131637760
512 232 3161681 3131637760
512 233 3161849 3131637760
512 234 3161892 3131637760
512 235 3161986 3131637760
512 236 3161255 3131637760
512 237 3162210 3131637760
512 238 3161634 3131637760
512 239 3160798 3131637760
512 240 3162177 3131637760
512 241 3161202 3131637760
512 242 3161698 3131637760
512 243 3160621 3131637760
512 244 3161600 3131637760
512 245 3161625 3131637760
512 246 3162772 3131637760
512 247 3161407 3131637760
512 248 3161353 3131637760
512 249 3161056 3131637760
512 250 3161581 3131637760
512 251 3161483 3131637760
512 252 3162336 3131637760
512 253 3161199 3131637760
512 254 3161914 3131637760
512 255 3162625 3131637760
512 256 3162006 3131637760
512 257 3161654 3131637760
512 258 3161414 3131637760
512 259 3161778 3131637760
512 260 3161930 3131637760
512 261 3161016 3131637760
512 262 3162697 3131637760
512 263 3161719 3131637760
512 264 3161263 3131637760
512 265 3161509 3131637760
512 266 3162060 3131637760
512 267 3161765 3131637760
512 268 3162145 3131637760
512 269 3162146 3131637760
512 270 3161514 3131637760
512 271 3161908 3131637760
512 272 3161725 3131637760
512 273 3162409 3131637760
512 274 3162083 3131637760
512 275 3161204 3131637760
512 276 3162775 3131637760
512 277 3162123 3131637760
512 278 3161888 3131637760
512 279 3161281 3131637760
512 280 3161423 3131637760
512 281 3162030 3131637760
512 282 3161411 3131637760
512 283 3161916 3131637760
512 284 3161069 3131637760
512 285 3161757 3131637760
512 286 3160758 3131637760
512 287 3161841 3131637760
512 288 3161727 3131637760
512 289 3161925 3131637760
512 290 3161780 3131637760
512 291 3161427 3131637760
512 292 3162985 3131637760
512 293 3161502 3131637760
512 294 3161337 3131637760
512 295 3161629 3131637760
512 296 3161243 3131637760
512 297 3161613 3131637760
512 298 3162099 3131637760
512 299 3162997 3131637760
512 300 3161946 3131637760
512 301 3161690 3131637760
512 302 3162055 3131637760
512 303 3160943 3131637760
512 304 3162018 3131637760
512 305 3161060 3131637760
512 306 3162398 3131637760
512 307 3161661 3131637760
512 308 3160831 3131637760
512 309 3162048 3131637760
512 310 3162016 3131637760
512 311 3162854 3131637760
512 312 3161856 3131637760
512 313 3161901 3131637760
512 314 3162038 3131637760
512 315 3161182 3131637760
512 316 3162252 3131637760
512 317 3161768 3131637760
512 318 3161493 3131637760
512 319 3162225 3131637760
512 320 3162286 3131637760
512 321 3162181 3131637760
512 322 3161905 3131637760
512 323 3161731 3131637760
512 324 3162543 3131637760
512 325 3162780 3131637760
512 326 3161597 3131637760
512 327 3162872 3131637760
512 328 3160856 3131637760
512 329 3161392 3131637760
512 330 3162379 3131637760
512 331 3160815 3131637760
512 332 3161604 3131637760
512 333 3161951 3131637760
512 334 3162469 3131637760
512 335 3161662 3131637760
512 336 3161490 3131637760
512 337 3161599 3131637760
512 338 3161938 3131637760
512 339 3161408 3131637760
512 340 3161217 3131637760
512 341 3162239 3131637760
512 342 3162124 3131637760
512 343 3162131 3131637760
512 344 3160944 3131637760
512 345 3161018 3131637760
512 346 3162104 3131637760
512 347 3161615 3131637760
512 348 3162185 3131637760
512 349 3162123 3131637760
512 350 3161799 3131637760
512 351 3161662 3131637760
512 352 3161930 3131637760
512 353 3161972 3131637760
512 354 3161731 3131637760
512 355 3161593 3131637760
512 356 3161709 3131637760
512 357 3163022 3131637760
512 358 3161669 3131637760
512 359 3161582 3131637760
512 360 3160550 3131637760
512 361 3162518 3131637760
512 362 3161407 3131637760
512 363 3161069 3131637760
512 364 3161698 3131637760
512 365 3162507 3131637760
512 366 3162020 3131637760
512 367 3162260 3131637760
512 368 3162811 3131637760
512 369 3162730 3131637760
512 370 3161382 3131637760
512 371 3160886 3131637760
512 372 3161396 3131637760
512 373 3162453 3131637760
512 374 3161193 3131637760
512 375 3162873 3131637760
512 376 3161474 3131637760
512 377 3162175 3131637760
512 378 3162215 3131637760
512 379 3162335 3131637760
512 380 3162310 3131637760
512 381 3163091 3131637760
512 382 3162530 3131637760
512 383 3162737 3131637760
512 384 3161401 3131637760
512 385 3160855 3131637760
512 386 3162461 3131637760
512 387 3162856 3131637760
512 388 3161989 3131637760
512 389 3161780 3131637760
512 390 3162266 3131637760
512 391 3161746 3131637760
512 392 3161935 3131637760
512 393 3161727 3131637760
512 394 3162686 3131637760
512 395 3161547 3131637760
512 396 3161136 3131637760
512 397 3162029 3131637760
512 398 3161272 3131637760
512 399 3161053 3131637760
512 400 3161252 3131637760
512 401 3162249 3131637760
512 402 3162181 3131637760
512 403 3161656 3131637760
512 404 3161703 3131637760
512 405 3161142 3131637760
512 406 3162153 3131637760
512 407 3162194 3131637760
512 408 3162950 3131637760
512 409 3161186 3131637760
512 410 3162584 3131637760
512 411 3161813 3131637760
512 412 3161971 3131637760
512 413 3161945 3131637760
512 414 3161660 3131637760
512 415 3161917 3131637760
512 416 3161191 3131637760
512 417 3161805 3131637760
512 418 3162071 3131637760
512 419 3161939 3131637760
512 420 3162001 3131637760
512 421 3162015 3131637760
512 422 3161351 3131637760
512 423 3162221 3131637760
512 424 3162398 3131637760
512 425 3163031 3131637760
512 426 3161963 3131637760
512 427 3161820 3131637760
512 428 3162467 3131637760
512 429 3162810 3131637760
512 430 3162824 3131637760
512 431 3162309 3131637760
512 432 3162077 3131637760
512 433 3162142 3131637760
512 434 3161812 3131637760
512 435 3160941 3131637760
512 436 3161914 3131637760
512 437 3162210 3131637760
512 438 3161318 3131637760
512 439 3162587 3131637760
512 440 3162917 3131637760
512 441 3161274 3131637760
512 442 3161239 3131637760
512 443 3161303 3131637760
512 444 3162327 3131637760
512 445 3161188 3131637760
512 446 3162321 3131637760
512 447 3161781 3131637760
512 448 3162716 3131637760
512 449 3162143 3131637760
512 450 3161733 3131637760
512 451 3161627 3131637760
512 452 3162311 3131637760
512 453 3161851 3131637760
512 454 3162119 3131637760
512 455 3162808 3131637760
512 456 3162105 3131637760
512 457 3161816 3131637760
512 458 3162219 3131637760
512 459 3162218 3131637760
512 460 3161540 3131637760
512 461 3163227 3131637760
512 462 3161351 3131637760
512 463 3162675 3131637760
512 464 3162309 3131637760
512 465 3161565 3131637760
512 466 3162088 3131637760
512 467 3162631 3131637760
512 468 3161817 3131637760
512 469 3162220 3131637760
512 470 3162062 3131637760
512 471 3161983 3131637760
512 472 3162213 3131637760
512 473 3161476 3131637760
512 474 3162212 3131637760
512 475 3161954 3131637760
512 476 3162531 3131637760
512 477 3161591 3131637760
512 478 3163127 3131637760
512 479 3162445 3131637760
512 480 3161634 3131637760
512 481 3162639 3131637760
512 482 3161982 3131637760
512 483 3161075 3131637760
512 484 3162417 3131637760
512 485 3162436 3131637760
512 486 3161988 3131637760
512 487 3162186 3131637760
512 488 3161817 3131637760
512 489 3162294 3131637760
512 490 3163009 3131637760
512 491 3160950 3131637760
512 492 3161209 3131637760
512 493 3161831 3131637760
512 494 3163377 3131637760
512 495 3161564 3131637760
512 496 3162207 3131637760
512 497 3161474 3131637760
512 498 3161565 3131637760
512 499 3161492 3131637760
512 500 3162255 3131637760
512 501 3161984 3131637760
512 502 3160709 3131637760
512 503 3160705 3131637760
512 504 3162579 3131637760
512 505 3161823 3131637760
512 506 3161737 3131637760
512 507 3162330 3131637760
512 508 3162387 3131637760
512 509 3160868 3131637760
512 510 3162212 3131637760
512 511 3161549 3131637760
512 512 3162110 3131637760
512 513 3161660 3131637760
512 514 3163335 3131637760
512 515 3161828 3131637760
512 516 3162940 3131637760
512 517 3161190 3131637760
512 518 3160943 3131637760
512 519 3162586 3131637760
512 520 3161881 3131637760
512 521 3162344 3131637760
512 522 3162499 3131637760
512 523 3161766 3131637760
512 524 3161432 3131637760
512 525 3162486 3131637760
512 526 3162434 3131637760
512 527 3161927 3131637760
512 528 3162825 3131637760
512 529 3162324 3131637760
512 530 3161112 3131637760
512 531 3161251 3131637760
512 532 3162247 3131637760
512 533 3162178 3131637760
512 534 3162250 3131637760
512 535 3160858 3131637760
512 536 3161595 3131637760
512 537 3162070 3131637760
512 538 3162054 3131637760
512 539 3161886 3131637760
512 540 3161610 3131637760
512 541 3161780 3131637760
512 542 3161216 3131637760
512 543 3161774 3131637760
512 544 3163577 3131637760
512 545 3161137 3131637760
512 546 3162325 3131637760
512 547 3161437 3131637760
512 548 3161893 3131637760
512 549 3160766 3131637760
512 550 3162282 3131637760
512 551 3162028 3131637760
512 552 3161169 3131637760
512 553 3162834 3131637760
512 554 3162506 3131637760
512 555 3162547 3131637760
512 556 3162105 3131637760
512 557 3161898 3131637760
512 558 3162325 3131637760
512 559 3162396 3131637760
512 560 3161903 3131637760
512 561 3162607 3131637760
512 562 3161857 3131637760
512 563 3161457 3131637760
512 564 3161470 3131637760
512 565 3161228 3131637760
512 566 3161078 3131637760
512 567 3161110 3131637760
512 568 3162545 3131637760
512 569 3162303 3131637760
512 570 3161901 3131637760
512 571 3161381 3131637760
512 572 3161565 3131637760
512 573 3161743 3131637760
512 574 3162494 3131637760
512 575 3162324 3131637760
512 576 3161885 3131637760
512 577 3161705 3131637760
512 578 3162051 3131637760
512 579 3161792 3131637760
512 580 3161070 3131637760
512 581 3161413 3131637760
512 582 3161649 3131637760
512 583 3161861 3131637760
512 584 3162417 3131637760
512 585 3162405 3131637760
512 586 3162527 3131637760
512 587 3161913 3131637760
512 588 3161205 3131637760
512 589 3162697 3131637760
512 590 3161222 3131637760
512 591 3161699 3131637760
512 592 3162087 3131637760
512 593 3162539 3131637760
512 594 3162562 3131637760
512 595 3161998 3131637760
512 596 3161896 3131637760
512 597 3162325 3131637760
512 598 3162877 3131637760
512 599 3161966 3131637760
512 600 3162031 3131637760
512 601 3161113 3131637760
512 602 3162297 3131637760
512 603 3161726 3131637760
512 604 3160710 3131637760
512 605 3162285 3131637760
512 606 3162280 3131637760
512 607 3161513 3131637760
512 608 3162305 3131637760
512 609 3161584 3131637760
512 610 3161411 3131637760
512 611 3161919 3131637760
512 612 3162006 3131637760
512 613 3162410 3131637760
512 614 3162063 3131637760
512 615 3162184 3131637760
512 616 3161907 3131637760
512 617 3162271 3131637760
512 618 3161563 3131637760
512 619 3161539 3131637760
512 620 3162242 3131637760
512 621 3162085 3131637760
512 622 3162457 3131637760
512 623 3161476 3131637760
512 624 3162232 3131637760
512 625 3161734 3131637760
512 626 3161108 3131637760
512 627 3162096 3131637760
512 628 3162431 3131637760
512 629 3162577 3131637760
512 630 3161136 3131637760
512 631 3161858 3131637760
512 632 3161725 3131637760
512 633 3161823 3131637760
512 634 3162180 3131637760
512 635 3161777 3131637760
512 636 3162157 3131637760
512 637 3161883 3131637760
512 638 3161752 3131637760
512 639 3163341 3131637760
512 640 3161653 3131637760
512 641 3161440 3131637760
512 642 3162213 3131637760
512 643 3161968 3131637760
512 644 3162542 3131637760
512 645 3162051 3131637760
512 646 3161234 3131637760
512 647 3161470 3131637760
512 648 3161673 3131637760
512 649 3162489 3131637760
512 650 3162673 3131637760
512 651 3161608 3131637760
512 652 3162322 3131637760
512 653 3162653 3131637760
512 654 3162125 3131637760
512 655 3162338 3131637760
512 656 3160975 3131637760
512 657 3162102 3131637760
512 658 3161665 3131637760
512 659 3161770 3131637760
512 660 3161652 3131637760
512 661 3162662 3131637760
512 662 3162425 3131637760
512 663 3162371 3131637760
512 664 3161994 3131637760
512 665 3162252 3131637760
512 666 3162324 3131637760
512 667 3163223 3131637760
512 668 3161455 3131637760
512 669 3162948 3131637760
512 670 3162611 3131637760
512 671 3161413 3131637760
512 672 3161528 3131637760
512 673 3162627 3131637760
512 674 3162212 3131637760
512 675 3162015 3131637760
512 676 3162573 3131637760
512 677 3161359 3131637760
512 678 3162214 3131637760
512 679 3162428 3131637760
512 680 3162032 3131637760
512 681 3161420 3131637760
512 682 3162374 3131637760
512 683 3161338 3131637760
512 684 3161985 3131637760
512 685 3162064 3131637760
512 686 3162586 3131637760
512 687 3163058 3131637760
512 688 3161465 3131637760
512 689 3162834 3131637760
512 690 3162602 3131637760
512 691 3161471 3131637760
512 692 3161602 3131637760
512 693 3162154 3131637760
512 694 3161537 3131637760
512 695 3161910 3131637760
512 696 3162009 3131637760
512 697 3162053 3131637760
512 698 3161368 3131637760
512 699 3160734 3131637760
512 700 3162234 3131637760
512 701 3161646 3131637760
512 702 3162105 3131637760
512 703 3161983 3131637760
512 704 3161224 3131637760
512 705 3161986 3131637760
512 706 3161197 3131637760
512 707 3162265 3131637760
512 708 3161553 3131637760
512 709 3161943 3131637760
512 710 3162203 3131637760
512 711 3161131 3131637760
512 712 3161898 3131637760
512 713 3162469 3131637760
512 714 3161475 3131637760
512 715 3161499 3131637760
512 716 3161839 3131637760
512 717 3160798 3131637760
512 718 3162754 3131637760
512 719 3161927 3131637760
512 720 3162232 3131637760
512 721 3161561 3131637760
512 722 3161192 3131637760
512 723 3161721 3131637760
512 724 3160737 3131637760
512 725 3161508 3131637760
512 726 3161759 3131637760
512 727 3161565 3131637760
512 728 3161707 3131637760
512 729 3161649 3131637760
512 730 3161604 3131637760
512 731 3161164 3131637760
512 732 3162380 3131637760
512 733 3161290 3131637760
512 734 3161100 3131637760
512 735 3162915 3131637760
512 736 3161460 3131637760
512 737 3160957 3131637760
512 738 3161604 3131637760
512 739 3161589 3131637760
512 740 3162160 3131637760
512 741 3161195 3131637760
512 742 3162918 3131637760
512 743 3161411 3131637760
512 744 3161169 3131637760
512 745 3161717 3131637760
512 746 3161075 3131637760
512 747 3161763 3131637760
512 748 3162535 3131637760
512 749 3162287 3131637760
512 750 3162051 3131637760
512 751 3161560 3131637760
512 752 3162392 3131637760
512 753 3161730 3131637760
512 754 3162523 3131637760
512 755 3161698 3131637760
512 756 3161483 3131637760
512 757 3162170 3131637760
512 758 3162464 3131637760
512 759 3162164 3131637760
512 760 3161532 3131637760
512 761 3161576 3131637760
512 762 3161372 3131637760
512 763 3161853 3131637760
512 764 3161690 3131637760
512 765 3161404 3131637760
512 766 3161943 3131637760
512 767 3161832 3131637760
512 768 3161830 3131637760
512 769 3161687 3131637760
512 770 3161374 3131637760
512 771 3161304 3131637760
512 772 3161207 3131637760
512 773 3161276 3131637760
512 774 3162190 3131637760
512 775 3161887 3131637760
512 776 3162142 3131637760
512 777 3161411 3131637760
512 778 3162163 3131637760
512 779 3161053 3131637760
512 780 3161316 3131637760
512 781 3161351 3131637760
512 782 3161063 3131637760
512 783 3161802 3131637760
512 784 3161381 3131637760
512 785 3161484 3131637760
512 786 3161343 3131637760
512 787 3162501 3131637760
512 788 3161800 3131637760
512 789 3160804 3131637760
512 790 3161022 3131637760
512 791 3162001 3131637760
512 792 3160949 3131637760
512 793 3161206 3131637760
512 794 3161794 3131637760
512 795 3161150 3131637760
512 796 3161804 3131637760
512 797 3161748 3131637760
512 798 3160823 3131637760
512 799 3162003 3131637760
512 800 3162336 3131637760
512 801 3162368 3131637760
512 802 3161366 3131637760
512 803 3160706 3131637760
512 804 3162280 3131637760
512 805 3161252 3131637760
512 806 3161939 3131637760
512 807 3161731 3131637760
512 808 3162416 3131637760
512 809 3162209 3131637760
512 810 3161661 3131637760
512 811 3162102 3131637760
512 812 3161878 3131637760
512 813 3161758 3131637760
512 814 3162197 3131637760
512 815 3162498 3131637760
512 816 3161895 3131637760
512 817 3161499 3131637760
512 818 3162464 3131637760
512 819 3161973 3131637760
512 820 3162350 3131637760
512 821 3161681 3131637760
512 822 3161395 3131637760
512 823 3161772 3131637760
512 824 3161324 3131637760
512 825 3162314 3131637760
512 826 3161344 3131637760
512 827 3161523 3131637760
512 828 3162960 3131637760
512 829 3161696 3131637760
512 830 3161474 3131637760
512 831 3162091 3131637760
512 832 3162005 3131637760
512 833 3162260 3131637760
512 834 3161656 3131637760
512 835 3161510 3131637760
512 836 3162174 3131637760
512 837 3162804 3131637760
512 838 3160966 3131637760
512 839 3161556 3131637760
512 840 3162351 3131637760
512 841 3162407 3131637760
512 842 3162474 3131637760
512 843 3162305 3131637760
512 844 3162121 3131637760
512 845 3161072 3131637760
512 846 3161626 3131637760
512 847 3162073 3131637760
512 848 3160871 3131637760
512 849 3162279 3131637760
512 850 3161460 3131637760
512 851 3161463 3131637760
512 852 3161549 3131637760
512 853 3161500 3131637760
512 854 3161854 3131637760
512 855 3161148 3131637760
512 856 3162392 3131637760
512 857 3162106 3131637760
512 858 3161363 3131637760
512 859 3161695 3131637760
512 860 3162347 3131637760
512 861 3162474 3131637760
512 862 3162042 3131637760
512 863 3161649 3131637760
512 864 3162095 3131637760
512 865 3162246 3131637760
512 866 3162713 3131637760
512 867 3161842 3131637760
512 868 3161649 3131637760
512 869 3162538 3131637760
512 870 3162069 3131637760
512 871 3162146 3131637760
512 872 3160837 3131637760
512 873 3161205 3131637760
512 874 3161442 3131637760
512 875 3161544 3131637760
512 876 3161348 3131637760
512 877 3161683 3131637760
512 878 3160794 3131637760
512 879 3161154 3131637760
512 880 3161794 3131637760
512 881 3163090 3131637760
512 882 3161644 3131637760
512 883 3161400 3131637760
512 884 3162766 3131637760
512 885 3162147 3131637760
512 886 3160212 3131637760
512 887 3161806 3131637760
512 888 3161702 3131637760
512 889 3161776 3131637760
512 890 3161682 3131637760
512 891 3161878 3131637760
512 892 3162223 3131637760
512 893 3161455 3131637760
512 894 3161587 3131637760
512 895 3162021 3131637760
512 896 3161866 3131637760
512 897 3161695 3131637760
512 898 3161616 3131637760
512 899 3161693 3131637760
512 900 3161736 3131637760
512 901 3161681 3131637760
512 902 3161937 3131637760
512 903 3162604 3131637760
512 904 3161976 3131637760
512 905 3161936 3131637760
512 906 3161843 3131637760
512 907 3161646 3131637760
512 908 3162701 3131637760
512 909 3161812 3131637760
512 910 3162410 3131637760
512 911 3161318 3131637760
512 912 3161921 3131637760
512 913 3161415 3131637760
512 914 3162924 3131637760
512 915 3162545 3131637760
512 916 3162489 3131637760
512 917 3162514 3131637760
512 918 3161448 3131637760
512 919 3162345 3131637760
512 920 3161681 3131637760
512 921 3161413 3131637760
512 922 3163175 3131637760
512 923 3162068 3131637760
512 924 3161769 3131637760
512 925 3160850 3131637760
512 926 3162546 3131637760
512 927 3162545 3131637760
512 928 3161724 3131637760
512 929 3161594 3131637760
512 930 3162595 3131637760
512 931 3161987 3131637760
512 932 3162162 3131637760
512 933 3161662 3131637760
512 934 3161935 3131637760
512 935 3161731 3131637760
512 936 3162029 3131637760
512 937 3161997 3131637760
512 938 3161390 3131637760
512 939 3160698 3131637760
512 940 3161826 3131637760
512 941 3162175 3131637760
512 942 3162725 3131637760
512 943 3162132 3131637760
512 944 3161742 3131637760
512 945 3161723 3131637760
512 946 3161182 3131637760
512 947 3162228 3131637760
512 948 3162521 3131637760
512 949 3161568 3131637760
512 950 3162328 3131637760
512 951 3163561 3131637760
512 952 3161917 3131637760
512 953 3161640 3131637760
512 954 3161665 3131637760
512 955 3162069 3131637760
512 956 3162090 3131637760
512 957 3161515 3131637760
512 958 3161790 3131637760
512 959 3162025 3131637760
512 960 3162129 3131637760
512 961 3162316 3131637760
512 962 3161795 3131637760
512 963 3162099 3131637760
512 964 3161562 3131637760
512 965 3161679 3131637760
512 966 3162578 3131637760
512 967 3161634 3131637760
512 968 3161782 3131637760
512 969 3161993 3131637760
512 970 3162337 3131637760
512 971 3162236 3131637760
512 972 3162240 3131637760
512 973 3162028 3131637760
512 974 3162025 3131637760
512 975 3162454 3131637760
512 976 3161313 3131637760
512 977 3162738 3131637760
512 978 3162725 3131637760
512 979 3162229 3131637760
512 980 3162120 3131637760
512 981 3161610 3131637760
512 982 3161930 3131637760
512 983 3161356 3131637760
512 984 3162955 3131637760
512 985 3161727 3131637760
512 986 3162169 3131637760
512 987 3161615 3131637760
512 988 3161342 3131637760
512 989 3162239 3131637760
512 990 3162455 3131637760
512 991 3161854 3131637760
512 992 3162546 3131637760
512 993 3161574 3131637760
512 994 3161900 3131637760
512 995 3162735 3131637760
512 996 3161882 3131637760
512 997 3162820 3131637760
512 998 3162052 3131637760
512 999 3161425 3131637760
