256 0 109412 1823096832
256 1 1719 1823096832
256 2 48 1823096832
256 3 31 1823096832
256 4 0 1823096832
256 5 68 1823096832
256 6 0 1823096832
256 7 0 1823096832
256 8 0 1823096832
256 9 0 1823096832
256 10 0 1823096832
256 11 0 1823096832
256 12 3 1823096832
256 13 0 1823096832
256 14 3 1823096832
256 15 0 1823096832
256 16 3 1823096832
256 17 0 1823096832
256 18 3 1823096832
256 19 12 1823096832
256 20 3 1823096832
256 21 0 1823096832
256 22 3 1823096832
256 23 0 1823096832
256 24 3 1823096832
256 25 0 1823096832
256 26 3 1823096832
256 27 0 1823096832
256 28 0 1823096832
256 29 0 1823096832
256 30 0 1823096832
256 31 0 1823096832
256 32 0 1823096832
256 33 3 1823096832
256 34 0 1823096832
256 35 3 1823096832
256 36 0 1823096832
256 37 3 1823096832
256 38 0 1823096832
256 39 3 1823096832
256 40 0 1823096832
256 41 3 1823096832
256 42 0 1823096832
256 43 3 1823096832
256 44 0 1823096832
256 45 3 1823096832
256 46 0 1823096832
256 47 3 1823096832
256 48 0 1823096832
256 49 3 1823096832
256 50 0 1823096832
256 51 0 1823096832
256 52 0 1823096832
256 53 0 1823096832
256 54 0 1823096832
256 55 0 1823096832
256 56 3 1823096832
256 57 0 1823096832
256 58 3 1823096832
256 59 0 1823096832
256 60 3 1823096832
256 61 0 1823096832
256 62 3 1823096832
256 63 0 1823096832
256 64 3 1823096832
256 65 0 1823096832
256 66 3 1823096832
256 67 0 1823096832
256 68 3 1823096832
256 69 0 1823096832
256 70 3 1823096832
256 71 0 1823096832
256 72 3 1823096832
256 73 0 1823096832
256 74 0 1823096832
256 75 0 1823096832
256 76 0 1823096832
256 77 0 1823096832
256 78 0 1823096832
256 79 3 1823096832
256 80 0 1823096832
256 81 3 1823096832
256 82 0 1823096832
256 83 3 1823096832
256 84 0 1823096832
256 85 3 1823096832
256 86 0 1823096832
256 87 3 1823096832
256 88 0 1823096832
256 89 3 1823096832
256 90 0 1823096832
256 91 3 1823096832
256 92 0 1823096832
256 93 3 1823096832
256 94 0 1823096832
256 95 0 1823096832
256 96 0 1823096832
256 97 0 1823096832
256 98 0 1823096832
256 99 0 1823096832
256 100 0 1823096832
256 101 0 1823096832
256 102 3 1823096832
256 103 0 1823096832
256 104 3 1823096832
256 105 0 1823096832
256 106 3 1823096832
256 107 0 1823096832
256 108 3 1823096832
256 109 0 1823096832
256 110 3 1823096832
256 111 0 1823096832
256 112 3 1823096832
256 113 0 1823096832
256 114 3 1823096832
256 115 0 1823096832
256 116 3 1823096832
256 117 0 1823096832
256 118 0 1823096832
256 119 0 1823096832
256 120 0 1823096832
256 121 0 1823096832
256 122 0 1823096832
256 123 3 1823096832
256 124 0 1823096832
256 125 3 1823096832
256 126 0 1823096832
256 127 3 1823096832
256 128 0 1823096832
256 129 3 1823096832
256 130 0 1823096832
256 131 3 1823096832
256 132 0 1823096832
256 133 3 1823096832
256 134 0 1823096832
256 135 3 1823096832
256 136 0 1823096832
256 137 3 1823096832
256 138 0 1823096832
256 139 3 1823096832
256 140 0 1823096832
256 141 0 1823096832
256 142 0 1823096832
256 143 0 1823096832
256 144 0 1823096832
256 145 0 1823096832
256 146 3 1823096832
256 147 0 1823096832
256 148 3 1823096832
256 149 0 1823096832
256 150 3 1823096832
256 151 0 1823096832
256 152 3 1823096832
256 153 0 1823096832
256 154 3 1823096832
256 155 0 1823096832
256 156 3 1823096832
256 157 0 1823096832
256 158 3 1823096832
256 159 0 1823096832
256 160 3 1823096832
256 161 0 1823096832
256 162 0 1823096832
256 163 0 1823096832
256 164 0 1823096832
256 165 0 1823096832
256 166 0 1823096832
256 167 0 1823096832
256 168 0 1823096832
256 169 3 1823096832
256 170 0 1823096832
256 171 3 1823096832
256 172 0 1823096832
256 173 3 1823096832
256 174 0 1823096832
256 175 3 1823096832
256 176 0 1823096832
256 177 3 1823096832
256 178 0 1823096832
256 179 3 1823096832
256 180 0 1823096832
256 181 3 1823096832
256 182 0 1823096832
256 183 3 1823096832
256 184 0 1823096832
256 185 0 1823096832
256 186 0 1823096832
256 187 0 1823096832
256 188 0 1823096832
256 189 0 1823096832
256 190 3 1823096832
256 191 0 1823096832
256 192 3 1823096832
256 193 0 1823096832
256 194 3 1823096832
256 195 0 1823096832
256 196 3 1823096832
256 197 0 1823096832
256 198 3 1823096832
256 199 0 1823096832
256 200 3 1823096832
256 201 0 1823096832
256 202 3 1823096832
256 203 0 1823096832
256 204 3 1823096832
256 205 0 1823096832
256 206 3 1823096832
256 207 0 1823096832
256 208 0 1823096832
256 209 0 1823096832
256 210 0 1823096832
256 211 0 1823096832
256 212 0 1823096832
256 213 3 1823096832
256 214 0 1823096832
256 215 3 1823096832
256 216 0 1823096832
256 217 3 1823096832
256 218 0 1823096832
256 219 3 1823096832
256 220 0 1823096832
256 221 3 1823096832
256 222 0 1823096832
256 223 3 1823096832
256 224 0 1823096832
256 225 3 1823096832
256 226 0 1823096832
256 227 3 1823096832
256 228 0 1823096832
256 229 3 1823096832
256 230 0 1823096832
256 231 0 1823096832
256 232 0 1823096832
256 233 0 1823096832
256 234 0 1823096832
256 235 0 1823096832
256 236 3 1823096832
256 237 0 1823096832
256 238 3 1823096832
256 239 0 1823096832
256 240 3 1823096832
256 241 0 1823096832
256 242 3 1823096832
256 243 0 1823096832
256 244 3 1823096832
256 245 0 1823096832
256 246 3 1823096832
256 247 0 1823096832
256 248 3 1823096832
256 249 0 1823096832
256 250 3 1823096832
256 251 0 1823096832
256 252 0 1823096832
256 253 0 1823096832
256 254 0 1823096832
256 255 0 1823096832
256 256 0 1823096832
256 257 0 1823096832
256 258 0 1823096832
256 259 3 1823096832
256 260 0 1823096832
256 261 3 1823096832
256 262 0 1823096832
256 263 3 1823096832
256 264 0 1823096832
256 265 3 1823096832
256 266 0 1823096832
256 267 3 1823096832
256 268 0 1823096832
256 269 3 1823096832
256 270 0 1823096832
256 271 3 1823096832
256 272 0 1823096832
256 273 3 1823096832
256 274 0 1823096832
256 275 0 1823096832
256 276 0 1823096832
256 277 0 1823096832
256 278 0 1823096832
256 279 0 1823096832
256 280 3 1823096832
256 281 0 1823096832
256 282 3 1823096832
256 283 0 1823096832
256 284 3 1823096832
256 285 0 1823096832
256 286 3 1823096832
256 287 0 1823096832
256 288 3 1823096832
256 289 0 1823096832
256 290 3 1823096832
256 291 0 1823096832
256 292 3 1823096832
256 293 0 1823096832
256 294 3 1823096832
256 295 0 1823096832
256 296 3 1823096832
256 297 0 1823096832
256 298 0 1823096832
256 299 0 1823096832
256 300 0 1823096832
256 301 0 1823096832
256 302 0 1823096832
256 303 3 1823096832
256 304 0 1823096832
256 305 3 1823096832
256 306 0 1823096832
256 307 3 1823096832
256 308 0 1823096832
256 309 3 1823096832
256 310 0 1823096832
256 311 3 1823096832
256 312 0 1823096832
256 313 3 1823096832
256 314 0 1823096832
256 315 3 1823096832
256 316 0 1823096832
256 317 3 1823096832
256 318 0 1823096832
256 319 3 1823096832
256 320 0 1823096832
256 321 0 1823096832
256 322 0 1823096832
256 323 0 1823096832
256 324 0 1823096832
256 325 0 1823096832
256 326 3 1823096832
256 327 0 1823096832
256 328 3 1823096832
256 329 0 1823096832
256 330 3 1823096832
256 331 0 1823096832
256 332 3 1823096832
256 333 0 1823096832
256 334 3 1823096832
256 335 0 1823096832
256 336 3 1823096832
256 337 0 1823096832
256 338 3 1823096832
256 339 0 1823096832
256 340 3 1823096832
256 341 0 1823096832
256 342 0 1823096832
256 343 0 1823096832
256 344 0 1823096832
256 345 0 1823096832
256 346 0 1823096832
256 347 0 1823096832
256 348 0 1823096832
256 349 3 1823096832
256 350 0 1823096832
256 351 3 1823096832
256 352 0 1823096832
256 353 3 1823096832
256 354 0 1823096832
256 355 3 1823096832
256 356 0 1823096832
256 357 3 1823096832
256 358 0 1823096832
256 359 3 1823096832
256 360 0 1823096832
256 361 3 1823096832
256 362 0 1823096832
256 363 3 1823096832
256 364 0 1823096832
256 365 0 1823096832
256 366 0 1823096832
256 367 0 1823096832
256 368 0 1823096832
256 369 0 1823096832
256 370 3 1823096832
256 371 0 1823096832
256 372 3 1823096832
256 373 0 1823096832
256 374 3 1823096832
256 375 0 1823096832
256 376 3 1823096832
256 377 0 1823096832
256 378 3 1823096832
256 379 0 1823096832
256 380 3 1823096832
256 381 0 1823096832
256 382 3 1823096832
256 383 0 1823096832
256 384 3 1823096832
256 385 0 1823096832
256 386 3 1823096832
256 387 0 1823096832
256 388 0 1823096832
256 389 0 1823096832
256 390 0 1823096832
256 391 0 1823096832
256 392 0 1823096832
256 393 3 1823096832
256 394 0 1823096832
256 395 3 1823096832
256 396 0 1823096832
256 397 3 1823096832
256 398 0 1823096832
256 399 3 1823096832
256 400 0 1823096832
256 401 3 1823096832
256 402 0 1823096832
256 403 3 1823096832
256 404 0 1823096832
256 405 3 1823096832
256 406 0 1823096832
256 407 3 1823096832
256 408 0 1823096832
256 409 0 1823096832
256 410 0 1823096832
256 411 0 1823096832
256 412 0 1823096832
256 413 0 1823096832
256 414 0 1823096832
256 415 0 1823096832
256 416 3 1823096832
256 417 0 1823096832
256 418 3 1823096832
256 419 0 1823096832
256 420 3 1823096832
256 421 0 1823096832
256 422 3 1823096832
256 423 0 1823096832
256 424 3 1823096832
256 425 0 1823096832
256 426 3 1823096832
256 427 0 1823096832
256 428 3 1823096832
256 429 0 1823096832
256 430 3 1823096832
256 431 0 1823096832
256 432 0 1823096832
256 433 0 1823096832
256 434 0 1823096832
256 435 0 1823096832
256 436 0 1823096832
256 437 3 1823096832
256 438 0 1823096832
256 439 3 1823096832
256 440 0 1823096832
256 441 3 1823096832
256 442 0 1823096832
256 443 3 1823096832
256 444 0 1823096832
256 445 3 1823096832
256 446 0 1823096832
256 447 3 1823096832
256 448 0 1823096832
256 449 3 1823096832
256 450 0 1823096832
256 451 3 1823096832
256 452 0 1823096832
256 453 3 1823096832
256 454 0 1823096832
256 455 0 1823096832
256 456 0 1823096832
256 457 0 1823096832
256 458 0 1823096832
256 459 0 1823096832
256 460 3 1823096832
256 461 0 1823096832
256 462 3 1823096832
256 463 0 1823096832
256 464 3 1823096832
256 465 0 1823096832
256 466 3 1823096832
256 467 0 1823096832
256 468 3 1823096832
256 469 0 1823096832
256 470 3 1823096832
256 471 0 1823096832
256 472 3 1823096832
256 473 0 1823096832
256 474 3 1823096832
256 475 0 1823096832
256 476 3 1823096832
256 477 0 1823096832
256 478 0 1823096832
256 479 0 1823096832
256 480 0 1823096832
256 481 0 1823096832
256 482 0 1823096832
256 483 3 1823096832
256 484 0 1823096832
256 485 3 1823096832
256 486 0 1823096832
256 487 3 1823096832
256 488 0 1823096832
256 489 3 1823096832
256 490 0 1823096832
256 491 3 1823096832
256 492 0 1823096832
256 493 3 1823096832
256 494 0 1823096832
256 495 3 1823096832
256 496 0 1823096832
256 497 3 1823096832
256 498 0 1823096832
256 499 0 1823096832
256 500 0 1823096832
256 501 0 1823096832
256 502 0 1823096832
256 503 0 1823096832
256 504 0 1823096832
256 505 0 1823096832
256 506 19 1823096832
256 507 0 1823096832
256 508 3 1823096832
256 509 0 1823096832
256 510 3 1823096832
256 511 0 1823096832
256 512 3 1823096832
256 513 0 1823096832
256 514 3 1823096832
256 515 0 1823096832
256 516 3 1823096832
256 517 0 1823096832
256 518 3 1823096832
256 519 0 1823096832
256 520 3 1823096832
256 521 0 1823096832
256 522 0 1823096832
256 523 0 1823096832
256 524 0 1823096832
256 525 0 1823096832
256 526 0 1823096832
256 527 3 1823096832
256 528 0 1823096832
256 529 3 1823096832
256 530 0 1823096832
256 531 3 1823096832
256 532 0 1823096832
256 533 3 1823096832
256 534 0 1823096832
256 535 3 1823096832
256 536 0 1823096832
256 537 3 1823096832
256 538 0 1823096832
256 539 3 1823096832
256 540 0 1823096832
256 541 3 1823096832
256 542 0 1823096832
256 543 3 1823096832
256 544 0 1823096832
256 545 0 1823096832
256 546 0 1823096832
256 547 0 1823096832
256 548 0 1823096832
256 549 0 1823096832
256 550 3 1823096832
256 551 0 1823096832
256 552 3 1823096832
256 553 0 1823096832
256 554 3 1823096832
256 555 0 1823096832
256 556 3 1823096832
256 557 0 1823096832
256 558 3 1823096832
256 559 0 1823096832
256 560 3 1823096832
256 561 0 1823096832
256 562 3 1823096832
256 563 0 1823096832
256 564 3 1823096832
256 565 0 1823096832
256 566 15 1823096832
256 567 0 1823096832
256 568 0 1823096832
256 569 0 1823096832
256 570 0 1823096832
256 571 0 1823096832
256 572 0 1823096832
256 573 3 1823096832
256 574 0 1823096832
256 575 3 1823096832
256 576 0 1823096832
256 577 3 1823096832
256 578 0 1823096832
256 579 3 1823096832
256 580 0 1823096832
256 581 3 1823096832
256 582 0 1823096832
256 583 3 1823096832
256 584 0 1823096832
256 585 3 1823096832
256 586 0 1823096832
256 587 3 1823096832
256 588 0 1823096832
256 589 0 1823096832
256 590 0 1823096832
256 591 0 1823096832
256 592 0 1823096832
256 593 0 1823096832
256 594 0 1823096832
256 595 0 1823096832
256 596 3 1823096832
256 597 0 1823096832
256 598 3 1823096832
256 599 0 1823096832
256 600 3 1823096832
256 601 0 1823096832
256 602 3 1823096832
256 603 0 1823096832
256 604 3 1823096832
256 605 0 1823096832
256 606 3 1823096832
256 607 0 1823096832
256 608 3 1823096832
256 609 0 1823096832
256 610 3 1823096832
256 611 0 1823096832
256 612 0 1823096832
256 613 0 1823096832
256 614 0 1823096832
256 615 0 1823096832
256 616 0 1823096832
256 617 3 1823096832
256 618 0 1823096832
256 619 3 1823096832
256 620 0 1823096832
256 621 3 1823096832
256 622 0 1823096832
256 623 3 1823096832
256 624 0 1823096832
256 625 3 1823096832
256 626 0 1823096832
256 627 3 1823096832
256 628 0 1823096832
256 629 3 1823096832
256 630 0 1823096832
256 631 3 1823096832
256 632 0 1823096832
256 633 3 1823096832
256 634 0 1823096832
256 635 0 1823096832
256 636 0 1823096832
256 637 0 1823096832
256 638 0 1823096832
256 639 0 1823096832
256 640 3 1823096832
256 641 0 1823096832
256 642 3 1823096832
256 643 0 1823096832
256 644 3 1823096832
256 645 0 1823096832
256 646 3 1823096832
256 647 0 1823096832
256 648 3 1823096832
256 649 0 1823096832
256 650 3 1823096832
256 651 0 1823096832
256 652 3 1823096832
256 653 0 1823096832
256 654 3 1823096832
256 655 0 1823096832
256 656 0 1823096832
256 657 0 1823096832
256 658 0 1823096832
256 659 0 1823096832
256 660 0 1823096832
256 661 0 1823096832
256 662 0 1823096832
256 663 3 1823096832
256 664 0 1823096832
256 665 3 1823096832
256 666 0 1823096832
256 667 3 1823096832
256 668 0 1823096832
256 669 3 1823096832
256 670 0 1823096832
256 671 3 1823096832
256 672 0 1823096832
256 673 3 1823096832
256 674 0 1823096832
256 675 3 1823096832
256 676 0 1823096832
256 677 3 1823096832
256 678 0 1823096832
256 679 0 1823096832
256 680 0 1823096832
256 681 0 1823096832
256 682 0 1823096832
256 683 0 1823096832
256 684 3 1823096832
256 685 0 1823096832
256 686 3 1823096832
256 687 0 1823096832
256 688 3 1823096832
256 689 0 1823096832
256 690 3 1823096832
256 691 0 1823096832
256 692 3 1823096832
256 693 0 1823096832
256 694 3 1823096832
256 695 0 1823096832
256 696 3 1823096832
256 697 0 1823096832
256 698 3 1823096832
256 699 0 1823096832
256 700 3 1823096832
256 701 0 1823096832
256 702 0 1823096832
256 703 0 1823096832
256 704 0 1823096832
256 705 0 1823096832
256 706 0 1823096832
256 707 3 1823096832
256 708 0 1823096832
256 709 3 1823096832
256 710 0 1823096832
256 711 3 1823096832
256 712 0 1823096832
256 713 3 1823096832
256 714 0 1823096832
256 715 3 1823096832
256 716 0 1823096832
256 717 3 1823096832
256 718 0 1823096832
256 719 3 1823096832
256 720 0 1823096832
256 721 3 1823096832
256 722 0 1823096832
256 723 3 1823096832
256 724 0 1823096832
256 725 0 1823096832
256 726 0 1823096832
256 727 0 1823096832
256 728 0 1823096832
256 729 0 1823096832
256 730 3 1823096832
256 731 0 1823096832
256 732 3 1823096832
256 733 0 1823096832
256 734 3 1823096832
256 735 0 1823096832
256 736 3 1823096832
256 737 0 1823096832
256 738 3 1823096832
256 739 0 1823096832
256 740 3 1823096832
256 741 0 1823096832
256 742 3 1823096832
256 743 0 1823096832
256 744 3 1823096832
256 745 0 1823096832
256 746 0 1823096832
256 747 0 1823096832
256 748 0 1823096832
256 749 0 1823096832
256 750 0 1823096832
256 751 0 1823096832
256 752 0 1823096832
256 753 3 1823096832
256 754 0 1823096832
256 755 3 1823096832
256 756 0 1823096832
256 757 3 1823096832
256 758 0 1823096832
256 759 3 1823096832
256 760 0 1823096832
256 761 3 1823096832
256 762 0 1823096832
256 763 3 1823096832
256 764 0 1823096832
256 765 3 1823096832
256 766 0 1823096832
256 767 3 1823096832
256 768 0 1823096832
256 769 0 1823096832
256 770 0 1823096832
256 771 0 1823096832
256 772 0 1823096832
256 773 0 1823096832
256 774 3 1823096832
256 775 0 1823096832
256 776 3 1823096832
256 777 0 1823096832
256 778 3 1823096832
256 779 0 1823096832
256 780 3 1823096832
256 781 0 1823096832
256 782 3 1823096832
256 783 0 1823096832
256 784 3 1823096832
256 785 0 1823096832
256 786 3 1823096832
256 787 0 1823096832
256 788 3 1823096832
256 789 0 1823096832
256 790 3 1823096832
256 791 0 1823096832
256 792 0 1823096832
256 793 0 1823096832
256 794 0 1823096832
256 795 0 1823096832
256 796 0 1823096832
256 797 3 1823096832
256 798 0 1823096832
256 799 3 1823096832
256 800 0 1823096832
256 801 3 1823096832
256 802 0 1823096832
256 803 3 1823096832
256 804 0 1823096832
256 805 3 1823096832
256 806 0 1823096832
256 807 3 1823096832
256 808 0 1823096832
256 809 3 1823096832
256 810 0 1823096832
256 811 3 1823096832
256 812 0 1823096832
256 813 0 1823096832
256 814 0 1823096832
256 815 0 1823096832
256 816 0 1823096832
256 817 0 1823096832
256 818 0 1823096832
256 819 0 1823096832
256 820 3 1823096832
256 821 0 1823096832
256 822 3 1823096832
256 823 0 1823096832
256 824 3 1823096832
256 825 0 1823096832
256 826 3 1823096832
256 827 0 1823096832
256 828 3 1823096832
256 829 0 1823096832
256 830 3 1823096832
256 831 0 1823096832
256 832 3 1823096832
256 833 0 1823096832
256 834 3 1823096832
256 835 0 1823096832
256 836 0 1823096832
256 837 0 1823096832
256 838 0 1823096832
256 839 0 1823096832
256 840 0 1823096832
256 841 3 1823096832
256 842 0 1823096832
256 843 3 1823096832
256 844 0 1823096832
256 845 3 1823096832
256 846 0 1823096832
256 847 3 1823096832
256 848 0 1823096832
256 849 3 1823096832
256 850 0 1823096832
256 851 3 1823096832
256 852 0 1823096832
256 853 3 1823096832
256 854 0 1823096832
256 855 3 1823096832
256 856 0 1823096832
256 857 3 1823096832
256 858 0 1823096832
256 859 0 1823096832
256 860 0 1823096832
256 861 0 1823096832
256 862 0 1823096832
256 863 0 1823096832
256 864 3 1823096832
256 865 0 1823096832
256 866 3 1823096832
256 867 0 1823096832
256 868 3 1823096832
256 869 0 1823096832
256 870 3 1823096832
256 871 0 1823096832
256 872 3 1823096832
256 873 0 1823096832
256 874 3 1823096832
256 875 0 1823096832
256 876 3 1823096832
256 877 0 1823096832
256 878 3 1823096832
256 879 0 1823096832
256 880 3 1823096832
256 881 0 1823096832
256 882 0 1823096832
256 883 0 1823096832
256 884 0 1823096832
256 885 0 1823096832
256 886 0 1823096832
256 887 3 1823096832
256 888 0 1823096832
256 889 3 1823096832
256 890 0 1823096832
256 891 3 1823096832
256 892 0 1823096832
256 893 3 1823096832
256 894 0 1823096832
256 895 3 1823096832
256 896 0 1823096832
256 897 3 1823096832
256 898 0 1823096832
256 899 3 1823096832
256 900 0 1823096832
256 901 3 1823096832
256 902 0 1823096832
256 903 0 1823096832
256 904 0 1823096832
256 905 0 1823096832
256 906 0 1823096832
256 907 0 1823096832
256 908 0 1823096832
256 909 0 1823096832
256 910 3 1823096832
256 911 0 1823096832
256 912 3 1823096832
256 913 0 1823096832
256 914 3 1823096832
256 915 0 1823096832
256 916 3 1823096832
256 917 0 1823096832
256 918 3 1823096832
256 919 0 1823096832
256 920 3 1823096832
256 921 0 1823096832
256 922 3 1823096832
256 923 0 1823096832
256 924 3 1823096832
256 925 0 1823096832
256 926 0 1823096832
256 927 0 1823096832
256 928 0 1823096832
256 929 0 1823096832
256 930 0 1823096832
256 931 3 1823096832
256 932 0 1823096832
256 933 3 1823096832
256 934 0 1823096832
256 935 3 1823096832
256 936 0 1823096832
256 937 3 1823096832
256 938 0 1823096832
256 939 3 1823096832
256 940 0 1823096832
256 941 3 1823096832
256 942 0 1823096832
256 943 3 1823096832
256 944 0 1823096832
256 945 3 1823096832
256 946 0 1823096832
256 947 3 1823096832
256 948 0 1823096832
256 949 0 1823096832
256 950 0 1823096832
256 951 0 1823096832
256 952 0 1823096832
256 953 0 1823096832
256 954 3 1823096832
256 955 0 1823096832
256 956 3 1823096832
256 957 0 1823096832
256 958 3 1823096832
256 959 0 1823096832
256 960 3 1823096832
256 961 0 1823096832
256 962 3 1823096832
256 963 0 1823096832
256 964 3 1823096832
256 965 0 1823096832
256 966 3 1823096832
256 967 0 1823096832
256 968 3 1823096832
256 969 0 1823096832
256 970 3 1823096832
256 971 0 1823096832
256 972 0 1823096832
256 973 0 1823096832
256 974 0 1823096832
256 975 0 1823096832
256 976 0 1823096832
256 977 3 1823096832
256 978 0 1823096832
256 979 3 1823096832
256 980 0 1823096832
256 981 3 1823096832
256 982 0 1823096832
256 983 3 1823096832
256 984 0 1823096832
256 985 3 1823096832
256 986 0 1823096832
256 987 3 1823096832
256 988 0 1823096832
256 989 3 1823096832
256 990 0 1823096832
256 991 3 1823096832
256 992 0 1823096832
256 993 0 1823096832
256 994 0 1823096832
256 995 0 1823096832
256 996 0 1823096832
256 997 0 1823096832
256 998 0 1823096832
256 999 0 1823096832
