256 0 566 15860524
256 1 546 15860524
256 2 549 15860524
256 3 546 15860524
256 4 549 15860524
256 5 549 15860524
256 6 540 15860524
256 7 550 15860524
256 8 538 15860524
256 9 546 15860524
256 10 553 15860524
256 11 555 15860524
256 12 551 15860524
256 13 559 15860524
256 14 549 15860524
256 15 554 15860524
256 16 545 15860524
256 17 544 15860524
256 18 552 15860524
256 19 559 15860524
256 20 545 15860524
256 21 557 15860524
256 22 538 15860524
256 23 562 15860524
256 24 547 15860524
256 25 549 15860524
256 26 548 15860524
256 27 553 15860524
256 28 543 15860524
256 29 549 15860524
256 30 542 15860524
256 31 552 15860524
256 32 549 15860524
256 33 548 15860524
256 34 537 15860524
256 35 545 15860524
256 36 540 15860524
256 37 542 15860524
256 38 541 15860524
256 39 544 15860524
256 40 536 15860524
256 41 544 15860524
256 42 551 15860524
256 43 547 15860524
256 44 544 15860524
256 45 541 15860524
256 46 539 15860524
256 47 546 15860524
256 48 556 15860524
256 49 553 15860524
256 50 543 15860524
256 51 555 15860524
256 52 537 15860524
256 53 552 15860524
256 54 544 15860524
256 55 548 15860524
256 56 546 15860524
256 57 547 15860524
256 58 555 15860524
256 59 544 15860524
256 60 559 15860524
256 61 558 15860524
256 62 544 15860524
256 63 546 15860524
256 64 558 15860524
256 65 558 15860524
256 66 556 15860524
256 67 543 15860524
256 68 541 15860524
256 69 547 15860524
256 70 554 15860524
256 71 542 15860524
256 72 555 15860524
256 73 558 15860524
256 74 564 15860524
256 75 542 15860524
256 76 557 15860524
256 77 540 15860524
256 78 544 15860524
256 79 546 15860524
256 80 533 15860524
256 81 551 15860524
256 82 551 15860524
256 83 556 15860524
256 84 550 15860524
256 85 551 15860524
256 86 555 15860524
256 87 548 15860524
256 88 541 15860524
256 89 549 15860524
256 90 550 15860524
256 91 542 15860524
256 92 533 15860524
256 93 554 15860524
256 94 553 15860524
256 95 542 15860524
256 96 552 15860524
256 97 550 15860524
256 98 555 15860524
256 99 543 15860524
256 100 547 15860524
256 101 544 15860524
256 102 547 15860524
256 103 545 15860524
256 104 538 15860524
256 105 551 15860524
256 106 557 15860524
256 107 547 15860524
256 108 549 15860524
256 109 539 15860524
256 110 541 15860524
256 111 540 15860524
256 112 544 15860524
256 113 537 15860524
256 114 538 15860524
256 115 547 15860524
256 116 546 15860524
256 117 544 15860524
256 118 542 15860524
256 119 539 15860524
256 120 550 15860524
256 121 556 15860524
256 122 556 15860524
256 123 532 15860524
256 124 551 15860524
256 125 551 15860524
256 126 558 15860524
256 127 546 15860524
256 128 553 15860524
256 129 554 15860524
256 130 547 15860524
256 131 553 15860524
256 132 556 15860524
256 133 561 15860524
256 134 550 15860524
256 135 545 15860524
256 136 553 15860524
256 137 546 15860524
256 138 546 15860524
256 139 533 15860524
256 140 555 15860524
256 141 550 15860524
256 142 537 15860524
256 143 549 15860524
256 144 547 15860524
256 145 547 15860524
256 146 542 15860524
256 147 542 15860524
256 148 545 15860524
256 149 542 15860524
256 150 546 15860524
256 151 548 15860524
256 152 563 15860524
256 153 550 15860524
256 154 541 15860524
256 155 554 15860524
256 156 549 15860524
256 157 540 15860524
256 158 561 15860524
256 159 545 15860524
256 160 547 15860524
256 161 551 15860524
256 162 551 15860524
256 163 554 15860524
256 164 542 15860524
256 165 549 15860524
256 166 553 15860524
256 167 553 15860524
256 168 548 15860524
256 169 549 15860524
256 170 535 15860524
256 171 536 15860524
256 172 542 15860524
256 173 542 15860524
256 174 546 15860524
256 175 540 15860524
256 176 551 15860524
256 177 547 15860524
256 178 552 15860524
256 179 535 15860524
256 180 543 15860524
256 181 535 15860524
256 182 539 15860524
256 183 544 15860524
256 184 540 15860524
256 185 552 15860524
256 186 554 15860524
256 187 546 15860524
256 188 538 15860524
256 189 545 15860524
256 190 548 15860524
256 191 542 15860524
256 192 552 15860524
256 193 548 15860524
256 194 547 15860524
256 195 548 15860524
256 196 544 15860524
256 197 547 15860524
256 198 547 15860524
256 199 549 15860524
256 200 542 15860524
256 201 543 15860524
256 202 539 15860524
256 203 556 15860524
256 204 559 15860524
256 205 542 15860524
256 206 550 15860524
256 207 544 15860524
256 208 546 15860524
256 209 552 15860524
256 210 539 15860524
256 211 545 15860524
256 212 543 15860524
256 213 543 15860524
256 214 539 15860524
256 215 557 15860524
256 216 542 15860524
256 217 538 15860524
256 218 552 15860524
256 219 531 15860524
256 220 546 15860524
256 221 543 15860524
256 222 546 15860524
256 223 544 15860524
256 224 549 15860524
256 225 559 15860524
256 226 539 15860524
256 227 539 15860524
256 228 551 15860524
256 229 553 15860524
256 230 539 15860524
256 231 546 15860524
256 232 546 15860524
256 233 541 15860524
256 234 540 15860524
256 235 541 15860524
256 236 566 15860524
256 237 545 15860524
256 238 550 15860524
256 239 535 15860524
256 240 548 15860524
256 241 546 15860524
256 242 544 15860524
256 243 556 15860524
256 244 549 15860524
256 245 550 15860524
256 246 550 15860524
256 247 543 15860524
256 248 538 15860524
256 249 545 15860524
256 250 554 15860524
256 251 550 15860524
256 252 543 15860524
256 253 539 15860524
256 254 557 15860524
256 255 550 15860524
256 256 549 15860524
256 257 538 15860524
256 258 557 15860524
256 259 534 15860524
256 260 543 15860524
256 261 550 15860524
256 262 551 15860524
256 263 535 15860524
256 264 546 15860524
256 265 548 15860524
256 266 551 15860524
256 267 552 15860524
256 268 554 15860524
256 269 545 15860524
256 270 541 15860524
256 271 548 15860524
256 272 543 15860524
256 273 546 15860524
256 274 556 15860524
256 275 546 15860524
256 276 549 15860524
256 277 558 15860524
256 278 550 15860524
256 279 548 15860524
256 280 556 15860524
256 281 549 15860524
256 282 547 15860524
256 283 537 15860524
256 284 555 15860524
256 285 541 15860524
256 286 557 15860524
256 287 547 15860524
256 288 543 15860524
256 289 541 15860524
256 290 555 15860524
256 291 546 15860524
256 292 544 15860524
256 293 561 15860524
256 294 551 15860524
256 295 558 15860524
256 296 561 15860524
256 297 556 15860524
256 298 538 15860524
256 299 544 15860524
256 300 542 15860524
256 301 554 15860524
256 302 538 15860524
256 303 537 15860524
256 304 547 15860524
256 305 545 15860524
256 306 539 15860524
256 307 547 15860524
256 308 547 15860524
256 309 544 15860524
256 310 552 15860524
256 311 548 15860524
256 312 557 15860524
256 313 555 15860524
256 314 536 15860524
256 315 545 15860524
256 316 555 15860524
256 317 544 15860524
256 318 547 15860524
256 319 545 15860524
256 320 550 15860524
256 321 554 15860524
256 322 546 15860524
256 323 540 15860524
256 324 542 15860524
256 325 538 15860524
256 326 554 15860524
256 327 541 15860524
256 328 558 15860524
256 329 551 15860524
256 330 554 15860524
256 331 546 15860524
256 332 550 15860524
256 333 552 15860524
256 334 545 15860524
256 335 550 15860524
256 336 551 15860524
256 337 559 15860524
256 338 546 15860524
256 339 550 15860524
256 340 554 15860524
256 341 554 15860524
256 342 546 15860524
256 343 548 15860524
256 344 547 15860524
256 345 541 15860524
256 346 544 15860524
256 347 545 15860524
256 348 553 15860524
256 349 552 15860524
256 350 551 15860524
256 351 541 15860524
256 352 555 15860524
256 353 547 15860524
256 354 547 15860524
256 355 545 15860524
256 356 546 15860524
256 357 551 15860524
256 358 545 15860524
256 359 539 15860524
256 360 547 15860524
256 361 541 15860524
256 362 542 15860524
256 363 554 15860524
256 364 542 15860524
256 365 536 15860524
256 366 545 15860524
256 367 542 15860524
256 368 550 15860524
256 369 546 15860524
256 370 553 15860524
256 371 529 15860524
256 372 542 15860524
256 373 553 15860524
256 374 545 15860524
256 375 557 15860524
256 376 543 15860524
256 377 552 15860524
256 378 540 15860524
256 379 545 15860524
256 380 547 15860524
256 381 537 15860524
256 382 540 15860524
256 383 547 15860524
256 384 547 15860524
256 385 541 15860524
256 386 560 15860524
256 387 546 15860524
256 388 543 15860524
256 389 547 15860524
256 390 548 15860524
256 391 551 15860524
256 392 548 15860524
256 393 549 15860524
256 394 547 15860524
256 395 549 15860524
256 396 549 15860524
256 397 551 15860524
256 398 546 15860524
256 399 545 15860524
256 400 537 15860524
256 401 550 15860524
256 402 548 15860524
256 403 556 15860524
256 404 546 15860524
256 405 539 15860524
256 406 541 15860524
256 407 558 15860524
256 408 537 15860524
256 409 556 15860524
256 410 546 15860524
256 411 533 15860524
256 412 550 15860524
256 413 536 15860524
256 414 545 15860524
256 415 544 15860524
256 416 546 15860524
256 417 548 15860524
256 418 544 15860524
256 419 554 15860524
256 420 549 15860524
256 421 539 15860524
256 422 541 15860524
256 423 534 15860524
256 424 550 15860524
256 425 545 15860524
256 426 552 15860524
256 427 550 15860524
256 428 547 15860524
256 429 548 15860524
256 430 543 15860524
256 431 554 15860524
256 432 551 15860524
256 433 540 15860524
256 434 558 15860524
256 435 538 15860524
256 436 556 15860524
256 437 546 15860524
256 438 555 15860524
256 439 549 15860524
256 440 544 15860524
256 441 550 15860524
256 442 546 15860524
256 443 539 15860524
256 444 536 15860524
256 445 549 15860524
256 446 552 15860524
256 447 558 15860524
256 448 553 15860524
256 449 545 15860524
256 450 548 15860524
256 451 542 15860524
256 452 551 15860524
256 453 541 15860524
256 454 550 15860524
256 455 543 15860524
256 456 530 15860524
256 457 554 15860524
256 458 550 15860524
256 459 541 15860524
256 460 551 15860524
256 461 554 15860524
256 462 544 15860524
256 463 541 15860524
256 464 542 15860524
256 465 543 15860524
256 466 544 15860524
256 467 545 15860524
256 468 539 15860524
256 469 548 15860524
256 470 550 15860524
256 471 536 15860524
256 472 555 15860524
256 473 546 15860524
256 474 546 15860524
256 475 548 15860524
256 476 550 15860524
256 477 544 15860524
256 478 556 15860524
256 479 545 15860524
256 480 539 15860524
256 481 553 15860524
256 482 545 15860524
256 483 544 15860524
256 484 540 15860524
256 485 554 15860524
256 486 547 15860524
256 487 552 15860524
256 488 551 15860524
256 489 548 15860524
256 490 538 15860524
256 491 547 15860524
256 492 558 15860524
256 493 559 15860524
256 494 552 15860524
256 495 549 15860524
256 496 549 15860524
256 497 552 15860524
256 498 539 15860524
256 499 546 15860524
256 500 543 15860524
256 501 554 15860524
256 502 545 15860524
256 503 543 15860524
256 504 548 15860524
256 505 539 15860524
256 506 552 15860524
256 507 540 15860524
256 508 544 15860524
256 509 546 15860524
256 510 539 15860524
256 511 537 15860524
256 512 549 15860524
256 513 551 15860524
256 514 551 15860524
256 515 549 15860524
256 516 551 15860524
256 517 554 15860524
256 518 537 15860524
256 519 542 15860524
256 520 547 15860524
256 521 536 15860524
256 522 535 15860524
256 523 553 15860524
256 524 541 15860524
256 525 545 15860524
256 526 552 15860524
256 527 541 15860524
256 528 555 15860524
256 529 548 15860524
256 530 535 15860524
256 531 536 15860524
256 532 554 15860524
256 533 542 15860524
256 534 544 15860524
256 535 549 15860524
256 536 542 15860524
256 537 545 15860524
256 538 544 15860524
256 539 541 15860524
256 540 549 15860524
256 541 552 15860524
256 542 545 15860524
256 543 548 15860524
256 544 557 15860524
256 545 547 15860524
256 546 541 15860524
256 547 540 15860524
256 548 546 15860524
256 549 560 15860524
256 550 539 15860524
256 551 549 15860524
256 552 550 15860524
256 553 561 15860524
256 554 550 15860524
256 555 547 15860524
256 556 564 15860524
256 557 543 15860524
256 558 550 15860524
256 559 550 15860524
256 560 537 15860524
256 561 544 15860524
256 562 553 15860524
256 563 546 15860524
256 564 558 15860524
256 565 552 15860524
256 566 548 15860524
256 567 537 15860524
256 568 539 15860524
256 569 540 15860524
256 570 549 15860524
256 571 543 15860524
256 572 543 15860524
256 573 546 15860524
256 574 544 15860524
256 575 552 15860524
256 576 535 15860524
256 577 560 15860524
256 578 556 15860524
256 579 545 15860524
256 580 538 15860524
256 581 548 15860524
256 582 544 15860524
256 583 537 15860524
256 584 543 15860524
256 585 544 15860524
256 586 544 15860524
256 587 553 15860524
256 588 559 15860524
256 589 559 15860524
256 590 545 15860524
256 591 554 15860524
256 592 547 15860524
256 593 551 15860524
256 594 538 15860524
256 595 546 15860524
256 596 540 15860524
256 597 548 15860524
256 598 540 15860524
256 599 550 15860524
256 600 549 15860524
256 601 545 15860524
256 602 543 15860524
256 603 547 15860524
256 604 547 15860524
256 605 561 15860524
256 606 553 15860524
256 607 540 15860524
256 608 551 15860524
256 609 544 15860524
256 610 554 15860524
256 611 542 15860524
256 612 541 15860524
256 613 542 15860524
256 614 548 15860524
256 615 540 15860524
256 616 535 15860524
256 617 549 15860524
256 618 547 15860524
256 619 541 15860524
256 620 539 15860524
256 621 539 15860524
256 622 548 15860524
256 623 543 15860524
256 624 548 15860524
256 625 547 15860524
256 626 549 15860524
256 627 540 15860524
256 628 543 15860524
256 629 549 15860524
256 630 544 15860524
256 631 553 15860524
256 632 561 15860524
256 633 548 15860524
256 634 557 15860524
256 635 542 15860524
256 636 541 15860524
256 637 546 15860524
256 638 552 15860524
256 639 543 15860524
256 640 558 15860524
256 641 541 15860524
256 642 557 15860524
256 643 545 15860524
256 644 549 15860524
256 645 557 15860524
256 646 552 15860524
256 647 542 15860524
256 648 545 15860524
256 649 552 15860524
256 650 548 15860524
256 651 548 15860524
256 652 556 15860524
256 653 549 15860524
256 654 549 15860524
256 655 553 15860524
256 656 543 15860524
256 657 563 15860524
256 658 538 15860524
256 659 535 15860524
256 660 553 15860524
256 661 545 15860524
256 662 552 15860524
256 663 546 15860524
256 664 547 15860524
256 665 546 15860524
256 666 548 15860524
256 667 553 15860524
256 668 540 15860524
256 669 546 15860524
256 670 560 15860524
256 671 538 15860524
256 672 533 15860524
256 673 558 15860524
256 674 548 15860524
256 675 555 15860524
256 676 540 15860524
256 677 546 15860524
256 678 547 15860524
256 679 556 15860524
256 680 540 15860524
256 681 547 15860524
256 682 551 15860524
256 683 552 15860524
256 684 548 15860524
256 685 558 15860524
256 686 540 15860524
256 687 543 15860524
256 688 546 15860524
256 689 543 15860524
256 690 550 15860524
256 691 552 15860524
256 692 544 15860524
256 693 538 15860524
256 694 546 15860524
256 695 549 15860524
256 696 552 15860524
256 697 541 15860524
256 698 552 15860524
256 699 538 15860524
256 700 551 15860524
256 701 552 15860524
256 702 548 15860524
256 703 545 15860524
256 704 545 15860524
256 705 550 15860524
256 706 548 15860524
256 707 543 15860524
256 708 536 15860524
256 709 555 15860524
256 710 548 15860524
256 711 546 15860524
256 712 546 15860524
256 713 549 15860524
256 714 540 15860524
256 715 535 15860524
256 716 543 15860524
256 717 543 15860524
256 718 550 15860524
256 719 547 15860524
256 720 547 15860524
256 721 547 15860524
256 722 544 15860524
256 723 535 15860524
256 724 558 15860524
256 725 547 15860524
256 726 540 15860524
256 727 540 15860524
256 728 556 15860524
256 729 537 15860524
256 730 540 15860524
256 731 535 15860524
256 732 546 15860524
256 733 544 15860524
256 734 549 15860524
256 735 536 15860524
256 736 540 15860524
256 737 555 15860524
256 738 543 15860524
256 739 553 15860524
256 740 549 15860524
256 741 548 15860524
256 742 539 15860524
256 743 541 15860524
256 744 552 15860524
256 745 545 15860524
256 746 546 15860524
256 747 548 15860524
256 748 542 15860524
256 749 542 15860524
256 750 546 15860524
256 751 540 15860524
256 752 539 15860524
256 753 548 15860524
256 754 553 15860524
256 755 545 15860524
256 756 532 15860524
256 757 556 15860524
256 758 548 15860524
256 759 540 15860524
256 760 543 15860524
256 761 536 15860524
256 762 538 15860524
256 763 550 15860524
256 764 543 15860524
256 765 536 15860524
256 766 549 15860524
256 767 553 15860524
256 768 539 15860524
256 769 546 15860524
256 770 546 15860524
256 771 557 15860524
256 772 547 15860524
256 773 545 15860524
256 774 544 15860524
256 775 547 15860524
256 776 549 15860524
256 777 541 15860524
256 778 553 15860524
256 779 555 15860524
256 780 536 15860524
256 781 550 15860524
256 782 538 15860524
256 783 543 15860524
256 784 544 15860524
256 785 554 15860524
256 786 556 15860524
256 787 550 15860524
256 788 549 15860524
256 789 544 15860524
256 790 549 15860524
256 791 548 15860524
256 792 554 15860524
256 793 553 15860524
256 794 550 15860524
256 795 549 15860524
256 796 540 15860524
256 797 549 15860524
256 798 536 15860524
256 799 550 15860524
256 800 548 15860524
256 801 546 15860524
256 802 548 15860524
256 803 551 15860524
256 804 546 15860524
256 805 540 15860524
256 806 546 15860524
256 807 548 15860524
256 808 545 15860524
256 809 541 15860524
256 810 541 15860524
256 811 537 15860524
256 812 550 15860524
256 813 549 15860524
256 814 556 15860524
256 815 540 15860524
256 816 538 15860524
256 817 536 15860524
256 818 548 15860524
256 819 538 15860524
256 820 535 15860524
256 821 548 15860524
256 822 554 15860524
256 823 534 15860524
256 824 554 15860524
256 825 536 15860524
256 826 548 15860524
256 827 549 15860524
256 828 546 15860524
256 829 556 15860524
256 830 557 15860524
256 831 561 15860524
256 832 542 15860524
256 833 539 15860524
256 834 557 15860524
256 835 535 15860524
256 836 538 15860524
256 837 549 15860524
256 838 552 15860524
256 839 544 15860524
256 840 556 15860524
256 841 552 15860524
256 842 557 15860524
256 843 552 15860524
256 844 536 15860524
256 845 545 15860524
256 846 550 15860524
256 847 542 15860524
256 848 541 15860524
256 849 540 15860524
256 850 546 15860524
256 851 543 15860524
256 852 546 15860524
256 853 547 15860524
256 854 530 15860524
256 855 555 15860524
256 856 550 15860524
256 857 554 15860524
256 858 549 15860524
256 859 546 15860524
256 860 544 15860524
256 861 555 15860524
256 862 542 15860524
256 863 541 15860524
256 864 542 15860524
256 865 554 15860524
256 866 538 15860524
256 867 545 15860524
256 868 546 15860524
256 869 546 15860524
256 870 547 15860524
256 871 548 15860524
256 872 551 15860524
256 873 548 15860524
256 874 549 15860524
256 875 554 15860524
256 876 542 15860524
256 877 541 15860524
256 878 557 15860524
256 879 548 15860524
256 880 544 15860524
256 881 543 15860524
256 882 545 15860524
256 883 542 15860524
256 884 538 15860524
256 885 549 15860524
256 886 534 15860524
256 887 546 15860524
256 888 553 15860524
256 889 545 15860524
256 890 561 15860524
256 891 563 15860524
256 892 547 15860524
256 893 550 15860524
256 894 539 15860524
256 895 547 15860524
256 896 543 15860524
256 897 546 15860524
256 898 540 15860524
256 899 552 15860524
256 900 548 15860524
256 901 548 15860524
256 902 554 15860524
256 903 555 15860524
256 904 551 15860524
256 905 547 15860524
256 906 547 15860524
256 907 546 15860524
256 908 554 15860524
256 909 537 15860524
256 910 543 15860524
256 911 551 15860524
256 912 548 15860524
256 913 540 15860524
256 914 547 15860524
256 915 550 15860524
256 916 563 15860524
256 917 549 15860524
256 918 548 15860524
256 919 548 15860524
256 920 552 15860524
256 921 543 15860524
256 922 551 15860524
256 923 537 15860524
256 924 539 15860524
256 925 553 15860524
256 926 542 15860524
256 927 548 15860524
256 928 538 15860524
256 929 544 15860524
256 930 544 15860524
256 931 543 15860524
256 932 538 15860524
256 933 550 15860524
256 934 549 15860524
256 935 540 15860524
256 936 544 15860524
256 937 549 15860524
256 938 545 15860524
256 939 548 15860524
256 940 557 15860524
256 941 544 15860524
256 942 545 15860524
256 943 560 15860524
256 944 554 15860524
256 945 553 15860524
256 946 547 15860524
256 947 543 15860524
256 948 538 15860524
256 949 545 15860524
256 950 554 15860524
256 951 564 15860524
256 952 550 15860524
256 953 542 15860524
256 954 552 15860524
256 955 549 15860524
256 956 564 15860524
256 957 544 15860524
256 958 546 15860524
256 959 552 15860524
256 960 544 15860524
256 961 541 15860524
256 962 548 15860524
256 963 557 15860524
256 964 552 15860524
256 965 545 15860524
256 966 551 15860524
256 967 547 15860524
256 968 543 15860524
256 969 550 15860524
256 970 546 15860524
256 971 548 15860524
256 972 551 15860524
256 973 548 15860524
256 974 544 15860524
256 975 543 15860524
256 976 543 15860524
256 977 538 15860524
256 978 547 15860524
256 979 547 15860524
256 980 542 15860524
256 981 554 15860524
256 982 540 15860524
256 983 550 15860524
256 984 546 15860524
256 985 535 15860524
256 986 547 15860524
256 987 548 15860524
256 988 556 15860524
256 989 549 15860524
256 990 545 15860524
256 991 543 15860524
256 992 547 15860524
256 993 549 15860524
256 994 538 15860524
256 995 548 15860524
256 996 545 15860524
256 997 552 15860524
256 998 537 15860524
256 999 546 15860524
