128 0 282 4237354092
128 1 287 4237354092
128 2 274 4237354092
128 3 265 4237354092
128 4 264 4237354092
128 5 268 4237354092
128 6 266 4237354092
128 7 277 4237354092
128 8 273 4237354092
128 9 267 4237354092
128 10 267 4237354092
128 11 262 4237354092
128 12 271 4237354092
128 13 266 4237354092
128 14 268 4237354092
128 15 271 4237354092
128 16 267 4237354092
128 17 262 4237354092
128 18 271 4237354092
128 19 271 4237354092
128 20 274 4237354092
128 21 271 4237354092
128 22 269 4237354092
128 23 264 4237354092
128 24 266 4237354092
128 25 272 4237354092
128 26 274 4237354092
128 27 269 4237354092
128 28 264 4237354092
128 29 276 4237354092
128 30 264 4237354092
128 31 274 4237354092
128 32 269 4237354092
128 33 270 4237354092
128 34 273 4237354092
128 35 274 4237354092
128 36 268 4237354092
128 37 266 4237354092
128 38 267 4237354092
128 39 274 4237354092
128 40 274 4237354092
128 41 271 4237354092
128 42 269 4237354092
128 43 268 4237354092
128 44 268 4237354092
128 45 275 4237354092
128 46 269 4237354092
128 47 280 4237354092
128 48 266 4237354092
128 49 273 4237354092
128 50 273 4237354092
128 51 275 4237354092
128 52 268 4237354092
128 53 268 4237354092
128 54 269 4237354092
128 55 273 4237354092
128 56 269 4237354092
128 57 271 4237354092
128 58 261 4237354092
128 59 275 4237354092
128 60 267 4237354092
128 61 271 4237354092
128 62 276 4237354092
128 63 272 4237354092
128 64 276 4237354092
128 65 270 4237354092
128 66 268 4237354092
128 67 268 4237354092
128 68 269 4237354092
128 69 267 4237354092
128 70 283 4237354092
128 71 268 4237354092
128 72 272 4237354092
128 73 271 4237354092
128 74 268 4237354092
128 75 276 4237354092
128 76 268 4237354092
128 77 274 4237354092
128 78 266 4237354092
128 79 273 4237354092
128 80 276 4237354092
128 81 265 4237354092
128 82 266 4237354092
128 83 276 4237354092
128 84 265 4237354092
128 85 277 4237354092
128 86 275 4237354092
128 87 272 4237354092
128 88 277 4237354092
128 89 278 4237354092
128 90 278 4237354092
128 91 273 4237354092
128 92 263 4237354092
128 93 271 4237354092
128 94 268 4237354092
128 95 269 4237354092
128 96 273 4237354092
128 97 271 4237354092
128 98 262 4237354092
128 99 270 4237354092
128 100 270 4237354092
128 101 273 4237354092
128 102 270 4237354092
128 103 266 4237354092
128 104 272 4237354092
128 105 275 4237354092
128 106 267 4237354092
128 107 271 4237354092
128 108 268 4237354092
128 109 272 4237354092
128 110 272 4237354092
128 111 262 4237354092
128 112 272 4237354092
128 113 270 4237354092
128 114 275 4237354092
128 115 268 4237354092
128 116 274 4237354092
128 117 271 4237354092
128 118 272 4237354092
128 119 274 4237354092
128 120 264 4237354092
128 121 268 4237354092
128 122 265 4237354092
128 123 265 4237354092
128 124 266 4237354092
128 125 264 4237354092
128 126 266 4237354092
128 127 270 4237354092
128 128 273 4237354092
128 129 272 4237354092
128 130 262 4237354092
128 131 269 4237354092
128 132 264 4237354092
128 133 271 4237354092
128 134 274 4237354092
128 135 268 4237354092
128 136 266 4237354092
128 137 263 4237354092
128 138 277 4237354092
128 139 276 4237354092
128 140 272 4237354092
128 141 266 4237354092
128 142 274 4237354092
128 143 272 4237354092
128 144 274 4237354092
128 145 272 4237354092
128 146 279 4237354092
128 147 270 4237354092
128 148 274 4237354092
128 149 272 4237354092
128 150 274 4237354092
128 151 271 4237354092
128 152 266 4237354092
128 153 275 4237354092
128 154 270 4237354092
128 155 270 4237354092
128 156 280 4237354092
128 157 271 4237354092
128 158 265 4237354092
128 159 272 4237354092
128 160 266 4237354092
128 161 268 4237354092
128 162 272 4237354092
128 163 272 4237354092
128 164 279 4237354092
128 165 268 4237354092
128 166 264 4237354092
128 167 270 4237354092
128 168 270 4237354092
128 169 277 4237354092
128 170 271 4237354092
128 171 270 4237354092
128 172 268 4237354092
128 173 269 4237354092
128 174 270 4237354092
128 175 269 4237354092
128 176 272 4237354092
128 177 269 4237354092
128 178 274 4237354092
128 179 260 4237354092
128 180 280 4237354092
128 181 268 4237354092
128 182 271 4237354092
128 183 270 4237354092
128 184 266 4237354092
128 185 272 4237354092
128 186 274 4237354092
128 187 267 4237354092
128 188 267 4237354092
128 189 264 4237354092
128 190 272 4237354092
128 191 269 4237354092
128 192 271 4237354092
128 193 275 4237354092
128 194 266 4237354092
128 195 272 4237354092
128 196 272 4237354092
128 197 270 4237354092
128 198 262 4237354092
128 199 267 4237354092
128 200 276 4237354092
128 201 272 4237354092
128 202 266 4237354092
128 203 274 4237354092
128 204 266 4237354092
128 205 274 4237354092
128 206 264 4237354092
128 207 274 4237354092
128 208 268 4237354092
128 209 264 4237354092
128 210 279 4237354092
128 211 275 4237354092
128 212 272 4237354092
128 213 262 4237354092
128 214 278 4237354092
128 215 273 4237354092
128 216 267 4237354092
128 217 269 4237354092
128 218 263 4237354092
128 219 270 4237354092
128 220 268 4237354092
128 221 272 4237354092
128 222 273 4237354092
128 223 269 4237354092
128 224 276 4237354092
128 225 266 4237354092
128 226 273 4237354092
128 227 274 4237354092
128 228 270 4237354092
128 229 272 4237354092
128 230 266 4237354092
128 231 265 4237354092
128 232 268 4237354092
128 233 276 4237354092
128 234 270 4237354092
128 235 266 4237354092
128 236 275 4237354092
128 237 268 4237354092
128 238 268 4237354092
128 239 268 4237354092
128 240 270 4237354092
128 241 262 4237354092
128 242 272 4237354092
128 243 267 4237354092
128 244 266 4237354092
128 245 267 4237354092
128 246 274 4237354092
128 247 271 4237354092
128 248 271 4237354092
128 249 266 4237354092
128 250 270 4237354092
128 251 268 4237354092
128 252 265 4237354092
128 253 271 4237354092
128 254 272 4237354092
128 255 269 4237354092
128 256 269 4237354092
128 257 266 4237354092
128 258 265 4237354092
128 259 260 4237354092
128 260 266 4237354092
128 261 270 4237354092
128 262 268 4237354092
128 263 266 4237354092
128 264 278 4237354092
128 265 262 4237354092
128 266 274 4237354092
128 267 263 4237354092
128 268 266 4237354092
128 269 274 4237354092
128 270 270 4237354092
128 271 266 4237354092
128 272 272 4237354092
128 273 273 4237354092
128 274 269 4237354092
128 275 278 4237354092
128 276 270 4237354092
128 277 266 4237354092
128 278 273 4237354092
128 279 270 4237354092
128 280 267 4237354092
128 281 266 4237354092
128 282 264 4237354092
128 283 268 4237354092
128 284 266 4237354092
128 285 276 4237354092
128 286 268 4237354092
128 287 265 4237354092
128 288 266 4237354092
128 289 270 4237354092
128 290 276 4237354092
128 291 264 4237354092
128 292 272 4237354092
128 293 264 4237354092
128 294 270 4237354092
128 295 269 4237354092
128 296 270 4237354092
128 297 272 4237354092
128 298 265 4237354092
128 299 276 4237354092
128 300 270 4237354092
128 301 265 4237354092
128 302 279 4237354092
128 303 274 4237354092
128 304 269 4237354092
128 305 270 4237354092
128 306 276 4237354092
128 307 274 4237354092
128 308 269 4237354092
128 309 262 4237354092
128 310 272 4237354092
128 311 266 4237354092
128 312 267 4237354092
128 313 266 4237354092
128 314 270 4237354092
128 315 272 4237354092
128 316 268 4237354092
128 317 265 4237354092
128 318 267 4237354092
128 319 272 4237354092
128 320 269 4237354092
128 321 266 4237354092
128 322 269 4237354092
128 323 270 4237354092
128 324 273 4237354092
128 325 262 4237354092
128 326 270 4237354092
128 327 270 4237354092
128 328 264 4237354092
128 329 268 4237354092
128 330 268 4237354092
128 331 276 4237354092
128 332 271 4237354092
128 333 268 4237354092
128 334 270 4237354092
128 335 264 4237354092
128 336 271 4237354092
128 337 274 4237354092
128 338 268 4237354092
128 339 268 4237354092
128 340 273 4237354092
128 341 264 4237354092
128 342 276 4237354092
128 343 275 4237354092
128 344 268 4237354092
128 345 268 4237354092
128 346 272 4237354092
128 347 272 4237354092
128 348 276 4237354092
128 349 270 4237354092
128 350 264 4237354092
128 351 267 4237354092
128 352 265 4237354092
128 353 275 4237354092
128 354 264 4237354092
128 355 267 4237354092
128 356 270 4237354092
128 357 270 4237354092
128 358 267 4237354092
128 359 264 4237354092
128 360 265 4237354092
128 361 274 4237354092
128 362 264 4237354092
128 363 268 4237354092
128 364 265 4237354092
128 365 262 4237354092
128 366 266 4237354092
128 367 273 4237354092
128 368 274 4237354092
128 369 278 4237354092
128 370 269 4237354092
128 371 261 4237354092
128 372 279 4237354092
128 373 278 4237354092
128 374 272 4237354092
128 375 270 4237354092
128 376 270 4237354092
128 377 271 4237354092
128 378 264 4237354092
128 379 266 4237354092
128 380 269 4237354092
128 381 268 4237354092
128 382 270 4237354092
128 383 273 4237354092
128 384 270 4237354092
128 385 266 4237354092
128 386 267 4237354092
128 387 262 4237354092
128 388 270 4237354092
128 389 266 4237354092
128 390 271 4237354092
128 391 268 4237354092
128 392 267 4237354092
128 393 276 4237354092
128 394 268 4237354092
128 395 269 4237354092
128 396 268 4237354092
128 397 268 4237354092
128 398 270 4237354092
128 399 269 4237354092
128 400 272 4237354092
128 401 267 4237354092
128 402 273 4237354092
128 403 264 4237354092
128 404 274 4237354092
128 405 266 4237354092
128 406 266 4237354092
128 407 271 4237354092
128 408 268 4237354092
128 409 272 4237354092
128 410 265 4237354092
128 411 272 4237354092
128 412 268 4237354092
128 413 270 4237354092
128 414 272 4237354092
128 415 268 4237354092
128 416 278 4237354092
128 417 266 4237354092
128 418 266 4237354092
128 419 273 4237354092
128 420 270 4237354092
128 421 272 4237354092
128 422 274 4237354092
128 423 268 4237354092
128 424 265 4237354092
128 425 268 4237354092
128 426 266 4237354092
128 427 266 4237354092
128 428 274 4237354092
128 429 266 4237354092
128 430 262 4237354092
128 431 266 4237354092
128 432 269 4237354092
128 433 270 4237354092
128 434 270 4237354092
128 435 272 4237354092
128 436 267 4237354092
128 437 266 4237354092
128 438 272 4237354092
128 439 270 4237354092
128 440 272 4237354092
128 441 274 4237354092
128 442 267 4237354092
128 443 277 4237354092
128 444 269 4237354092
128 445 267 4237354092
128 446 273 4237354092
128 447 266 4237354092
128 448 272 4237354092
128 449 269 4237354092
128 450 266 4237354092
128 451 272 4237354092
128 452 266 4237354092
128 453 270 4237354092
128 454 272 4237354092
128 455 276 4237354092
128 456 270 4237354092
128 457 265 4237354092
128 458 269 4237354092
128 459 268 4237354092
128 460 267 4237354092
128 461 267 4237354092
128 462 272 4237354092
128 463 266 4237354092
128 464 269 4237354092
128 465 270 4237354092
128 466 268 4237354092
128 467 277 4237354092
128 468 278 4237354092
128 469 269 4237354092
128 470 271 4237354092
128 471 275 4237354092
128 472 270 4237354092
128 473 272 4237354092
128 474 271 4237354092
128 475 273 4237354092
128 476 272 4237354092
128 477 274 4237354092
128 478 280 4237354092
128 479 268 4237354092
128 480 274 4237354092
128 481 265 4237354092
128 482 272 4237354092
128 483 266 4237354092
128 484 266 4237354092
128 485 274 4237354092
128 486 268 4237354092
128 487 274 4237354092
128 488 264 4237354092
128 489 264 4237354092
128 490 272 4237354092
128 491 271 4237354092
128 492 273 4237354092
128 493 265 4237354092
128 494 262 4237354092
128 495 270 4237354092
128 496 276 4237354092
128 497 268 4237354092
128 498 276 4237354092
128 499 272 4237354092
128 500 274 4237354092
128 501 278 4237354092
128 502 268 4237354092
128 503 270 4237354092
128 504 258 4237354092
128 505 274 4237354092
128 506 270 4237354092
128 507 273 4237354092
128 508 269 4237354092
128 509 264 4237354092
128 510 274 4237354092
128 511 277 4237354092
128 512 269 4237354092
128 513 266 4237354092
128 514 274 4237354092
128 515 264 4237354092
128 516 267 4237354092
128 517 272 4237354092
128 518 273 4237354092
128 519 279 4237354092
128 520 270 4237354092
128 521 266 4237354092
128 522 278 4237354092
128 523 278 4237354092
128 524 268 4237354092
128 525 284 4237354092
128 526 270 4237354092
128 527 269 4237354092
128 528 268 4237354092
128 529 266 4237354092
128 530 278 4237354092
128 531 262 4237354092
128 532 267 4237354092
128 533 268 4237354092
128 534 271 4237354092
128 535 280 4237354092
128 536 266 4237354092
128 537 272 4237354092
128 538 272 4237354092
128 539 268 4237354092
128 540 282 4237354092
128 541 264 4237354092
128 542 266 4237354092
128 543 270 4237354092
128 544 271 4237354092
128 545 269 4237354092
128 546 279 4237354092
128 547 270 4237354092
128 548 262 4237354092
128 549 272 4237354092
128 550 266 4237354092
128 551 275 4237354092
128 552 272 4237354092
128 553 264 4237354092
128 554 276 4237354092
128 555 269 4237354092
128 556 268 4237354092
128 557 269 4237354092
128 558 275 4237354092
128 559 279 4237354092
128 560 270 4237354092
128 561 274 4237354092
128 562 268 4237354092
128 563 271 4237354092
128 564 273 4237354092
128 565 267 4237354092
128 566 267 4237354092
128 567 270 4237354092
128 568 274 4237354092
128 569 276 4237354092
128 570 264 4237354092
128 571 267 4237354092
128 572 269 4237354092
128 573 264 4237354092
128 574 270 4237354092
128 575 266 4237354092
128 576 266 4237354092
128 577 274 4237354092
128 578 269 4237354092
128 579 274 4237354092
128 580 272 4237354092
128 581 275 4237354092
128 582 265 4237354092
128 583 272 4237354092
128 584 262 4237354092
128 585 266 4237354092
128 586 266 4237354092
128 587 272 4237354092
128 588 273 4237354092
128 589 276 4237354092
128 590 266 4237354092
128 591 267 4237354092
128 592 272 4237354092
128 593 260 4237354092
128 594 269 4237354092
128 595 275 4237354092
128 596 270 4237354092
128 597 273 4237354092
128 598 268 4237354092
128 599 268 4237354092
128 600 275 4237354092
128 601 269 4237354092
128 602 266 4237354092
128 603 267 4237354092
128 604 264 4237354092
128 605 270 4237354092
128 606 264 4237354092
128 607 270 4237354092
128 608 276 4237354092
128 609 261 4237354092
128 610 273 4237354092
128 611 272 4237354092
128 612 270 4237354092
128 613 266 4237354092
128 614 265 4237354092
128 615 267 4237354092
128 616 266 4237354092
128 617 274 4237354092
128 618 265 4237354092
128 619 266 4237354092
128 620 268 4237354092
128 621 274 4237354092
128 622 271 4237354092
128 623 279 4237354092
128 624 267 4237354092
128 625 275 4237354092
128 626 272 4237354092
128 627 258 4237354092
128 628 266 4237354092
128 629 268 4237354092
128 630 274 4237354092
128 631 264 4237354092
128 632 263 4237354092
128 633 270 4237354092
128 634 268 4237354092
128 635 269 4237354092
128 636 276 4237354092
128 637 266 4237354092
128 638 264 4237354092
128 639 262 4237354092
128 640 269 4237354092
128 641 267 4237354092
128 642 267 4237354092
128 643 272 4237354092
128 644 270 4237354092
128 645 269 4237354092
128 646 268 4237354092
128 647 268 4237354092
128 648 274 4237354092
128 649 267 4237354092
128 650 274 4237354092
128 651 284 4237354092
128 652 270 4237354092
128 653 265 4237354092
128 654 274 4237354092
128 655 274 4237354092
128 656 265 4237354092
128 657 268 4237354092
128 658 272 4237354092
128 659 272 4237354092
128 660 268 4237354092
128 661 269 4237354092
128 662 271 4237354092
128 663 273 4237354092
128 664 267 4237354092
128 665 268 4237354092
128 666 276 4237354092
128 667 272 4237354092
128 668 268 4237354092
128 669 272 4237354092
128 670 269 4237354092
128 671 268 4237354092
128 672 266 4237354092
128 673 273 4237354092
128 674 266 4237354092
128 675 267 4237354092
128 676 268 4237354092
128 677 270 4237354092
128 678 274 4237354092
128 679 262 4237354092
128 680 268 4237354092
128 681 266 4237354092
128 682 266 4237354092
128 683 275 4237354092
128 684 268 4237354092
128 685 276 4237354092
128 686 270 4237354092
128 687 266 4237354092
128 688 273 4237354092
128 689 268 4237354092
128 690 264 4237354092
128 691 271 4237354092
128 692 270 4237354092
128 693 273 4237354092
128 694 264 4237354092
128 695 268 4237354092
128 696 272 4237354092
128 697 270 4237354092
128 698 272 4237354092
128 699 269 4237354092
128 700 273 4237354092
128 701 268 4237354092
128 702 273 4237354092
128 703 273 4237354092
128 704 272 4237354092
128 705 266 4237354092
128 706 270 4237354092
128 707 273 4237354092
128 708 266 4237354092
128 709 262 4237354092
128 710 274 4237354092
128 711 270 4237354092
128 712 262 4237354092
128 713 268 4237354092
128 714 268 4237354092
128 715 267 4237354092
128 716 271 4237354092
128 717 267 4237354092
128 718 266 4237354092
128 719 266 4237354092
128 720 275 4237354092
128 721 273 4237354092
128 722 276 4237354092
128 723 274 4237354092
128 724 266 4237354092
128 725 263 4237354092
128 726 270 4237354092
128 727 272 4237354092
128 728 271 4237354092
128 729 264 4237354092
128 730 272 4237354092
128 731 268 4237354092
128 732 270 4237354092
128 733 276 4237354092
128 734 268 4237354092
128 735 268 4237354092
128 736 276 4237354092
128 737 266 4237354092
128 738 266 4237354092
128 739 272 4237354092
128 740 268 4237354092
128 741 270 4237354092
128 742 272 4237354092
128 743 262 4237354092
128 744 274 4237354092
128 745 271 4237354092
128 746 268 4237354092
128 747 268 4237354092
128 748 266 4237354092
128 749 273 4237354092
128 750 273 4237354092
128 751 276 4237354092
128 752 274 4237354092
128 753 270 4237354092
128 754 268 4237354092
128 755 266 4237354092
128 756 270 4237354092
128 757 274 4237354092
128 758 272 4237354092
128 759 273 4237354092
128 760 273 4237354092
128 761 274 4237354092
128 762 270 4237354092
128 763 274 4237354092
128 764 270 4237354092
128 765 268 4237354092
128 766 267 4237354092
128 767 272 4237354092
128 768 265 4237354092
128 769 266 4237354092
128 770 266 4237354092
128 771 270 4237354092
128 772 272 4237354092
128 773 264 4237354092
128 774 270 4237354092
128 775 268 4237354092
128 776 267 4237354092
128 777 271 4237354092
128 778 270 4237354092
128 779 271 4237354092
128 780 272 4237354092
128 781 274 4237354092
128 782 273 4237354092
128 783 268 4237354092
128 784 264 4237354092
128 785 265 4237354092
128 786 273 4237354092
128 787 266 4237354092
128 788 270 4237354092
128 789 268 4237354092
128 790 266 4237354092
128 791 271 4237354092
128 792 274 4237354092
128 793 271 4237354092
128 794 276 4237354092
128 795 269 4237354092
128 796 273 4237354092
128 797 268 4237354092
128 798 264 4237354092
128 799 268 4237354092
128 800 270 4237354092
128 801 272 4237354092
128 802 268 4237354092
128 803 274 4237354092
128 804 276 4237354092
128 805 267 4237354092
128 806 275 4237354092
128 807 268 4237354092
128 808 271 4237354092
128 809 272 4237354092
128 810 270 4237354092
128 811 270 4237354092
128 812 273 4237354092
128 813 281 4237354092
128 814 272 4237354092
128 815 272 4237354092
128 816 267 4237354092
128 817 275 4237354092
128 818 266 4237354092
128 819 267 4237354092
128 820 269 4237354092
128 821 268 4237354092
128 822 279 4237354092
128 823 269 4237354092
128 824 274 4237354092
128 825 278 4237354092
128 826 269 4237354092
128 827 267 4237354092
128 828 268 4237354092
128 829 272 4237354092
128 830 262 4237354092
128 831 270 4237354092
128 832 272 4237354092
128 833 266 4237354092
128 834 270 4237354092
128 835 270 4237354092
128 836 269 4237354092
128 837 269 4237354092
128 838 271 4237354092
128 839 267 4237354092
128 840 271 4237354092
128 841 274 4237354092
128 842 268 4237354092
128 843 265 4237354092
128 844 272 4237354092
128 845 267 4237354092
128 846 275 4237354092
128 847 267 4237354092
128 848 266 4237354092
128 849 265 4237354092
128 850 274 4237354092
128 851 268 4237354092
128 852 263 4237354092
128 853 267 4237354092
128 854 271 4237354092
128 855 274 4237354092
128 856 275 4237354092
128 857 269 4237354092
128 858 268 4237354092
128 859 269 4237354092
128 860 276 4237354092
128 861 272 4237354092
128 862 271 4237354092
128 863 264 4237354092
128 864 266 4237354092
128 865 272 4237354092
128 866 272 4237354092
128 867 269 4237354092
128 868 268 4237354092
128 869 267 4237354092
128 870 262 4237354092
128 871 274 4237354092
128 872 278 4237354092
128 873 268 4237354092
128 874 270 4237354092
128 875 274 4237354092
128 876 270 4237354092
128 877 267 4237354092
128 878 271 4237354092
128 879 270 4237354092
128 880 272 4237354092
128 881 264 4237354092
128 882 264 4237354092
128 883 271 4237354092
128 884 274 4237354092
128 885 272 4237354092
128 886 268 4237354092
128 887 271 4237354092
128 888 270 4237354092
128 889 268 4237354092
128 890 268 4237354092
128 891 277 4237354092
128 892 274 4237354092
128 893 268 4237354092
128 894 267 4237354092
128 895 268 4237354092
128 896 270 4237354092
128 897 277 4237354092
128 898 270 4237354092
128 899 266 4237354092
128 900 268 4237354092
128 901 273 4237354092
128 902 269 4237354092
128 903 268 4237354092
128 904 272 4237354092
128 905 268 4237354092
128 906 270 4237354092
128 907 271 4237354092
128 908 273 4237354092
128 909 272 4237354092
128 910 270 4237354092
128 911 269 4237354092
128 912 266 4237354092
128 913 266 4237354092
128 914 271 4237354092
128 915 262 4237354092
128 916 272 4237354092
128 917 273 4237354092
128 918 272 4237354092
128 919 273 4237354092
128 920 268 4237354092
128 921 272 4237354092
128 922 271 4237354092
128 923 262 4237354092
128 924 262 4237354092
128 925 270 4237354092
128 926 270 4237354092
128 927 266 4237354092
128 928 269 4237354092
128 929 268 4237354092
128 930 272 4237354092
128 931 276 4237354092
128 932 271 4237354092
128 933 268 4237354092
128 934 274 4237354092
128 935 269 4237354092
128 936 271 4237354092
128 937 270 4237354092
128 938 268 4237354092
128 939 264 4237354092
128 940 270 4237354092
128 941 270 4237354092
128 942 269 4237354092
128 943 269 4237354092
128 944 268 4237354092
128 945 272 4237354092
128 946 274 4237354092
128 947 270 4237354092
128 948 266 4237354092
128 949 270 4237354092
128 950 268 4237354092
128 951 267 4237354092
128 952 273 4237354092
128 953 271 4237354092
128 954 273 4237354092
128 955 278 4237354092
128 956 269 4237354092
128 957 271 4237354092
128 958 268 4237354092
128 959 269 4237354092
128 960 273 4237354092
128 961 274 4237354092
128 962 263 4237354092
128 963 268 4237354092
128 964 267 4237354092
128 965 270 4237354092
128 966 272 4237354092
128 967 268 4237354092
128 968 274 4237354092
128 969 268 4237354092
128 970 268 4237354092
128 971 269 4237354092
128 972 274 4237354092
128 973 263 4237354092
128 974 273 4237354092
128 975 268 4237354092
128 976 268 4237354092
128 977 270 4237354092
128 978 267 4237354092
128 979 270 4237354092
128 980 273 4237354092
128 981 267 4237354092
128 982 268 4237354092
128 983 269 4237354092
128 984 266 4237354092
128 985 270 4237354092
128 986 264 4237354092
128 987 270 4237354092
128 988 278 4237354092
128 989 269 4237354092
128 990 268 4237354092
128 991 270 4237354092
128 992 273 4237354092
128 993 272 4237354092
128 994 267 4237354092
128 995 271 4237354092
128 996 266 4237354092
128 997 265 4237354092
128 998 270 4237354092
128 999 267 4237354092
