16 0 3388 3152926619
16 1 2798 3152926624
16 2 2800 3152926619
16 3 2800 3152926619
16 4 2800 3152926619
16 5 2800 3152926619
16 6 2800 3152926619
16 7 2799 3152926619
16 8 2800 3152926619
16 9 2800 3152926619
16 10 2800 3152926619
16 11 2800 3152926619
16 12 2799 3152926619
16 13 2800 3152926619
16 14 2800 3152926619
16 15 2800 3152926619
16 16 2800 3152926619
16 17 2800 3152926619
16 18 2800 3152926619
16 19 2800 3152926619
16 20 2800 3152926619
16 21 2800 3152926619
16 22 2800 3152926619
16 23 2800 3152926619
16 24 2800 3152926619
16 25 2800 3152926619
16 26 2800 3152926619
16 27 2800 3152926619
16 28 2800 3152926619
16 29 2800 3152926619
16 30 2800 3152926619
16 31 2800 3152926619
16 32 2800 3152926619
16 33 2800 3152926619
16 34 2800 3152926619
16 35 2800 3152926619
16 36 2800 3152926619
16 37 2800 3152926619
16 38 2800 3152926619
16 39 2800 3152926619
16 40 2800 3152926619
16 41 2800 3152926619
16 42 2800 3152926619
16 43 2800 3152926619
16 44 2800 3152926619
16 45 2800 3152926619
16 46 2800 3152926619
16 47 2799 3152926619
16 48 2800 3152926619
16 49 2800 3152926619
16 50 2800 3152926619
16 51 2800 3152926619
16 52 2800 3152926619
16 53 2800 3152926619
16 54 2800 3152926619
16 55 2800 3152926619
16 56 2800 3152926619
16 57 2799 3152926619
16 58 2800 3152926619
16 59 2800 3152926619
16 60 2800 3152926619
16 61 2800 3152926619
16 62 2799 3152926619
16 63 2800 3152926619
16 64 2800 3152926619
16 65 2800 3152926619
16 66 2800 3152926619
16 67 2800 3152926619
16 68 2800 3152926619
16 69 2800 3152926619
16 70 2800 3152926619
16 71 2800 3152926619
16 72 2800 3152926619
16 73 2800 3152926619
16 74 2800 3152926619
16 75 2800 3152926619
16 76 2800 3152926619
16 77 2800 3152926619
16 78 2800 3152926619
16 79 2800 3152926619
16 80 2800 3152926619
16 81 2800 3152926619
16 82 2800 3152926619
16 83 2800 3152926619
16 84 2800 3152926619
16 85 2800 3152926619
16 86 2800 3152926619
16 87 2800 3152926619
16 88 2800 3152926619
16 89 2800 3152926619
16 90 2800 3152926619
16 91 2800 3152926619
16 92 2800 3152926619
16 93 2800 3152926619
16 94 2800 3152926619
16 95 2800 3152926619
16 96 2800 3152926619
16 97 2800 3152926619
16 98 2800 3152926619
16 99 2800 3152926619
16 100 2800 3152926619
16 101 2800 3152926619
16 102 2799 3152926619
16 103 2800 3152926619
16 104 2800 3152926619
16 105 2800 3152926619
16 106 2799 3152926619
16 107 2800 3152926619
16 108 2800 3152926619
16 109 2800 3152926619
16 110 2800 3152926619
16 111 2800 3152926619
16 112 2799 3152926619
16 113 2800 3152926619
16 114 2800 3152926619
16 115 2800 3152926619
16 116 2799 3152926619
16 117 2800 3152926619
16 118 2800 3152926619
16 119 2800 3152926619
16 120 2800 3152926619
16 121 2800 3152926619
16 122 2800 3152926619
16 123 2800 3152926619
16 124 2800 3152926619
16 125 2800 3152926619
16 126 2799 3152926619
16 127 2800 3152926619
16 128 2800 3152926619
16 129 2800 3152926619
16 130 2800 3152926619
16 131 2800 3152926619
16 132 2800 3152926619
16 133 2800 3152926619
16 134 2800 3152926619
16 135 2799 3152926619
16 136 2800 3152926619
16 137 2800 3152926619
16 138 2800 3152926619
16 139 2800 3152926619
16 140 2800 3152926619
16 141 2800 3152926619
16 142 2800 3152926619
16 143 2800 3152926619
16 144 2800 3152926619
16 145 2800 3152926619
16 146 2800 3152926619
16 147 2800 3152926619
16 148 2800 3152926619
16 149 2800 3152926619
16 150 2799 3152926619
16 151 2800 3152926619
16 152 2800 3152926619
16 153 2800 3152926619
16 154 2800 3152926619
16 155 2800 3152926619
16 156 2800 3152926619
16 157 2800 3152926619
16 158 2800 3152926619
16 159 2800 3152926619
16 160 2800 3152926619
16 161 2800 3152926619
16 162 2800 3152926619
16 163 2800 3152926619
16 164 2799 3152926619
16 165 2800 3152926619
16 166 2800 3152926619
16 167 2800 3152926619
16 168 2800 3152926619
16 169 2800 3152926619
16 170 2800 3152926619
16 171 2800 3152926619
16 172 2800 3152926619
16 173 2800 3152926619
16 174 2799 3152926619
16 175 2800 3152926619
16 176 2800 3152926619
16 177 2800 3152926619
16 178 2800 3152926619
16 179 2800 3152926619
16 180 2800 3152926619
16 181 2800 3152926619
16 182 2800 3152926619
16 183 2799 3152926619
16 184 2800 3152926619
16 185 2800 3152926619
16 186 2800 3152926619
16 187 2800 3152926619
16 188 2799 3152926619
16 189 2800 3152926619
16 190 2800 3152926619
16 191 2800 3152926619
16 192 2799 3152926619
16 193 2800 3152926619
16 194 2800 3152926619
16 195 2800 3152926619
16 196 2800 3152926619
16 197 2800 3152926619
16 198 2799 3152926619
16 199 2800 3152926619
16 200 2800 3152926619
16 201 2800 3152926619
16 202 2800 3152926619
16 203 2800 3152926619
16 204 2800 3152926619
16 205 2800 3152926619
16 206 2800 3152926619
16 207 2799 3152926619
16 208 2800 3152926619
16 209 2800 3152926619
16 210 2800 3152926619
16 211 2800 3152926619
16 212 2799 3152926619
16 213 2800 3152926619
16 214 2800 3152926619
16 215 2800 3152926619
16 216 2800 3152926619
16 217 2800 3152926619
16 218 2800 3152926619
16 219 2800 3152926619
16 220 2800 3152926619
16 221 2799 3152926619
16 222 2800 3152926619
16 223 2800 3152926619
16 224 2800 3152926619
16 225 2800 3152926619
16 226 2800 3152926619
16 227 2800 3152926619
16 228 2800 3152926619
16 229 2800 3152926619
16 230 2800 3152926619
16 231 2799 3152926619
16 232 2800 3152926619
16 233 2800 3152926619
16 234 2800 3152926619
16 235 2800 3152926619
16 236 2799 3152926619
16 237 2800 3152926619
16 238 2800 3152926619
16 239 2800 3152926619
16 240 2800 3152926619
16 241 2800 3152926619
16 242 2800 3152926619
16 243 2800 3152926619
16 244 2800 3152926619
16 245 2799 3152926619
16 246 2800 3152926619
16 247 2800 3152926619
16 248 2800 3152926619
16 249 2800 3152926619
16 250 2799 3152926619
16 251 2800 3152926619
16 252 2800 3152926619
16 253 2800 3152926619
16 254 2800 3152926619
16 255 2799 3152926619
16 256 2800 3152926619
16 257 2800 3152926619
16 258 2800 3152926619
16 259 2800 3152926619
16 260 2799 3152926619
16 261 2800 3152926619
16 262 2800 3152926619
16 263 2800 3152926619
16 264 2800 3152926619
16 265 2800 3152926619
16 266 2800 3152926619
16 267 2800 3152926619
16 268 2800 3152926619
16 269 2800 3152926619
16 270 2800 3152926619
16 271 2800 3152926619
16 272 2800 3152926619
16 273 2800 3152926619
16 274 2799 3152926619
16 275 2800 3152926619
16 276 2800 3152926619
16 277 2800 3152926619
16 278 2800 3152926619
16 279 2800 3152926619
16 280 2800 3152926619
16 281 2800 3152926619
16 282 2800 3152926619
16 283 2800 3152926619
16 284 2799 3152926619
16 285 2800 3152926619
16 286 2800 3152926619
16 287 2800 3152926619
16 288 2800 3152926619
16 289 2800 3152926619
16 290 2800 3152926619
16 291 2800 3152926619
16 292 2800 3152926619
16 293 2799 3152926619
16 294 2800 3152926619
16 295 2800 3152926619
16 296 2800 3152926619
16 297 2800 3152926619
16 298 2799 3152926619
16 299 2800 3152926619
16 300 2800 3152926619
16 301 2800 3152926619
16 302 2800 3152926619
16 303 2800 3152926619
16 304 2800 3152926619
16 305 2800 3152926619
16 306 2800 3152926619
16 307 2800 3152926619
16 308 2800 3152926619
16 309 2800 3152926619
16 310 2800 3152926619
16 311 2800 3152926619
16 312 2799 3152926619
16 313 2800 3152926619
16 314 2800 3152926619
16 315 2800 3152926619
16 316 2800 3152926619
16 317 2800 3152926619
16 318 2800 3152926619
16 319 2800 3152926619
16 320 2800 3152926619
16 321 2800 3152926619
16 322 2799 3152926619
16 323 2800 3152926619
16 324 2800 3152926619
16 325 2800 3152926619
16 326 2800 3152926619
16 327 2800 3152926619
16 328 2800 3152926619
16 329 2800 3152926619
16 330 2800 3152926619
16 331 2799 3152926619
16 332 2800 3152926619
16 333 2800 3152926619
16 334 2800 3152926619
16 335 2800 3152926619
16 336 2799 3152926619
16 337 2800 3152926619
16 338 2800 3152926619
16 339 2800 3152926619
16 340 2800 3152926619
16 341 2800 3152926619
16 342 2800 3152926619
16 343 2800 3152926619
16 344 2800 3152926619
16 345 2800 3152926619
16 346 2799 3152926619
16 347 2800 3152926619
16 348 2800 3152926619
16 349 2800 3152926619
16 350 2800 3152926619
16 351 2800 3152926619
16 352 2800 3152926619
16 353 2800 3152926619
16 354 2800 3152926619
16 355 2799 3152926619
16 356 2800 3152926619
16 357 2800 3152926619
16 358 2800 3152926619
16 359 2800 3152926619
16 360 2799 3152926619
16 361 2800 3152926619
16 362 2800 3152926619
16 363 2800 3152926619
16 364 2800 3152926619
16 365 2800 3152926619
16 366 2800 3152926619
16 367 2800 3152926619
16 368 2800 3152926619
16 369 2800 3152926619
16 370 2799 3152926619
16 371 2800 3152926619
16 372 2800 3152926619
16 373 2800 3152926619
16 374 2800 3152926619
16 375 2800 3152926619
16 376 2800 3152926619
16 377 2800 3152926619
16 378 2800 3152926619
16 379 2800 3152926619
16 380 2800 3152926619
16 381 2800 3152926619
16 382 2800 3152926619
16 383 2800 3152926619
16 384 2800 3152926619
16 385 2800 3152926619
16 386 2800 3152926619
16 387 2800 3152926619
16 388 2800 3152926619
16 389 2800 3152926619
16 390 2800 3152926619
16 391 2800 3152926619
16 392 2800 3152926619
16 393 2800 3152926619
16 394 2800 3152926619
16 395 2800 3152926619
16 396 2800 3152926619
16 397 2800 3152926619
16 398 2800 3152926619
16 399 2800 3152926619
16 400 2800 3152926619
16 401 2800 3152926619
16 402 2800 3152926619
16 403 2799 3152926619
16 404 2800 3152926619
16 405 2800 3152926619
16 406 2800 3152926619
16 407 2800 3152926619
16 408 2799 3152926619
16 409 2800 3152926619
16 410 2800 3152926619
16 411 2800 3152926619
16 412 2800 3152926619
16 413 2800 3152926619
16 414 2800 3152926619
16 415 2800 3152926619
16 416 2800 3152926619
16 417 2799 3152926619
16 418 2800 3152926619
16 419 2800 3152926619
16 420 2800 3152926619
16 421 2800 3152926619
16 422 2799 3152926619
16 423 2800 3152926619
16 424 2800 3152926619
16 425 2800 3152926619
16 426 2800 3152926619
16 427 2800 3152926619
16 428 2800 3152926619
16 429 2800 3152926619
16 430 2800 3152926619
16 431 2800 3152926619
16 432 2799 3152926619
16 433 2800 3152926619
16 434 2800 3152926619
16 435 2800 3152926619
16 436 2800 3152926619
16 437 2800 3152926619
16 438 2800 3152926619
16 439 2800 3152926619
16 440 2800 3152926619
16 441 2800 3152926619
16 442 2800 3152926619
16 443 2800 3152926619
16 444 2800 3152926619
16 445 2800 3152926619
16 446 2799 3152926619
16 447 2800 3152926619
16 448 2800 3152926619
16 449 2800 3152926619
16 450 2800 3152926619
16 451 2800 3152926619
16 452 2800 3152926619
16 453 2800 3152926619
16 454 2800 3152926619
16 455 2800 3152926619
16 456 2799 3152926619
16 457 2800 3152926619
16 458 2800 3152926619
16 459 2800 3152926619
16 460 2800 3152926619
16 461 2800 3152926619
16 462 2800 3152926619
16 463 2800 3152926619
16 464 2800 3152926619
16 465 2799 3152926619
16 466 2800 3152926619
16 467 2800 3152926619
16 468 2800 3152926619
16 469 2800 3152926619
16 470 2799 3152926619
16 471 2800 3152926619
16 472 2800 3152926619
16 473 2800 3152926619
16 474 2800 3152926619
16 475 2800 3152926619
16 476 2800 3152926619
16 477 2800 3152926619
16 478 2800 3152926619
16 479 2800 3152926619
16 480 2800 3152926619
16 481 2800 3152926619
16 482 2800 3152926619
16 483 2800 3152926619
16 484 2800 3152926619
16 485 2800 3152926619
16 486 2800 3152926619
16 487 2800 3152926619
16 488 2800 3152926619
16 489 2799 3152926619
16 490 2800 3152926619
16 491 2800 3152926619
16 492 2800 3152926619
16 493 2800 3152926619
16 494 2799 3152926619
16 495 2800 3152926619
16 496 2800 3152926619
16 497 2800 3152926619
16 498 2800 3152926619
16 499 2800 3152926619
16 500 2800 3152926619
16 501 2800 3152926619
16 502 2800 3152926619
16 503 2799 3152926619
16 504 2800 3152926619
16 505 2800 3152926619
16 506 2800 3152926619
16 507 2800 3152926619
16 508 2799 3152926619
16 509 2800 3152926619
16 510 2800 3152926619
16 511 2800 3152926619
16 512 2800 3152926619
16 513 2799 3152926619
16 514 2800 3152926619
16 515 2800 3152926619
16 516 2800 3152926619
16 517 2800 3152926619
16 518 2799 3152926619
16 519 2800 3152926619
16 520 2800 3152926619
16 521 2800 3152926619
16 522 2800 3152926619
16 523 2800 3152926619
16 524 2800 3152926619
16 525 2800 3152926619
16 526 2800 3152926619
16 527 2800 3152926619
16 528 2800 3152926619
16 529 2800 3152926619
16 530 2800 3152926619
16 531 2800 3152926619
16 532 2799 3152926619
16 533 2800 3152926619
16 534 2800 3152926619
16 535 2800 3152926619
16 536 2799 3152926619
16 537 2800 3152926619
16 538 2800 3152926619
16 539 2800 3152926619
16 540 2800 3152926619
16 541 2800 3152926619
16 542 2799 3152926619
16 543 2800 3152926619
16 544 2800 3152926619
16 545 2800 3152926619
16 546 2800 3152926619
16 547 2800 3152926619
16 548 2800 3152926619
16 549 2800 3152926619
16 550 2800 3152926619
16 551 2800 3152926619
16 552 2800 3152926619
16 553 2800 3152926619
16 554 2800 3152926619
16 555 2800 3152926619
16 556 2799 3152926619
16 557 2800 3152926619
16 558 2800 3152926619
16 559 2800 3152926619
16 560 2800 3152926619
16 561 2800 3152926619
16 562 2800 3152926619
16 563 2800 3152926619
16 564 2800 3152926619
16 565 2800 3152926619
16 566 2800 3152926619
16 567 2800 3152926619
16 568 2800 3152926619
16 569 2800 3152926619
16 570 2800 3152926619
16 571 2800 3152926619
16 572 2800 3152926619
16 573 2800 3152926619
16 574 2800 3152926619
16 575 2800 3152926619
16 576 2800 3152926619
16 577 2800 3152926619
16 578 2800 3152926619
16 579 2800 3152926619
16 580 2799 3152926619
16 581 2800 3152926619
16 582 2800 3152926619
16 583 2800 3152926619
16 584 2799 3152926619
16 585 2800 3152926619
16 586 2800 3152926619
16 587 2800 3152926619
16 588 2800 3152926619
16 589 2799 3152926619
16 590 2800 3152926619
16 591 2800 3152926619
16 592 2800 3152926619
16 593 2800 3152926619
16 594 2800 3152926619
16 595 2800 3152926619
16 596 2800 3152926619
16 597 2800 3152926619
16 598 2800 3152926619
16 599 2800 3152926619
16 600 2800 3152926619
16 601 2800 3152926619
16 602 2800 3152926619
16 603 2800 3152926619
16 604 2799 3152926619
16 605 2800 3152926619
16 606 2800 3152926619
16 607 2800 3152926619
16 608 2800 3152926619
16 609 2800 3152926619
16 610 2800 3152926619
16 611 2800 3152926619
16 612 2800 3152926619
16 613 2799 3152926619
16 614 2800 3152926619
16 615 2800 3152926619
16 616 2800 3152926619
16 617 2800 3152926619
16 618 2800 3152926619
16 619 2800 3152926619
16 620 2800 3152926619
16 621 2800 3152926619
16 622 2799 3152926619
16 623 2800 3152926619
16 624 2800 3152926619
16 625 2800 3152926619
16 626 2800 3152926619
16 627 2800 3152926619
16 628 2800 3152926619
16 629 2800 3152926619
16 630 2800 3152926619
16 631 2800 3152926619
16 632 2800 3152926619
16 633 2800 3152926619
16 634 2800 3152926619
16 635 2800 3152926619
16 636 2800 3152926619
16 637 2800 3152926619
16 638 2800 3152926619
16 639 2800 3152926619
16 640 2800 3152926619
16 641 2800 3152926619
16 642 2800 3152926619
16 643 2800 3152926619
16 644 2800 3152926619
16 645 2800 3152926619
16 646 2799 3152926619
16 647 2800 3152926619
16 648 2800 3152926619
16 649 2800 3152926619
16 650 2800 3152926619
16 651 2800 3152926619
16 652 2800 3152926619
16 653 2800 3152926619
16 654 2800 3152926619
16 655 2800 3152926619
16 656 2800 3152926619
16 657 2800 3152926619
16 658 2800 3152926619
16 659 2800 3152926619
16 660 2800 3152926619
16 661 2799 3152926619
16 662 2800 3152926619
16 663 2800 3152926619
16 664 2800 3152926619
16 665 2800 3152926619
16 666 2799 3152926619
16 667 2800 3152926619
16 668 2800 3152926619
16 669 2800 3152926619
16 670 2800 3152926619
16 671 2800 3152926619
16 672 2800 3152926619
16 673 2800 3152926619
16 674 2800 3152926619
16 675 2800 3152926619
16 676 2800 3152926619
16 677 2800 3152926619
16 678 2800 3152926619
16 679 2800 3152926619
16 680 2799 3152926619
16 681 2800 3152926619
16 682 2800 3152926619
16 683 2800 3152926619
16 684 2800 3152926619
16 685 2799 3152926619
16 686 2800 3152926619
16 687 2800 3152926619
16 688 2800 3152926619
16 689 2800 3152926619
16 690 2799 3152926619
16 691 2800 3152926619
16 692 2800 3152926619
16 693 2800 3152926619
16 694 2799 3152926619
16 695 2800 3152926619
16 696 2800 3152926619
16 697 2800 3152926619
16 698 2800 3152926619
16 699 2800 3152926619
16 700 2800 3152926619
16 701 2800 3152926619
16 702 2800 3152926619
16 703 2800 3152926619
16 704 2799 3152926619
16 705 2800 3152926619
16 706 2800 3152926619
16 707 2800 3152926619
16 708 2800 3152926619
16 709 2800 3152926619
16 710 2800 3152926619
16 711 2800 3152926619
16 712 2800 3152926619
16 713 2800 3152926619
16 714 2799 3152926619
16 715 2800 3152926619
16 716 2800 3152926619
16 717 2800 3152926619
16 718 2800 3152926619
16 719 2800 3152926619
16 720 2800 3152926619
16 721 2800 3152926619
16 722 2800 3152926619
16 723 2799 3152926619
16 724 2800 3152926619
16 725 2800 3152926619
16 726 2800 3152926619
16 727 2800 3152926619
16 728 2799 3152926619
16 729 2800 3152926619
16 730 2800 3152926619
16 731 2800 3152926619
16 732 2800 3152926619
16 733 2800 3152926619
16 734 2800 3152926619
16 735 2800 3152926619
16 736 2800 3152926619
16 737 2799 3152926619
16 738 2800 3152926619
16 739 2800 3152926619
16 740 2800 3152926619
16 741 2800 3152926619
16 742 2800 3152926619
16 743 2800 3152926619
16 744 2800 3152926619
16 745 2800 3152926619
16 746 2800 3152926619
16 747 2799 3152926619
16 748 2800 3152926619
16 749 2800 3152926619
16 750 2800 3152926619
16 751 2800 3152926619
16 752 2799 3152926619
16 753 2800 3152926619
16 754 2800 3152926619
16 755 2800 3152926619
16 756 2800 3152926619
16 757 2800 3152926619
16 758 2800 3152926619
16 759 2800 3152926619
16 760 2800 3152926619
16 761 2800 3152926619
16 762 2800 3152926619
16 763 2800 3152926619
16 764 2800 3152926619
16 765 2800 3152926619
16 766 2799 3152926619
16 767 2800 3152926619
16 768 2800 3152926619
16 769 2800 3152926619
16 770 2800 3152926619
16 771 2799 3152926619
16 772 2800 3152926619
16 773 2800 3152926619
16 774 2800 3152926619
16 775 2800 3152926619
16 776 2799 3152926619
16 777 2800 3152926619
16 778 2800 3152926619
16 779 2800 3152926619
16 780 2800 3152926619
16 781 2800 3152926619
16 782 2800 3152926619
16 783 2800 3152926619
16 784 2800 3152926619
16 785 2799 3152926619
16 786 2800 3152926619
16 787 2800 3152926619
16 788 2800 3152926619
16 789 2800 3152926619
16 790 2799 3152926619
16 791 2800 3152926619
16 792 2800 3152926619
16 793 4078 3152926619
16 794 2800 3152926619
16 795 2800 3152926619
16 796 2800 3152926619
16 797 2800 3152926619
16 798 2800 3152926619
16 799 2800 3152926619
16 800 2799 3152926619
16 801 2800 3152926619
16 802 2800 3152926619
16 803 2800 3152926619
16 804 2800 3152926619
16 805 2800 3152926619
16 806 2800 3152926619
16 807 2800 3152926619
16 808 2800 3152926619
16 809 2799 3152926619
16 810 2800 3152926619
16 811 2800 3152926619
16 812 2800 3152926619
16 813 2800 3152926619
16 814 2799 3152926619
16 815 2800 3152926619
16 816 2800 3152926619
16 817 2800 3152926619
16 818 2800 3152926619
16 819 2800 3152926619
16 820 2800 3152926619
16 821 2800 3152926619
16 822 2800 3152926619
16 823 2800 3152926619
16 824 2800 3152926619
16 825 2800 3152926619
16 826 2800 3152926619
16 827 2800 3152926619
16 828 2799 3152926619
16 829 2800 3152926619
16 830 2800 3152926619
16 831 2800 3152926619
16 832 2800 3152926619
16 833 2799 3152926619
16 834 2800 3152926619
16 835 2800 3152926619
16 836 2800 3152926619
16 837 2800 3152926619
16 838 2799 3152926619
16 839 2800 3152926619
16 840 2800 3152926619
16 841 2800 3152926619
16 842 2800 3152926619
16 843 2800 3152926619
16 844 2800 3152926619
16 845 2800 3152926619
16 846 2800 3152926619
16 847 2800 3152926619
16 848 2800 3152926619
16 849 2800 3152926619
16 850 2800 3152926619
16 851 2800 3152926619
16 852 2800 3152926619
16 853 2800 3152926619
16 854 2800 3152926619
16 855 2800 3152926619
16 856 2800 3152926619
16 857 2799 3152926619
16 858 2800 3152926619
16 859 2800 3152926619
16 860 2800 3152926619
16 861 2800 3152926619
16 862 2799 3152926619
16 863 2800 3152926619
16 864 2800 3152926619
16 865 2800 3152926619
16 866 2800 3152926619
16 867 2800 3152926619
16 868 2800 3152926619
16 869 2800 3152926619
16 870 2800 3152926619
16 871 2799 3152926619
16 872 2800 3152926619
16 873 2800 3152926619
16 874 2800 3152926619
16 875 2800 3152926619
16 876 2800 3152926619
16 877 2800 3152926619
16 878 2800 3152926619
16 879 2800 3152926619
16 880 2800 3152926619
16 881 2799 3152926619
16 882 2800 3152926619
16 883 2800 3152926619
16 884 2800 3152926619
16 885 2800 3152926619
16 886 2800 3152926619
16 887 2800 3152926619
16 888 2800 3152926619
16 889 2800 3152926619
16 890 2800 3152926619
16 891 2800 3152926619
16 892 2800 3152926619
16 893 2800 3152926619
16 894 2800 3152926619
16 895 2800 3152926619
16 896 2800 3152926619
16 897 2800 3152926619
16 898 2800 3152926619
16 899 2800 3152926619
16 900 2799 3152926619
16 901 2800 3152926619
16 902 2800 3152926619
16 903 2800 3152926619
16 904 2800 3152926619
16 905 2800 3152926619
16 906 2800 3152926619
16 907 2800 3152926619
16 908 2800 3152926619
16 909 2800 3152926619
16 910 2799 3152926619
16 911 2800 3152926619
16 912 2800 3152926619
16 913 2800 3152926619
16 914 2800 3152926619
16 915 2800 3152926619
16 916 2800 3152926619
16 917 2800 3152926619
16 918 2800 3152926619
16 919 2800 3152926619
16 920 2800 3152926619
16 921 2800 3152926619
16 922 2800 3152926619
16 923 2800 3152926619
16 924 2799 3152926619
16 925 2800 3152926619
16 926 2800 3152926619
16 927 2800 3152926619
16 928 2800 3152926619
16 929 2800 3152926619
16 930 2800 3152926619
16 931 2800 3152926619
16 932 2800 3152926619
16 933 2799 3152926619
16 934 2800 3152926619
16 935 2800 3152926619
16 936 2800 3152926619
16 937 2800 3152926619
16 938 2800 3152926619
16 939 2800 3152926619
16 940 2800 3152926619
16 941 2800 3152926619
16 942 2800 3152926619
16 943 2799 3152926619
16 944 2800 3152926619
16 945 2800 3152926619
16 946 2800 3152926619
16 947 2800 3152926619
16 948 2799 3152926619
16 949 2800 3152926619
16 950 2800 3152926619
16 951 2800 3152926619
16 952 2800 3152926619
16 953 2800 3152926619
16 954 2800 3152926619
16 955 2800 3152926619
16 956 2800 3152926619
16 957 2800 3152926619
16 958 2800 3152926619
16 959 2800 3152926619
16 960 2800 3152926619
16 961 2800 3152926619
16 962 2799 3152926619
16 963 2800 3152926619
16 964 2800 3152926619
16 965 2800 3152926619
16 966 2800 3152926619
16 967 2800 3152926619
16 968 2800 3152926619
16 969 2800 3152926619
16 970 2800 3152926619
16 971 2800 3152926619
16 972 2799 3152926619
16 973 2800 3152926619
16 974 2800 3152926619
16 975 2800 3152926619
16 976 2799 3152926619
16 977 2800 3152926619
16 978 2800 3152926619
16 979 2800 3152926619
16 980 2800 3152926619
16 981 2799 3152926619
16 982 2799 3152926619
16 983 2800 3152926619
16 984 2800 3152926619
16 985 2800 3152926619
16 986 2799 3152926619
16 987 2800 3152926619
16 988 2800 3152926619
16 989 2800 3152926619
16 990 2799 3152926619
16 991 2800 3152926619
16 992 2800 3152926619
16 993 2800 3152926619
16 994 2800 3152926619
16 995 2800 3152926619
16 996 2799 3152926619
16 997 2800 3152926619
16 998 2800 3152926619
16 999 2800 3152926619
