256 0 1465475 15860739
256 1 1363816 15860739
256 2 1345602 15860739
256 3 1340027 15860739
256 4 1337735 15860739
256 5 1340064 15860739
256 6 1337066 15860739
256 7 1338737 15860739
256 8 1337179 15860739
256 9 1338058 15860739
256 10 1339902 15860739
256 11 1340416 15860739
256 12 1337006 15860739
256 13 1338447 15860739
256 14 1338334 15860739
256 15 1339984 15860739
256 16 1338076 15860739
256 17 1337227 15860739
256 18 1337720 15860739
256 19 1339507 15860739
256 20 1337928 15860739
256 21 1337349 15860739
256 22 1339032 15860739
256 23 1340026 15860739
256 24 1336559 15860739
256 25 1339058 15860739
256 26 1338965 15860739
256 27 1339946 15860739
256 28 1335848 15860739
256 29 1338434 15860739
256 30 1337163 15860739
256 31 1337926 15860739
256 32 1337460 15860739
256 33 1338622 15860739
256 34 1336736 15860739
256 35 1338967 15860739
256 36 1339343 15860739
256 37 1338558 15860739
256 38 1338604 15860739
256 39 1338144 15860739
256 40 1339045 15860739
256 41 1338676 15860739
256 42 1336580 15860739
256 43 1336331 15860739
256 44 1338187 15860739
256 45 1338386 15860739
256 46 1335976 15860739
256 47 1338058 15860739
256 48 1338756 15860739
256 49 1338138 15860739
256 50 1341584 15860739
256 51 1337982 15860739
256 52 1338446 15860739
256 53 1339104 15860739
256 54 1339333 15860739
256 55 1338520 15860739
256 56 1338787 15860739
256 57 1337779 15860739
256 58 1339216 15860739
256 59 1337363 15860739
256 60 1337554 15860739
256 61 1340158 15860739
256 62 1338898 15860739
256 63 1338786 15860739
256 64 1337259 15860739
256 65 1337190 15860739
256 66 1338306 15860739
256 67 1338830 15860739
256 68 1336755 15860739
256 69 1338721 15860739
256 70 1340298 15860739
256 71 1337775 15860739
256 72 1336733 15860739
256 73 1339204 15860739
256 74 1338795 15860739
256 75 1338860 15860739
256 76 1338846 15860739
256 77 1339965 15860739
256 78 1339849 15860739
256 79 1339396 15860739
256 80 1339081 15860739
256 81 1337182 15860739
256 82 1338859 15860739
256 83 1339598 15860739
256 84 1336181 15860739
256 85 1338411 15860739
256 86 1338585 15860739
256 87 1337618 15860739
256 88 1339442 15860739
256 89 1339300 15860739
256 90 1339236 15860739
256 91 1337306 15860739
256 92 1338835 15860739
256 93 1338287 15860739
256 94 1337658 15860739
256 95 1339372 15860739
256 96 1336759 15860739
256 97 1338379 15860739
256 98 1336400 15860739
256 99 1339261 15860739
256 100 1337274 15860739
256 101 1340019 15860739
256 102 1338986 15860739
256 103 1338294 15860739
256 104 1338600 15860739
256 105 1340482 15860739
256 106 1337566 15860739
256 107 1338614 15860739
256 108 1337474 15860739
256 109 1339584 15860739
256 110 1337804 15860739
256 111 1337219 15860739
256 112 1337341 15860739
256 113 1339395 15860739
256 114 1338723 15860739
256 115 1338156 15860739
256 116 1339987 15860739
256 117 1339718 15860739
256 118 1338394 15860739
256 119 1337858 15860739
256 120 1337983 15860739
256 121 1338561 15860739
256 122 1337841 15860739
256 123 1337924 15860739
256 124 1339277 15860739
256 125 1338236 15860739
256 126 1338694 15860739
256 127 1337398 15860739
256 128 1338483 15860739
256 129 1339050 15860739
256 130 1338141 15860739
256 131 1336017 15860739
256 132 1338228 15860739
256 133 1338664 15860739
256 134 1338694 15860739
256 135 1337589 15860739
256 136 1338852 15860739
256 137 1337778 15860739
256 138 1338496 15860739
256 139 1339960 15860739
256 140 1338594 15860739
256 141 1339758 15860739
256 142 1336694 15860739
256 143 1338527 15860739
256 144 1341398 15860739
256 145 1336677 15860739
256 146 1337349 15860739
256 147 1338156 15860739
256 148 1340859 15860739
256 149 1337427 15860739
256 150 1336603 15860739
256 151 1336534 15860739
256 152 1338867 15860739
256 153 1336333 15860739
256 154 1338048 15860739
256 155 1338206 15860739
256 156 1339807 15860739
256 157 1338294 15860739
256 158 1337826 15860739
256 159 1338988 15860739
256 160 1339967 15860739
256 161 1338850 15860739
256 162 1339692 15860739
256 163 1338671 15860739
256 164 1337837 15860739
256 165 1338248 15860739
256 166 1336723 15860739
256 167 1337292 15860739
256 168 1337120 15860739
256 169 1339464 15860739
256 170 1337263 15860739
256 171 1336158 15860739
256 172 1338447 15860739
256 173 1338646 15860739
256 174 1337099 15860739
256 175 1337299 15860739
256 176 1338064 15860739
256 177 1337925 15860739
256 178 1337242 15860739
256 179 1338900 15860739
256 180 1340251 15860739
256 181 1340043 15860739
256 182 1337525 15860739
256 183 1338289 15860739
256 184 1337034 15860739
256 185 1338802 15860739
256 186 1338687 15860739
256 187 1338845 15860739
256 188 1336060 15860739
256 189 1337821 15860739
256 190 1338752 15860739
256 191 1339317 15860739
256 192 1336495 15860739
256 193 1337978 15860739
256 194 1338482 15860739
256 195 1339424 15860739
256 196 1337305 15860739
256 197 1337928 15860739
256 198 1338525 15860739
256 199 1339238 15860739
256 200 1338518 15860739
256 201 1340028 15860739
256 202 1338639 15860739
256 203 1340982 15860739
256 204 1338922 15860739
256 205 1336286 15860739
256 206 1337464 15860739
256 207 1338376 15860739
256 208 1337577 15860739
256 209 1337516 15860739
256 210 1338578 15860739
256 211 1337411 15860739
256 212 1338315 15860739
256 213 1337957 15860739
256 214 1337383 15860739
256 215 1339153 15860739
256 216 1337880 15860739
256 217 1337117 15860739
256 218 1338407 15860739
256 219 1336466 15860739
256 220 1336740 15860739
256 221 1340418 15860739
256 222 1338727 15860739
256 223 1338306 15860739
256 224 1338329 15860739
256 225 1338059 15860739
256 226 1337416 15860739
256 227 1338357 15860739
256 228 1338988 15860739
256 229 1338290 15860739
256 230 1338618 15860739
256 231 1338910 15860739
256 232 1336707 15860739
256 233 1339513 15860739
256 234 1339201 15860739
256 235 1337657 15860739
256 236 1338629 15860739
256 237 1339110 15860739
256 238 1339816 15860739
256 239 1337996 15860739
256 240 1337210 15860739
256 241 1337401 15860739
256 242 1339976 15860739
256 243 1337966 15860739
256 244 1337140 15860739
256 245 1338865 15860739
256 246 1338759 15860739
256 247 1338479 15860739
256 248 1338236 15860739
256 249 1339370 15860739
256 250 1340242 15860739
256 251 1337924 15860739
256 252 1339063 15860739
256 253 1338840 15860739
256 254 1339580 15860739
256 255 1337422 15860739
256 256 1337845 15860739
256 257 1338861 15860739
256 258 1337892 15860739
256 259 1337144 15860739
256 260 1337052 15860739
256 261 1338088 15860739
256 262 1338122 15860739
256 263 1338113 15860739
256 264 1338080 15860739
256 265 1338074 15860739
256 266 1338084 15860739
256 267 1338082 15860739
256 268 1338350 15860739
256 269 1338741 15860739
256 270 1337448 15860739
256 271 1337671 15860739
256 272 1338452 15860739
256 273 1338395 15860739
256 274 1339019 15860739
256 275 1338451 15860739
256 276 1339344 15860739
256 277 1338927 15860739
256 278 1337325 15860739
256 279 1338999 15860739
256 280 1339376 15860739
256 281 1339879 15860739
256 282 1338081 15860739
256 283 1338109 15860739
256 284 1336983 15860739
256 285 1339925 15860739
256 286 1337853 15860739
256 287 1338547 15860739
256 288 1337756 15860739
256 289 1340892 15860739
256 290 1340500 15860739
256 291 1337338 15860739
256 292 1338814 15860739
256 293 1338391 15860739
256 294 1339454 15860739
256 295 1338182 15860739
256 296 1335727 15860739
256 297 1340022 15860739
256 298 1338486 15860739
256 299 1337669 15860739
256 300 1336973 15860739
256 301 1337397 15860739
256 302 1338696 15860739
256 303 1338544 15860739
256 304 1337620 15860739
256 305 1339313 15860739
256 306 1337888 15860739
256 307 1338961 15860739
256 308 1339757 15860739
256 309 1339196 15860739
256 310 1339703 15860739
256 311 1337144 15860739
256 312 1338205 15860739
256 313 1338885 15860739
256 314 1339044 15860739
256 315 1338368 15860739
256 316 1339465 15860739
256 317 1338771 15860739
256 318 1338655 15860739
256 319 1337906 15860739
256 320 1337998 15860739
256 321 1337214 15860739
256 322 1338682 15860739
256 323 1338432 15860739
256 324 1340360 15860739
256 325 1340242 15860739
256 326 1338944 15860739
256 327 1339074 15860739
256 328 1340694 15860739
256 329 1337942 15860739
256 330 1339302 15860739
256 331 1336738 15860739
256 332 1338724 15860739
256 333 1338868 15860739
256 334 1337920 15860739
256 335 1337539 15860739
256 336 1340380 15860739
256 337 1339221 15860739
256 338 1337924 15860739
256 339 1337789 15860739
256 340 1339041 15860739
256 341 1337562 15860739
256 342 1337293 15860739
256 343 1338533 15860739
256 344 1338096 15860739
256 345 1338176 15860739
256 346 1338059 15860739
256 347 1338762 15860739
256 348 1338258 15860739
256 349 1338596 15860739
256 350 1339593 15860739
256 351 1338779 15860739
256 352 1337936 15860739
256 353 1340254 15860739
256 354 1337455 15860739
256 355 1339275 15860739
256 356 1337986 15860739
256 357 1337366 15860739
256 358 1339559 15860739
256 359 1339044 15860739
256 360 1339074 15860739
256 361 1338894 15860739
256 362 1338943 15860739
256 363 1338162 15860739
256 364 1337668 15860739
256 365 1338281 15860739
256 366 1337722 15860739
256 367 1339843 15860739
256 368 1337872 15860739
256 369 1338612 15860739
256 370 1337746 15860739
256 371 1340764 15860739
256 372 1338254 15860739
256 373 1337895 15860739
256 374 1338086 15860739
256 375 1338991 15860739
256 376 1338399 15860739
256 377 1337280 15860739
256 378 1338011 15860739
256 379 1340904 15860739
256 380 1338872 15860739
256 381 1340202 15860739
256 382 1335406 15860739
256 383 1339477 15860739
256 384 1339098 15860739
256 385 1338924 15860739
256 386 1337003 15860739
256 387 1339312 15860739
256 388 1337984 15860739
256 389 1338657 15860739
256 390 1336980 15860739
256 391 1337247 15860739
256 392 1338790 15860739
256 393 1336824 15860739
256 394 1337897 15860739
256 395 1338712 15860739
256 396 1338809 15860739
256 397 1337982 15860739
256 398 1338342 15860739
256 399 1338273 15860739
256 400 1337649 15860739
256 401 1339334 15860739
256 402 1339479 15860739
256 403 1338877 15860739
256 404 1338131 15860739
256 405 1337519 15860739
256 406 1337891 15860739
256 407 1337051 15860739
256 408 1338843 15860739
256 409 1338153 15860739
256 410 1338794 15860739
256 411 1341041 15860739
256 412 1339409 15860739
256 413 1336788 15860739
256 414 1338666 15860739
256 415 1339189 15860739
256 416 1337920 15860739
256 417 1339159 15860739
256 418 1340056 15860739
256 419 1338353 15860739
256 420 1338541 15860739
256 421 1340055 15860739
256 422 1339382 15860739
256 423 1337836 15860739
256 424 1338840 15860739
256 425 1339130 15860739
256 426 1339640 15860739
256 427 1337885 15860739
256 428 1338900 15860739
256 429 1339377 15860739
256 430 1339539 15860739
256 431 1337509 15860739
256 432 1337079 15860739
256 433 1337885 15860739
256 434 1337569 15860739
256 435 1338463 15860739
256 436 1339259 15860739
256 437 1338990 15860739
256 438 1338099 15860739
256 439 1336534 15860739
256 440 1336839 15860739
256 441 1337089 15860739
256 442 1338231 15860739
256 443 1339168 15860739
256 444 1338184 15860739
256 445 1339243 15860739
256 446 1337781 15860739
256 447 1338807 15860739
256 448 1339636 15860739
256 449 1337219 15860739
256 450 1339001 15860739
256 451 1338736 15860739
256 452 1337656 15860739
256 453 1338545 15860739
256 454 1336961 15860739
256 455 1337558 15860739
256 456 1337097 15860739
256 457 1337050 15860739
256 458 1337705 15860739
256 459 1337868 15860739
256 460 1337687 15860739
256 461 1340387 15860739
256 462 1336502 15860739
256 463 1339016 15860739
256 464 1338518 15860739
256 465 1339625 15860739
256 466 1339199 15860739
256 467 1337820 15860739
256 468 1337513 15860739
256 469 1340133 15860739
256 470 1339310 15860739
256 471 1339004 15860739
256 472 1337043 15860739
256 473 1340464 15860739
256 474 1338622 15860739
256 475 1339216 15860739
256 476 1338967 15860739
256 477 1340715 15860739
256 478 1337203 15860739
256 479 1337704 15860739
256 480 1337983 15860739
256 481 1339574 15860739
256 482 1339050 15860739
256 483 1338618 15860739
256 484 1337967 15860739
256 485 1338578 15860739
256 486 1338343 15860739
256 487 1337691 15860739
256 488 1339266 15860739
256 489 1338271 15860739
256 490 1338568 15860739
256 491 1337267 15860739
256 492 1337054 15860739
256 493 1338774 15860739
256 494 1338238 15860739
256 495 1337814 15860739
256 496 1338075 15860739
256 497 1338786 15860739
256 498 1338276 15860739
256 499 1337190 15860739
256 500 1338504 15860739
256 501 1339153 15860739
256 502 1339658 15860739
256 503 1338042 15860739
256 504 1340523 15860739
256 505 1337609 15860739
256 506 1339358 15860739
256 507 1339496 15860739
256 508 1340905 15860739
256 509 1337644 15860739
256 510 1338819 15860739
256 511 1339355 15860739
256 512 1338938 15860739
256 513 1337290 15860739
256 514 1336673 15860739
256 515 1338945 15860739
256 516 1338573 15860739
256 517 1337587 15860739
256 518 1337805 15860739
256 519 1338296 15860739
256 520 1339914 15860739
256 521 1338289 15860739
256 522 1338096 15860739
256 523 1337720 15860739
256 524 1338522 15860739
256 525 1336949 15860739
256 526 1338879 15860739
256 527 1337694 15860739
256 528 1337603 15860739
256 529 1338397 15860739
256 530 1339263 15860739
256 531 1338035 15860739
256 532 1338397 15860739
256 533 1336199 15860739
256 534 1338196 15860739
256 535 1338761 15860739
256 536 1339681 15860739
256 537 1337567 15860739
256 538 1337878 15860739
256 539 1339377 15860739
256 540 1336212 15860739
256 541 1339658 15860739
256 542 1336074 15860739
256 543 1336021 15860739
256 544 1338638 15860739
256 545 1337907 15860739
256 546 1338635 15860739
256 547 1337994 15860739
256 548 1338400 15860739
256 549 1337630 15860739
256 550 1339609 15860739
256 551 1340167 15860739
256 552 1337300 15860739
256 553 1338150 15860739
256 554 1337452 15860739
256 555 1339994 15860739
256 556 1339296 15860739
256 557 1337747 15860739
256 558 1338007 15860739
256 559 1340939 15860739
256 560 1338139 15860739
256 561 1339677 15860739
256 562 1337486 15860739
256 563 1338244 15860739
256 564 1337630 15860739
256 565 1339027 15860739
256 566 1336730 15860739
256 567 1338789 15860739
256 568 1338840 15860739
256 569 1338275 15860739
256 570 1339788 15860739
256 571 1338646 15860739
256 572 1338386 15860739
256 573 1340037 15860739
256 574 1339173 15860739
256 575 1337562 15860739
256 576 1339057 15860739
256 577 1338186 15860739
256 578 1338714 15860739
256 579 1337335 15860739
256 580 1339204 15860739
256 581 1338565 15860739
256 582 1338585 15860739
256 583 1338878 15860739
256 584 1339314 15860739
256 585 1338483 15860739
256 586 1339044 15860739
256 587 1338364 15860739
256 588 1337606 15860739
256 589 1337272 15860739
256 590 1337695 15860739
256 591 1338653 15860739
256 592 1336750 15860739
256 593 1338152 15860739
256 594 1341784 15860739
256 595 1336717 15860739
256 596 1336997 15860739
256 597 1338053 15860739
256 598 1338907 15860739
256 599 1337448 15860739
256 600 1337618 15860739
256 601 1337515 15860739
256 602 1339529 15860739
256 603 1337861 15860739
256 604 1338755 15860739
256 605 1338427 15860739
256 606 1340788 15860739
256 607 1337854 15860739
256 608 1338954 15860739
256 609 1336007 15860739
256 610 1341556 15860739
256 611 1337529 15860739
256 612 1338844 15860739
256 613 1337982 15860739
256 614 1338570 15860739
256 615 1339159 15860739
256 616 1337365 15860739
256 617 1336679 15860739
256 618 1338235 15860739
256 619 1339324 15860739
256 620 1337835 15860739
256 621 1338527 15860739
256 622 1337857 15860739
256 623 1337859 15860739
256 624 1339118 15860739
256 625 1337870 15860739
256 626 1340214 15860739
256 627 1337493 15860739
256 628 1337793 15860739
256 629 1337915 15860739
256 630 1338109 15860739
256 631 1336537 15860739
256 632 1338450 15860739
256 633 1336503 15860739
256 634 1336898 15860739
256 635 1339701 15860739
256 636 1338628 15860739
256 637 1338682 15860739
256 638 1337500 15860739
256 639 1336961 15860739
256 640 1337823 15860739
256 641 1341062 15860739
256 642 1338897 15860739
256 643 1337393 15860739
256 644 1338749 15860739
256 645 1338412 15860739
256 646 1336688 15860739
256 647 1336224 15860739
256 648 1338177 15860739
256 649 1338903 15860739
256 650 1337516 15860739
256 651 1337795 15860739
256 652 1339742 15860739
256 653 1339739 15860739
256 654 1339227 15860739
256 655 1338149 15860739
256 656 1338095 15860739
256 657 1340430 15860739
256 658 1337638 15860739
256 659 1337516 15860739
256 660 1338229 15860739
256 661 1336835 15860739
256 662 1337670 15860739
256 663 1336961 15860739
256 664 1339148 15860739
256 665 1336061 15860739
256 666 1337922 15860739
256 667 1336383 15860739
256 668 1338525 15860739
256 669 1341581 15860739
256 670 1337373 15860739
256 671 1339038 15860739
256 672 1338088 15860739
256 673 1339420 15860739
256 674 1337933 15860739
256 675 1336455 15860739
256 676 1337146 15860739
256 677 1337830 15860739
256 678 1338491 15860739
256 679 1339607 15860739
256 680 1339905 15860739
256 681 1339860 15860739
256 682 1339423 15860739
256 683 1338810 15860739
256 684 1340059 15860739
256 685 1338422 15860739
256 686 1337871 15860739
256 687 1337207 15860739
256 688 1340254 15860739
256 689 1337192 15860739
256 690 1338077 15860739
256 691 1337258 15860739
256 692 1339399 15860739
256 693 1337919 15860739
256 694 1340162 15860739
256 695 1338924 15860739
256 696 1340789 15860739
256 697 1338895 15860739
256 698 1337808 15860739
256 699 1335691 15860739
256 700 1339789 15860739
256 701 1337569 15860739
256 702 1337946 15860739
256 703 1339445 15860739
256 704 1339324 15860739
256 705 1337845 15860739
256 706 1339679 15860739
256 707 1338884 15860739
256 708 1337652 15860739
256 709 1337274 15860739
256 710 1339018 15860739
256 711 1340330 15860739
256 712 1337971 15860739
256 713 1338455 15860739
256 714 1338463 15860739
256 715 1337484 15860739
256 716 1337005 15860739
256 717 1337895 15860739
256 718 1337076 15860739
256 719 1338396 15860739
256 720 1339665 15860739
256 721 1339189 15860739
256 722 1339580 15860739
256 723 1336845 15860739
256 724 1338384 15860739
256 725 1339208 15860739
256 726 1338901 15860739
256 727 1338920 15860739
256 728 1339139 15860739
256 729 1337990 15860739
256 730 1338174 15860739
256 731 1340395 15860739
256 732 1339946 15860739
256 733 1338993 15860739
256 734 1336831 15860739
256 735 1340656 15860739
256 736 1336722 15860739
256 737 1338809 15860739
256 738 1336315 15860739
256 739 1339759 15860739
256 740 1337495 15860739
256 741 1337374 15860739
256 742 1336856 15860739
256 743 1341052 15860739
256 744 1338098 15860739
256 745 1337672 15860739
256 746 1337905 15860739
256 747 1341620 15860739
256 748 1337755 15860739
256 749 1340478 15860739
256 750 1339501 15860739
256 751 1337456 15860739
256 752 1336066 15860739
256 753 1337224 15860739
256 754 1339487 15860739
256 755 1339306 15860739
256 756 1338597 15860739
256 757 1337911 15860739
256 758 1337757 15860739
256 759 1337924 15860739
256 760 1337076 15860739
256 761 1338927 15860739
256 762 1338289 15860739
256 763 1336418 15860739
256 764 1336580 15860739
256 765 1337661 15860739
256 766 1338464 15860739
256 767 1339448 15860739
256 768 1337461 15860739
256 769 1339254 15860739
256 770 1336816 15860739
256 771 1336125 15860739
256 772 1337914 15860739
256 773 1338785 15860739
256 774 1340745 15860739
256 775 1337292 15860739
256 776 1338308 15860739
256 777 1338401 15860739
256 778 1337493 15860739
256 779 1340016 15860739
256 780 1336794 15860739
256 781 1339671 15860739
256 782 1341284 15860739
256 783 1339342 15860739
256 784 1337024 15860739
256 785 1339003 15860739
256 786 1340050 15860739
256 787 1337639 15860739
256 788 1340004 15860739
256 789 1337621 15860739
256 790 1339843 15860739
256 791 1338018 15860739
256 792 1339996 15860739
256 793 1337216 15860739
256 794 1337397 15860739
256 795 1337279 15860739
256 796 1337742 15860739
256 797 1336885 15860739
256 798 1337885 15860739
256 799 1338654 15860739
256 800 1338690 15860739
256 801 1338682 15860739
256 802 1338915 15860739
256 803 1336444 15860739
256 804 1337712 15860739
256 805 1338347 15860739
256 806 1339380 15860739
256 807 1337372 15860739
256 808 1339428 15860739
256 809 1338126 15860739
256 810 1337994 15860739
256 811 1338589 15860739
256 812 1337288 15860739
256 813 1338400 15860739
256 814 1338343 15860739
256 815 1339377 15860739
256 816 1337956 15860739
256 817 1337409 15860739
256 818 1339802 15860739
256 819 1338273 15860739
256 820 1337755 15860739
256 821 1339806 15860739
256 822 1338846 15860739
256 823 1338305 15860739
256 824 1338650 15860739
256 825 1338721 15860739
256 826 1337071 15860739
256 827 1336287 15860739
256 828 1340321 15860739
256 829 1340412 15860739
256 830 1338436 15860739
256 831 1338148 15860739
256 832 1338498 15860739
256 833 1338880 15860739
256 834 1337725 15860739
256 835 1339127 15860739
256 836 1338407 15860739
256 837 1339700 15860739
256 838 1338940 15860739
256 839 1338093 15860739
256 840 1337836 15860739
256 841 1337084 15860739
256 842 1339371 15860739
256 843 1338520 15860739
256 844 1338061 15860739
256 845 1337930 15860739
256 846 1338814 15860739
256 847 1338461 15860739
256 848 1337981 15860739
256 849 1338310 15860739
256 850 1338178 15860739
256 851 1337723 15860739
256 852 1340228 15860739
256 853 1337687 15860739
256 854 1339801 15860739
256 855 1338219 15860739
256 856 1337118 15860739
256 857 1338832 15860739
256 858 1337288 15860739
256 859 1340275 15860739
256 860 1337326 15860739
256 861 1337516 15860739
256 862 1338879 15860739
256 863 1338193 15860739
256 864 1340828 15860739
256 865 1337799 15860739
256 866 1336439 15860739
256 867 1338111 15860739
256 868 1339847 15860739
256 869 1340328 15860739
256 870 1338509 15860739
256 871 1337581 15860739
256 872 1340056 15860739
256 873 1337208 15860739
256 874 1337710 15860739
256 875 1336775 15860739
256 876 1339050 15860739
256 877 1338620 15860739
256 878 1339438 15860739
256 879 1338627 15860739
256 880 1338374 15860739
256 881 1339681 15860739
256 882 1339257 15860739
256 883 1339941 15860739
256 884 1337767 15860739
256 885 1337187 15860739
256 886 1336716 15860739
256 887 1337188 15860739
256 888 1339994 15860739
256 889 1338073 15860739
256 890 1339803 15860739
256 891 1338869 15860739
256 892 1337456 15860739
256 893 1338719 15860739
256 894 1338802 15860739
256 895 1338302 15860739
256 896 1337858 15860739
256 897 1337240 15860739
256 898 1337277 15860739
256 899 1337984 15860739
256 900 1338130 15860739
256 901 1339475 15860739
256 902 1336777 15860739
256 903 1337970 15860739
256 904 1340522 15860739
256 905 1339544 15860739
256 906 1336904 15860739
256 907 1337800 15860739
256 908 1337251 15860739
256 909 1339304 15860739
256 910 1337222 15860739
256 911 1341474 15860739
256 912 1338966 15860739
256 913 1337989 15860739
256 914 1340562 15860739
256 915 1341382 15860739
256 916 1337794 15860739
256 917 1338762 15860739
256 918 1338088 15860739
256 919 1339382 15860739
256 920 1337832 15860739
256 921 1338578 15860739
256 922 1337291 15860739
256 923 1340851 15860739
256 924 1337989 15860739
256 925 1339176 15860739
256 926 1338086 15860739
256 927 1339490 15860739
256 928 1339376 15860739
256 929 1337906 15860739
256 930 1339030 15860739
256 931 1338732 15860739
256 932 1339126 15860739
256 933 1339984 15860739
256 934 1338213 15860739
256 935 1337740 15860739
256 936 1337437 15860739
256 937 1337863 15860739
256 938 1338795 15860739
256 939 1338476 15860739
256 940 1339354 15860739
256 941 1338081 15860739
256 942 1336065 15860739
256 943 1339304 15860739
256 944 1337520 15860739
256 945 1339822 15860739
256 946 1336756 15860739
256 947 1339044 15860739
256 948 1337786 15860739
256 949 1337838 15860739
256 950 1336789 15860739
256 951 1338178 15860739
256 952 1337011 15860739
256 953 1338179 15860739
256 954 1340213 15860739
256 955 1337676 15860739
256 956 1338233 15860739
256 957 1338108 15860739
256 958 1340825 15860739
256 959 1338062 15860739
256 960 1336888 15860739
256 961 1338941 15860739
256 962 1340727 15860739
256 963 1338826 15860739
256 964 1337888 15860739
256 965 1337251 15860739
256 966 1339407 15860739
256 967 1340429 15860739
256 968 1337581 15860739
256 969 1338425 15860739
256 970 1340444 15860739
256 971 1336359 15860739
256 972 1338354 15860739
256 973 1339526 15860739
256 974 1339667 15860739
256 975 1338327 15860739
256 976 1336339 15860739
256 977 1337000 15860739
256 978 1338676 15860739
256 979 1337462 15860739
256 980 1338919 15860739
256 981 1338572 15860739
256 982 1339198 15860739
256 983 1337319 15860739
256 984 1338564 15860739
256 985 1339557 15860739
256 986 1339123 15860739
256 987 1340153 15860739
256 988 1337644 15860739
256 989 1339063 15860739
256 990 1338163 15860739
256 991 1339314 15860739
256 992 1337952 15860739
256 993 1337653 15860739
256 994 1338607 15860739
256 995 1338928 15860739
256 996 1337806 15860739
256 997 1337536 15860739
256 998 1337491 15860739
256 999 1337085 15860739
