512 0 1574427 534842194
512 1 1574407 534842194
512 2 1574425 534842194
512 3 1574427 534842194
512 4 1574623 534842194
512 5 1574426 534842194
512 6 1574427 534842194
512 7 1574447 534842194
512 8 1574447 534842194
512 9 1574580 534842194
512 10 1574447 534842194
512 11 1574427 534842194
512 12 1574553 534842194
512 13 1574447 534842194
512 14 1574427 534842194
512 15 1574407 534842194
512 16 1574451 534842194
512 17 1574601 534842194
512 18 1574427 534842194
512 19 1574407 534842194
512 20 1574427 534842194
512 21 1574455 534842194
512 22 1574407 534842194
512 23 1574407 534842194
512 24 1574483 534842194
512 25 1574565 534842194
512 26 1574467 534842194
512 27 1574505 534842194
512 28 1574427 534842194
512 29 1574425 534842194
512 30 1574553 534842194
512 31 1574407 534842194
512 32 1574427 534842194
512 33 1574555 534842194
512 34 1574407 534842194
512 35 1574431 534842194
512 36 1574466 534842194
512 37 1574447 534842194
512 38 1574613 534842194
512 39 1574427 534842194
512 40 1574431 534842194
512 41 1574447 534842194
512 42 1574427 534842194
512 43 1574407 534842194
512 44 1574447 534842194
512 45 1574427 534842194
512 46 1574587 534842194
512 47 1574407 534842194
512 48 1574447 534842194
512 49 1574447 534842194
512 50 1574446 534842194
512 51 1574547 534842194
512 52 1574407 534842194
512 53 1574407 534842194
512 54 1574585 534842194
512 55 1574466 534842194
512 56 1574426 534842194
512 57 1574451 534842194
512 58 1574407 534842194
512 59 1574539 534842194
512 60 1574407 534842194
512 61 1574447 534842194
512 62 1574447 534842194
512 63 1574427 534842194
512 64 1574445 534842194
512 65 1574466 534842194
512 66 1574428 534842194
512 67 1574620 534842194
512 68 1574427 534842194
512 69 1574407 534842194
512 70 1574427 534842194
512 71 1574467 534842194
512 72 1574574 534842194
512 73 1574467 534842194
512 74 1574427 534842194
512 75 1574591 534842194
512 76 1574427 534842194
512 77 1574487 534842194
512 78 1574467 534842194
512 79 1574427 534842194
512 80 1574567 534842194
512 81 1574422 534842194
512 82 1574453 534842194
512 83 1574447 534842194
512 84 1574507 534842194
512 85 1574426 534842194
512 86 1574407 534842194
512 87 1574427 534842194
512 88 1574551 534842194
512 89 1574447 534842194
512 90 1574487 534842194
512 91 1574427 534842194
512 92 1574443 534842194
512 93 1574584 534842194
512 94 1574442 534842194
512 95 1574447 534842194
512 96 1574623 534842194
512 97 1574467 534842194
512 98 1574449 534842194
512 99 1574508 534842194
512 100 1574407 534842194
512 101 1574566 534842194
512 102 1574407 534842194
512 103 1574426 534842194
512 104 1574467 534842194
512 105 1574407 534842194
512 106 1574446 534842194
512 107 1574407 534842194
512 108 1574427 534842194
512 109 1574567 534842194
512 110 1574450 534842194
512 111 1574407 534842194
512 112 1574427 534842194
512 113 1574407 534842194
512 114 1574575 534842194
512 115 1574407 534842194
512 116 1574447 534842194
512 117 1574618 534842194
512 118 1574487 534842194
512 119 1574427 534842194
512 120 1574447 534842194
512 121 1574407 534842194
512 122 1574585 534842194
512 123 1574467 534842194
512 124 1574407 534842194
512 125 1574407 534842194
512 126 1574487 534842194
512 127 1574427 534842194
512 128 1574447 534842194
512 129 1574447 534842194
512 130 1574562 534842194
512 131 1574447 534842194
512 132 1574447 534842194
512 133 1574467 534842194
512 134 1574426 534842194
512 135 1574447 534842194
512 136 1574427 534842194
512 137 1574467 534842194
512 138 1574593 534842194
512 139 1574487 534842194
512 140 1574447 534842194
512 141 1574427 534842194
512 142 1574470 534842194
512 143 1574547 534842194
512 144 1574447 534842194
512 145 1574427 534842194
512 146 1574584 534842194
512 147 1574445 534842194
512 148 1574447 534842194
512 149 1574427 534842194
512 150 1574486 534842194
512 151 1574625 534842194
512 152 1574407 534842194
512 153 1574466 534842194
512 154 1574466 534842194
512 155 1574427 534842194
512 156 1574407 534842194
512 157 1574451 534842194
512 158 1574407 534842194
512 159 1574589 534842194
512 160 1574427 534842194
512 161 1574407 534842194
512 162 1574427 534842194
512 163 1574407 534842194
512 164 1574585 534842194
512 165 1574427 534842194
512 166 1574407 534842194
512 167 1574564 534842194
512 168 1574467 534842194
512 169 1574447 534842194
512 170 1574507 534842194
512 171 1574467 534842194
512 172 1574626 534842194
512 173 1574483 534842194
512 174 1574407 534842194
512 175 1574427 534842194
512 176 1574427 534842194
512 177 1574427 534842194
512 178 1574427 534842194
512 179 1574426 534842194
512 180 1574565 534842194
512 181 1574471 534842194
512 182 1574407 534842194
512 183 1574467 534842194
512 184 1574465 534842194
512 185 1574622 534842194
512 186 1574427 534842194
512 187 1574426 534842194
512 188 1574631 534842194
512 189 1574426 534842194
512 190 1574467 534842194
512 191 1574427 534842194
512 192 1574447 534842194
512 193 1574545 534842194
512 194 1574488 534842194
512 195 1574407 534842194
512 196 1574426 534842194
512 197 1574447 534842194
512 198 1574427 534842194
512 199 1574407 534842194
512 200 1574430 534842194
512 201 1574565 534842194
512 202 1574447 534842194
512 203 1574429 534842194
512 204 1574407 534842194
512 205 1574425 534842194
512 206 1574626 534842194
512 207 1574447 534842194
512 208 1574451 534842194
512 209 1574542 534842194
512 210 1574447 534842194
512 211 1574407 534842194
512 212 1574471 534842194
512 213 1574427 534842194
512 214 1574626 534842194
512 215 1574427 534842194
512 216 1574424 534842194
512 217 1574427 534842194
512 218 1574407 534842194
512 219 1574427 534842194
512 220 1574447 534842194
512 221 1574407 534842194
512 222 1574586 534842194
512 223 1574407 534842194
512 224 1574427 534842194
512 225 1574407 534842194
512 226 1574450 534842194
512 227 1574548 534842194
512 228 1574407 534842194
512 229 1574446 534842194
512 230 1574592 534842194
512 231 1574427 534842194
512 232 1574527 534842194
512 233 1574488 534842194
512 234 1574447 534842194
512 235 1574593 534842194
512 236 1574427 534842194
512 237 1574407 534842194
512 238 1574447 534842194
512 239 1574467 534842194
512 240 1574407 534842194
512 241 1574427 534842194
512 242 1574407 534842194
512 243 1574566 534842194
512 244 1574427 534842194
512 245 1574447 534842194
512 246 1574407 534842194
512 247 1574427 534842194
512 248 1574581 534842194
512 249 1574466 534842194
512 250 1574446 534842194
512 251 1574602 534842194
512 252 1574407 534842194
512 253 1574427 534842194
512 254 1574407 534842194
512 255 1574462 534842194
512 256 1574578 534842194
512 257 1574447 534842194
512 258 1574427 534842194
512 259 1574407 534842194
512 260 1574407 534842194
512 261 1574431 534842194
512 262 1574486 534842194
512 263 1574430 534842194
512 264 1574547 534842194
512 265 1574427 534842194
512 266 1574427 534842194
512 267 1574447 534842194
512 268 1574467 534842194
512 269 1574553 534842194
512 270 1574407 534842194
512 271 1574426 534842194
512 272 1574563 534842194
512 273 1574407 534842194
512 274 1574426 534842194
512 275 1574427 534842194
512 276 1574445 534842194
512 277 1574601 534842194
512 278 1574447 534842194
512 279 1574447 534842194
512 280 1574429 534842194
512 281 1574447 534842194
512 282 1574447 534842194
512 283 1574465 534842194
512 284 1574450 534842194
512 285 1574552 534842194
512 286 1574447 534842194
512 287 1574483 534842194
512 288 1574487 534842194
512 289 1574467 534842194
512 290 1574610 534842194
512 291 1574467 534842194
512 292 1574447 534842194
512 293 1574584 534842194
512 294 1574427 534842194
512 295 1574407 534842194
512 296 1574407 534842194
512 297 1574429 534842194
512 298 1574567 534842194
512 299 1574447 534842194
512 300 1574447 534842194
512 301 1574601 534842194
512 302 1574407 534842194
512 303 1574447 534842194
512 304 1574447 534842194
512 305 1574447 534842194
512 306 1574592 534842194
512 307 1574447 534842194
512 308 1574447 534842194
512 309 1574427 534842194
512 310 1574407 534842194
512 311 1574427 534842194
512 312 1574407 534842194
512 313 1574447 534842194
512 314 1574561 534842194
512 315 1574407 534842194
512 316 1574407 534842194
512 317 1574429 534842194
512 318 1574429 534842194
512 319 1574581 534842194
512 320 1574446 534842194
512 321 1574427 534842194
512 322 1574544 534842194
512 323 1574431 534842194
512 324 1574426 534842194
512 325 1574407 534842194
512 326 1574466 534842194
512 327 1574605 534842194
512 328 1574407 534842194
512 329 1574447 534842194
512 330 1574450 534842194
512 331 1574427 534842194
512 332 1574627 534842194
512 333 1574447 534842194
512 334 1574427 534842194
512 335 1574588 534842194
512 336 1574447 534842194
512 337 1574426 534842194
512 338 1574427 534842194
512 339 1574426 534842194
512 340 1574584 534842194
512 341 1574407 534842194
512 342 1574467 534842194
512 343 1574605 534842194
512 344 1574407 534842194
512 345 1574407 534842194
512 346 1574487 534842194
512 347 1574407 534842194
512 348 1574574 534842194
512 349 1574407 534842194
512 350 1574451 534842194
512 351 1574441 534842194
512 352 1574467 534842194
512 353 1574505 534842194
512 354 1574427 534842194
512 355 1574467 534842194
512 356 1574568 534842194
512 357 1574466 534842194
512 358 1574427 534842194
512 359 1574427 534842194
512 360 1574447 534842194
512 361 1574575 534842194
512 362 1574466 534842194
512 363 1574506 534842194
512 364 1574447 534842194
512 365 1574467 534842194
512 366 1574407 534842194
512 367 1574427 534842194
512 368 1574427 534842194
512 369 1574606 534842194
512 370 1574467 534842194
512 371 1574427 534842194
512 372 1574466 534842194
512 373 1574427 534842194
512 374 1574407 534842194
512 375 1574447 534842194
512 376 1574447 534842194
512 377 1574624 534842194
512 378 1574427 534842194
512 379 1574447 534842194
512 380 1574449 534842194
512 381 1574427 534842194
512 382 1574565 534842194
512 383 1574427 534842194
512 384 1574426 534842194
512 385 1574467 534842194
512 386 1574407 534842194
512 387 1574427 534842194
512 388 1574427 534842194
512 389 1574407 534842194
512 390 1574558 534842194
512 391 1574407 534842194
512 392 1574425 534842194
512 393 1574427 534842194
512 394 1574427 534842194
512 395 1574430 534842194
512 396 1574426 534842194
512 397 1574447 534842194
512 398 1574630 534842194
512 399 1574485 534842194
512 400 1574427 534842194
512 401 1574426 534842194
512 402 1574447 534842194
512 403 1574588 534842194
512 404 1574426 534842194
512 405 1574427 534842194
512 406 1574487 534842194
512 407 1574447 534842194
512 408 1574426 534842194
512 409 1574407 534842194
512 410 1574473 534842194
512 411 1574597 534842194
512 412 1574447 534842194
512 413 1574407 534842194
512 414 1574447 534842194
512 415 1574427 534842194
512 416 1574593 534842194
512 417 1574447 534842194
512 418 1574447 534842194
512 419 1574565 534842194
512 420 1574447 534842194
512 421 1574447 534842194
512 422 1574407 534842194
512 423 1574446 534842194
512 424 1574599 534842194
512 425 1574407 534842194
512 426 1574446 534842194
512 427 1574447 534842194
512 428 1574447 534842194
512 429 1574407 534842194
512 430 1574487 534842194
512 431 1574478 534842194
512 432 1574638 534842194
512 433 1574427 534842194
512 434 1574468 534842194
512 435 1574427 534842194
512 436 1574426 534842194
512 437 1574407 534842194
512 438 1574450 534842194
512 439 1574407 534842194
512 440 1574622 534842194
512 441 1574427 534842194
512 442 1574407 534842194
512 443 1574447 534842194
512 444 1574467 534842194
512 445 1574588 534842194
512 446 1574427 534842194
512 447 1574407 534842194
512 448 1574426 534842194
512 449 1574427 534842194
512 450 1574447 534842194
512 451 1574427 534842194
512 452 1574447 534842194
512 453 1574604 534842194
512 454 1574407 534842194
512 455 1574427 534842194
512 456 1574430 534842194
512 457 1574451 534842194
512 458 1574586 534842194
512 459 1574466 534842194
512 460 1574427 534842194
512 461 1574623 534842194
512 462 1574407 534842194
512 463 1574407 534842194
512 464 1574427 534842194
512 465 1574407 534842194
512 466 1574547 534842194
512 467 1574467 534842194
512 468 1574426 534842194
512 469 1574427 534842194
512 470 1574447 534842194
512 471 1574467 534842194
512 472 1574407 534842194
512 473 1574470 534842194
512 474 1574573 534842194
512 475 1574427 534842194
512 476 1574427 534842194
512 477 1574407 534842194
512 478 1574427 534842194
512 479 1574627 534842194
512 480 1574444 534842194
512 481 1574427 534842194
512 482 1574627 534842194
512 483 1574467 534842194
512 484 1574407 534842194
512 485 1574487 534842194
512 486 1574471 534842194
512 487 1574626 534842194
512 488 1574427 534842194
512 489 1574427 534842194
512 490 1574487 534842194
512 491 1574507 534842194
512 492 1574446 534842194
512 493 1574427 534842194
512 494 1574427 534842194
512 495 1574547 534842194
512 496 1574467 534842194
512 497 1574407 534842194
512 498 1574427 534842194
512 499 1574469 534842194
512 500 1574567 534842194
512 501 1574407 534842194
512 502 1574427 534842194
512 503 1574656 534842194
512 504 1574466 534842194
512 505 1574427 534842194
512 506 1574407 534842194
512 507 1574427 534842194
512 508 1574587 534842194
512 509 1574447 534842194
512 510 1574407 534842194
512 511 1574427 534842194
512 512 1574427 534842194
512 513 1574447 534842194
512 514 1574407 534842194
512 515 1574430 534842194
512 516 1574609 534842194
512 517 1574407 534842194
512 518 1574407 534842194
512 519 1574427 534842194
512 520 1574445 534842194
512 521 1574566 534842194
512 522 1574427 534842194
512 523 1574427 534842194
512 524 1574603 534842194
512 525 1574407 534842194
512 526 1574467 534842194
512 527 1574446 534842194
512 528 1574407 534842194
512 529 1574548 534842194
512 530 1574407 534842194
512 531 1574427 534842194
512 532 1574618 534842194
512 533 1574427 534842194
512 534 1574427 534842194
512 535 1574407 534842194
512 536 1574427 534842194
512 537 1574602 534842194
512 538 1574407 534842194
512 539 1574427 534842194
512 540 1574407 534842194
512 541 1574431 534842194
512 542 1574427 534842194
512 543 1574467 534842194
512 544 1574447 534842194
512 545 1574608 534842194
512 546 1574449 534842194
512 547 1574427 534842194
512 548 1574427 534842194
512 549 1574431 534842194
512 550 1574614 534842194
512 551 1574486 534842194
512 552 1574427 534842194
512 553 1574466 534842194
512 554 1574407 534842194
512 555 1574467 534842194
512 556 1574407 534842194
512 557 1574427 534842194
512 558 1574547 534842194
512 559 1574525 534842194
512 560 1574447 534842194
512 561 1574427 534842194
512 562 1574407 534842194
512 563 1574447 534842194
512 564 1574407 534842194
512 565 1574427 534842194
512 566 1574621 534842194
512 567 1574427 534842194
512 568 1574407 534842194
512 569 1574427 534842194
512 570 1574427 534842194
512 571 1574567 534842194
512 572 1574427 534842194
512 573 1574407 534842194
512 574 1574599 534842194
512 575 1574463 534842194
512 576 1574455 534842194
512 577 1574509 534842194
512 578 1574427 534842194
512 579 1574599 534842194
512 580 1574489 534842194
512 581 1574466 534842194
512 582 1574447 534842194
512 583 1574485 534842194
512 584 1574427 534842194
512 585 1574427 534842194
512 586 1574447 534842194
512 587 1574567 534842194
512 588 1574448 534842194
512 589 1574427 534842194
512 590 1574473 534842194
512 591 1574407 534842194
512 592 1574569 534842194
512 593 1574407 534842194
512 594 1574407 534842194
512 595 1574573 534842194
512 596 1574407 534842194
512 597 1574427 534842194
512 598 1574407 534842194
512 599 1574427 534842194
512 600 1574605 534842194
512 601 1574447 534842194
512 602 1574431 534842194
512 603 1574447 534842194
512 604 1574427 534842194
512 605 1574635 534842194
512 606 1574464 534842194
512 607 1574427 534842194
512 608 1574566 534842194
512 609 1574426 534842194
512 610 1574467 534842194
512 611 1574447 534842194
512 612 1574407 534842194
512 613 1574567 534842194
512 614 1574407 534842194
512 615 1574427 534842194
512 616 1574427 534842194
512 617 1574427 534842194
512 618 1574466 534842194
512 619 1574427 534842194
512 620 1574443 534842194
512 621 1574555 534842194
512 622 1574446 534842194
512 623 1574447 534842194
512 624 1574427 534842194
512 625 1574487 534842194
512 626 1574427 534842194
512 627 1574427 534842194
512 628 1574407 534842194
512 629 1574570 534842194
512 630 1574427 534842194
512 631 1574427 534842194
512 632 1574407 534842194
512 633 1574431 534842194
512 634 1574619 534842194
512 635 1574445 534842194
512 636 1574467 534842194
512 637 1574542 534842194
512 638 1574427 534842194
512 639 1574407 534842194
512 640 1574467 534842194
512 641 1574447 534842194
512 642 1574657 534842194
512 643 1574447 534842194
512 644 1574465 534842194
512 645 1574427 534842194
512 646 1574427 534842194
512 647 1574427 534842194
512 648 1574512 534842194
512 649 1574427 534842194
512 650 1574610 534842194
512 651 1574447 534842194
512 652 1574442 534842194
512 653 1574447 534842194
512 654 1574427 534842194
512 655 1574581 534842194
512 656 1574407 534842194
512 657 1574467 534842194
512 658 1574564 534842194
512 659 1574407 534842194
512 660 1574427 534842194
512 661 1574448 534842194
512 662 1574426 534842194
512 663 1574587 534842194
512 664 1574407 534842194
512 665 1574407 534842194
512 666 1574450 534842194
512 667 1574447 534842194
512 668 1574426 534842194
512 669 1574427 534842194
512 670 1574471 534842194
512 671 1574567 534842194
512 672 1574407 534842194
512 673 1574407 534842194
512 674 1574428 534842194
512 675 1574427 534842194
512 676 1574617 534842194
512 677 1574466 534842194
512 678 1574467 534842194
512 679 1574564 534842194
512 680 1574467 534842194
512 681 1574446 534842194
512 682 1574445 534842194
512 683 1574508 534842194
512 684 1574566 534842194
512 685 1574486 534842194
512 686 1574407 534842194
512 687 1574407 534842194
512 688 1574489 534842194
512 689 1574446 534842194
512 690 1574467 534842194
512 691 1574448 534842194
512 692 1574567 534842194
512 693 1574427 534842194
512 694 1574467 534842194
512 695 1574486 534842194
512 696 1574447 534842194
512 697 1574682 534842194
512 698 1574446 534842194
512 699 1574449 534842194
512 700 1574584 534842194
512 701 1574407 534842194
512 702 1574500 534842194
512 703 1574447 534842194
512 704 1574467 534842194
512 705 1574574 534842194
512 706 1574467 534842194
512 707 1574427 534842194
512 708 1574407 534842194
512 709 1574427 534842194
512 710 1574447 534842194
512 711 1574465 534842194
512 712 1574445 534842194
512 713 1574582 534842194
512 714 1574407 534842194
512 715 1574427 534842194
512 716 1574448 534842194
512 717 1574407 534842194
512 718 1574544 534842194
512 719 1574407 534842194
512 720 1574407 534842194
512 721 1574606 534842194
512 722 1574427 534842194
512 723 1574427 534842194
512 724 1574407 534842194
512 725 1574446 534842194
512 726 1574604 534842194
512 727 1574447 534842194
512 728 1574407 534842194
512 729 1574544 534842194
512 730 1574427 534842194
512 731 1574427 534842194
512 732 1574486 534842194
512 733 1574466 534842194
512 734 1574558 534842194
512 735 1574451 534842194
512 736 1574467 534842194
512 737 1574407 534842194
512 738 1574427 534842194
512 739 1574427 534842194
512 740 1574467 534842194
512 741 1574406 534842194
512 742 1574587 534842194
512 743 1574429 534842194
512 744 1574471 534842194
512 745 1574407 534842194
512 746 1574447 534842194
512 747 1574549 534842194
512 748 1574407 534842194
512 749 1574426 534842194
512 750 1574605 534842194
512 751 1574427 534842194
512 752 1574407 534842194
512 753 1574527 534842194
512 754 1574450 534842194
512 755 1574644 534842194
512 756 1574407 534842194
512 757 1574428 534842194
512 758 1574487 534842194
512 759 1574447 534842194
512 760 1574407 534842194
512 761 1574427 534842194
512 762 1574487 534842194
512 763 1574657 534842194
512 764 1574407 534842194
512 765 1574430 534842194
512 766 1574427 534842194
512 767 1574427 534842194
512 768 1574649 534842194
512 769 1574447 534842194
512 770 1574447 534842194
512 771 1574424 534842194
512 772 1574407 534842194
512 773 1574479 534842194
512 774 1574451 534842194
512 775 1574430 534842194
512 776 1574595 534842194
512 777 1574427 534842194
512 778 1574447 534842194
512 779 1574407 534842194
512 780 1574427 534842194
512 781 1574427 534842194
512 782 1574427 534842194
512 783 1574467 534842194
512 784 1574586 534842194
512 785 1574407 534842194
512 786 1574427 534842194
512 787 1574407 534842194
512 788 1574407 534842194
512 789 1574601 534842194
512 790 1574407 534842194
512 791 1574427 534842194
512 792 1574611 534842194
512 793 1574447 534842194
512 794 1574407 534842194
512 795 1574427 534842194
512 796 1574426 534842194
512 797 1574578 534842194
512 798 1574446 534842194
512 799 1574407 534842194
512 800 1574431 534842194
512 801 1574427 534842194
512 802 1574567 534842194
512 803 1574427 534842194
512 804 1574447 534842194
512 805 1574636 534842194
512 806 1574426 534842194
512 807 1574449 534842194
512 808 1574447 534842194
512 809 1574407 534842194
512 810 1574591 534842194
512 811 1574467 534842194
512 812 1574407 534842194
512 813 1574407 534842194
512 814 1574447 534842194
512 815 1574407 534842194
512 816 1574407 534842194
512 817 1574447 534842194
512 818 1574568 534842194
512 819 1574521 534842194
512 820 1574427 534842194
512 821 1574444 534842194
512 822 1574407 534842194
512 823 1574591 534842194
512 824 1574487 534842194
512 825 1574448 534842194
512 826 1574592 534842194
512 827 1574447 534842194
512 828 1574481 534842194
512 829 1574407 534842194
512 830 1574407 534842194
512 831 1574590 534842194
512 832 1574466 534842194
512 833 1574426 534842194
512 834 1574546 534842194
512 835 1574427 534842194
512 836 1574487 534842194
512 837 1574427 534842194
512 838 1574485 534842194
512 839 1574593 534842194
512 840 1574445 534842194
512 841 1574447 534842194
512 842 1574427 534842194
512 843 1574407 534842194
512 844 1574447 534842194
512 845 1574431 534842194
512 846 1574427 534842194
512 847 1574547 534842194
512 848 1574427 534842194
512 849 1574466 534842194
512 850 1574407 534842194
512 851 1574446 534842194
512 852 1574580 534842194
512 853 1574407 534842194
512 854 1574407 534842194
512 855 1574595 534842194
512 856 1574469 534842194
512 857 1574447 534842194
512 858 1574407 534842194
512 859 1574447 534842194
512 860 1574612 534842194
512 861 1574427 534842194
512 862 1574467 534842194
512 863 1574427 534842194
512 864 1574407 534842194
512 865 1574467 534842194
512 866 1574511 534842194
512 867 1574447 534842194
512 868 1574614 534842194
512 869 1574427 534842194
512 870 1574467 534842194
512 871 1574407 534842194
512 872 1574427 534842194
512 873 1574567 534842194
512 874 1574407 534842194
512 875 1574407 534842194
512 876 1574447 534842194
512 877 1574427 534842194
512 878 1574507 534842194
512 879 1574548 534842194
512 880 1574427 534842194
512 881 1574596 534842194
512 882 1574431 534842194
512 883 1574447 534842194
512 884 1574445 534842194
512 885 1574467 534842194
512 886 1574547 534842194
512 887 1574487 534842194
512 888 1574467 534842194
512 889 1574604 534842194
512 890 1574427 534842194
512 891 1574407 534842194
512 892 1574406 534842194
512 893 1574451 534842194
512 894 1574557 534842194
512 895 1574407 534842194
512 896 1574547 534842194
512 897 1574407 534842194
512 898 1574407 534842194
512 899 1574426 534842194
512 900 1574467 534842194
512 901 1574427 534842194
512 902 1574588 534842194
512 903 1574487 534842194
512 904 1574427 534842194
512 905 1574425 534842194
512 906 1574445 534842194
512 907 1574427 534842194
512 908 1574466 534842194
512 909 1574427 534842194
512 910 1574544 534842194
512 911 1574511 534842194
512 912 1574407 534842194
512 913 1574447 534842194
512 914 1574427 534842194
512 915 1574575 534842194
512 916 1574430 534842194
512 917 1574407 534842194
512 918 1574569 534842194
512 919 1574427 534842194
512 920 1574447 534842194
512 921 1574427 534842194
512 922 1574467 534842194
512 923 1574623 534842194
512 924 1574447 534842194
512 925 1574447 534842194
512 926 1574427 534842194
512 927 1574427 534842194
512 928 1574446 534842194
512 929 1574466 534842194
512 930 1574446 534842194
512 931 1574570 534842194
512 932 1574427 534842194
512 933 1574427 534842194
512 934 1574427 534842194
512 935 1574423 534842194
512 936 1574638 534842194
512 937 1574511 534842194
512 938 1574427 534842194
512 939 1574447 534842194
512 940 1574488 534842194
512 941 1574450 534842194
512 942 1574445 534842194
512 943 1574467 534842194
512 944 1574555 534842194
512 945 1574407 534842194
512 946 1574427 534842194
512 947 1574447 534842194
512 948 1574487 534842194
512 949 1574566 534842194
512 950 1574407 534842194
512 951 1574467 534842194
512 952 1574544 534842194
512 953 1574467 534842194
512 954 1574446 534842194
512 955 1574427 534842194
512 956 1574427 534842194
512 957 1574608 534842194
512 958 1574407 534842194
512 959 1574427 534842194
512 960 1574425 534842194
512 961 1574447 534842194
512 962 1574427 534842194
512 963 1574466 534842194
512 964 1574427 534842194
512 965 1574587 534842194
512 966 1574407 534842194
512 967 1574427 534842194
512 968 1574467 534842194
512 969 1574431 534842194
512 970 1574427 534842194
512 971 1574407 534842194
512 972 1574407 534842194
512 973 1574604 534842194
512 974 1574427 534842194
512 975 1574407 534842194
512 976 1574427 534842194
512 977 1574407 534842194
512 978 1574547 534842194
512 979 1574446 534842194
512 980 1574427 534842194
512 981 1574447 534842194
512 982 1574407 534842194
512 983 1574407 534842194
512 984 1574486 534842194
512 985 1574407 534842194
512 986 1574587 534842194
512 987 1574467 534842194
512 988 1574407 534842194
512 989 1574425 534842194
512 990 1574407 534842194
512 991 1574622 534842194
512 992 1574467 534842194
512 993 1574421 534842194
512 994 1574551 534842194
512 995 1574427 534842194
512 996 1574427 534842194
512 997 1574430 534842194
512 998 1574424 534842194
512 999 1574606 534842194
