256 0 394032 4242606930
256 1 393991 4242606930
256 2 393991 4242606930
256 3 393991 4242606930
256 4 393991 4242606930
256 5 393991 4242606930
256 6 393991 4242606930
256 7 393991 4242606930
256 8 393991 4242606930
256 9 393991 4242606930
256 10 393991 4242606930
256 11 393991 4242606930
256 12 393991 4242606930
256 13 393991 4242606930
256 14 393991 4242606930
256 15 393991 4242606930
256 16 393991 4242606930
256 17 393991 4242606930
256 18 393991 4242606930
256 19 393991 4242606930
256 20 393991 4242606930
256 21 393991 4242606930
256 22 393991 4242606930
256 23 393991 4242606930
256 24 393991 4242606930
256 25 394169 4242606930
256 26 393991 4242606930
256 27 393991 4242606930
256 28 393991 4242606930
256 29 393991 4242606930
256 30 393991 4242606930
256 31 393991 4242606930
256 32 393991 4242606930
256 33 393991 4242606930
256 34 393991 4242606930
256 35 393991 4242606930
256 36 393991 4242606930
256 37 393991 4242606930
256 38 394160 4242606930
256 39 393991 4242606930
256 40 393991 4242606930
256 41 393991 4242606930
256 42 393991 4242606930
256 43 393991 4242606930
256 44 393991 4242606930
256 45 393991 4242606930
256 46 393991 4242606930
256 47 393991 4242606930
256 48 393991 4242606930
256 49 393991 4242606930
256 50 393991 4242606930
256 51 393991 4242606930
256 52 393991 4242606930
256 53 393991 4242606930
256 54 393991 4242606930
256 55 394144 4242606930
256 56 393991 4242606930
256 57 393991 4242606930
256 58 393991 4242606930
256 59 393991 4242606930
256 60 393991 4242606930
256 61 393991 4242606930
256 62 393991 4242606930
256 63 393991 4242606930
256 64 393991 4242606930
256 65 393991 4242606930
256 66 393991 4242606930
256 67 393991 4242606930
256 68 394169 4242606930
256 69 393991 4242606930
256 70 393991 4242606930
256 71 393991 4242606930
256 72 393991 4242606930
256 73 393991 4242606930
256 74 393991 4242606930
256 75 393991 4242606930
256 76 393991 4242606930
256 77 393991 4242606930
256 78 393991 4242606930
256 79 393991 4242606930
256 80 393991 4242606930
256 81 393991 4242606930
256 82 393991 4242606930
256 83 393991 4242606930
256 84 393991 4242606930
256 85 393991 4242606930
256 86 393991 4242606930
256 87 393991 4242606930
256 88 393991 4242606930
256 89 393991 4242606930
256 90 393991 4242606930
256 91 393991 4242606930
256 92 393991 4242606930
256 93 393991 4242606930
256 94 393991 4242606930
256 95 393991 4242606930
256 96 393991 4242606930
256 97 393991 4242606930
256 98 393991 4242606930
256 99 393991 4242606930
256 100 393991 4242606930
256 101 393991 4242606930
256 102 393991 4242606930
256 103 393991 4242606930
256 104 393991 4242606930
256 105 393991 4242606930
256 106 393991 4242606930
256 107 393991 4242606930
256 108 393991 4242606930
256 109 393991 4242606930
256 110 393991 4242606930
256 111 393991 4242606930
256 112 393991 4242606930
256 113 393991 4242606930
256 114 393991 4242606930
256 115 393991 4242606930
256 116 393991 4242606930
256 117 393991 4242606930
256 118 393991 4242606930
256 119 394166 4242606930
256 120 393991 4242606930
256 121 393991 4242606930
256 122 393991 4242606930
256 123 393991 4242606930
256 124 393991 4242606930
256 125 393991 4242606930
256 126 393991 4242606930
256 127 393991 4242606930
256 128 393991 4242606930
256 129 393991 4242606930
256 130 393991 4242606930
256 131 393991 4242606930
256 132 393991 4242606930
256 133 393991 4242606930
256 134 393991 4242606930
256 135 393991 4242606930
256 136 394169 4242606930
256 137 393991 4242606930
256 138 393991 4242606930
256 139 393991 4242606930
256 140 393991 4242606930
256 141 393991 4242606930
256 142 393991 4242606930
256 143 393991 4242606930
256 144 393991 4242606930
256 145 393991 4242606930
256 146 393991 4242606930
256 147 393991 4242606930
256 148 393991 4242606930
256 149 393991 4242606930
256 150 393991 4242606930
256 151 393991 4242606930
256 152 393991 4242606930
256 153 393991 4242606930
256 154 393991 4242606930
256 155 393991 4242606930
256 156 393991 4242606930
256 157 393991 4242606930
256 158 393991 4242606930
256 159 393991 4242606930
256 160 393991 4242606930
256 161 393991 4242606930
256 162 393991 4242606930
256 163 393991 4242606930
256 164 393991 4242606930
256 165 393991 4242606930
256 166 393991 4242606930
256 167 393991 4242606930
256 168 393991 4242606930
256 169 393991 4242606930
256 170 394163 4242606930
256 171 393991 4242606930
256 172 393991 4242606930
256 173 393991 4242606930
256 174 393991 4242606930
256 175 393991 4242606930
256 176 393991 4242606930
256 177 393991 4242606930
256 178 393991 4242606930
256 179 393991 4242606930
256 180 393991 4242606930
256 181 393991 4242606930
256 182 393991 4242606930
256 183 393991 4242606930
256 184 393991 4242606930
256 185 393991 4242606930
256 186 393991 4242606930
256 187 393991 4242606930
256 188 393991 4242606930
256 189 393991 4242606930
256 190 393991 4242606930
256 191 393991 4242606930
256 192 393991 4242606930
256 193 393991 4242606930
256 194 393991 4242606930
256 195 393991 4242606930
256 196 393991 4242606930
256 197 393991 4242606930
256 198 393991 4242606930
256 199 393991 4242606930
256 200 393991 4242606930
256 201 393991 4242606930
256 202 393991 4242606930
256 203 393991 4242606930
256 204 394162 4242606930
256 205 393991 4242606930
256 206 393991 4242606930
256 207 393991 4242606930
256 208 393991 4242606930
256 209 393991 4242606930
256 210 393991 4242606930
256 211 393991 4242606930
256 212 393991 4242606930
256 213 393991 4242606930
256 214 393991 4242606930
256 215 393991 4242606930
256 216 393991 4242606930
256 217 393991 4242606930
256 218 393991 4242606930
256 219 393991 4242606930
256 220 393991 4242606930
256 221 393991 4242606930
256 222 393991 4242606930
256 223 393991 4242606930
256 224 393991 4242606930
256 225 393991 4242606930
256 226 393991 4242606930
256 227 393991 4242606930
256 228 393991 4242606930
256 229 393991 4242606930
256 230 393991 4242606930
256 231 393991 4242606930
256 232 393991 4242606930
256 233 393991 4242606930
256 234 393991 4242606930
256 235 393991 4242606930
256 236 393991 4242606930
256 237 393991 4242606930
256 238 394145 4242606930
256 239 393991 4242606930
256 240 393991 4242606930
256 241 393991 4242606930
256 242 393991 4242606930
256 243 393991 4242606930
256 244 393991 4242606930
256 245 393991 4242606930
256 246 393991 4242606930
256 247 393991 4242606930
256 248 393991 4242606930
256 249 393991 4242606930
256 250 393991 4242606930
256 251 393991 4242606930
256 252 393991 4242606930
256 253 393991 4242606930
256 254 393991 4242606930
256 255 393991 4242606930
256 256 393991 4242606930
256 257 393991 4242606930
256 258 393991 4242606930
256 259 394163 4242606930
256 260 393991 4242606930
256 261 393991 4242606930
256 262 393991 4242606930
256 263 393991 4242606930
256 264 393991 4242606930
256 265 393991 4242606930
256 266 393991 4242606930
256 267 393991 4242606930
256 268 393991 4242606930
256 269 393991 4242606930
256 270 393991 4242606930
256 271 393991 4242606930
256 272 394160 4242606930
256 273 393991 4242606930
256 274 393991 4242606930
256 275 393991 4242606930
256 276 393991 4242606930
256 277 393991 4242606930
256 278 393991 4242606930
256 279 393991 4242606930
256 280 393991 4242606930
256 281 393991 4242606930
256 282 393991 4242606930
256 283 393991 4242606930
256 284 393991 4242606930
256 285 393991 4242606930
256 286 393991 4242606930
256 287 393991 4242606930
256 288 393991 4242606930
256 289 393991 4242606930
256 290 393991 4242606930
256 291 393991 4242606930
256 292 393991 4242606930
256 293 394168 4242606930
256 294 393991 4242606930
256 295 393991 4242606930
256 296 393991 4242606930
256 297 393991 4242606930
256 298 393991 4242606930
256 299 393991 4242606930
256 300 393991 4242606930
256 301 393991 4242606930
256 302 393991 4242606930
256 303 393991 4242606930
256 304 393991 4242606930
256 305 393991 4242606930
256 306 394169 4242606930
256 307 393991 4242606930
256 308 393991 4242606930
256 309 393991 4242606930
256 310 393991 4242606930
256 311 393991 4242606930
256 312 393991 4242606930
256 313 393991 4242606930
256 314 393991 4242606930
256 315 393991 4242606930
256 316 393991 4242606930
256 317 393991 4242606930
256 318 393991 4242606930
256 319 393991 4242606930
256 320 393991 4242606930
256 321 393991 4242606930
256 322 393991 4242606930
256 323 393991 4242606930
256 324 393991 4242606930
256 325 393991 4242606930
256 326 393991 4242606930
256 327 394165 4242606930
256 328 393991 4242606930
256 329 393991 4242606930
256 330 393991 4242606930
256 331 393991 4242606930
256 332 393991 4242606930
256 333 393991 4242606930
256 334 393991 4242606930
256 335 393991 4242606930
256 336 393991 4242606930
256 337 393991 4242606930
256 338 393991 4242606930
256 339 393991 4242606930
256 340 394179 4242606930
256 341 393991 4242606930
256 342 393991 4242606930
256 343 393991 4242606930
256 344 393991 4242606930
256 345 393991 4242606930
256 346 393991 4242606930
256 347 393991 4242606930
256 348 393991 4242606930
256 349 393991 4242606930
256 350 393991 4242606930
256 351 393991 4242606930
256 352 393991 4242606930
256 353 393991 4242606930
256 354 393991 4242606930
256 355 393991 4242606930
256 356 393991 4242606930
256 357 393991 4242606930
256 358 393991 4242606930
256 359 393991 4242606930
256 360 393991 4242606930
256 361 394171 4242606930
256 362 393991 4242606930
256 363 393991 4242606930
256 364 393991 4242606930
256 365 393991 4242606930
256 366 393991 4242606930
256 367 393991 4242606930
256 368 393991 4242606930
256 369 393991 4242606930
256 370 393991 4242606930
256 371 393991 4242606930
256 372 393991 4242606930
256 373 393991 4242606930
256 374 394168 4242606930
256 375 393991 4242606930
256 376 393991 4242606930
256 377 393991 4242606930
256 378 393991 4242606930
256 379 393991 4242606930
256 380 393991 4242606930
256 381 393991 4242606930
256 382 393991 4242606930
256 383 393991 4242606930
256 384 393991 4242606930
256 385 393991 4242606930
256 386 393991 4242606930
256 387 393991 4242606930
256 388 393991 4242606930
256 389 393991 4242606930
256 390 393991 4242606930
256 391 393991 4242606930
256 392 393991 4242606930
256 393 393991 4242606930
256 394 393991 4242606930
256 395 394166 4242606930
256 396 393991 4242606930
256 397 393991 4242606930
256 398 393991 4242606930
256 399 393991 4242606930
256 400 393991 4242606930
256 401 393991 4242606930
256 402 393991 4242606930
256 403 393991 4242606930
256 404 393991 4242606930
256 405 393991 4242606930
256 406 393991 4242606930
256 407 393991 4242606930
256 408 394170 4242606930
256 409 393991 4242606930
256 410 393991 4242606930
256 411 393991 4242606930
256 412 393991 4242606930
256 413 393991 4242606930
256 414 393991 4242606930
256 415 393991 4242606930
256 416 393991 4242606930
256 417 393991 4242606930
256 418 393991 4242606930
256 419 393991 4242606930
256 420 393991 4242606930
256 421 393991 4242606930
256 422 393991 4242606930
256 423 393991 4242606930
256 424 393991 4242606930
256 425 393991 4242606930
256 426 393991 4242606930
256 427 393991 4242606930
256 428 393991 4242606930
256 429 394171 4242606930
256 430 393991 4242606930
256 431 393991 4242606930
256 432 393991 4242606930
256 433 393991 4242606930
256 434 393991 4242606930
256 435 393991 4242606930
256 436 393991 4242606930
256 437 393991 4242606930
256 438 393991 4242606930
256 439 393991 4242606930
256 440 393991 4242606930
256 441 393991 4242606930
256 442 393991 4242606930
256 443 393991 4242606930
256 444 393991 4242606930
256 445 393991 4242606930
256 446 393991 4242606930
256 447 393991 4242606930
256 448 393991 4242606930
256 449 393991 4242606930
256 450 393991 4242606930
256 451 393991 4242606930
256 452 393991 4242606930
256 453 393991 4242606930
256 454 393991 4242606930
256 455 393991 4242606930
256 456 393991 4242606930
256 457 393991 4242606930
256 458 393991 4242606930
256 459 393991 4242606930
256 460 393991 4242606930
256 461 393991 4242606930
256 462 393991 4242606930
256 463 394166 4242606930
256 464 393991 4242606930
256 465 393991 4242606930
256 466 393991 4242606930
256 467 393991 4242606930
256 468 393991 4242606930
256 469 393991 4242606930
256 470 393991 4242606930
256 471 393991 4242606930
256 472 393991 4242606930
256 473 393991 4242606930
256 474 393991 4242606930
256 475 393991 4242606930
256 476 393991 4242606930
256 477 393991 4242606930
256 478 393991 4242606930
256 479 393991 4242606930
256 480 393991 4242606930
256 481 393991 4242606930
256 482 393991 4242606930
256 483 393991 4242606930
256 484 393991 4242606930
256 485 393991 4242606930
256 486 393991 4242606930
256 487 393991 4242606930
256 488 393991 4242606930
256 489 393991 4242606930
256 490 393991 4242606930
256 491 393991 4242606930
256 492 393991 4242606930
256 493 393991 4242606930
256 494 393991 4242606930
256 495 393991 4242606930
256 496 393991 4242606930
256 497 394173 4242606930
256 498 393991 4242606930
256 499 393991 4242606930
256 500 393991 4242606930
256 501 393991 4242606930
256 502 393991 4242606930
256 503 393991 4242606930
256 504 393991 4242606930
256 505 393991 4242606930
256 506 393991 4242606930
256 507 393991 4242606930
256 508 393991 4242606930
256 509 393991 4242606930
256 510 393991 4242606930
256 511 393991 4242606930
256 512 393991 4242606930
256 513 393991 4242606930
256 514 393991 4242606930
256 515 393991 4242606930
256 516 393991 4242606930
256 517 393991 4242606930
256 518 393991 4242606930
256 519 393991 4242606930
256 520 393991 4242606930
256 521 393991 4242606930
256 522 393991 4242606930
256 523 393991 4242606930
256 524 393991 4242606930
256 525 393991 4242606930
256 526 393991 4242606930
256 527 393991 4242606930
256 528 393991 4242606930
256 529 393991 4242606930
256 530 393991 4242606930
256 531 394161 4242606930
256 532 393991 4242606930
256 533 393991 4242606930
256 534 393991 4242606930
256 535 393991 4242606930
256 536 393991 4242606930
256 537 393991 4242606930
256 538 393991 4242606930
256 539 393991 4242606930
256 540 393991 4242606930
256 541 393991 4242606930
256 542 393991 4242606930
256 543 393991 4242606930
256 544 393991 4242606930
256 545 393991 4242606930
256 546 393991 4242606930
256 547 393991 4242606930
256 548 394158 4242606930
256 549 393991 4242606930
256 550 393991 4242606930
256 551 393991 4242606930
256 552 393991 4242606930
256 553 393991 4242606930
256 554 393991 4242606930
256 555 393991 4242606930
256 556 393991 4242606930
256 557 393991 4242606930
256 558 393991 4242606930
256 559 393991 4242606930
256 560 393991 4242606930
256 561 393991 4242606930
256 562 393991 4242606930
256 563 393991 4242606930
256 564 393991 4242606930
256 565 393991 4242606930
256 566 393991 4242606930
256 567 393991 4242606930
256 568 393991 4242606930
256 569 393991 4242606930
256 570 393991 4242606930
256 571 393991 4242606930
256 572 393991 4242606930
256 573 393991 4242606930
256 574 393991 4242606930
256 575 393991 4242606930
256 576 393991 4242606930
256 577 393991 4242606930
256 578 393991 4242606930
256 579 393991 4242606930
256 580 393991 4242606930
256 581 393991 4242606930
256 582 394171 4242606930
256 583 393991 4242606930
256 584 393991 4242606930
256 585 393991 4242606930
256 586 393991 4242606930
256 587 393991 4242606930
256 588 393991 4242606930
256 589 393991 4242606930
256 590 393991 4242606930
256 591 393991 4242606930
256 592 393991 4242606930
256 593 393991 4242606930
256 594 393991 4242606930
256 595 393991 4242606930
256 596 393991 4242606930
256 597 393991 4242606930
256 598 393991 4242606930
256 599 393991 4242606930
256 600 393991 4242606930
256 601 393991 4242606930
256 602 393991 4242606930
256 603 393991 4242606930
256 604 393991 4242606930
256 605 393991 4242606930
256 606 393991 4242606930
256 607 393991 4242606930
256 608 393991 4242606930
256 609 393991 4242606930
256 610 393991 4242606930
256 611 393991 4242606930
256 612 393991 4242606930
256 613 393991 4242606930
256 614 393991 4242606930
256 615 393991 4242606930
256 616 394169 4242606930
256 617 393991 4242606930
256 618 393991 4242606930
256 619 393991 4242606930
256 620 393991 4242606930
256 621 393991 4242606930
256 622 393991 4242606930
256 623 393991 4242606930
256 624 393991 4242606930
256 625 393991 4242606930
256 626 393991 4242606930
256 627 393991 4242606930
256 628 393991 4242606930
256 629 393991 4242606930
256 630 393991 4242606930
256 631 393991 4242606930
256 632 393991 4242606930
256 633 393991 4242606930
256 634 393991 4242606930
256 635 393991 4242606930
256 636 393991 4242606930
256 637 393991 4242606930
256 638 393991 4242606930
256 639 393991 4242606930
256 640 393991 4242606930
256 641 393991 4242606930
256 642 393991 4242606930
256 643 393991 4242606930
256 644 393991 4242606930
256 645 393991 4242606930
256 646 393991 4242606930
256 647 393991 4242606930
256 648 393991 4242606930
256 649 393991 4242606930
256 650 394170 4242606930
256 651 393991 4242606930
256 652 393991 4242606930
256 653 393991 4242606930
256 654 393991 4242606930
256 655 393991 4242606930
256 656 393991 4242606930
256 657 393991 4242606930
256 658 393991 4242606930
256 659 393991 4242606930
256 660 393991 4242606930
256 661 393991 4242606930
256 662 393991 4242606930
256 663 393991 4242606930
256 664 393991 4242606930
256 665 393991 4242606930
256 666 393991 4242606930
256 667 393991 4242606930
256 668 393991 4242606930
256 669 393991 4242606930
256 670 393991 4242606930
256 671 394161 4242606930
256 672 393991 4242606930
256 673 393991 4242606930
256 674 393991 4242606930
256 675 393991 4242606930
256 676 393991 4242606930
256 677 393991 4242606930
256 678 393991 4242606930
256 679 393991 4242606930
256 680 393991 4242606930
256 681 393991 4242606930
256 682 393991 4242606930
256 683 393991 4242606930
256 684 394163 4242606930
256 685 393991 4242606930
256 686 393991 4242606930
256 687 393991 4242606930
256 688 393991 4242606930
256 689 393991 4242606930
256 690 393991 4242606930
256 691 393991 4242606930
256 692 393991 4242606930
256 693 393991 4242606930
256 694 393991 4242606930
256 695 393991 4242606930
256 696 393991 4242606930
256 697 393991 4242606930
256 698 393991 4242606930
256 699 393991 4242606930
256 700 393991 4242606930
256 701 393991 4242606930
256 702 393991 4242606930
256 703 393991 4242606930
256 704 393991 4242606930
256 705 394172 4242606930
256 706 393991 4242606930
256 707 393991 4242606930
256 708 393991 4242606930
256 709 393991 4242606930
256 710 393991 4242606930
256 711 393991 4242606930
256 712 393991 4242606930
256 713 393991 4242606930
256 714 393991 4242606930
256 715 393991 4242606930
256 716 393991 4242606930
256 717 393991 4242606930
256 718 394161 4242606930
256 719 393991 4242606930
256 720 393991 4242606930
256 721 393991 4242606930
256 722 393991 4242606930
256 723 393991 4242606930
256 724 393991 4242606930
256 725 393991 4242606930
256 726 393991 4242606930
256 727 393991 4242606930
256 728 393991 4242606930
256 729 393991 4242606930
256 730 393991 4242606930
256 731 393991 4242606930
256 732 393991 4242606930
256 733 393991 4242606930
256 734 393991 4242606930
256 735 393991 4242606930
256 736 393991 4242606930
256 737 393991 4242606930
256 738 393991 4242606930
256 739 394170 4242606930
256 740 393991 4242606930
256 741 393991 4242606930
256 742 393991 4242606930
256 743 393991 4242606930
256 744 393991 4242606930
256 745 393991 4242606930
256 746 393991 4242606930
256 747 393991 4242606930
256 748 393991 4242606930
256 749 393991 4242606930
256 750 393991 4242606930
256 751 393991 4242606930
256 752 394150 4242606930
256 753 393991 4242606930
256 754 393991 4242606930
256 755 393991 4242606930
256 756 393991 4242606930
256 757 393991 4242606930
256 758 393991 4242606930
256 759 393991 4242606930
256 760 393991 4242606930
256 761 393991 4242606930
256 762 393991 4242606930
256 763 393991 4242606930
256 764 393991 4242606930
256 765 393991 4242606930
256 766 393991 4242606930
256 767 393991 4242606930
256 768 393991 4242606930
256 769 393991 4242606930
256 770 393991 4242606930
256 771 393991 4242606930
256 772 393991 4242606930
256 773 394163 4242606930
256 774 393991 4242606930
256 775 393991 4242606930
256 776 393991 4242606930
256 777 393991 4242606930
256 778 393991 4242606930
256 779 393991 4242606930
256 780 393991 4242606930
256 781 393991 4242606930
256 782 393991 4242606930
256 783 393991 4242606930
256 784 393991 4242606930
256 785 393991 4242606930
256 786 394163 4242606930
256 787 393991 4242606930
256 788 393991 4242606930
256 789 393991 4242606930
256 790 393991 4242606930
256 791 393991 4242606930
256 792 393991 4242606930
256 793 393991 4242606930
256 794 393991 4242606930
256 795 393991 4242606930
256 796 393991 4242606930
256 797 393991 4242606930
256 798 393991 4242606930
256 799 393991 4242606930
256 800 393991 4242606930
256 801 393991 4242606930
256 802 393991 4242606930
256 803 393991 4242606930
256 804 393991 4242606930
256 805 393991 4242606930
256 806 393991 4242606930
256 807 394161 4242606930
256 808 393991 4242606930
256 809 393991 4242606930
256 810 393991 4242606930
256 811 393991 4242606930
256 812 393991 4242606930
256 813 393991 4242606930
256 814 393991 4242606930
256 815 393991 4242606930
256 816 393991 4242606930
256 817 393991 4242606930
256 818 393991 4242606930
256 819 393991 4242606930
256 820 394161 4242606930
256 821 393991 4242606930
256 822 393991 4242606930
256 823 393991 4242606930
256 824 393991 4242606930
256 825 393991 4242606930
256 826 393991 4242606930
256 827 393991 4242606930
256 828 393991 4242606930
256 829 393991 4242606930
256 830 393991 4242606930
256 831 393991 4242606930
256 832 393991 4242606930
256 833 393991 4242606930
256 834 393991 4242606930
256 835 393991 4242606930
256 836 393991 4242606930
256 837 393991 4242606930
256 838 393991 4242606930
256 839 393991 4242606930
256 840 393991 4242606930
256 841 394163 4242606930
256 842 393991 4242606930
256 843 393991 4242606930
256 844 393991 4242606930
256 845 393991 4242606930
256 846 393991 4242606930
256 847 393991 4242606930
256 848 393991 4242606930
256 849 393991 4242606930
256 850 393991 4242606930
256 851 393991 4242606930
256 852 393991 4242606930
256 853 393991 4242606930
256 854 393991 4242606930
256 855 393991 4242606930
256 856 393991 4242606930
256 857 393991 4242606930
256 858 393991 4242606930
256 859 393991 4242606930
256 860 393991 4242606930
256 861 393991 4242606930
256 862 393991 4242606930
256 863 393991 4242606930
256 864 393991 4242606930
256 865 393991 4242606930
256 866 393991 4242606930
256 867 393991 4242606930
256 868 393991 4242606930
256 869 393991 4242606930
256 870 393991 4242606930
256 871 393991 4242606930
256 872 393991 4242606930
256 873 393991 4242606930
256 874 393991 4242606930
256 875 394172 4242606930
256 876 393991 4242606930
256 877 393991 4242606930
256 878 393991 4242606930
256 879 393991 4242606930
256 880 393991 4242606930
256 881 393991 4242606930
256 882 393991 4242606930
256 883 393991 4242606930
256 884 393991 4242606930
256 885 393991 4242606930
256 886 393991 4242606930
256 887 393991 4242606930
256 888 393991 4242606930
256 889 393991 4242606930
256 890 393991 4242606930
256 891 393991 4242606930
256 892 393991 4242606930
256 893 393991 4242606930
256 894 393991 4242606930
256 895 393991 4242606930
256 896 393991 4242606930
256 897 393991 4242606930
256 898 393991 4242606930
256 899 393991 4242606930
256 900 393991 4242606930
256 901 393991 4242606930
256 902 393991 4242606930
256 903 393991 4242606930
256 904 393991 4242606930
256 905 393991 4242606930
256 906 393991 4242606930
256 907 393991 4242606930
256 908 393991 4242606930
256 909 394163 4242606930
256 910 393991 4242606930
256 911 393991 4242606930
256 912 393991 4242606930
256 913 393991 4242606930
256 914 393991 4242606930
256 915 393991 4242606930
256 916 393991 4242606930
256 917 393991 4242606930
256 918 393991 4242606930
256 919 393991 4242606930
256 920 393991 4242606930
256 921 393991 4242606930
256 922 393991 4242606930
256 923 393991 4242606930
256 924 393991 4242606930
256 925 393991 4242606930
256 926 393991 4242606930
256 927 393991 4242606930
256 928 393991 4242606930
256 929 393991 4242606930
256 930 393991 4242606930
256 931 393991 4242606930
256 932 393991 4242606930
256 933 393991 4242606930
256 934 393991 4242606930
256 935 393991 4242606930
256 936 393991 4242606930
256 937 393991 4242606930
256 938 393991 4242606930
256 939 393991 4242606930
256 940 393991 4242606930
256 941 393991 4242606930
256 942 393991 4242606930
256 943 394160 4242606930
256 944 393991 4242606930
256 945 393991 4242606930
256 946 393991 4242606930
256 947 393991 4242606930
256 948 393991 4242606930
256 949 393991 4242606930
256 950 393991 4242606930
256 951 393991 4242606930
256 952 393991 4242606930
256 953 393991 4242606930
256 954 393991 4242606930
256 955 393991 4242606930
256 956 393991 4242606930
256 957 393991 4242606930
256 958 393991 4242606930
256 959 393991 4242606930
256 960 394162 4242606930
256 961 393991 4242606930
256 962 393991 4242606930
256 963 393991 4242606930
256 964 393991 4242606930
256 965 393991 4242606930
256 966 393991 4242606930
256 967 393991 4242606930
256 968 393991 4242606930
256 969 393991 4242606930
256 970 393991 4242606930
256 971 393991 4242606930
256 972 393991 4242606930
256 973 393991 4242606930
256 974 393991 4242606930
256 975 393991 4242606930
256 976 393991 4242606930
256 977 393991 4242606930
256 978 393991 4242606930
256 979 393991 4242606930
256 980 393991 4242606930
256 981 393991 4242606930
256 982 393991 4242606930
256 983 393991 4242606930
256 984 393991 4242606930
256 985 393991 4242606930
256 986 393991 4242606930
256 987 393991 4242606930
256 988 393991 4242606930
256 989 393991 4242606930
256 990 393991 4242606930
256 991 393991 4242606930
256 992 393991 4242606930
256 993 393991 4242606930
256 994 394179 4242606930
256 995 393991 4242606930
256 996 393991 4242606930
256 997 393991 4242606930
256 998 393991 4242606930
256 999 393991 4242606930
