8 0 9 2571
8 1 4 2566
8 2 2 2566
8 3 5 2566
8 4 5 2566
8 5 2 2566
8 6 2 2566
8 7 2 2566
8 8 2 2566
8 9 2 2566
8 10 2 2566
8 11 2 2566
8 12 2 2566
8 13 2 2566
8 14 2 2566
8 15 2 2566
8 16 2 2566
8 17 2 2566
8 18 2 2566
8 19 2 2566
8 20 2 2566
8 21 2 2566
8 22 2 2566
8 23 2 2566
8 24 4 2566
8 25 2 2566
8 26 2 2566
8 27 2 2566
8 28 2 2566
8 29 2 2566
8 30 2 2566
8 31 2 2566
8 32 2 2566
8 33 2 2566
8 34 2 2566
8 35 2 2566
8 36 2 2566
8 37 2 2566
8 38 2 2566
8 39 2 2566
8 40 2 2566
8 41 2 2566
8 42 2 2566
8 43 2 2566
8 44 4 2566
8 45 4 2566
8 46 2 2566
8 47 2 2566
8 48 2 2566
8 49 2 2566
8 50 2 2566
8 51 2 2566
8 52 2 2566
8 53 2 2566
8 54 2 2566
8 55 2 2566
8 56 2 2566
8 57 2 2566
8 58 2 2566
8 59 2 2566
8 60 2 2566
8 61 2 2566
8 62 2 2566
8 63 2 2566
8 64 2 2566
8 65 2 2566
8 66 2 2566
8 67 2 2566
8 68 2 2566
8 69 2 2566
8 70 2 2566
8 71 2 2566
8 72 2 2566
8 73 2 2566
8 74 4 2566
8 75 4 2566
8 76 2 2566
8 77 2 2566
8 78 2 2566
8 79 2 2566
8 80 2 2566
8 81 2 2566
8 82 2 2566
8 83 2 2566
8 84 2 2566
8 85 4 2566
8 86 4 2566
8 87 2 2566
8 88 2 2566
8 89 2 2566
8 90 2 2566
8 91 2 2566
8 92 2 2566
8 93 2 2566
8 94 2 2566
8 95 2 2566
8 96 2 2566
8 97 2 2566
8 98 2 2566
8 99 2 2566
8 100 2 2566
8 101 2 2566
8 102 2 2566
8 103 2 2566
8 104 2 2566
8 105 2 2566
8 106 2 2566
8 107 2 2566
8 108 2 2566
8 109 2 2566
8 110 2 2566
8 111 2 2566
8 112 4 2566
8 113 2 2566
8 114 2 2566
8 115 2 2566
8 116 2 2566
8 117 2 2566
8 118 2 2566
8 119 2 2566
8 120 2 2566
8 121 2 2566
8 122 2 2566
8 123 2 2566
8 124 2 2566
8 125 2 2566
8 126 2 2566
8 127 2 2566
8 128 2 2566
8 129 2 2566
8 130 2 2566
8 131 2 2566
8 132 2 2566
8 133 2 2566
8 134 2 2566
8 135 2 2566
8 136 2 2566
8 137 2 2566
8 138 2 2566
8 139 2 2566
8 140 2 2566
8 141 2 2566
8 142 4 2566
8 143 2 2566
8 144 2 2566
8 145 2 2566
8 146 2 2566
8 147 2 2566
8 148 2 2566
8 149 2 2566
8 150 2 2566
8 151 2 2566
8 152 2 2566
8 153 2 2566
8 154 2 2566
8 155 5 2566
8 156 2 2566
8 157 2 2566
8 158 2 2566
8 159 2 2566
8 160 2 2566
8 161 2 2566
8 162 2 2566
8 163 2 2566
8 164 2 2566
8 165 2 2566
8 166 2 2566
8 167 2 2566
8 168 2 2566
8 169 2 2566
8 170 2 2566
8 171 2 2566
8 172 2 2566
8 173 2 2566
8 174 4 2566
8 175 2 2566
8 176 2 2566
8 177 4 2566
8 178 4 2566
8 179 4 2566
8 180 2 2566
8 181 2 2566
8 182 2 2566
8 183 2 2566
8 184 2 2566
8 185 2 2566
8 186 4 2566
8 187 2 2566
8 188 2 2566
8 189 4 2566
8 190 2 2566
8 191 2 2566
8 192 2 2566
8 193 2 2566
8 194 2 2566
8 195 2 2566
8 196 2 2566
8 197 2 2566
8 198 2 2566
8 199 2 2566
8 200 2 2566
8 201 2 2566
8 202 2 2566
8 203 2 2566
8 204 2 2566
8 205 2 2566
8 206 2 2566
8 207 2 2566
8 208 2 2566
8 209 2 2566
8 210 2 2566
8 211 2 2566
8 212 2 2566
8 213 2 2566
8 214 2 2566
8 215 2 2566
8 216 2 2566
8 217 2 2566
8 218 2 2566
8 219 2 2566
8 220 2 2566
8 221 2 2566
8 222 2 2566
8 223 2 2566
8 224 2 2566
8 225 2 2566
8 226 2 2566
8 227 2 2566
8 228 2 2566
8 229 2 2566
8 230 2 2566
8 231 2 2566
8 232 2 2566
8 233 2 2566
8 234 2 2566
8 235 2 2566
8 236 2 2566
8 237 2 2566
8 238 2 2566
8 239 2 2566
8 240 2 2566
8 241 2 2566
8 242 2 2566
8 243 2 2566
8 244 2 2566
8 245 2 2566
8 246 2 2566
8 247 2 2566
8 248 2 2566
8 249 2 2566
8 250 2 2566
8 251 2 2566
8 252 2 2566
8 253 2 2566
8 254 4 2566
8 255 2 2566
8 256 2 2566
8 257 2 2566
8 258 2 2566
8 259 4 2566
8 260 4 2566
8 261 2 2566
8 262 2 2566
8 263 2 2566
8 264 2 2566
8 265 4 2566
8 266 2 2566
8 267 2 2566
8 268 2 2566
8 269 2 2566
8 270 2 2566
8 271 2 2566
8 272 2 2566
8 273 2 2566
8 274 2 2566
8 275 2 2566
8 276 2 2566
8 277 2 2566
8 278 2 2566
8 279 2 2566
8 280 2 2566
8 281 2 2566
8 282 2 2566
8 283 2 2566
8 284 2 2566
8 285 2 2566
8 286 2 2566
8 287 2 2566
8 288 2 2566
8 289 2 2566
8 290 4 2566
8 291 2 2566
8 292 2 2566
8 293 2 2566
8 294 2 2566
8 295 2 2566
8 296 2 2566
8 297 2 2566
8 298 2 2566
8 299 2 2566
8 300 2 2566
8 301 2 2566
8 302 2 2566
8 303 2 2566
8 304 2 2566
8 305 2 2566
8 306 4 2566
8 307 2 2566
8 308 2 2566
8 309 2 2566
8 310 2 2566
8 311 4 2566
8 312 2 2566
8 313 2 2566
8 314 2 2566
8 315 2 2566
8 316 2 2566
8 317 2 2566
8 318 2 2566
8 319 2 2566
8 320 2 2566
8 321 2 2566
8 322 2 2566
8 323 2 2566
8 324 2 2566
8 325 2 2566
8 326 2 2566
8 327 2 2566
8 328 2 2566
8 329 2 2566
8 330 2 2566
8 331 2 2566
8 332 2 2566
8 333 4 2566
8 334 4 2566
8 335 2 2566
8 336 2 2566
8 337 2 2566
8 338 2 2566
8 339 2 2566
8 340 2 2566
8 341 2 2566
8 342 2 2566
8 343 2 2566
8 344 2 2566
8 345 2 2566
8 346 2 2566
8 347 2 2566
8 348 2 2566
8 349 2 2566
8 350 4 2566
8 351 2 2566
8 352 4 2566
8 353 2 2566
8 354 2 2566
8 355 2 2566
8 356 2 2566
8 357 4 2566
8 358 2 2566
8 359 2 2566
8 360 2 2566
8 361 2 2566
8 362 2 2566
8 363 2 2566
8 364 2 2566
8 365 2 2566
8 366 4 2566
8 367 4 2566
8 368 2 2566
8 369 2 2566
8 370 2 2566
8 371 2 2566
8 372 2 2566
8 373 2 2566
8 374 2 2566
8 375 2 2566
8 376 2 2566
8 377 2 2566
8 378 2 2566
8 379 4 2566
8 380 2 2566
8 381 2 2566
8 382 2 2566
8 383 2 2566
8 384 2 2566
8 385 2 2566
8 386 2 2566
8 387 2 2566
8 388 2 2566
8 389 2 2566
8 390 2 2566
8 391 2 2566
8 392 2 2566
8 393 2 2566
8 394 2 2566
8 395 2 2566
8 396 2 2566
8 397 2 2566
8 398 2 2566
8 399 2 2566
8 400 2 2566
8 401 2 2566
8 402 2 2566
8 403 2 2566
8 404 2 2566
8 405 2 2566
8 406 2 2566
8 407 2 2566
8 408 2 2566
8 409 2 2566
8 410 2 2566
8 411 2 2566
8 412 2 2566
8 413 2 2566
8 414 2 2566
8 415 2 2566
8 416 2 2566
8 417 2 2566
8 418 2 2566
8 419 2 2566
8 420 2 2566
8 421 2 2566
8 422 2 2566
8 423 2 2566
8 424 2 2566
8 425 2 2566
8 426 2 2566
8 427 2 2566
8 428 2 2566
8 429 2 2566
8 430 2 2566
8 431 2 2566
8 432 2 2566
8 433 2 2566
8 434 2 2566
8 435 2 2566
8 436 2 2566
8 437 2 2566
8 438 2 2566
8 439 2 2566
8 440 2 2566
8 441 2 2566
8 442 2 2566
8 443 2 2566
8 444 2 2566
8 445 2 2566
8 446 2 2566
8 447 2 2566
8 448 2 2566
8 449 2 2566
8 450 2 2566
8 451 2 2566
8 452 2 2566
8 453 2 2566
8 454 2 2566
8 455 2 2566
8 456 2 2566
8 457 2 2566
8 458 5 2566
8 459 2 2566
8 460 2 2566
8 461 2 2566
8 462 2 2566
8 463 2 2566
8 464 2 2566
8 465 2 2566
8 466 2 2566
8 467 2 2566
8 468 2 2566
8 469 2 2566
8 470 2 2566
8 471 5 2566
8 472 2 2566
8 473 5 2566
8 474 2 2566
8 475 2 2566
8 476 2 2566
8 477 2 2566
8 478 2 2566
8 479 2 2566
8 480 2 2566
8 481 2 2566
8 482 2 2566
8 483 2 2566
8 484 2 2566
8 485 2 2566
8 486 2 2566
8 487 2 2566
8 488 2 2566
8 489 2 2566
8 490 2 2566
8 491 2 2566
8 492 2 2566
8 493 2 2566
8 494 2 2566
8 495 2 2566
8 496 2 2566
8 497 2 2566
8 498 2 2566
8 499 2 2566
8 500 2 2566
8 501 2 2566
8 502 2 2566
8 503 2 2566
8 504 2 2566
8 505 2 2566
8 506 2 2566
8 507 2 2566
8 508 2 2566
8 509 2 2566
8 510 2 2566
8 511 2 2566
8 512 4 2566
8 513 2 2566
8 514 2 2566
8 515 2 2566
8 516 2 2566
8 517 2 2566
8 518 2 2566
8 519 2 2566
8 520 2 2566
8 521 2 2566
8 522 2 2566
8 523 2 2566
8 524 2 2566
8 525 2 2566
8 526 2 2566
8 527 4 2566
8 528 2 2566
8 529 2 2566
8 530 2 2566
8 531 2 2566
8 532 2 2566
8 533 2 2566
8 534 2 2566
8 535 2 2566
8 536 2 2566
8 537 2 2566
8 538 4 2566
8 539 2 2566
8 540 2 2566
8 541 2 2566
8 542 2 2566
8 543 2 2566
8 544 2 2566
8 545 2 2566
8 546 2 2566
8 547 2 2566
8 548 2 2566
8 549 2 2566
8 550 2 2566
8 551 2 2566
8 552 2 2566
8 553 2 2566
8 554 2 2566
8 555 2 2566
8 556 2 2566
8 557 2 2566
8 558 2 2566
8 559 2 2566
8 560 4 2566
8 561 2 2566
8 562 2 2566
8 563 2 2566
8 564 2 2566
8 565 2 2566
8 566 2 2566
8 567 2 2566
8 568 4 2566
8 569 2 2566
8 570 2 2566
8 571 2 2566
8 572 2 2566
8 573 4 2566
8 574 2 2566
8 575 2 2566
8 576 2 2566
8 577 2 2566
8 578 2 2566
8 579 2 2566
8 580 2 2566
8 581 2 2566
8 582 2 2566
8 583 2 2566
8 584 2 2566
8 585 2 2566
8 586 2 2566
8 587 2 2566
8 588 4 2566
8 589 4 2566
8 590 2 2566
8 591 2 2566
8 592 2 2566
8 593 2 2566
8 594 2 2566
8 595 2 2566
8 596 4 2566
8 597 4 2566
8 598 2 2566
8 599 2 2566
8 600 2 2566
8 601 4 2566
8 602 2 2566
8 603 2 2566
8 604 2 2566
8 605 2 2566
8 606 2 2566
8 607 2 2566
8 608 2 2566
8 609 2 2566
8 610 2 2566
8 611 2 2566
8 612 2 2566
8 613 2 2566
8 614 2 2566
8 615 2 2566
8 616 2 2566
8 617 2 2566
8 618 2 2566
8 619 2 2566
8 620 2 2566
8 621 2 2566
8 622 2 2566
8 623 2 2566
8 624 2 2566
8 625 2 2566
8 626 2 2566
8 627 2 2566
8 628 2 2566
8 629 2 2566
8 630 2 2566
8 631 5 2566
8 632 2 2566
8 633 2 2566
8 634 2 2566
8 635 2 2566
8 636 2 2566
8 637 2 2566
8 638 2 2566
8 639 2 2566
8 640 2 2566
8 641 2 2566
8 642 2 2566
8 643 2 2566
8 644 2 2566
8 645 2 2566
8 646 2 2566
8 647 2 2566
8 648 2 2566
8 649 2 2566
8 650 4 2566
8 651 4 2566
8 652 4 2566
8 653 2 2566
8 654 2 2566
8 655 2 2566
8 656 2 2566
8 657 2 2566
8 658 2 2566
8 659 2 2566
8 660 2 2566
8 661 2 2566
8 662 2 2566
8 663 2 2566
8 664 2 2566
8 665 2 2566
8 666 2 2566
8 667 2 2566
8 668 2 2566
8 669 2 2566
8 670 2 2566
8 671 2 2566
8 672 2 2566
8 673 2 2566
8 674 2 2566
8 675 2 2566
8 676 2 2566
8 677 2 2566
8 678 2 2566
8 679 2 2566
8 680 2 2566
8 681 2 2566
8 682 2 2566
8 683 2 2566
8 684 2 2566
8 685 2 2566
8 686 2 2566
8 687 2 2566
8 688 2 2566
8 689 2 2566
8 690 2 2566
8 691 2 2566
8 692 2 2566
8 693 2 2566
8 694 2 2566
8 695 4 2566
8 696 2 2566
8 697 2 2566
8 698 2 2566
8 699 2 2566
8 700 2 2566
8 701 2 2566
8 702 2 2566
8 703 2 2566
8 704 2 2566
8 705 2 2566
8 706 2 2566
8 707 2 2566
8 708 2 2566
8 709 2 2566
8 710 2 2566
8 711 2 2566
8 712 2 2566
8 713 2 2566
8 714 2 2566
8 715 2 2566
8 716 2 2566
8 717 2 2566
8 718 2 2566
8 719 2 2566
8 720 2 2566
8 721 2 2566
8 722 2 2566
8 723 2 2566
8 724 2 2566
8 725 2 2566
8 726 2 2566
8 727 2 2566
8 728 2 2566
8 729 2 2566
8 730 2 2566
8 731 2 2566
8 732 2 2566
8 733 2 2566
8 734 2 2566
8 735 2 2566
8 736 2 2566
8 737 2 2566
8 738 2 2566
8 739 2 2566
8 740 4 2566
8 741 2 2566
8 742 2 2566
8 743 4 2566
8 744 4 2566
8 745 4 2566
8 746 2 2566
8 747 2 2566
8 748 2 2566
8 749 2 2566
8 750 2 2566
8 751 2 2566
8 752 2 2566
8 753 2 2566
8 754 2 2566
8 755 2 2566
8 756 2 2566
8 757 2 2566
8 758 2 2566
8 759 2 2566
8 760 2 2566
8 761 2 2566
8 762 2 2566
8 763 2 2566
8 764 2 2566
8 765 2 2566
8 766 4 2566
8 767 2 2566
8 768 2 2566
8 769 2 2566
8 770 2 2566
8 771 2 2571
8 772 2 2566
8 773 2 2566
8 774 2 2566
8 775 2 2566
8 776 2 2566
8 777 2 2566
8 778 2 2566
8 779 2 2566
8 780 2 2566
8 781 2 2566
8 782 2 2566
8 783 2 2566
8 784 2 2566
8 785 2 2566
8 786 2 2566
8 787 2 2566
8 788 2 2566
8 789 2 2566
8 790 2 2566
8 791 2 2566
8 792 2 2566
8 793 2 2566
8 794 2 2566
8 795 2 2566
8 796 2 2566
8 797 2 2566
8 798 2 2566
8 799 2 2566
8 800 2 2566
8 801 2 2566
8 802 2 2566
8 803 2 2566
8 804 2 2566
8 805 2 2566
8 806 2 2566
8 807 2 2566
8 808 2 2566
8 809 2 2566
8 810 2 2566
8 811 2 2566
8 812 2 2566
8 813 2 2566
8 814 2 2566
8 815 2 2566
8 816 2 2566
8 817 2 2566
8 818 2 2566
8 819 2 2566
8 820 2 2566
8 821 2 2566
8 822 2 2566
8 823 2 2566
8 824 2 2566
8 825 2 2566
8 826 2 2566
8 827 2 2566
8 828 2 2566
8 829 2 2566
8 830 4 2566
8 831 4 2566
8 832 4 2566
8 833 4 2566
8 834 2 2566
8 835 2 2566
8 836 2 2566
8 837 2 2566
8 838 4 2566
8 839 2 2566
8 840 2 2566
8 841 2 2566
8 842 2 2566
8 843 2 2566
8 844 2 2566
8 845 2 2566
8 846 2 2566
8 847 2 2566
8 848 2 2566
8 849 2 2566
8 850 2 2566
8 851 2 2566
8 852 2 2566
8 853 2 2566
8 854 2 2566
8 855 2 2566
8 856 2 2566
8 857 2 2566
8 858 2 2566
8 859 2 2566
8 860 2 2566
8 861 2 2566
8 862 2 2566
8 863 2 2566
8 864 2 2566
8 865 2 2566
8 866 2 2566
8 867 2 2566
8 868 2 2566
8 869 2 2566
8 870 2 2566
8 871 2 2566
8 872 2 2566
8 873 2 2566
8 874 2 2566
8 875 2 2566
8 876 2 2566
8 877 2 2566
8 878 2 2566
8 879 2 2566
8 880 2 2566
8 881 2 2566
8 882 2 2566
8 883 2 2566
8 884 2 2566
8 885 2 2566
8 886 2 2566
8 887 2 2566
8 888 2 2566
8 889 2 2566
8 890 2 2566
8 891 2 2566
8 892 2 2566
8 893 2 2566
8 894 2 2566
8 895 2 2566
8 896 2 2566
8 897 2 2566
8 898 2 2566
8 899 2 2566
8 900 2 2566
8 901 2 2566
8 902 2 2566
8 903 2 2566
8 904 2 2566
8 905 2 2566
8 906 4 2566
8 907 2 2566
8 908 2 2566
8 909 2 2566
8 910 2 2566
8 911 2 2566
8 912 2 2566
8 913 2 2566
8 914 2 2566
8 915 2 2566
8 916 2 2566
8 917 2 2566
8 918 2 2566
8 919 2 2566
8 920 2 2566
8 921 2 2566
8 922 2 2566
8 923 4 2566
8 924 2 2566
8 925 2 2566
8 926 2 2566
8 927 2 2566
8 928 2 2566
8 929 2 2566
8 930 2 2566
8 931 2 2566
8 932 4 2566
8 933 2 2566
8 934 2 2566
8 935 2 2566
8 936 2 2566
8 937 2 2566
8 938 2 2566
8 939 2 2566
8 940 2 2566
8 941 4 2566
8 942 2 2566
8 943 2 2566
8 944 2 2566
8 945 2 2566
8 946 2 2566
8 947 2 2566
8 948 2 2566
8 949 2 2566
8 950 2 2566
8 951 2 2566
8 952 2 2566
8 953 2 2566
8 954 2 2566
8 955 2 2566
8 956 2 2566
8 957 4 2566
8 958 4 2566
8 959 2 2566
8 960 2 2566
8 961 2 2566
8 962 2 2566
8 963 2 2566
8 964 2 2566
8 965 2 2566
8 966 2 2566
8 967 2 2566
8 968 2 2566
8 969 2 2566
8 970 2 2566
8 971 2 2566
8 972 2 2566
8 973 2 2566
8 974 2 2566
8 975 2 2566
8 976 2 2566
8 977 2 2566
8 978 4 2566
8 979 4 2566
8 980 2 2566
8 981 2 2566
8 982 2 2566
8 983 2 2566
8 984 2 2566
8 985 2 2566
8 986 2 2566
8 987 2 2566
8 988 2 2566
8 989 2 2566
8 990 2 2566
8 991 2 2566
8 992 2 2566
8 993 2 2566
8 994 2 2566
8 995 2 2566
8 996 2 2566
8 997 2 2566
8 998 2 2566
8 999 2 2566
