32 0 72 4158884682
32 1 66 4158884682
32 2 66 4158884682
32 3 66 4158884682
32 4 66 4158884682
32 5 66 4158884682
32 6 66 4158884682
32 7 66 4158884682
32 8 66 4158884682
32 9 66 4158884682
32 10 66 4158884682
32 11 66 4158884682
32 12 66 4158884682
32 13 66 4158884682
32 14 66 4158884682
32 15 66 4158884682
32 16 66 4158884682
32 17 66 4158884682
32 18 66 4158884682
32 19 66 4158884682
32 20 66 4158884682
32 21 66 4158884682
32 22 66 4158884682
32 23 66 4158884682
32 24 66 4158884682
32 25 66 4158884682
32 26 66 4158884682
32 27 66 4158884682
32 28 66 4158884682
32 29 66 4158884682
32 30 66 4158884682
32 31 66 4158884682
32 32 66 4158884682
32 33 66 4158884682
32 34 66 4158884682
32 35 66 4158884682
32 36 66 4158884682
32 37 66 4158884682
32 38 66 4158884682
32 39 66 4158884682
32 40 66 4158884682
32 41 66 4158884682
32 42 66 4158884682
32 43 66 4158884682
32 44 66 4158884682
32 45 66 4158884682
32 46 66 4158884682
32 47 66 4158884682
32 48 66 4158884682
32 49 66 4158884682
32 50 66 4158884682
32 51 66 4158884682
32 52 66 4158884682
32 53 66 4158884682
32 54 66 4158884682
32 55 66 4158884682
32 56 66 4158884682
32 57 66 4158884682
32 58 66 4158884682
32 59 66 4158884682
32 60 66 4158884682
32 61 66 4158884682
32 62 66 4158884682
32 63 66 4158884682
32 64 66 4158884682
32 65 66 4158884682
32 66 66 4158884682
32 67 66 4158884682
32 68 66 4158884682
32 69 66 4158884682
32 70 66 4158884682
32 71 66 4158884682
32 72 66 4158884682
32 73 66 4158884682
32 74 66 4158884682
32 75 66 4158884682
32 76 66 4158884682
32 77 66 4158884682
32 78 66 4158884682
32 79 66 4158884682
32 80 66 4158884682
32 81 66 4158884682
32 82 66 4158884682
32 83 66 4158884682
32 84 66 4158884682
32 85 66 4158884682
32 86 66 4158884682
32 87 66 4158884682
32 88 66 4158884682
32 89 66 4158884682
32 90 66 4158884682
32 91 66 4158884682
32 92 66 4158884682
32 93 66 4158884682
32 94 66 4158884682
32 95 66 4158884682
32 96 66 4158884682
32 97 66 4158884682
32 98 66 4158884682
32 99 66 4158884682
32 100 66 4158884682
32 101 66 4158884682
32 102 66 4158884682
32 103 66 4158884682
32 104 66 4158884682
32 105 66 4158884682
32 106 66 4158884682
32 107 66 4158884682
32 108 66 4158884682
32 109 66 4158884682
32 110 66 4158884682
32 111 66 4158884682
32 112 66 4158884682
32 113 66 4158884682
32 114 66 4158884682
32 115 66 4158884682
32 116 66 4158884682
32 117 66 4158884682
32 118 66 4158884682
32 119 66 4158884682
32 120 66 4158884682
32 121 66 4158884682
32 122 66 4158884682
32 123 66 4158884682
32 124 66 4158884682
32 125 66 4158884682
32 126 66 4158884682
32 127 66 4158884682
32 128 66 4158884682
32 129 66 4158884682
32 130 66 4158884682
32 131 66 4158884682
32 132 66 4158884682
32 133 66 4158884682
32 134 66 4158884682
32 135 66 4158884682
32 136 66 4158884682
32 137 66 4158884682
32 138 66 4158884682
32 139 66 4158884682
32 140 66 4158884682
32 141 66 4158884682
32 142 66 4158884682
32 143 66 4158884682
32 144 66 4158884682
32 145 66 4158884682
32 146 66 4158884682
32 147 66 4158884682
32 148 66 4158884682
32 149 66 4158884682
32 150 66 4158884682
32 151 66 4158884682
32 152 66 4158884682
32 153 66 4158884682
32 154 66 4158884682
32 155 66 4158884682
32 156 66 4158884682
32 157 66 4158884682
32 158 66 4158884682
32 159 66 4158884682
32 160 66 4158884682
32 161 66 4158884682
32 162 66 4158884682
32 163 66 4158884682
32 164 66 4158884682
32 165 66 4158884682
32 166 66 4158884682
32 167 66 4158884682
32 168 66 4158884682
32 169 66 4158884682
32 170 66 4158884682
32 171 66 4158884682
32 172 66 4158884682
32 173 66 4158884682
32 174 66 4158884682
32 175 66 4158884682
32 176 66 4158884682
32 177 66 4158884682
32 178 66 4158884682
32 179 66 4158884682
32 180 66 4158884682
32 181 66 4158884682
32 182 66 4158884682
32 183 66 4158884682
32 184 66 4158884682
32 185 66 4158884682
32 186 66 4158884682
32 187 66 4158884682
32 188 66 4158884682
32 189 66 4158884682
32 190 66 4158884682
32 191 66 4158884682
32 192 66 4158884682
32 193 66 4158884682
32 194 66 4158884682
32 195 66 4158884682
32 196 66 4158884682
32 197 66 4158884682
32 198 66 4158884682
32 199 66 4158884682
32 200 66 4158884682
32 201 66 4158884682
32 202 66 4158884682
32 203 66 4158884682
32 204 66 4158884682
32 205 66 4158884682
32 206 66 4158884682
32 207 66 4158884682
32 208 66 4158884682
32 209 66 4158884682
32 210 66 4158884682
32 211 66 4158884682
32 212 66 4158884682
32 213 66 4158884682
32 214 66 4158884682
32 215 66 4158884682
32 216 66 4158884682
32 217 66 4158884682
32 218 66 4158884682
32 219 66 4158884682
32 220 66 4158884682
32 221 66 4158884682
32 222 66 4158884682
32 223 66 4158884682
32 224 66 4158884682
32 225 66 4158884682
32 226 66 4158884682
32 227 66 4158884682
32 228 66 4158884682
32 229 66 4158884682
32 230 66 4158884682
32 231 66 4158884682
32 232 66 4158884682
32 233 66 4158884682
32 234 66 4158884682
32 235 66 4158884682
32 236 66 4158884682
32 237 66 4158884682
32 238 66 4158884682
32 239 66 4158884682
32 240 66 4158884682
32 241 66 4158884682
32 242 66 4158884682
32 243 66 4158884682
32 244 66 4158884682
32 245 66 4158884682
32 246 66 4158884682
32 247 66 4158884682
32 248 66 4158884682
32 249 66 4158884682
32 250 66 4158884682
32 251 66 4158884682
32 252 66 4158884682
32 253 66 4158884682
32 254 66 4158884682
32 255 66 4158884682
32 256 66 4158884682
32 257 66 4158884682
32 258 66 4158884682
32 259 66 4158884682
32 260 66 4158884682
32 261 66 4158884682
32 262 66 4158884682
32 263 66 4158884682
32 264 66 4158884682
32 265 66 4158884682
32 266 66 4158884682
32 267 66 4158884682
32 268 66 4158884682
32 269 66 4158884682
32 270 66 4158884682
32 271 66 4158884682
32 272 66 4158884682
32 273 66 4158884682
32 274 66 4158884682
32 275 66 4158884682
32 276 66 4158884682
32 277 66 4158884682
32 278 66 4158884682
32 279 66 4158884682
32 280 66 4158884682
32 281 66 4158884682
32 282 66 4158884682
32 283 66 4158884682
32 284 66 4158884682
32 285 66 4158884682
32 286 66 4158884682
32 287 66 4158884682
32 288 66 4158884682
32 289 66 4158884682
32 290 66 4158884682
32 291 66 4158884682
32 292 66 4158884682
32 293 66 4158884682
32 294 66 4158884682
32 295 66 4158884682
32 296 66 4158884682
32 297 66 4158884682
32 298 66 4158884682
32 299 66 4158884682
32 300 66 4158884682
32 301 66 4158884682
32 302 66 4158884682
32 303 66 4158884682
32 304 66 4158884682
32 305 66 4158884682
32 306 66 4158884682
32 307 66 4158884682
32 308 66 4158884682
32 309 66 4158884682
32 310 66 4158884682
32 311 66 4158884682
32 312 66 4158884682
32 313 66 4158884682
32 314 66 4158884682
32 315 66 4158884682
32 316 66 4158884682
32 317 66 4158884682
32 318 66 4158884682
32 319 66 4158884682
32 320 66 4158884682
32 321 66 4158884682
32 322 66 4158884682
32 323 66 4158884682
32 324 66 4158884682
32 325 66 4158884682
32 326 66 4158884682
32 327 66 4158884682
32 328 66 4158884682
32 329 66 4158884682
32 330 66 4158884682
32 331 66 4158884682
32 332 66 4158884682
32 333 66 4158884682
32 334 66 4158884682
32 335 66 4158884682
32 336 66 4158884682
32 337 66 4158884682
32 338 66 4158884682
32 339 66 4158884682
32 340 66 4158884682
32 341 66 4158884682
32 342 66 4158884682
32 343 66 4158884682
32 344 66 4158884682
32 345 66 4158884682
32 346 66 4158884682
32 347 66 4158884682
32 348 66 4158884682
32 349 66 4158884682
32 350 66 4158884682
32 351 66 4158884682
32 352 66 4158884682
32 353 66 4158884682
32 354 66 4158884682
32 355 66 4158884682
32 356 66 4158884682
32 357 66 4158884682
32 358 66 4158884682
32 359 66 4158884682
32 360 66 4158884682
32 361 66 4158884682
32 362 66 4158884682
32 363 66 4158884682
32 364 66 4158884682
32 365 66 4158884682
32 366 66 4158884682
32 367 66 4158884682
32 368 66 4158884682
32 369 66 4158884682
32 370 66 4158884682
32 371 66 4158884682
32 372 66 4158884682
32 373 66 4158884682
32 374 66 4158884682
32 375 66 4158884682
32 376 66 4158884682
32 377 66 4158884682
32 378 66 4158884682
32 379 66 4158884682
32 380 66 4158884682
32 381 66 4158884682
32 382 66 4158884682
32 383 66 4158884682
32 384 66 4158884682
32 385 66 4158884682
32 386 66 4158884682
32 387 66 4158884682
32 388 66 4158884682
32 389 66 4158884682
32 390 66 4158884682
32 391 66 4158884682
32 392 66 4158884682
32 393 66 4158884682
32 394 66 4158884682
32 395 66 4158884682
32 396 66 4158884682
32 397 66 4158884682
32 398 66 4158884682
32 399 66 4158884682
32 400 66 4158884682
32 401 66 4158884682
32 402 66 4158884682
32 403 66 4158884682
32 404 66 4158884682
32 405 66 4158884682
32 406 66 4158884682
32 407 66 4158884682
32 408 66 4158884682
32 409 66 4158884682
32 410 66 4158884682
32 411 66 4158884682
32 412 66 4158884682
32 413 66 4158884682
32 414 66 4158884682
32 415 66 4158884682
32 416 66 4158884682
32 417 66 4158884682
32 418 66 4158884682
32 419 66 4158884682
32 420 66 4158884682
32 421 66 4158884682
32 422 66 4158884682
32 423 66 4158884682
32 424 66 4158884682
32 425 66 4158884682
32 426 66 4158884682
32 427 66 4158884682
32 428 66 4158884682
32 429 66 4158884682
32 430 66 4158884682
32 431 66 4158884682
32 432 66 4158884682
32 433 66 4158884682
32 434 66 4158884682
32 435 66 4158884682
32 436 66 4158884682
32 437 66 4158884682
32 438 66 4158884682
32 439 66 4158884682
32 440 66 4158884682
32 441 66 4158884682
32 442 66 4158884682
32 443 66 4158884682
32 444 66 4158884682
32 445 66 4158884682
32 446 66 4158884682
32 447 66 4158884682
32 448 66 4158884682
32 449 66 4158884682
32 450 66 4158884682
32 451 66 4158884682
32 452 66 4158884682
32 453 66 4158884682
32 454 66 4158884682
32 455 66 4158884682
32 456 66 4158884682
32 457 66 4158884682
32 458 66 4158884682
32 459 66 4158884682
32 460 66 4158884682
32 461 66 4158884682
32 462 66 4158884682
32 463 66 4158884682
32 464 66 4158884682
32 465 66 4158884682
32 466 66 4158884682
32 467 66 4158884682
32 468 66 4158884682
32 469 66 4158884682
32 470 66 4158884682
32 471 66 4158884682
32 472 66 4158884682
32 473 66 4158884682
32 474 66 4158884682
32 475 66 4158884682
32 476 66 4158884682
32 477 66 4158884682
32 478 66 4158884682
32 479 66 4158884682
32 480 66 4158884682
32 481 66 4158884682
32 482 66 4158884682
32 483 66 4158884682
32 484 66 4158884682
32 485 66 4158884682
32 486 66 4158884682
32 487 66 4158884682
32 488 66 4158884682
32 489 66 4158884682
32 490 66 4158884682
32 491 66 4158884682
32 492 66 4158884682
32 493 66 4158884682
32 494 66 4158884682
32 495 66 4158884682
32 496 66 4158884682
32 497 66 4158884682
32 498 66 4158884682
32 499 66 4158884682
32 500 66 4158884682
32 501 66 4158884682
32 502 66 4158884682
32 503 66 4158884682
32 504 66 4158884682
32 505 66 4158884682
32 506 66 4158884682
32 507 66 4158884682
32 508 66 4158884682
32 509 66 4158884682
32 510 66 4158884682
32 511 66 4158884682
32 512 66 4158884682
32 513 66 4158884682
32 514 66 4158884682
32 515 66 4158884682
32 516 66 4158884682
32 517 66 4158884682
32 518 66 4158884682
32 519 66 4158884682
32 520 66 4158884682
32 521 66 4158884682
32 522 66 4158884682
32 523 66 4158884682
32 524 66 4158884682
32 525 66 4158884682
32 526 66 4158884682
32 527 66 4158884682
32 528 66 4158884682
32 529 66 4158884682
32 530 66 4158884682
32 531 66 4158884682
32 532 66 4158884682
32 533 66 4158884682
32 534 66 4158884682
32 535 66 4158884682
32 536 66 4158884682
32 537 66 4158884682
32 538 66 4158884682
32 539 66 4158884682
32 540 66 4158884682
32 541 66 4158884682
32 542 66 4158884682
32 543 66 4158884682
32 544 66 4158884682
32 545 66 4158884682
32 546 66 4158884682
32 547 66 4158884682
32 548 66 4158884682
32 549 66 4158884682
32 550 66 4158884682
32 551 66 4158884682
32 552 66 4158884682
32 553 66 4158884682
32 554 66 4158884682
32 555 66 4158884682
32 556 66 4158884682
32 557 66 4158884682
32 558 66 4158884682
32 559 66 4158884682
32 560 66 4158884682
32 561 66 4158884682
32 562 66 4158884682
32 563 66 4158884682
32 564 66 4158884682
32 565 66 4158884682
32 566 66 4158884682
32 567 66 4158884682
32 568 66 4158884682
32 569 66 4158884682
32 570 66 4158884682
32 571 66 4158884682
32 572 66 4158884682
32 573 66 4158884682
32 574 66 4158884682
32 575 66 4158884682
32 576 66 4158884682
32 577 66 4158884682
32 578 66 4158884682
32 579 66 4158884682
32 580 66 4158884682
32 581 66 4158884682
32 582 66 4158884682
32 583 66 4158884682
32 584 66 4158884682
32 585 66 4158884682
32 586 66 4158884682
32 587 66 4158884682
32 588 66 4158884682
32 589 66 4158884682
32 590 66 4158884682
32 591 66 4158884682
32 592 66 4158884682
32 593 66 4158884682
32 594 66 4158884682
32 595 66 4158884682
32 596 66 4158884682
32 597 66 4158884682
32 598 66 4158884682
32 599 66 4158884682
32 600 66 4158884682
32 601 66 4158884682
32 602 66 4158884682
32 603 66 4158884682
32 604 66 4158884682
32 605 66 4158884682
32 606 66 4158884682
32 607 66 4158884682
32 608 66 4158884682
32 609 66 4158884682
32 610 66 4158884682
32 611 66 4158884682
32 612 66 4158884682
32 613 66 4158884682
32 614 66 4158884682
32 615 66 4158884682
32 616 66 4158884682
32 617 66 4158884682
32 618 66 4158884682
32 619 66 4158884682
32 620 66 4158884682
32 621 66 4158884682
32 622 66 4158884682
32 623 66 4158884682
32 624 66 4158884682
32 625 66 4158884682
32 626 66 4158884682
32 627 66 4158884682
32 628 66 4158884682
32 629 66 4158884682
32 630 66 4158884682
32 631 66 4158884682
32 632 66 4158884682
32 633 66 4158884682
32 634 66 4158884682
32 635 66 4158884682
32 636 66 4158884682
32 637 66 4158884682
32 638 66 4158884682
32 639 66 4158884682
32 640 66 4158884682
32 641 66 4158884682
32 642 66 4158884682
32 643 66 4158884682
32 644 66 4158884682
32 645 66 4158884682
32 646 66 4158884682
32 647 66 4158884682
32 648 66 4158884682
32 649 66 4158884682
32 650 66 4158884682
32 651 66 4158884682
32 652 66 4158884682
32 653 66 4158884682
32 654 66 4158884682
32 655 66 4158884682
32 656 66 4158884682
32 657 66 4158884682
32 658 66 4158884682
32 659 66 4158884682
32 660 66 4158884682
32 661 66 4158884682
32 662 66 4158884682
32 663 66 4158884682
32 664 66 4158884682
32 665 66 4158884682
32 666 66 4158884682
32 667 66 4158884682
32 668 66 4158884682
32 669 66 4158884682
32 670 66 4158884682
32 671 66 4158884682
32 672 66 4158884682
32 673 66 4158884682
32 674 66 4158884682
32 675 66 4158884682
32 676 66 4158884682
32 677 66 4158884682
32 678 66 4158884682
32 679 66 4158884682
32 680 66 4158884682
32 681 66 4158884682
32 682 66 4158884682
32 683 66 4158884682
32 684 66 4158884682
32 685 66 4158884682
32 686 66 4158884682
32 687 66 4158884682
32 688 66 4158884682
32 689 66 4158884682
32 690 66 4158884682
32 691 66 4158884682
32 692 66 4158884682
32 693 66 4158884682
32 694 66 4158884682
32 695 66 4158884682
32 696 66 4158884682
32 697 66 4158884682
32 698 66 4158884682
32 699 66 4158884682
32 700 66 4158884682
32 701 66 4158884682
32 702 66 4158884682
32 703 66 4158884682
32 704 66 4158884682
32 705 66 4158884682
32 706 66 4158884682
32 707 66 4158884682
32 708 66 4158884682
32 709 66 4158884682
32 710 66 4158884682
32 711 66 4158884682
32 712 66 4158884682
32 713 66 4158884682
32 714 66 4158884682
32 715 66 4158884682
32 716 66 4158884682
32 717 66 4158884682
32 718 66 4158884682
32 719 66 4158884682
32 720 66 4158884682
32 721 66 4158884682
32 722 66 4158884682
32 723 66 4158884682
32 724 66 4158884682
32 725 66 4158884682
32 726 66 4158884682
32 727 66 4158884682
32 728 66 4158884682
32 729 66 4158884682
32 730 66 4158884682
32 731 66 4158884682
32 732 66 4158884682
32 733 66 4158884682
32 734 66 4158884682
32 735 66 4158884682
32 736 66 4158884682
32 737 66 4158884682
32 738 66 4158884682
32 739 66 4158884682
32 740 66 4158884682
32 741 66 4158884682
32 742 66 4158884682
32 743 66 4158884682
32 744 66 4158884682
32 745 66 4158884682
32 746 66 4158884682
32 747 66 4158884682
32 748 66 4158884682
32 749 66 4158884682
32 750 66 4158884682
32 751 66 4158884682
32 752 66 4158884682
32 753 66 4158884682
32 754 66 4158884682
32 755 66 4158884682
32 756 66 4158884682
32 757 66 4158884682
32 758 66 4158884682
32 759 66 4158884682
32 760 66 4158884682
32 761 66 4158884682
32 762 66 4158884682
32 763 66 4158884682
32 764 66 4158884682
32 765 66 4158884682
32 766 66 4158884682
32 767 66 4158884682
32 768 66 4158884682
32 769 66 4158884682
32 770 66 4158884682
32 771 66 4158884682
32 772 66 4158884682
32 773 66 4158884682
32 774 66 4158884682
32 775 66 4158884682
32 776 66 4158884682
32 777 66 4158884682
32 778 66 4158884682
32 779 66 4158884682
32 780 66 4158884682
32 781 66 4158884682
32 782 66 4158884682
32 783 66 4158884682
32 784 66 4158884682
32 785 66 4158884682
32 786 66 4158884682
32 787 66 4158884682
32 788 66 4158884682
32 789 66 4158884682
32 790 66 4158884682
32 791 66 4158884682
32 792 66 4158884682
32 793 66 4158884682
32 794 66 4158884682
32 795 66 4158884682
32 796 66 4158884682
32 797 66 4158884682
32 798 66 4158884682
32 799 66 4158884682
32 800 66 4158884682
32 801 66 4158884682
32 802 66 4158884682
32 803 66 4158884682
32 804 66 4158884682
32 805 66 4158884682
32 806 66 4158884682
32 807 66 4158884682
32 808 66 4158884682
32 809 66 4158884682
32 810 66 4158884682
32 811 66 4158884682
32 812 66 4158884682
32 813 66 4158884682
32 814 66 4158884682
32 815 66 4158884682
32 816 66 4158884682
32 817 66 4158884682
32 818 66 4158884682
32 819 66 4158884682
32 820 66 4158884682
32 821 66 4158884682
32 822 66 4158884682
32 823 66 4158884682
32 824 66 4158884682
32 825 66 4158884682
32 826 66 4158884682
32 827 66 4158884682
32 828 66 4158884682
32 829 66 4158884682
32 830 66 4158884682
32 831 66 4158884682
32 832 66 4158884682
32 833 66 4158884682
32 834 66 4158884682
32 835 66 4158884682
32 836 66 4158884682
32 837 66 4158884682
32 838 66 4158884682
32 839 66 4158884682
32 840 66 4158884682
32 841 66 4158884682
32 842 66 4158884682
32 843 66 4158884682
32 844 66 4158884682
32 845 66 4158884682
32 846 66 4158884682
32 847 66 4158884682
32 848 66 4158884682
32 849 66 4158884682
32 850 66 4158884682
32 851 66 4158884682
32 852 66 4158884682
32 853 66 4158884682
32 854 66 4158884682
32 855 66 4158884682
32 856 66 4158884682
32 857 66 4158884682
32 858 66 4158884682
32 859 66 4158884682
32 860 66 4158884682
32 861 66 4158884682
32 862 66 4158884682
32 863 66 4158884682
32 864 66 4158884682
32 865 66 4158884682
32 866 66 4158884682
32 867 66 4158884682
32 868 66 4158884682
32 869 66 4158884682
32 870 66 4158884682
32 871 66 4158884682
32 872 66 4158884682
32 873 66 4158884682
32 874 66 4158884682
32 875 66 4158884682
32 876 66 4158884682
32 877 66 4158884682
32 878 66 4158884682
32 879 66 4158884682
32 880 66 4158884682
32 881 66 4158884682
32 882 66 4158884682
32 883 66 4158884682
32 884 66 4158884682
32 885 66 4158884682
32 886 66 4158884682
32 887 66 4158884682
32 888 66 4158884682
32 889 66 4158884682
32 890 66 4158884682
32 891 66 4158884682
32 892 66 4158884682
32 893 66 4158884682
32 894 66 4158884682
32 895 66 4158884682
32 896 66 4158884682
32 897 66 4158884682
32 898 66 4158884682
32 899 66 4158884682
32 900 66 4158884682
32 901 66 4158884682
32 902 66 4158884682
32 903 66 4158884682
32 904 66 4158884682
32 905 66 4158884682
32 906 66 4158884682
32 907 66 4158884682
32 908 66 4158884682
32 909 66 4158884682
32 910 66 4158884682
32 911 66 4158884682
32 912 66 4158884682
32 913 66 4158884682
32 914 66 4158884682
32 915 66 4158884682
32 916 66 4158884682
32 917 66 4158884682
32 918 66 4158884682
32 919 66 4158884682
32 920 66 4158884682
32 921 66 4158884682
32 922 66 4158884682
32 923 66 4158884682
32 924 66 4158884682
32 925 66 4158884682
32 926 66 4158884682
32 927 66 4158884682
32 928 66 4158884682
32 929 66 4158884682
32 930 66 4158884682
32 931 66 4158884682
32 932 66 4158884682
32 933 66 4158884682
32 934 66 4158884682
32 935 66 4158884682
32 936 66 4158884682
32 937 66 4158884682
32 938 66 4158884682
32 939 66 4158884682
32 940 66 4158884682
32 941 66 4158884682
32 942 66 4158884682
32 943 66 4158884682
32 944 66 4158884682
32 945 66 4158884682
32 946 66 4158884682
32 947 66 4158884682
32 948 66 4158884682
32 949 66 4158884682
32 950 66 4158884682
32 951 66 4158884682
32 952 66 4158884682
32 953 66 4158884682
32 954 66 4158884682
32 955 66 4158884682
32 956 66 4158884682
32 957 66 4158884682
32 958 66 4158884682
32 959 66 4158884682
32 960 66 4158884682
32 961 66 4158884682
32 962 66 4158884682
32 963 66 4158884682
32 964 66 4158884682
32 965 66 4158884682
32 966 66 4158884682
32 967 66 4158884682
32 968 66 4158884682
32 969 66 4158884682
32 970 66 4158884682
32 971 66 4158884682
32 972 66 4158884682
32 973 66 4158884682
32 974 66 4158884682
32 975 66 4158884682
32 976 66 4158884682
32 977 66 4158884682
32 978 66 4158884682
32 979 66 4158884682
32 980 66 4158884682
32 981 66 4158884682
32 982 66 4158884682
32 983 66 4158884682
32 984 66 4158884682
32 985 66 4158884682
32 986 66 4158884682
32 987 66 4158884682
32 988 66 4158884682
32 989 66 4158884682
32 990 66 4158884682
32 991 66 4158884682
32 992 66 4158884682
32 993 66 4158884682
32 994 66 4158884682
32 995 66 4158884682
32 996 66 4158884682
32 997 66 4158884682
32 998 66 4158884682
32 999 66 4158884682
