2 0 0 46
2 1 0 46
2 2 0 46
2 3 0 46
2 4 0 46
2 5 0 46
2 6 0 46
2 7 0 46
2 8 0 46
2 9 0 46
2 10 0 46
2 11 0 46
2 12 0 46
2 13 0 46
2 14 0 46
2 15 0 46
2 16 0 46
2 17 0 46
2 18 0 46
2 19 0 46
2 20 0 46
2 21 0 46
2 22 0 46
2 23 0 46
2 24 0 46
2 25 0 46
2 26 0 46
2 27 0 46
2 28 0 46
2 29 0 46
2 30 0 46
2 31 0 46
2 32 0 46
2 33 0 46
2 34 0 46
2 35 0 46
2 36 0 46
2 37 0 46
2 38 0 46
2 39 0 46
2 40 0 46
2 41 0 46
2 42 0 46
2 43 0 46
2 44 0 46
2 45 0 46
2 46 0 46
2 47 0 46
2 48 0 46
2 49 0 46
2 50 0 46
2 51 0 46
2 52 0 46
2 53 0 46
2 54 0 46
2 55 0 46
2 56 0 46
2 57 0 46
2 58 0 46
2 59 0 46
2 60 0 46
2 61 0 46
2 62 0 46
2 63 0 46
2 64 0 46
2 65 0 46
2 66 0 46
2 67 0 46
2 68 0 46
2 69 0 46
2 70 0 46
2 71 0 46
2 72 0 46
2 73 0 46
2 74 0 46
2 75 0 46
2 76 0 46
2 77 0 46
2 78 0 46
2 79 0 46
2 80 0 46
2 81 0 46
2 82 0 46
2 83 0 46
2 84 0 46
2 85 0 46
2 86 0 46
2 87 0 46
2 88 0 46
2 89 0 46
2 90 0 46
2 91 0 46
2 92 0 46
2 93 0 46
2 94 0 46
2 95 0 46
2 96 0 46
2 97 0 46
2 98 0 46
2 99 0 46
2 100 0 46
2 101 0 46
2 102 0 46
2 103 0 46
2 104 0 46
2 105 0 46
2 106 0 46
2 107 0 46
2 108 0 46
2 109 0 46
2 110 0 46
2 111 0 46
2 112 0 46
2 113 0 46
2 114 0 46
2 115 0 46
2 116 0 46
2 117 0 46
2 118 0 46
2 119 0 46
2 120 0 46
2 121 0 46
2 122 0 46
2 123 0 46
2 124 0 46
2 125 0 46
2 126 0 46
2 127 0 46
2 128 0 46
2 129 0 46
2 130 0 46
2 131 0 46
2 132 0 46
2 133 0 46
2 134 0 46
2 135 0 46
2 136 0 46
2 137 0 46
2 138 0 46
2 139 0 46
2 140 0 46
2 141 0 46
2 142 0 46
2 143 0 46
2 144 0 46
2 145 0 46
2 146 0 46
2 147 0 46
2 148 0 46
2 149 0 46
2 150 0 46
2 151 0 46
2 152 0 46
2 153 0 46
2 154 0 46
2 155 0 46
2 156 0 46
2 157 0 46
2 158 0 46
2 159 0 46
2 160 0 46
2 161 0 46
2 162 0 46
2 163 0 46
2 164 0 46
2 165 0 46
2 166 0 46
2 167 0 46
2 168 0 46
2 169 0 46
2 170 0 46
2 171 0 46
2 172 0 46
2 173 0 46
2 174 0 46
2 175 0 46
2 176 0 46
2 177 0 46
2 178 0 46
2 179 0 46
2 180 0 46
2 181 0 46
2 182 0 46
2 183 0 46
2 184 0 46
2 185 0 46
2 186 0 46
2 187 0 46
2 188 0 46
2 189 0 46
2 190 0 46
2 191 0 46
2 192 0 46
2 193 0 46
2 194 0 46
2 195 0 46
2 196 0 46
2 197 0 46
2 198 0 46
2 199 0 46
2 200 0 46
2 201 0 46
2 202 0 46
2 203 0 46
2 204 0 46
2 205 0 46
2 206 0 46
2 207 0 46
2 208 0 46
2 209 0 46
2 210 0 46
2 211 0 46
2 212 0 46
2 213 0 46
2 214 0 46
2 215 0 46
2 216 0 46
2 217 0 46
2 218 0 46
2 219 0 46
2 220 0 46
2 221 0 46
2 222 0 46
2 223 0 46
2 224 0 46
2 225 0 46
2 226 0 46
2 227 0 46
2 228 0 46
2 229 0 46
2 230 0 46
2 231 0 46
2 232 0 46
2 233 0 46
2 234 0 46
2 235 0 46
2 236 0 46
2 237 0 46
2 238 0 46
2 239 0 46
2 240 0 46
2 241 0 46
2 242 0 46
2 243 0 46
2 244 0 46
2 245 0 46
2 246 0 46
2 247 0 46
2 248 0 46
2 249 0 46
2 250 0 46
2 251 0 46
2 252 0 46
2 253 0 46
2 254 0 46
2 255 0 46
2 256 0 46
2 257 0 46
2 258 0 46
2 259 0 46
2 260 0 46
2 261 0 46
2 262 0 46
2 263 0 46
2 264 0 46
2 265 0 46
2 266 0 46
2 267 0 46
2 268 0 46
2 269 0 46
2 270 0 46
2 271 0 46
2 272 0 46
2 273 0 46
2 274 0 46
2 275 0 46
2 276 0 46
2 277 0 46
2 278 0 46
2 279 0 46
2 280 0 46
2 281 0 46
2 282 0 46
2 283 0 46
2 284 0 46
2 285 0 46
2 286 0 46
2 287 0 46
2 288 0 46
2 289 0 46
2 290 0 46
2 291 0 46
2 292 0 46
2 293 0 46
2 294 0 46
2 295 0 46
2 296 0 46
2 297 0 46
2 298 0 46
2 299 0 46
2 300 0 46
2 301 0 46
2 302 0 46
2 303 0 46
2 304 0 46
2 305 0 46
2 306 0 46
2 307 0 46
2 308 0 46
2 309 0 46
2 310 0 46
2 311 0 46
2 312 0 46
2 313 0 46
2 314 0 46
2 315 0 46
2 316 0 46
2 317 0 46
2 318 0 46
2 319 0 46
2 320 0 46
2 321 0 46
2 322 0 46
2 323 0 46
2 324 0 46
2 325 0 46
2 326 0 46
2 327 0 46
2 328 0 46
2 329 0 46
2 330 0 46
2 331 0 46
2 332 0 46
2 333 0 46
2 334 0 46
2 335 0 46
2 336 0 46
2 337 0 46
2 338 0 46
2 339 0 46
2 340 0 46
2 341 0 46
2 342 0 46
2 343 0 46
2 344 0 46
2 345 0 46
2 346 0 46
2 347 0 46
2 348 0 46
2 349 0 46
2 350 0 46
2 351 0 46
2 352 0 46
2 353 0 46
2 354 0 46
2 355 0 46
2 356 0 46
2 357 0 46
2 358 0 46
2 359 0 46
2 360 0 46
2 361 0 46
2 362 0 46
2 363 0 46
2 364 0 46
2 365 0 46
2 366 0 46
2 367 0 46
2 368 0 46
2 369 0 46
2 370 0 46
2 371 0 46
2 372 0 46
2 373 0 46
2 374 0 46
2 375 0 46
2 376 0 46
2 377 0 46
2 378 0 46
2 379 0 46
2 380 0 46
2 381 0 46
2 382 0 46
2 383 0 46
2 384 0 46
2 385 0 46
2 386 0 46
2 387 0 46
2 388 0 46
2 389 0 46
2 390 0 46
2 391 0 46
2 392 0 46
2 393 0 46
2 394 0 46
2 395 0 46
2 396 0 46
2 397 0 46
2 398 0 46
2 399 0 46
2 400 0 46
2 401 0 46
2 402 0 46
2 403 0 46
2 404 0 46
2 405 0 46
2 406 0 46
2 407 0 46
2 408 0 46
2 409 0 46
2 410 0 46
2 411 0 46
2 412 0 46
2 413 0 46
2 414 0 46
2 415 0 46
2 416 0 46
2 417 0 46
2 418 0 46
2 419 0 46
2 420 0 46
2 421 0 46
2 422 0 46
2 423 0 46
2 424 0 46
2 425 0 46
2 426 0 46
2 427 0 46
2 428 0 46
2 429 0 46
2 430 0 46
2 431 0 46
2 432 0 46
2 433 0 46
2 434 0 46
2 435 0 46
2 436 0 46
2 437 0 46
2 438 0 46
2 439 0 46
2 440 0 46
2 441 0 46
2 442 0 46
2 443 0 46
2 444 0 46
2 445 0 46
2 446 0 46
2 447 0 46
2 448 0 46
2 449 0 46
2 450 0 46
2 451 0 46
2 452 0 46
2 453 0 46
2 454 0 46
2 455 0 46
2 456 0 46
2 457 0 46
2 458 0 46
2 459 0 46
2 460 0 46
2 461 0 46
2 462 0 46
2 463 0 46
2 464 0 46
2 465 0 46
2 466 0 46
2 467 0 46
2 468 0 46
2 469 0 46
2 470 0 46
2 471 0 46
2 472 0 46
2 473 0 46
2 474 0 46
2 475 0 46
2 476 0 46
2 477 0 46
2 478 0 46
2 479 0 46
2 480 0 46
2 481 0 46
2 482 0 46
2 483 0 46
2 484 0 46
2 485 0 46
2 486 0 46
2 487 0 46
2 488 0 46
2 489 0 46
2 490 0 46
2 491 0 46
2 492 0 46
2 493 0 46
2 494 0 46
2 495 0 46
2 496 0 46
2 497 0 46
2 498 0 46
2 499 0 46
2 500 0 46
2 501 0 46
2 502 0 46
2 503 0 46
2 504 0 46
2 505 0 46
2 506 0 46
2 507 0 46
2 508 0 46
2 509 0 46
2 510 0 46
2 511 0 46
2 512 0 46
2 513 0 46
2 514 0 46
2 515 0 46
2 516 0 46
2 517 0 46
2 518 0 46
2 519 0 46
2 520 0 46
2 521 0 46
2 522 0 46
2 523 0 46
2 524 0 46
2 525 0 46
2 526 0 46
2 527 0 46
2 528 0 46
2 529 0 46
2 530 0 46
2 531 0 46
2 532 0 46
2 533 0 46
2 534 0 46
2 535 0 46
2 536 0 46
2 537 0 46
2 538 0 46
2 539 0 46
2 540 0 46
2 541 0 46
2 542 0 46
2 543 0 46
2 544 0 46
2 545 0 46
2 546 0 46
2 547 0 46
2 548 0 46
2 549 0 46
2 550 0 46
2 551 0 46
2 552 0 46
2 553 0 46
2 554 0 46
2 555 0 46
2 556 0 46
2 557 0 46
2 558 0 46
2 559 0 46
2 560 0 46
2 561 0 46
2 562 0 46
2 563 0 46
2 564 0 46
2 565 0 46
2 566 0 46
2 567 0 46
2 568 0 46
2 569 0 46
2 570 0 46
2 571 0 46
2 572 0 46
2 573 0 46
2 574 0 46
2 575 0 46
2 576 0 46
2 577 0 46
2 578 0 46
2 579 0 46
2 580 0 46
2 581 0 46
2 582 0 46
2 583 0 46
2 584 0 46
2 585 0 46
2 586 0 46
2 587 0 46
2 588 0 46
2 589 0 46
2 590 0 46
2 591 0 46
2 592 0 46
2 593 0 46
2 594 0 46
2 595 0 46
2 596 0 46
2 597 0 46
2 598 0 46
2 599 0 46
2 600 0 46
2 601 0 46
2 602 0 46
2 603 0 46
2 604 0 46
2 605 0 46
2 606 0 46
2 607 0 46
2 608 0 46
2 609 0 46
2 610 0 46
2 611 0 46
2 612 0 46
2 613 0 46
2 614 0 46
2 615 0 46
2 616 0 46
2 617 0 46
2 618 0 46
2 619 0 46
2 620 0 46
2 621 0 46
2 622 0 46
2 623 0 46
2 624 0 46
2 625 0 46
2 626 0 46
2 627 0 46
2 628 0 46
2 629 0 46
2 630 0 46
2 631 0 46
2 632 0 46
2 633 0 46
2 634 0 46
2 635 0 46
2 636 0 46
2 637 0 46
2 638 0 46
2 639 0 46
2 640 0 46
2 641 0 46
2 642 0 46
2 643 0 46
2 644 0 46
2 645 0 46
2 646 0 46
2 647 0 46
2 648 0 46
2 649 0 46
2 650 0 46
2 651 0 46
2 652 0 46
2 653 0 46
2 654 0 46
2 655 0 46
2 656 0 46
2 657 0 46
2 658 0 46
2 659 0 46
2 660 0 46
2 661 0 46
2 662 0 46
2 663 0 46
2 664 0 46
2 665 0 46
2 666 0 46
2 667 0 46
2 668 0 46
2 669 0 46
2 670 0 46
2 671 0 46
2 672 0 46
2 673 0 46
2 674 0 46
2 675 0 46
2 676 0 46
2 677 0 46
2 678 0 46
2 679 0 46
2 680 0 46
2 681 0 46
2 682 0 46
2 683 0 46
2 684 0 46
2 685 0 46
2 686 0 46
2 687 0 46
2 688 0 46
2 689 0 46
2 690 0 46
2 691 0 46
2 692 0 46
2 693 0 46
2 694 0 46
2 695 0 46
2 696 0 46
2 697 0 46
2 698 0 46
2 699 0 46
2 700 0 46
2 701 0 46
2 702 0 46
2 703 0 46
2 704 0 46
2 705 0 46
2 706 0 46
2 707 0 46
2 708 0 46
2 709 0 46
2 710 0 46
2 711 0 46
2 712 0 46
2 713 0 46
2 714 0 46
2 715 0 46
2 716 0 46
2 717 0 46
2 718 0 46
2 719 0 46
2 720 0 46
2 721 0 46
2 722 0 46
2 723 0 46
2 724 0 46
2 725 0 46
2 726 0 46
2 727 0 46
2 728 0 46
2 729 0 46
2 730 0 46
2 731 0 46
2 732 0 46
2 733 0 46
2 734 0 46
2 735 0 46
2 736 0 46
2 737 0 46
2 738 0 46
2 739 0 46
2 740 0 46
2 741 0 46
2 742 0 46
2 743 0 46
2 744 0 46
2 745 0 46
2 746 0 46
2 747 0 46
2 748 0 46
2 749 0 46
2 750 0 46
2 751 0 46
2 752 0 46
2 753 0 46
2 754 0 46
2 755 0 46
2 756 0 46
2 757 0 46
2 758 0 46
2 759 0 46
2 760 0 46
2 761 0 46
2 762 0 46
2 763 0 46
2 764 0 46
2 765 0 46
2 766 0 46
2 767 0 46
2 768 0 46
2 769 0 46
2 770 0 46
2 771 0 46
2 772 0 46
2 773 0 46
2 774 0 46
2 775 0 46
2 776 0 46
2 777 0 46
2 778 0 46
2 779 0 46
2 780 0 46
2 781 0 46
2 782 0 46
2 783 0 46
2 784 0 46
2 785 0 46
2 786 0 46
2 787 0 46
2 788 0 46
2 789 0 46
2 790 0 46
2 791 0 46
2 792 0 46
2 793 0 46
2 794 0 46
2 795 0 46
2 796 0 46
2 797 0 46
2 798 0 46
2 799 0 46
2 800 0 46
2 801 0 46
2 802 0 46
2 803 0 46
2 804 0 46
2 805 0 46
2 806 0 46
2 807 0 46
2 808 0 46
2 809 0 46
2 810 0 46
2 811 0 46
2 812 0 46
2 813 0 46
2 814 0 46
2 815 0 46
2 816 0 46
2 817 0 46
2 818 0 46
2 819 0 46
2 820 0 46
2 821 0 46
2 822 0 46
2 823 0 46
2 824 0 46
2 825 0 46
2 826 0 46
2 827 0 46
2 828 0 46
2 829 0 46
2 830 0 46
2 831 0 46
2 832 0 46
2 833 0 46
2 834 0 46
2 835 0 46
2 836 0 46
2 837 0 46
2 838 0 46
2 839 0 46
2 840 0 46
2 841 0 46
2 842 0 46
2 843 0 46
2 844 0 46
2 845 0 46
2 846 0 46
2 847 0 46
2 848 0 46
2 849 0 46
2 850 0 46
2 851 0 46
2 852 0 46
2 853 0 46
2 854 0 46
2 855 0 46
2 856 0 46
2 857 0 46
2 858 0 46
2 859 0 46
2 860 0 46
2 861 0 46
2 862 0 46
2 863 0 46
2 864 0 46
2 865 0 46
2 866 0 46
2 867 0 46
2 868 0 46
2 869 0 46
2 870 0 46
2 871 0 46
2 872 0 46
2 873 0 46
2 874 0 46
2 875 0 46
2 876 0 46
2 877 0 46
2 878 0 46
2 879 0 46
2 880 0 46
2 881 0 46
2 882 0 46
2 883 0 46
2 884 0 46
2 885 0 46
2 886 0 46
2 887 0 46
2 888 0 46
2 889 0 46
2 890 0 46
2 891 0 46
2 892 0 46
2 893 0 46
2 894 0 46
2 895 0 46
2 896 0 46
2 897 0 46
2 898 0 46
2 899 0 46
2 900 0 46
2 901 0 46
2 902 0 46
2 903 0 46
2 904 0 46
2 905 0 46
2 906 0 46
2 907 0 46
2 908 0 46
2 909 0 46
2 910 0 46
2 911 0 46
2 912 0 46
2 913 0 46
2 914 0 46
2 915 0 46
2 916 0 46
2 917 0 46
2 918 0 46
2 919 0 46
2 920 0 46
2 921 0 46
2 922 0 46
2 923 0 46
2 924 0 46
2 925 0 46
2 926 0 46
2 927 0 46
2 928 0 46
2 929 0 46
2 930 0 46
2 931 0 46
2 932 0 46
2 933 0 46
2 934 0 46
2 935 0 46
2 936 0 46
2 937 0 46
2 938 0 46
2 939 0 46
2 940 0 46
2 941 0 46
2 942 0 46
2 943 0 46
2 944 0 46
2 945 0 46
2 946 0 46
2 947 0 46
2 948 0 46
2 949 0 46
2 950 0 46
2 951 0 46
2 952 0 46
2 953 0 46
2 954 0 46
2 955 0 46
2 956 0 46
2 957 0 46
2 958 0 46
2 959 0 46
2 960 0 46
2 961 0 46
2 962 0 46
2 963 0 46
2 964 0 46
2 965 0 46
2 966 0 46
2 967 0 46
2 968 0 46
2 969 0 46
2 970 0 46
2 971 0 46
2 972 0 46
2 973 0 46
2 974 0 46
2 975 0 46
2 976 0 46
2 977 0 46
2 978 0 46
2 979 0 46
2 980 0 46
2 981 0 46
2 982 0 46
2 983 0 46
2 984 0 46
2 985 0 46
2 986 0 46
2 987 0 46
2 988 0 46
2 989 0 46
2 990 0 46
2 991 0 46
2 992 0 46
2 993 0 46
2 994 0 46
2 995 0 46
2 996 0 46
2 997 0 46
2 998 0 46
2 999 0 46
