64 0 44419 4160031777
64 1 36890 4160031777
64 2 36878 4160031777
64 3 36878 4160031777
64 4 36878 4160031777
64 5 36878 4160031777
64 6 36884 4160031777
64 7 36878 4160031777
64 8 36878 4160031777
64 9 36878 4160031777
64 10 36878 4160031777
64 11 36884 4160031777
64 12 36878 4160031777
64 13 36878 4160031777
64 14 36878 4160031777
64 15 36884 4160031777
64 16 36878 4160031777
64 17 36878 4160031777
64 18 36878 4160031777
64 19 36878 4160031777
64 20 38498 4160031777
64 21 36884 4160031777
64 22 36878 4160031777
64 23 36878 4160031777
64 24 36878 4160031777
64 25 36892 4160031777
64 26 36878 4160031777
64 27 36878 4160031777
64 28 36878 4160031777
64 29 36878 4160031777
64 30 36890 4160031777
64 31 36878 4160031777
64 32 36878 4160031777
64 33 36878 4160031777
64 34 36878 4160031777
64 35 36890 4160031777
64 36 36878 4160031777
64 37 36878 4160031777
64 38 36878 4160031777
64 39 36890 4160031777
64 40 36878 4160031777
64 41 36878 4160031777
64 42 36878 4160031777
64 43 36878 4160031777
64 44 36890 4160031777
64 45 36878 4160031777
64 46 36878 4160031777
64 47 36878 4160031777
64 48 36878 4160031777
64 49 36890 4160031777
64 50 36878 4160031777
64 51 36878 4160031777
64 52 36878 4160031777
64 53 36878 4160031777
64 54 36890 4160031777
64 55 36878 4160031777
64 56 36878 4160031777
64 57 36878 4160031777
64 58 36878 4160031777
64 59 36890 4160031777
64 60 36878 4160031777
64 61 36878 4160031777
64 62 36878 4160031777
64 63 36890 4160031777
64 64 36878 4160031777
64 65 36878 4160031777
64 66 36878 4160031777
64 67 36878 4160031777
64 68 36890 4160031777
64 69 36878 4160031777
64 70 36878 4160031777
64 71 36878 4160031777
64 72 36878 4160031777
64 73 36890 4160031777
64 74 36878 4160031777
64 75 36878 4160031777
64 76 36878 4160031777
64 77 38280 4160031777
64 78 36887 4160031777
64 79 36878 4160031777
64 80 36878 4160031777
64 81 36878 4160031777
64 82 36878 4160031777
64 83 36890 4160031777
64 84 36878 4160031777
64 85 36878 4160031777
64 86 36878 4160031777
64 87 36890 4160031777
64 88 36878 4160031777
64 89 36878 4160031777
64 90 36878 4160031777
64 91 36878 4160031777
64 92 36890 4160031777
64 93 36878 4160031777
64 94 36878 4160031777
64 95 36878 4160031777
64 96 36878 4160031777
64 97 36890 4160031777
64 98 36878 4160031777
64 99 36878 4160031777
64 100 36878 4160031777
64 101 36890 4160031777
64 102 36877 4160031777
64 103 36878 4160031777
64 104 36878 4160031777
64 105 36878 4160031777
64 106 36890 4160031777
64 107 36878 4160031777
64 108 36878 4160031777
64 109 36878 4160031777
64 110 36878 4160031777
64 111 36890 4160031777
64 112 36878 4160031777
64 113 36878 4160031777
64 114 36878 4160031777
64 115 36890 4160031777
64 116 36878 4160031777
64 117 36878 4160031777
64 118 36878 4160031777
64 119 36878 4160031777
64 120 36890 4160031777
64 121 36878 4160031777
64 122 36878 4160031777
64 123 36878 4160031777
64 124 36890 4160031777
64 125 36878 4160031777
64 126 36878 4160031777
64 127 36878 4160031777
64 128 36878 4160031777
64 129 36890 4160031777
64 130 36878 4160031777
64 131 36878 4160031777
64 132 36878 4160031777
64 133 36878 4160031777
64 134 36888 4160031777
64 135 36878 4160031777
64 136 36878 4160031777
64 137 36878 4160031777
64 138 36878 4160031777
64 139 36878 4160031777
64 140 36878 4160031777
64 141 36878 4160031777
64 142 36878 4160031777
64 143 36878 4160031777
64 144 36878 4160031777
64 145 36878 4160031777
64 146 36878 4160031777
64 147 36878 4160031777
64 148 36878 4160031777
64 149 36878 4160031777
64 150 36878 4160031777
64 151 36878 4160031777
64 152 36878 4160031777
64 153 36878 4160031777
64 154 36878 4160031777
64 155 36878 4160031777
64 156 36878 4160031777
64 157 36878 4160031777
64 158 36878 4160031777
64 159 36878 4160031777
64 160 36878 4160031777
64 161 36882 4160031777
64 162 36878 4160031777
64 163 36878 4160031777
64 164 36878 4160031777
64 165 36878 4160031777
64 166 36878 4160031777
64 167 36878 4160031777
64 168 36878 4160031777
64 169 36878 4160031777
64 170 36878 4160031777
64 171 36878 4160031777
64 172 36878 4160031777
64 173 36878 4160031777
64 174 36878 4160031777
64 175 36878 4160031777
64 176 36877 4160031777
64 177 36878 4160031777
64 178 36878 4160031777
64 179 36878 4160031777
64 180 36878 4160031777
64 181 36878 4160031777
64 182 36878 4160031777
64 183 36878 4160031777
64 184 36878 4160031777
64 185 36878 4160031777
64 186 36878 4160031777
64 187 36878 4160031777
64 188 36878 4160031777
64 189 36878 4160031777
64 190 36878 4160031777
64 191 36878 4160031777
64 192 36878 4160031777
64 193 36882 4160031777
64 194 36878 4160031777
64 195 36878 4160031777
64 196 36878 4160031777
64 197 36878 4160031777
64 198 36878 4160031777
64 199 36877 4160031777
64 200 36878 4160031777
64 201 36878 4160031777
64 202 36878 4160031777
64 203 36878 4160031777
64 204 36878 4160031777
64 205 36878 4160031777
64 206 36878 4160031777
64 207 36878 4160031777
64 208 36878 4160031777
64 209 36878 4160031777
64 210 36878 4160031777
64 211 36878 4160031777
64 212 36878 4160031777
64 213 36878 4160031777
64 214 36878 4160031777
64 215 36878 4160031777
64 216 36878 4160031777
64 217 36878 4160031777
64 218 36878 4160031777
64 219 36878 4160031777
64 220 36878 4160031777
64 221 36878 4160031777
64 222 36878 4160031777
64 223 36878 4160031777
64 224 36878 4160031777
64 225 36882 4160031777
64 226 36878 4160031777
64 227 36878 4160031777
64 228 36878 4160031777
64 229 36878 4160031777
64 230 36878 4160031777
64 231 36878 4160031777
64 232 36878 4160031777
64 233 36878 4160031777
64 234 36878 4160031777
64 235 36878 4160031777
64 236 36878 4160031777
64 237 36878 4160031777
64 238 36878 4160031777
64 239 36878 4160031777
64 240 36878 4160031777
64 241 36878 4160031777
64 242 36878 4160031777
64 243 36878 4160031777
64 244 36878 4160031777
64 245 36878 4160031777
64 246 36878 4160031777
64 247 36878 4160031777
64 248 36878 4160031777
64 249 36878 4160031777
64 250 36878 4160031777
64 251 36878 4160031777
64 252 36878 4160031777
64 253 36878 4160031777
64 254 36878 4160031777
64 255 36878 4160031777
64 256 36878 4160031777
64 257 36882 4160031777
64 258 36878 4160031777
64 259 36878 4160031777
64 260 36878 4160031777
64 261 36878 4160031777
64 262 36878 4160031777
64 263 36878 4160031777
64 264 36878 4160031777
64 265 36878 4160031777
64 266 36878 4160031777
64 267 36878 4160031777
64 268 36878 4160031777
64 269 36878 4160031777
64 270 36878 4160031777
64 271 36878 4160031777
64 272 36878 4160031777
64 273 36878 4160031777
64 274 36878 4160031777
64 275 36878 4160031777
64 276 36878 4160031777
64 277 36878 4160031777
64 278 36878 4160031777
64 279 36878 4160031777
64 280 36878 4160031777
64 281 36878 4160031777
64 282 36878 4160031777
64 283 36878 4160031777
64 284 36878 4160031777
64 285 36878 4160031777
64 286 36878 4160031777
64 287 36878 4160031777
64 288 36878 4160031777
64 289 36882 4160031777
64 290 36878 4160031777
64 291 36878 4160031777
64 292 36878 4160031777
64 293 36878 4160031777
64 294 36878 4160031777
64 295 36878 4160031777
64 296 36878 4160031777
64 297 36878 4160031777
64 298 36878 4160031777
64 299 36878 4160031777
64 300 36878 4160031777
64 301 36878 4160031777
64 302 36878 4160031777
64 303 36878 4160031777
64 304 36878 4160031777
64 305 36878 4160031777
64 306 36878 4160031777
64 307 36878 4160031777
64 308 36878 4160031777
64 309 36878 4160031777
64 310 36878 4160031777
64 311 36878 4160031777
64 312 36878 4160031777
64 313 36878 4160031777
64 314 36878 4160031777
64 315 36878 4160031777
64 316 36878 4160031777
64 317 36878 4160031777
64 318 36878 4160031777
64 319 36878 4160031777
64 320 36878 4160031777
64 321 36882 4160031777
64 322 36877 4160031777
64 323 36878 4160031777
64 324 36878 4160031777
64 325 36878 4160031777
64 326 36878 4160031777
64 327 36878 4160031777
64 328 36878 4160031777
64 329 36878 4160031777
64 330 36878 4160031777
64 331 36878 4160031777
64 332 36878 4160031777
64 333 36878 4160031777
64 334 36878 4160031777
64 335 36878 4160031777
64 336 36878 4160031777
64 337 36877 4160031777
64 338 36878 4160031777
64 339 36878 4160031777
64 340 36878 4160031777
64 341 36877 4160031777
64 342 36878 4160031777
64 343 36878 4160031777
64 344 36878 4160031777
64 345 36878 4160031777
64 346 36878 4160031777
64 347 36878 4160031777
64 348 36878 4160031777
64 349 36878 4160031777
64 350 36878 4160031777
64 351 36878 4160031777
64 352 36878 4160031777
64 353 36878 4160031777
64 354 36878 4160031777
64 355 36878 4160031777
64 356 36878 4160031777
64 357 36878 4160031777
64 358 36878 4160031777
64 359 36878 4160031777
64 360 36878 4160031777
64 361 36878 4160031777
64 362 36878 4160031777
64 363 36878 4160031777
64 364 36878 4160031777
64 365 36878 4160031777
64 366 36878 4160031777
64 367 36878 4160031777
64 368 36878 4160031777
64 369 36878 4160031777
64 370 36878 4160031777
64 371 36878 4160031777
64 372 36878 4160031777
64 373 36878 4160031777
64 374 36878 4160031777
64 375 36878 4160031777
64 376 36878 4160031777
64 377 36878 4160031777
64 378 36878 4160031777
64 379 36878 4160031777
64 380 36878 4160031777
64 381 36878 4160031777
64 382 36878 4160031777
64 383 36878 4160031777
64 384 36878 4160031777
64 385 36878 4160031777
64 386 36878 4160031777
64 387 36878 4160031777
64 388 36878 4160031777
64 389 36878 4160031777
64 390 36878 4160031777
64 391 36878 4160031777
64 392 36878 4160031777
64 393 36878 4160031777
64 394 36878 4160031777
64 395 36878 4160031777
64 396 36878 4160031777
64 397 36878 4160031777
64 398 36878 4160031777
64 399 36878 4160031777
64 400 36878 4160031777
64 401 36878 4160031777
64 402 36878 4160031777
64 403 36878 4160031777
64 404 36878 4160031777
64 405 36878 4160031777
64 406 36878 4160031777
64 407 36878 4160031777
64 408 36878 4160031777
64 409 36878 4160031777
64 410 36878 4160031777
64 411 36878 4160031777
64 412 36878 4160031777
64 413 36878 4160031777
64 414 36878 4160031777
64 415 36878 4160031777
64 416 36878 4160031777
64 417 36878 4160031777
64 418 36878 4160031777
64 419 36878 4160031777
64 420 36878 4160031777
64 421 36878 4160031777
64 422 36878 4160031777
64 423 36878 4160031777
64 424 36878 4160031777
64 425 36878 4160031777
64 426 36878 4160031777
64 427 36878 4160031777
64 428 36878 4160031777
64 429 36878 4160031777
64 430 36878 4160031777
64 431 36878 4160031777
64 432 36878 4160031777
64 433 36878 4160031777
64 434 36878 4160031777
64 435 36878 4160031777
64 436 36878 4160031777
64 437 36878 4160031777
64 438 36878 4160031777
64 439 36878 4160031777
64 440 36878 4160031777
64 441 36878 4160031777
64 442 36878 4160031777
64 443 36878 4160031777
64 444 36878 4160031777
64 445 36878 4160031777
64 446 36878 4160031777
64 447 36878 4160031777
64 448 36878 4160031777
64 449 36878 4160031777
64 450 36878 4160031777
64 451 36878 4160031777
64 452 36878 4160031777
64 453 36878 4160031777
64 454 36878 4160031777
64 455 36878 4160031777
64 456 36878 4160031777
64 457 36878 4160031777
64 458 36878 4160031777
64 459 36878 4160031777
64 460 36878 4160031777
64 461 36878 4160031777
64 462 36878 4160031777
64 463 36878 4160031777
64 464 36878 4160031777
64 465 36878 4160031777
64 466 36878 4160031777
64 467 36878 4160031777
64 468 36878 4160031777
64 469 36878 4160031777
64 470 36878 4160031777
64 471 36878 4160031777
64 472 36878 4160031777
64 473 36878 4160031777
64 474 36878 4160031777
64 475 36878 4160031777
64 476 36878 4160031777
64 477 36878 4160031777
64 478 36878 4160031777
64 479 36878 4160031777
64 480 36878 4160031777
64 481 36878 4160031777
64 482 36878 4160031777
64 483 36878 4160031777
64 484 36878 4160031777
64 485 36878 4160031777
64 486 36878 4160031777
64 487 36878 4160031777
64 488 36878 4160031777
64 489 36878 4160031777
64 490 36878 4160031777
64 491 36878 4160031777
64 492 36878 4160031777
64 493 36878 4160031777
64 494 36878 4160031777
64 495 36878 4160031777
64 496 36878 4160031777
64 497 36878 4160031777
64 498 36878 4160031777
64 499 36878 4160031777
64 500 36878 4160031777
64 501 36878 4160031777
64 502 36878 4160031777
64 503 36878 4160031777
64 504 36878 4160031777
64 505 36878 4160031777
64 506 36878 4160031777
64 507 36878 4160031777
64 508 36878 4160031777
64 509 36878 4160031777
64 510 36878 4160031777
64 511 36878 4160031777
64 512 36878 4160031777
64 513 36878 4160031777
64 514 36878 4160031777
64 515 36878 4160031777
64 516 36878 4160031777
64 517 36878 4160031777
64 518 36878 4160031777
64 519 36878 4160031777
64 520 36878 4160031777
64 521 36878 4160031777
64 522 36878 4160031777
64 523 36878 4160031777
64 524 36878 4160031777
64 525 36878 4160031777
64 526 36878 4160031777
64 527 36878 4160031777
64 528 36878 4160031777
64 529 36878 4160031777
64 530 36878 4160031777
64 531 36878 4160031777
64 532 36878 4160031777
64 533 36878 4160031777
64 534 36878 4160031777
64 535 36878 4160031777
64 536 36878 4160031777
64 537 36878 4160031777
64 538 36877 4160031777
64 539 36878 4160031777
64 540 36878 4160031777
64 541 36878 4160031777
64 542 36878 4160031777
64 543 36877 4160031777
64 544 36878 4160031777
64 545 36878 4160031777
64 546 36878 4160031777
64 547 36878 4160031777
64 548 36878 4160031777
64 549 36878 4160031777
64 550 36878 4160031777
64 551 36878 4160031777
64 552 36878 4160031777
64 553 36878 4160031777
64 554 36878 4160031777
64 555 36878 4160031777
64 556 36878 4160031777
64 557 36878 4160031777
64 558 36878 4160031777
64 559 36878 4160031777
64 560 36878 4160031777
64 561 36878 4160031777
64 562 36878 4160031777
64 563 36878 4160031777
64 564 36878 4160031777
64 565 36878 4160031777
64 566 36878 4160031777
64 567 36878 4160031777
64 568 36878 4160031777
64 569 36878 4160031777
64 570 36878 4160031777
64 571 36878 4160031777
64 572 36878 4160031777
64 573 36878 4160031777
64 574 36878 4160031777
64 575 36878 4160031777
64 576 36878 4160031777
64 577 36878 4160031777
64 578 36878 4160031777
64 579 36878 4160031777
64 580 36878 4160031777
64 581 36878 4160031777
64 582 36878 4160031777
64 583 36878 4160031777
64 584 36878 4160031777
64 585 36878 4160031777
64 586 36878 4160031777
64 587 36878 4160031777
64 588 36878 4160031777
64 589 36878 4160031777
64 590 36878 4160031777
64 591 36878 4160031777
64 592 36878 4160031777
64 593 36878 4160031777
64 594 36878 4160031777
64 595 36878 4160031777
64 596 36878 4160031777
64 597 36878 4160031777
64 598 36878 4160031777
64 599 36878 4160031777
64 600 36878 4160031777
64 601 36878 4160031777
64 602 36878 4160031777
64 603 36878 4160031777
64 604 36878 4160031777
64 605 36878 4160031777
64 606 36878 4160031777
64 607 36878 4160031777
64 608 36878 4160031777
64 609 36878 4160031777
64 610 36878 4160031777
64 611 36878 4160031777
64 612 36878 4160031777
64 613 36878 4160031777
64 614 36878 4160031777
64 615 36878 4160031777
64 616 36878 4160031777
64 617 36878 4160031777
64 618 36878 4160031777
64 619 36878 4160031777
64 620 36878 4160031777
64 621 36878 4160031777
64 622 36878 4160031777
64 623 36878 4160031777
64 624 36878 4160031777
64 625 36878 4160031777
64 626 36878 4160031777
64 627 36878 4160031777
64 628 36878 4160031777
64 629 36878 4160031777
64 630 36878 4160031777
64 631 36878 4160031777
64 632 36878 4160031777
64 633 36878 4160031777
64 634 36878 4160031777
64 635 36878 4160031777
64 636 36878 4160031777
64 637 36878 4160031777
64 638 36878 4160031777
64 639 36878 4160031777
64 640 36878 4160031777
64 641 36878 4160031777
64 642 36878 4160031777
64 643 36878 4160031777
64 644 36878 4160031777
64 645 36878 4160031777
64 646 36878 4160031777
64 647 36878 4160031777
64 648 36878 4160031777
64 649 36878 4160031777
64 650 36878 4160031777
64 651 36878 4160031777
64 652 36878 4160031777
64 653 36878 4160031777
64 654 36878 4160031777
64 655 36878 4160031777
64 656 36878 4160031777
64 657 36878 4160031777
64 658 36878 4160031777
64 659 36878 4160031777
64 660 36878 4160031777
64 661 36878 4160031777
64 662 36878 4160031777
64 663 36878 4160031777
64 664 36878 4160031777
64 665 36878 4160031777
64 666 36878 4160031777
64 667 36878 4160031777
64 668 36878 4160031777
64 669 36878 4160031777
64 670 36878 4160031777
64 671 36878 4160031777
64 672 36878 4160031777
64 673 36878 4160031777
64 674 36878 4160031777
64 675 36878 4160031777
64 676 36878 4160031777
64 677 36878 4160031777
64 678 36878 4160031777
64 679 36878 4160031777
64 680 36878 4160031777
64 681 36878 4160031777
64 682 36878 4160031777
64 683 36878 4160031777
64 684 36878 4160031777
64 685 36878 4160031777
64 686 36878 4160031777
64 687 36878 4160031777
64 688 36878 4160031777
64 689 36878 4160031777
64 690 36878 4160031777
64 691 36878 4160031777
64 692 36878 4160031777
64 693 36878 4160031777
64 694 36878 4160031777
64 695 36878 4160031777
64 696 36878 4160031777
64 697 36878 4160031777
64 698 36878 4160031777
64 699 36878 4160031777
64 700 36878 4160031777
64 701 36878 4160031777
64 702 36878 4160031777
64 703 36878 4160031777
64 704 36878 4160031777
64 705 36878 4160031777
64 706 36878 4160031777
64 707 36878 4160031777
64 708 36878 4160031777
64 709 36878 4160031777
64 710 36878 4160031777
64 711 36878 4160031777
64 712 36878 4160031777
64 713 36878 4160031777
64 714 36878 4160031777
64 715 36878 4160031777
64 716 36878 4160031777
64 717 36878 4160031777
64 718 36878 4160031777
64 719 36878 4160031777
64 720 36878 4160031777
64 721 36878 4160031777
64 722 36878 4160031777
64 723 36878 4160031777
64 724 36878 4160031777
64 725 36878 4160031777
64 726 36878 4160031777
64 727 36878 4160031777
64 728 36878 4160031777
64 729 36878 4160031777
64 730 36878 4160031777
64 731 36878 4160031777
64 732 36878 4160031777
64 733 36878 4160031777
64 734 36878 4160031777
64 735 36878 4160031777
64 736 36878 4160031777
64 737 36878 4160031777
64 738 36878 4160031777
64 739 36878 4160031777
64 740 36878 4160031777
64 741 36878 4160031777
64 742 36878 4160031777
64 743 36878 4160031777
64 744 36878 4160031777
64 745 36878 4160031777
64 746 36878 4160031777
64 747 36878 4160031777
64 748 36878 4160031777
64 749 36878 4160031777
64 750 36878 4160031777
64 751 36878 4160031777
64 752 36878 4160031777
64 753 36878 4160031777
64 754 36878 4160031777
64 755 36878 4160031777
64 756 36878 4160031777
64 757 36878 4160031777
64 758 36878 4160031777
64 759 36878 4160031777
64 760 36878 4160031777
64 761 36878 4160031777
64 762 36878 4160031777
64 763 36878 4160031777
64 764 36878 4160031777
64 765 36878 4160031777
64 766 36878 4160031777
64 767 36878 4160031777
64 768 36878 4160031777
64 769 36878 4160031777
64 770 36878 4160031777
64 771 36878 4160031777
64 772 36878 4160031777
64 773 36878 4160031777
64 774 36878 4160031777
64 775 36878 4160031777
64 776 36878 4160031777
64 777 36878 4160031777
64 778 36878 4160031777
64 779 36878 4160031777
64 780 36878 4160031777
64 781 36878 4160031777
64 782 36878 4160031777
64 783 36878 4160031777
64 784 36878 4160031777
64 785 36878 4160031777
64 786 36877 4160031777
64 787 36878 4160031777
64 788 36878 4160031777
64 789 36878 4160031777
64 790 36878 4160031777
64 791 36878 4160031777
64 792 36878 4160031777
64 793 36878 4160031777
64 794 36878 4160031777
64 795 36878 4160031777
64 796 36878 4160031777
64 797 36878 4160031777
64 798 36878 4160031777
64 799 36878 4160031777
64 800 36878 4160031777
64 801 36878 4160031777
64 802 36878 4160031777
64 803 36878 4160031777
64 804 36878 4160031777
64 805 36878 4160031777
64 806 36878 4160031777
64 807 36878 4160031777
64 808 36878 4160031777
64 809 36877 4160031777
64 810 36878 4160031777
64 811 36878 4160031777
64 812 36878 4160031777
64 813 36878 4160031777
64 814 36878 4160031777
64 815 36878 4160031777
64 816 36878 4160031777
64 817 36878 4160031777
64 818 36878 4160031777
64 819 36878 4160031777
64 820 36878 4160031777
64 821 36878 4160031777
64 822 36878 4160031777
64 823 36878 4160031777
64 824 36878 4160031777
64 825 36878 4160031777
64 826 36878 4160031777
64 827 36878 4160031777
64 828 36878 4160031777
64 829 36878 4160031777
64 830 36878 4160031777
64 831 36878 4160031777
64 832 36878 4160031777
64 833 36878 4160031777
64 834 36878 4160031777
64 835 36878 4160031777
64 836 36878 4160031777
64 837 36878 4160031777
64 838 36878 4160031777
64 839 36878 4160031777
64 840 36878 4160031777
64 841 36878 4160031777
64 842 36878 4160031777
64 843 36878 4160031777
64 844 36878 4160031777
64 845 36878 4160031777
64 846 36878 4160031777
64 847 36878 4160031777
64 848 36878 4160031777
64 849 36882 4160031777
64 850 36878 4160031777
64 851 36878 4160031777
64 852 36878 4160031777
64 853 36878 4160031777
64 854 36878 4160031777
64 855 36878 4160031777
64 856 36878 4160031777
64 857 36878 4160031777
64 858 36878 4160031777
64 859 36878 4160031777
64 860 36878 4160031777
64 861 36878 4160031777
64 862 36878 4160031777
64 863 36878 4160031777
64 864 36878 4160031777
64 865 36878 4160031777
64 866 36878 4160031777
64 867 36878 4160031777
64 868 36878 4160031777
64 869 36878 4160031777
64 870 36878 4160031777
64 871 36878 4160031777
64 872 36878 4160031777
64 873 36878 4160031777
64 874 36878 4160031777
64 875 36878 4160031777
64 876 36878 4160031777
64 877 36878 4160031777
64 878 36878 4160031777
64 879 36878 4160031777
64 880 36878 4160031777
64 881 36882 4160031777
64 882 36878 4160031777
64 883 36878 4160031777
64 884 36878 4160031777
64 885 36878 4160031777
64 886 36878 4160031777
64 887 36877 4160031777
64 888 36878 4160031777
64 889 36878 4160031777
64 890 36878 4160031777
64 891 36878 4160031777
64 892 36878 4160031777
64 893 36878 4160031777
64 894 36878 4160031777
64 895 36878 4160031777
64 896 36878 4160031777
64 897 36878 4160031777
64 898 36878 4160031777
64 899 36878 4160031777
64 900 36878 4160031777
64 901 36878 4160031777
64 902 36878 4160031777
64 903 36878 4160031777
64 904 36878 4160031777
64 905 36878 4160031777
64 906 36878 4160031777
64 907 36878 4160031777
64 908 36878 4160031777
64 909 36878 4160031777
64 910 36878 4160031777
64 911 36878 4160031777
64 912 36878 4160031777
64 913 36882 4160031777
64 914 36878 4160031777
64 915 36878 4160031777
64 916 36878 4160031777
64 917 36878 4160031777
64 918 36878 4160031777
64 919 36878 4160031777
64 920 36878 4160031777
64 921 36878 4160031777
64 922 36878 4160031777
64 923 36878 4160031777
64 924 36878 4160031777
64 925 36878 4160031777
64 926 36878 4160031777
64 927 36878 4160031777
64 928 36878 4160031777
64 929 36878 4160031777
64 930 36878 4160031777
64 931 36878 4160031777
64 932 36878 4160031777
64 933 36878 4160031777
64 934 36878 4160031777
64 935 36878 4160031777
64 936 36878 4160031777
64 937 36877 4160031777
64 938 36878 4160031777
64 939 36878 4160031777
64 940 36878 4160031777
64 941 36878 4160031777
64 942 36878 4160031777
64 943 36878 4160031777
64 944 36878 4160031777
64 945 36882 4160031777
64 946 36878 4160031777
64 947 36878 4160031777
64 948 36878 4160031777
64 949 36878 4160031777
64 950 36878 4160031777
64 951 36878 4160031777
64 952 36878 4160031777
64 953 36878 4160031777
64 954 36878 4160031777
64 955 36878 4160031777
64 956 36878 4160031777
64 957 36878 4160031777
64 958 36878 4160031777
64 959 36878 4160031777
64 960 36878 4160031777
64 961 36878 4160031777
64 962 36878 4160031777
64 963 36878 4160031777
64 964 36878 4160031777
64 965 36878 4160031777
64 966 36878 4160031777
64 967 36878 4160031777
64 968 36878 4160031777
64 969 36878 4160031777
64 970 36878 4160031777
64 971 36878 4160031777
64 972 36878 4160031777
64 973 36878 4160031777
64 974 36878 4160031777
64 975 36878 4160031777
64 976 36878 4160031777
64 977 36882 4160031777
64 978 36878 4160031777
64 979 36878 4160031777
64 980 36878 4160031777
64 981 36878 4160031777
64 982 36878 4160031777
64 983 36878 4160031777
64 984 36878 4160031777
64 985 36878 4160031777
64 986 36878 4160031777
64 987 36878 4160031777
64 988 36877 4160031777
64 989 36878 4160031777
64 990 36878 4160031777
64 991 36878 4160031777
64 992 36878 4160031777
64 993 36878 4160031777
64 994 36878 4160031777
64 995 36878 4160031777
64 996 36878 4160031777
64 997 36878 4160031777
64 998 36878 4160031777
64 999 36878 4160031777
