2 0 8 261
2 1 8 261
2 2 8 261
2 3 8 261
2 4 8 261
2 5 8 261
2 6 8 261
2 7 8 261
2 8 8 261
2 9 8 261
2 10 8 261
2 11 8 261
2 12 8 261
2 13 8 261
2 14 8 261
2 15 8 261
2 16 8 261
2 17 8 261
2 18 8 261
2 19 8 261
2 20 8 261
2 21 8 261
2 22 8 261
2 23 8 261
2 24 8 261
2 25 8 261
2 26 8 261
2 27 8 261
2 28 8 261
2 29 8 261
2 30 8 261
2 31 8 261
2 32 8 261
2 33 8 261
2 34 8 261
2 35 8 261
2 36 8 261
2 37 8 261
2 38 8 261
2 39 8 261
2 40 8 261
2 41 8 261
2 42 8 261
2 43 8 261
2 44 8 261
2 45 8 261
2 46 8 261
2 47 8 261
2 48 8 261
2 49 8 261
2 50 8 261
2 51 8 261
2 52 8 261
2 53 8 261
2 54 8 261
2 55 8 261
2 56 8 261
2 57 8 261
2 58 8 261
2 59 8 261
2 60 8 261
2 61 8 261
2 62 8 261
2 63 8 261
2 64 8 261
2 65 8 261
2 66 8 261
2 67 8 261
2 68 8 261
2 69 8 261
2 70 8 261
2 71 8 261
2 72 8 261
2 73 8 261
2 74 8 261
2 75 8 261
2 76 8 261
2 77 8 261
2 78 8 261
2 79 8 261
2 80 8 261
2 81 8 261
2 82 8 261
2 83 8 261
2 84 8 261
2 85 8 261
2 86 8 261
2 87 8 261
2 88 8 261
2 89 8 261
2 90 8 261
2 91 8 261
2 92 8 261
2 93 8 261
2 94 8 261
2 95 8 261
2 96 8 261
2 97 8 261
2 98 8 261
2 99 8 261
2 100 8 261
2 101 8 261
2 102 8 261
2 103 8 261
2 104 8 261
2 105 8 261
2 106 8 261
2 107 8 261
2 108 8 261
2 109 8 261
2 110 8 261
2 111 8 261
2 112 8 261
2 113 8 261
2 114 8 261
2 115 8 261
2 116 8 261
2 117 8 261
2 118 8 261
2 119 8 261
2 120 8 261
2 121 8 261
2 122 8 261
2 123 8 261
2 124 8 261
2 125 8 261
2 126 8 261
2 127 8 261
2 128 8 261
2 129 8 261
2 130 8 261
2 131 8 261
2 132 8 261
2 133 8 261
2 134 8 261
2 135 8 261
2 136 8 261
2 137 8 261
2 138 8 261
2 139 8 261
2 140 8 261
2 141 8 261
2 142 8 261
2 143 8 261
2 144 8 261
2 145 8 261
2 146 8 261
2 147 8 261
2 148 8 261
2 149 8 261
2 150 8 261
2 151 8 261
2 152 8 261
2 153 8 261
2 154 8 261
2 155 8 261
2 156 8 261
2 157 8 261
2 158 8 261
2 159 8 261
2 160 8 261
2 161 8 261
2 162 8 261
2 163 8 261
2 164 8 261
2 165 8 261
2 166 8 261
2 167 8 261
2 168 8 261
2 169 8 261
2 170 8 261
2 171 8 261
2 172 8 261
2 173 8 261
2 174 8 261
2 175 8 261
2 176 8 261
2 177 8 261
2 178 8 261
2 179 8 261
2 180 8 261
2 181 8 261
2 182 8 261
2 183 8 261
2 184 8 261
2 185 8 261
2 186 8 261
2 187 8 261
2 188 8 261
2 189 8 261
2 190 8 261
2 191 8 261
2 192 8 261
2 193 8 261
2 194 8 261
2 195 8 261
2 196 8 261
2 197 8 261
2 198 8 261
2 199 8 261
2 200 8 261
2 201 8 261
2 202 8 261
2 203 8 261
2 204 8 261
2 205 8 261
2 206 8 261
2 207 8 261
2 208 8 261
2 209 8 261
2 210 8 261
2 211 8 261
2 212 8 261
2 213 8 261
2 214 8 261
2 215 8 261
2 216 8 261
2 217 8 261
2 218 8 261
2 219 8 261
2 220 8 261
2 221 8 261
2 222 8 261
2 223 8 261
2 224 8 261
2 225 8 261
2 226 8 261
2 227 8 261
2 228 8 261
2 229 8 261
2 230 8 261
2 231 8 261
2 232 8 261
2 233 8 261
2 234 8 261
2 235 8 261
2 236 8 261
2 237 8 261
2 238 8 261
2 239 8 261
2 240 8 261
2 241 8 261
2 242 8 261
2 243 8 261
2 244 8 261
2 245 8 261
2 246 8 261
2 247 8 261
2 248 8 261
2 249 8 261
2 250 8 261
2 251 8 261
2 252 8 261
2 253 8 261
2 254 8 261
2 255 8 261
2 256 8 261
2 257 8 261
2 258 8 261
2 259 8 261
2 260 8 261
2 261 8 261
2 262 8 261
2 263 8 261
2 264 8 261
2 265 8 261
2 266 8 261
2 267 8 261
2 268 8 261
2 269 8 261
2 270 8 261
2 271 8 261
2 272 8 261
2 273 8 261
2 274 8 261
2 275 8 261
2 276 8 261
2 277 8 261
2 278 8 261
2 279 8 261
2 280 8 261
2 281 8 261
2 282 8 261
2 283 8 261
2 284 8 261
2 285 8 261
2 286 8 261
2 287 8 261
2 288 8 261
2 289 8 261
2 290 8 261
2 291 8 261
2 292 8 261
2 293 8 261
2 294 8 261
2 295 8 261
2 296 8 261
2 297 8 261
2 298 8 261
2 299 8 261
2 300 8 261
2 301 8 261
2 302 8 261
2 303 8 261
2 304 8 261
2 305 8 261
2 306 8 261
2 307 8 261
2 308 8 261
2 309 8 261
2 310 8 261
2 311 8 261
2 312 8 261
2 313 8 261
2 314 8 261
2 315 8 261
2 316 8 261
2 317 8 261
2 318 8 261
2 319 8 261
2 320 8 261
2 321 8 261
2 322 8 261
2 323 8 261
2 324 8 261
2 325 8 261
2 326 8 261
2 327 8 261
2 328 8 261
2 329 8 261
2 330 8 261
2 331 8 261
2 332 8 261
2 333 8 261
2 334 8 261
2 335 8 261
2 336 8 261
2 337 8 261
2 338 8 261
2 339 8 261
2 340 8 261
2 341 8 261
2 342 8 261
2 343 8 261
2 344 8 261
2 345 8 261
2 346 8 261
2 347 8 261
2 348 8 261
2 349 8 261
2 350 8 261
2 351 8 261
2 352 8 261
2 353 8 261
2 354 8 261
2 355 8 261
2 356 8 261
2 357 8 261
2 358 8 261
2 359 8 261
2 360 8 261
2 361 8 261
2 362 8 261
2 363 8 261
2 364 8 261
2 365 8 261
2 366 8 261
2 367 8 261
2 368 8 261
2 369 8 261
2 370 8 261
2 371 8 261
2 372 8 261
2 373 8 261
2 374 8 261
2 375 8 261
2 376 8 261
2 377 8 261
2 378 8 261
2 379 8 261
2 380 8 261
2 381 8 261
2 382 8 261
2 383 8 261
2 384 8 261
2 385 8 261
2 386 8 261
2 387 8 261
2 388 8 261
2 389 8 261
2 390 8 261
2 391 8 261
2 392 8 261
2 393 8 261
2 394 8 261
2 395 8 261
2 396 8 261
2 397 8 261
2 398 8 261
2 399 8 261
2 400 8 261
2 401 8 261
2 402 8 261
2 403 8 261
2 404 8 261
2 405 8 261
2 406 8 261
2 407 8 261
2 408 8 261
2 409 8 261
2 410 8 261
2 411 8 261
2 412 8 261
2 413 8 261
2 414 8 261
2 415 8 261
2 416 8 261
2 417 8 261
2 418 8 261
2 419 8 261
2 420 8 261
2 421 8 261
2 422 8 261
2 423 8 261
2 424 8 261
2 425 8 261
2 426 8 261
2 427 8 261
2 428 8 261
2 429 8 261
2 430 8 261
2 431 8 261
2 432 8 261
2 433 8 261
2 434 8 261
2 435 8 261
2 436 8 261
2 437 8 261
2 438 8 261
2 439 8 261
2 440 8 261
2 441 8 261
2 442 8 261
2 443 8 261
2 444 8 261
2 445 8 261
2 446 8 261
2 447 8 261
2 448 8 261
2 449 8 261
2 450 8 261
2 451 8 261
2 452 8 261
2 453 8 261
2 454 8 261
2 455 8 261
2 456 8 261
2 457 8 261
2 458 8 261
2 459 8 261
2 460 8 261
2 461 8 261
2 462 8 261
2 463 8 261
2 464 8 261
2 465 8 261
2 466 8 261
2 467 8 261
2 468 8 261
2 469 8 261
2 470 8 261
2 471 8 261
2 472 8 261
2 473 8 261
2 474 8 261
2 475 8 261
2 476 8 261
2 477 8 261
2 478 8 261
2 479 8 261
2 480 8 261
2 481 8 261
2 482 8 261
2 483 8 261
2 484 8 261
2 485 8 261
2 486 8 261
2 487 8 261
2 488 8 261
2 489 8 261
2 490 8 261
2 491 8 261
2 492 8 261
2 493 8 261
2 494 8 261
2 495 8 261
2 496 8 261
2 497 8 261
2 498 8 261
2 499 8 261
2 500 8 261
2 501 8 261
2 502 8 261
2 503 8 261
2 504 8 261
2 505 8 261
2 506 8 261
2 507 8 261
2 508 8 261
2 509 8 261
2 510 8 261
2 511 8 261
2 512 8 261
2 513 8 261
2 514 8 261
2 515 8 261
2 516 8 261
2 517 8 261
2 518 8 261
2 519 8 261
2 520 8 261
2 521 8 261
2 522 8 261
2 523 8 261
2 524 8 261
2 525 8 261
2 526 8 261
2 527 8 261
2 528 8 261
2 529 8 261
2 530 8 261
2 531 8 261
2 532 8 261
2 533 8 261
2 534 8 261
2 535 8 261
2 536 8 261
2 537 8 261
2 538 8 261
2 539 8 261
2 540 8 261
2 541 8 261
2 542 8 261
2 543 8 261
2 544 8 261
2 545 8 261
2 546 8 261
2 547 8 261
2 548 8 261
2 549 8 261
2 550 8 261
2 551 8 261
2 552 8 261
2 553 8 261
2 554 8 261
2 555 8 261
2 556 8 261
2 557 8 261
2 558 8 261
2 559 8 261
2 560 8 261
2 561 8 261
2 562 8 261
2 563 8 261
2 564 8 261
2 565 8 261
2 566 8 261
2 567 8 261
2 568 8 261
2 569 8 261
2 570 8 261
2 571 8 261
2 572 8 261
2 573 8 261
2 574 8 261
2 575 8 261
2 576 8 261
2 577 8 261
2 578 8 261
2 579 8 261
2 580 8 261
2 581 8 261
2 582 8 261
2 583 8 261
2 584 8 261
2 585 8 261
2 586 8 261
2 587 8 261
2 588 8 261
2 589 8 261
2 590 8 261
2 591 8 261
2 592 8 261
2 593 8 261
2 594 8 261
2 595 8 261
2 596 8 261
2 597 8 261
2 598 8 261
2 599 8 261
2 600 8 261
2 601 8 261
2 602 8 261
2 603 8 261
2 604 8 261
2 605 8 261
2 606 8 261
2 607 8 261
2 608 8 261
2 609 8 261
2 610 8 261
2 611 8 261
2 612 8 261
2 613 8 261
2 614 8 261
2 615 8 261
2 616 8 261
2 617 8 261
2 618 8 261
2 619 8 261
2 620 8 261
2 621 8 261
2 622 8 261
2 623 8 261
2 624 8 261
2 625 8 261
2 626 8 261
2 627 8 261
2 628 8 261
2 629 8 261
2 630 8 261
2 631 8 261
2 632 8 261
2 633 8 261
2 634 8 261
2 635 8 261
2 636 8 261
2 637 8 261
2 638 8 261
2 639 8 261
2 640 8 261
2 641 8 261
2 642 8 261
2 643 8 261
2 644 8 261
2 645 8 261
2 646 8 261
2 647 8 261
2 648 8 261
2 649 8 261
2 650 8 261
2 651 8 261
2 652 8 261
2 653 8 261
2 654 8 261
2 655 8 261
2 656 8 261
2 657 8 261
2 658 8 261
2 659 8 261
2 660 8 261
2 661 8 261
2 662 8 261
2 663 8 261
2 664 8 261
2 665 8 261
2 666 8 261
2 667 8 261
2 668 8 261
2 669 8 261
2 670 8 261
2 671 8 261
2 672 8 261
2 673 8 261
2 674 8 261
2 675 8 261
2 676 8 261
2 677 8 261
2 678 8 261
2 679 8 261
2 680 8 261
2 681 8 261
2 682 8 261
2 683 8 261
2 684 8 261
2 685 8 261
2 686 8 261
2 687 8 261
2 688 8 261
2 689 8 261
2 690 8 261
2 691 8 261
2 692 8 261
2 693 8 261
2 694 8 261
2 695 8 261
2 696 8 261
2 697 8 261
2 698 8 261
2 699 8 261
2 700 8 261
2 701 8 261
2 702 8 261
2 703 8 261
2 704 8 261
2 705 8 261
2 706 8 261
2 707 8 261
2 708 8 261
2 709 8 261
2 710 8 261
2 711 8 261
2 712 8 261
2 713 8 261
2 714 8 261
2 715 8 261
2 716 8 261
2 717 8 261
2 718 8 261
2 719 8 261
2 720 8 261
2 721 8 261
2 722 8 261
2 723 8 261
2 724 8 261
2 725 8 261
2 726 8 261
2 727 8 261
2 728 8 261
2 729 8 261
2 730 8 261
2 731 8 261
2 732 8 261
2 733 8 261
2 734 8 261
2 735 8 261
2 736 8 261
2 737 8 261
2 738 8 261
2 739 8 261
2 740 8 261
2 741 8 261
2 742 8 261
2 743 8 261
2 744 8 261
2 745 8 261
2 746 8 261
2 747 8 261
2 748 8 261
2 749 8 261
2 750 8 261
2 751 8 261
2 752 8 261
2 753 8 261
2 754 8 261
2 755 8 261
2 756 8 261
2 757 8 261
2 758 8 261
2 759 8 261
2 760 8 261
2 761 8 261
2 762 8 261
2 763 8 261
2 764 8 261
2 765 8 261
2 766 8 261
2 767 8 261
2 768 8 261
2 769 8 261
2 770 8 261
2 771 8 261
2 772 8 261
2 773 8 261
2 774 8 261
2 775 8 261
2 776 8 261
2 777 8 261
2 778 8 261
2 779 8 261
2 780 8 261
2 781 8 261
2 782 8 261
2 783 8 261
2 784 8 261
2 785 8 261
2 786 8 261
2 787 8 261
2 788 8 261
2 789 8 261
2 790 8 261
2 791 8 261
2 792 8 261
2 793 8 261
2 794 8 261
2 795 8 261
2 796 8 261
2 797 8 261
2 798 8 261
2 799 8 261
2 800 8 261
2 801 8 261
2 802 8 261
2 803 8 261
2 804 8 261
2 805 8 261
2 806 8 261
2 807 8 261
2 808 8 261
2 809 8 261
2 810 8 261
2 811 8 261
2 812 8 261
2 813 8 261
2 814 8 261
2 815 8 261
2 816 8 261
2 817 8 261
2 818 8 261
2 819 8 261
2 820 8 261
2 821 8 261
2 822 8 261
2 823 8 261
2 824 8 261
2 825 8 261
2 826 8 261
2 827 8 261
2 828 8 261
2 829 8 261
2 830 8 261
2 831 8 261
2 832 8 261
2 833 8 261
2 834 8 261
2 835 8 261
2 836 8 261
2 837 8 261
2 838 8 261
2 839 8 261
2 840 8 261
2 841 8 261
2 842 8 261
2 843 8 261
2 844 8 261
2 845 8 261
2 846 8 261
2 847 8 261
2 848 8 261
2 849 8 261
2 850 8 261
2 851 8 261
2 852 8 261
2 853 8 261
2 854 8 261
2 855 8 261
2 856 8 261
2 857 8 261
2 858 8 261
2 859 8 261
2 860 8 261
2 861 8 261
2 862 8 261
2 863 8 261
2 864 8 261
2 865 8 261
2 866 8 261
2 867 8 261
2 868 8 261
2 869 8 261
2 870 8 261
2 871 8 261
2 872 8 261
2 873 8 261
2 874 8 261
2 875 8 261
2 876 8 261
2 877 8 261
2 878 8 261
2 879 8 261
2 880 8 261
2 881 8 261
2 882 8 261
2 883 8 261
2 884 8 261
2 885 8 261
2 886 8 261
2 887 8 261
2 888 8 261
2 889 8 261
2 890 8 261
2 891 8 261
2 892 8 261
2 893 8 261
2 894 8 261
2 895 8 261
2 896 8 261
2 897 8 261
2 898 8 261
2 899 8 261
2 900 8 261
2 901 8 261
2 902 8 261
2 903 8 261
2 904 8 261
2 905 8 261
2 906 8 261
2 907 8 261
2 908 8 261
2 909 8 261
2 910 8 261
2 911 8 261
2 912 8 261
2 913 8 261
2 914 8 261
2 915 8 261
2 916 8 261
2 917 8 261
2 918 8 261
2 919 8 261
2 920 8 261
2 921 8 261
2 922 8 261
2 923 8 261
2 924 8 261
2 925 8 261
2 926 8 261
2 927 8 261
2 928 8 261
2 929 8 261
2 930 8 261
2 931 8 261
2 932 8 261
2 933 8 261
2 934 8 261
2 935 8 261
2 936 8 261
2 937 8 261
2 938 8 261
2 939 8 261
2 940 8 261
2 941 8 261
2 942 8 261
2 943 8 261
2 944 8 261
2 945 8 261
2 946 8 261
2 947 8 261
2 948 8 261
2 949 8 261
2 950 8 261
2 951 8 261
2 952 8 261
2 953 8 261
2 954 8 261
2 955 8 261
2 956 8 261
2 957 8 261
2 958 8 261
2 959 8 261
2 960 8 261
2 961 8 261
2 962 8 261
2 963 8 261
2 964 8 261
2 965 8 261
2 966 8 261
2 967 8 261
2 968 8 261
2 969 8 261
2 970 8 261
2 971 8 261
2 972 8 261
2 973 8 261
2 974 8 261
2 975 8 261
2 976 8 261
2 977 8 261
2 978 8 261
2 979 8 261
2 980 8 261
2 981 8 261
2 982 8 261
2 983 8 261
2 984 8 261
2 985 8 261
2 986 8 261
2 987 8 261
2 988 8 261
2 989 8 261
2 990 8 261
2 991 8 261
2 992 8 261
2 993 8 261
2 994 8 261
2 995 8 261
2 996 8 261
2 997 8 261
2 998 8 261
2 999 8 261
