512 0 291252 3131637760
512 1 264695 3131637760
512 2 266140 3131637760
512 3 265834 3131637760
512 4 265766 3131637760
512 5 266179 3131637760
512 6 266747 3131637760
512 7 266749 3131637760
512 8 267332 3131637760
512 9 266241 3131637760
512 10 265692 3131637760
512 11 265388 3131637760
512 12 266253 3131637760
512 13 266535 3131637760
512 14 267091 3131637760
512 15 264396 3131637760
512 16 266554 3131637760
512 17 268805 3131637760
512 18 266269 3131637760
512 19 265681 3131637760
512 20 268629 3131637760
512 21 265046 3131637760
512 22 264369 3131637760
512 23 264658 3131637760
512 24 266062 3131637760
512 25 265450 3131637760
512 26 264322 3131637760
512 27 266111 3131637760
512 28 265562 3131637760
512 29 266141 3131637760
512 30 266225 3131637760
512 31 265568 3131637760
512 32 265417 3131637760
512 33 265226 3131637760
512 34 265435 3131637760
512 35 266283 3131637760
512 36 265028 3131637760
512 37 265322 3131637760
512 38 265733 3131637760
512 39 266795 3131637760
512 40 266157 3131637760
512 41 265560 3131637760
512 42 265645 3131637760
512 43 265245 3131637760
512 44 266476 3131637760
512 45 266106 3131637760
512 46 265457 3131637760
512 47 265709 3131637760
512 48 265246 3131637760
512 49 264606 3131637760
512 50 265956 3131637760
512 51 264996 3131637760
512 52 264970 3131637760
512 53 265990 3131637760
512 54 267261 3131637760
512 55 265072 3131637760
512 56 265303 3131637760
512 57 265751 3131637760
512 58 265131 3131637760
512 59 265828 3131637760
512 60 267410 3131637760
512 61 266869 3131637760
512 62 266135 3131637760
512 63 265904 3131637760
512 64 264073 3131637760
512 65 267178 3131637760
512 66 266569 3131637760
512 67 265045 3131637760
512 68 264607 3131637760
512 69 264804 3131637760
512 70 265630 3131637760
512 71 265481 3131637760
512 72 264802 3131637760
512 73 267084 3131637760
512 74 266736 3131637760
512 75 265246 3131637760
512 76 267856 3131637760
512 77 266959 3131637760
512 78 265965 3131637760
512 79 266420 3131637760
512 80 266562 3131637760
512 81 266695 3131637760
512 82 265385 3131637760
512 83 267073 3131637760
512 84 266493 3131637760
512 85 265950 3131637760
512 86 265542 3131637760
512 87 265875 3131637760
512 88 265968 3131637760
512 89 266355 3131637760
512 90 266627 3131637760
512 91 266338 3131637760
512 92 265231 3131637760
512 93 267700 3131637760
512 94 264684 3131637760
512 95 264523 3131637760
512 96 265414 3131637760
512 97 265785 3131637760
512 98 265833 3131637760
512 99 264208 3131637760
512 100 265057 3131637760
512 101 266594 3131637760
512 102 266673 3131637760
512 103 266619 3131637760
512 104 266192 3131637760
512 105 266373 3131637760
512 106 266581 3131637760
512 107 265660 3131637760
512 108 266558 3131637760
512 109 267067 3131637760
512 110 266047 3131637760
512 111 265111 3131637760
512 112 265378 3131637760
512 113 266685 3131637760
512 114 264246 3131637760
512 115 265765 3131637760
512 116 266293 3131637760
512 117 264845 3131637760
512 118 263509 3131637760
512 119 265047 3131637760
512 120 266211 3131637760
512 121 265975 3131637760
512 122 263112 3131637760
512 123 266338 3131637760
512 124 267393 3131637760
512 125 265691 3131637760
512 126 265442 3131637760
512 127 265976 3131637760
512 128 267211 3131637760
512 129 266563 3131637760
512 130 265800 3131637760
512 131 266091 3131637760
512 132 263763 3131637760
512 133 264654 3131637760
512 134 266504 3131637760
512 135 265340 3131637760
512 136 265869 3131637760
512 137 265886 3131637760
512 138 265371 3131637760
512 139 264515 3131637760
512 140 265856 3131637760
512 141 267792 3131637760
512 142 264841 3131637760
512 143 264723 3131637760
512 144 267224 3131637760
512 145 265994 3131637760
512 146 265655 3131637760
512 147 265789 3131637760
512 148 263744 3131637760
512 149 265882 3131637760
512 150 265581 3131637760
512 151 266649 3131637760
512 152 264419 3131637760
512 153 267562 3131637760
512 154 265439 3131637760
512 155 265814 3131637760
512 156 265556 3131637760
512 157 265108 3131637760
512 158 267135 3131637760
512 159 267107 3131637760
512 160 266094 3131637760
512 161 265708 3131637760
512 162 265390 3131637760
512 163 265648 3131637760
512 164 265117 3131637760
512 165 266786 3131637760
512 166 266130 3131637760
512 167 266625 3131637760
512 168 265255 3131637760
512 169 265180 3131637760
512 170 266188 3131637760
512 171 266022 3131637760
512 172 265222 3131637760
512 173 265249 3131637760
512 174 265723 3131637760
512 175 265505 3131637760
512 176 266110 3131637760
512 177 266937 3131637760
512 178 265258 3131637760
512 179 266226 3131637760
512 180 267097 3131637760
512 181 265700 3131637760
512 182 266269 3131637760
512 183 265321 3131637760
512 184 265558 3131637760
512 185 265049 3131637760
512 186 266153 3131637760
512 187 266344 3131637760
512 188 264738 3131637760
512 189 264558 3131637760
512 190 264922 3131637760
512 191 265714 3131637760
512 192 264966 3131637760
512 193 266782 3131637760
512 194 265981 3131637760
512 195 266706 3131637760
512 196 267527 3131637760
512 197 265871 3131637760
512 198 266119 3131637760
512 199 267326 3131637760
512 200 265222 3131637760
512 201 266259 3131637760
512 202 265826 3131637760
512 203 266133 3131637760
512 204 265598 3131637760
512 205 265715 3131637760
512 206 266794 3131637760
512 207 266161 3131637760
512 208 266618 3131637760
512 209 266086 3131637760
512 210 265260 3131637760
512 211 265764 3131637760
512 212 265186 3131637760
512 213 266249 3131637760
512 214 264231 3131637760
512 215 264989 3131637760
512 216 266571 3131637760
512 217 266153 3131637760
512 218 267263 3131637760
512 219 265955 3131637760
512 220 266029 3131637760
512 221 264813 3131637760
512 222 265690 3131637760
512 223 265785 3131637760
512 224 266184 3131637760
512 225 266760 3131637760
512 226 265482 3131637760
512 227 263653 3131637760
512 228 266979 3131637760
512 229 265439 3131637760
512 230 266498 3131637760
512 231 266875 3131637760
512 232 265251 3131637760
512 233 266137 3131637760
512 234 266392 3131637760
512 235 264863 3131637760
512 236 265655 3131637760
512 237 264460 3131637760
512 238 267366 3131637760
512 239 266342 3131637760
512 240 265822 3131637760
512 241 265059 3131637760
512 242 265973 3131637760
512 243 266148 3131637760
512 244 266596 3131637760
512 245 266392 3131637760
512 246 264561 3131637760
512 247 265683 3131637760
512 248 265006 3131637760
512 249 266698 3131637760
512 250 265977 3131637760
512 251 266151 3131637760
512 252 264532 3131637760
512 253 264929 3131637760
512 254 267155 3131637760
512 255 265115 3131637760
512 256 265470 3131637760
512 257 265424 3131637760
512 258 266701 3131637760
512 259 266349 3131637760
512 260 266592 3131637760
512 261 266859 3131637760
512 262 265344 3131637760
512 263 266595 3131637760
512 264 264339 3131637760
512 265 267362 3131637760
512 266 266526 3131637760
512 267 265326 3131637760
512 268 264707 3131637760
512 269 265495 3131637760
512 270 265145 3131637760
512 271 267010 3131637760
512 272 265710 3131637760
512 273 266487 3131637760
512 274 266386 3131637760
512 275 263191 3131637760
512 276 268126 3131637760
512 277 266230 3131637760
512 278 265628 3131637760
512 279 265197 3131637760
512 280 266423 3131637760
512 281 265802 3131637760
512 282 265073 3131637760
512 283 265181 3131637760
512 284 266187 3131637760
512 285 266444 3131637760
512 286 265658 3131637760
512 287 265647 3131637760
512 288 265262 3131637760
512 289 268083 3131637760
512 290 265291 3131637760
512 291 263980 3131637760
512 292 265333 3131637760
512 293 266196 3131637760
512 294 264992 3131637760
512 295 265044 3131637760
512 296 264023 3131637760
512 297 265159 3131637760
512 298 266940 3131637760
512 299 264563 3131637760
512 300 266178 3131637760
512 301 265041 3131637760
512 302 264023 3131637760
512 303 265410 3131637760
512 304 267461 3131637760
512 305 267093 3131637760
512 306 266041 3131637760
512 307 264564 3131637760
512 308 266486 3131637760
512 309 266631 3131637760
512 310 266283 3131637760
512 311 265981 3131637760
512 312 265108 3131637760
512 313 264568 3131637760
512 314 267475 3131637760
512 315 266730 3131637760
512 316 267601 3131637760
512 317 266893 3131637760
512 318 266549 3131637760
512 319 266449 3131637760
512 320 265288 3131637760
512 321 265406 3131637760
512 322 267932 3131637760
512 323 266463 3131637760
512 324 264995 3131637760
512 325 267230 3131637760
512 326 266211 3131637760
512 327 265986 3131637760
512 328 264746 3131637760
512 329 265096 3131637760
512 330 266034 3131637760
512 331 266007 3131637760
512 332 265949 3131637760
512 333 266577 3131637760
512 334 265657 3131637760
512 335 267620 3131637760
512 336 265467 3131637760
512 337 265562 3131637760
512 338 266816 3131637760
512 339 266942 3131637760
512 340 265216 3131637760
512 341 266917 3131637760
512 342 267289 3131637760
512 343 265701 3131637760
512 344 266731 3131637760
512 345 264880 3131637760
512 346 267595 3131637760
512 347 267484 3131637760
512 348 267479 3131637760
512 349 266340 3131637760
512 350 264317 3131637760
512 351 265815 3131637760
512 352 266280 3131637760
512 353 264919 3131637760
512 354 265221 3131637760
512 355 267473 3131637760
512 356 265864 3131637760
512 357 264848 3131637760
512 358 263962 3131637760
512 359 265435 3131637760
512 360 265253 3131637760
512 361 266052 3131637760
512 362 264377 3131637760
512 363 266278 3131637760
512 364 265916 3131637760
512 365 267128 3131637760
512 366 265662 3131637760
512 367 265698 3131637760
512 368 265734 3131637760
512 369 266743 3131637760
512 370 264500 3131637760
512 371 267540 3131637760
512 372 266402 3131637760
512 373 266798 3131637760
512 374 264861 3131637760
512 375 267721 3131637760
512 376 266179 3131637760
512 377 264792 3131637760
512 378 265242 3131637760
512 379 265237 3131637760
512 380 265638 3131637760
512 381 266072 3131637760
512 382 266311 3131637760
512 383 267038 3131637760
512 384 268353 3131637760
512 385 265006 3131637760
512 386 266725 3131637760
512 387 266278 3131637760
512 388 265703 3131637760
512 389 265941 3131637760
512 390 266077 3131637760
512 391 266869 3131637760
512 392 264879 3131637760
512 393 266212 3131637760
512 394 268737 3131637760
512 395 265547 3131637760
512 396 265225 3131637760
512 397 266787 3131637760
512 398 265865 3131637760
512 399 265182 3131637760
512 400 266586 3131637760
512 401 265031 3131637760
512 402 267017 3131637760
512 403 265993 3131637760
512 404 265019 3131637760
512 405 266122 3131637760
512 406 265532 3131637760
512 407 265486 3131637760
512 408 266114 3131637760
512 409 266395 3131637760
512 410 266434 3131637760
512 411 264787 3131637760
512 412 266313 3131637760
512 413 265498 3131637760
512 414 266000 3131637760
512 415 266914 3131637760
512 416 266439 3131637760
512 417 265974 3131637760
512 418 264655 3131637760
512 419 267002 3131637760
512 420 266719 3131637760
512 421 265309 3131637760
512 422 266944 3131637760
512 423 266030 3131637760
512 424 266568 3131637760
512 425 266232 3131637760
512 426 266164 3131637760
512 427 266886 3131637760
512 428 265999 3131637760
512 429 267072 3131637760
512 430 266968 3131637760
512 431 266121 3131637760
512 432 267271 3131637760
512 433 265750 3131637760
512 434 267083 3131637760
512 435 265080 3131637760
512 436 267121 3131637760
512 437 264934 3131637760
512 438 267214 3131637760
512 439 265423 3131637760
512 440 266222 3131637760
512 441 265398 3131637760
512 442 266102 3131637760
512 443 267211 3131637760
512 444 266314 3131637760
512 445 267807 3131637760
512 446 266038 3131637760
512 447 266134 3131637760
512 448 266744 3131637760
512 449 268556 3131637760
512 450 264497 3131637760
512 451 266099 3131637760
512 452 265016 3131637760
512 453 265361 3131637760
512 454 267202 3131637760
512 455 266529 3131637760
512 456 265113 3131637760
512 457 266471 3131637760
512 458 265723 3131637760
512 459 266280 3131637760
512 460 266286 3131637760
512 461 265842 3131637760
512 462 265911 3131637760
512 463 266301 3131637760
512 464 264235 3131637760
512 465 266793 3131637760
512 466 265370 3131637760
512 467 266203 3131637760
512 468 266583 3131637760
512 469 266174 3131637760
512 470 265499 3131637760
512 471 265852 3131637760
512 472 265637 3131637760
512 473 266096 3131637760
512 474 264937 3131637760
512 475 264696 3131637760
512 476 268110 3131637760
512 477 266642 3131637760
512 478 265447 3131637760
512 479 264673 3131637760
512 480 266691 3131637760
512 481 265404 3131637760
512 482 267245 3131637760
512 483 265915 3131637760
512 484 265968 3131637760
512 485 266653 3131637760
512 486 265019 3131637760
512 487 264703 3131637760
512 488 265063 3131637760
512 489 266181 3131637760
512 490 268286 3131637760
512 491 265956 3131637760
512 492 265256 3131637760
512 493 266531 3131637760
512 494 265910 3131637760
512 495 266792 3131637760
512 496 266244 3131637760
512 497 267751 3131637760
512 498 264919 3131637760
512 499 266285 3131637760
512 500 265495 3131637760
512 501 265351 3131637760
512 502 265601 3131637760
512 503 264801 3131637760
512 504 266175 3131637760
512 505 266055 3131637760
512 506 266282 3131637760
512 507 266925 3131637760
512 508 267981 3131637760
512 509 267263 3131637760
512 510 264794 3131637760
512 511 264941 3131637760
512 512 265866 3131637760
512 513 265547 3131637760
512 514 267022 3131637760
512 515 266177 3131637760
512 516 266186 3131637760
512 517 267574 3131637760
512 518 265040 3131637760
512 519 264765 3131637760
512 520 265753 3131637760
512 521 265111 3131637760
512 522 266426 3131637760
512 523 266544 3131637760
512 524 264551 3131637760
512 525 265765 3131637760
512 526 265952 3131637760
512 527 265175 3131637760
512 528 264498 3131637760
512 529 267375 3131637760
512 530 264896 3131637760
512 531 266034 3131637760
512 532 264393 3131637760
512 533 266120 3131637760
512 534 264037 3131637760
512 535 264046 3131637760
512 536 265711 3131637760
512 537 266587 3131637760
512 538 267010 3131637760
512 539 266075 3131637760
512 540 266359 3131637760
512 541 265804 3131637760
512 542 267265 3131637760
512 543 267376 3131637760
512 544 265106 3131637760
512 545 265174 3131637760
512 546 266375 3131637760
512 547 266129 3131637760
512 548 265565 3131637760
512 549 265905 3131637760
512 550 265295 3131637760
512 551 266065 3131637760
512 552 267403 3131637760
512 553 266319 3131637760
512 554 265960 3131637760
512 555 266007 3131637760
512 556 266034 3131637760
512 557 267168 3131637760
512 558 266205 3131637760
512 559 265109 3131637760
512 560 267050 3131637760
512 561 264963 3131637760
512 562 267606 3131637760
512 563 265517 3131637760
512 564 265884 3131637760
512 565 264949 3131637760
512 566 267666 3131637760
512 567 265086 3131637760
512 568 268063 3131637760
512 569 264597 3131637760
512 570 266298 3131637760
512 571 266714 3131637760
512 572 264936 3131637760
512 573 266213 3131637760
512 574 264278 3131637760
512 575 266899 3131637760
512 576 266011 3131637760
512 577 266390 3131637760
512 578 266412 3131637760
512 579 265883 3131637760
512 580 264530 3131637760
512 581 265554 3131637760
512 582 266241 3131637760
512 583 266282 3131637760
512 584 266448 3131637760
512 585 265075 3131637760
512 586 265743 3131637760
512 587 266458 3131637760
512 588 266151 3131637760
512 589 265085 3131637760
512 590 264984 3131637760
512 591 265015 3131637760
512 592 265904 3131637760
512 593 265854 3131637760
512 594 265425 3131637760
512 595 265688 3131637760
512 596 266998 3131637760
512 597 267234 3131637760
512 598 265946 3131637760
512 599 266020 3131637760
512 600 264117 3131637760
512 601 267285 3131637760
512 602 265608 3131637760
512 603 265395 3131637760
512 604 265302 3131637760
512 605 265846 3131637760
512 606 264763 3131637760
512 607 266231 3131637760
512 608 264585 3131637760
512 609 268483 3131637760
512 610 267106 3131637760
512 611 267051 3131637760
512 612 266761 3131637760
512 613 265262 3131637760
512 614 267029 3131637760
512 615 266310 3131637760
512 616 265751 3131637760
512 617 266083 3131637760
512 618 265691 3131637760
512 619 265186 3131637760
512 620 266579 3131637760
512 621 265509 3131637760
512 622 267166 3131637760
512 623 265050 3131637760
512 624 266343 3131637760
512 625 264725 3131637760
512 626 262750 3131637760
512 627 264675 3131637760
512 628 265826 3131637760
512 629 265936 3131637760
512 630 265320 3131637760
512 631 265984 3131637760
512 632 264475 3131637760
512 633 266290 3131637760
512 634 266078 3131637760
512 635 266619 3131637760
512 636 265915 3131637760
512 637 268497 3131637760
512 638 265841 3131637760
512 639 266636 3131637760
512 640 267542 3131637760
512 641 266335 3131637760
512 642 267322 3131637760
512 643 267785 3131637760
512 644 265586 3131637760
512 645 265860 3131637760
512 646 266558 3131637760
512 647 265032 3131637760
512 648 265271 3131637760
512 649 265465 3131637760
512 650 266032 3131637760
512 651 267926 3131637760
512 652 267213 3131637760
512 653 266644 3131637760
512 654 265047 3131637760
512 655 266240 3131637760
512 656 266489 3131637760
512 657 265693 3131637760
512 658 264678 3131637760
512 659 266815 3131637760
512 660 265100 3131637760
512 661 266755 3131637760
512 662 265932 3131637760
512 663 267100 3131637760
512 664 263922 3131637760
512 665 266563 3131637760
512 666 266117 3131637760
512 667 265048 3131637760
512 668 265472 3131637760
512 669 264236 3131637760
512 670 266609 3131637760
512 671 265611 3131637760
512 672 266423 3131637760
512 673 266212 3131637760
512 674 264690 3131637760
512 675 266390 3131637760
512 676 266453 3131637760
512 677 265982 3131637760
512 678 265218 3131637760
512 679 264261 3131637760
512 680 264090 3131637760
512 681 265869 3131637760
512 682 266949 3131637760
512 683 265445 3131637760
512 684 266643 3131637760
512 685 265198 3131637760
512 686 266555 3131637760
512 687 267377 3131637760
512 688 266136 3131637760
512 689 267558 3131637760
512 690 267289 3131637760
512 691 265721 3131637760
512 692 265420 3131637760
512 693 265094 3131637760
512 694 263776 3131637760
512 695 264776 3131637760
512 696 265039 3131637760
512 697 267150 3131637760
512 698 265641 3131637760
512 699 265998 3131637760
512 700 266512 3131637760
512 701 265740 3131637760
512 702 265415 3131637760
512 703 266904 3131637760
512 704 266908 3131637760
512 705 267490 3131637760
512 706 268762 3131637760
512 707 266510 3131637760
512 708 264960 3131637760
512 709 265791 3131637760
512 710 265055 3131637760
512 711 264619 3131637760
512 712 264561 3131637760
512 713 268359 3131637760
512 714 266392 3131637760
512 715 266173 3131637760
512 716 266356 3131637760
512 717 265214 3131637760
512 718 265119 3131637760
512 719 266479 3131637760
512 720 266296 3131637760
512 721 264622 3131637760
512 722 265744 3131637760
512 723 266457 3131637760
512 724 265486 3131637760
512 725 265685 3131637760
512 726 266521 3131637760
512 727 266933 3131637760
512 728 267177 3131637760
512 729 267122 3131637760
512 730 265520 3131637760
512 731 264926 3131637760
512 732 265424 3131637760
512 733 266184 3131637760
512 734 265305 3131637760
512 735 267884 3131637760
512 736 266558 3131637760
512 737 265294 3131637760
512 738 266973 3131637760
512 739 266526 3131637760
512 740 264906 3131637760
512 741 265846 3131637760
512 742 264852 3131637760
512 743 265993 3131637760
512 744 267484 3131637760
512 745 266698 3131637760
512 746 264808 3131637760
512 747 266393 3131637760
512 748 267004 3131637760
512 749 265245 3131637760
512 750 266507 3131637760
512 751 266747 3131637760
512 752 266289 3131637760
512 753 267576 3131637760
512 754 265337 3131637760
512 755 265890 3131637760
512 756 266948 3131637760
512 757 266831 3131637760
512 758 264282 3131637760
512 759 266205 3131637760
512 760 266379 3131637760
512 761 266170 3131637760
512 762 268366 3131637760
512 763 266976 3131637760
512 764 265062 3131637760
512 765 264980 3131637760
512 766 267298 3131637760
512 767 266716 3131637760
512 768 265419 3131637760
512 769 266702 3131637760
512 770 265057 3131637760
512 771 265439 3131637760
512 772 266156 3131637760
512 773 266441 3131637760
512 774 265415 3131637760
512 775 266343 3131637760
512 776 264874 3131637760
512 777 264974 3131637760
512 778 266282 3131637760
512 779 266500 3131637760
512 780 267108 3131637760
512 781 266319 3131637760
512 782 266536 3131637760
512 783 264315 3131637760
512 784 266529 3131637760
512 785 266753 3131637760
512 786 263560 3131637760
512 787 267438 3131637760
512 788 268594 3131637760
512 789 265188 3131637760
512 790 265513 3131637760
512 791 265330 3131637760
512 792 264793 3131637760
512 793 267221 3131637760
512 794 266646 3131637760
512 795 266065 3131637760
512 796 266237 3131637760
512 797 266772 3131637760
512 798 265776 3131637760
512 799 265987 3131637760
512 800 266186 3131637760
512 801 266967 3131637760
512 802 265265 3131637760
512 803 266901 3131637760
512 804 267012 3131637760
512 805 266103 3131637760
512 806 264587 3131637760
512 807 266037 3131637760
512 808 267562 3131637760
512 809 265085 3131637760
512 810 265599 3131637760
512 811 267003 3131637760
512 812 264927 3131637760
512 813 265275 3131637760
512 814 265716 3131637760
512 815 266743 3131637760
512 816 265781 3131637760
512 817 265900 3131637760
512 818 265011 3131637760
512 819 265403 3131637760
512 820 266828 3131637760
512 821 264998 3131637760
512 822 265581 3131637760
512 823 267337 3131637760
512 824 266195 3131637760
512 825 266224 3131637760
512 826 266267 3131637760
512 827 265826 3131637760
512 828 264617 3131637760
512 829 267811 3131637760
512 830 264099 3131637760
512 831 266506 3131637760
512 832 265815 3131637760
512 833 265787 3131637760
512 834 267389 3131637760
512 835 264025 3131637760
512 836 265113 3131637760
512 837 264543 3131637760
512 838 265019 3131637760
512 839 266200 3131637760
512 840 264074 3131637760
512 841 265829 3131637760
512 842 266681 3131637760
512 843 264181 3131637760
512 844 265470 3131637760
512 845 266260 3131637760
512 846 265450 3131637760
512 847 264129 3131637760
512 848 266086 3131637760
512 849 265568 3131637760
512 850 265624 3131637760
512 851 265172 3131637760
512 852 265325 3131637760
512 853 266427 3131637760
512 854 267154 3131637760
512 855 268179 3131637760
512 856 264485 3131637760
512 857 265068 3131637760
512 858 265473 3131637760
512 859 266245 3131637760
512 860 267437 3131637760
512 861 264452 3131637760
512 862 266393 3131637760
512 863 265663 3131637760
512 864 266903 3131637760
512 865 266184 3131637760
512 866 266117 3131637760
512 867 265735 3131637760
512 868 266524 3131637760
512 869 265215 3131637760
512 870 265853 3131637760
512 871 263850 3131637760
512 872 267843 3131637760
512 873 265336 3131637760
512 874 266662 3131637760
512 875 266947 3131637760
512 876 266160 3131637760
512 877 266578 3131637760
512 878 266049 3131637760
512 879 266782 3131637760
512 880 267278 3131637760
512 881 264428 3131637760
512 882 265322 3131637760
512 883 266642 3131637760
512 884 265752 3131637760
512 885 268136 3131637760
512 886 264611 3131637760
512 887 266328 3131637760
512 888 265672 3131637760
512 889 264701 3131637760
512 890 265226 3131637760
512 891 265887 3131637760
512 892 264884 3131637760
512 893 266173 3131637760
512 894 265305 3131637760
512 895 265178 3131637760
512 896 265074 3131637760
512 897 267575 3131637760
512 898 266686 3131637760
512 899 265665 3131637760
512 900 265916 3131637760
512 901 267646 3131637760
512 902 265416 3131637760
512 903 265691 3131637760
512 904 265434 3131637760
512 905 266205 3131637760
512 906 265364 3131637760
512 907 264610 3131637760
512 908 265102 3131637760
512 909 266928 3131637760
512 910 265589 3131637760
512 911 265758 3131637760
512 912 264325 3131637760
512 913 267815 3131637760
512 914 263466 3131637760
512 915 267733 3131637760
512 916 266474 3131637760
512 917 265917 3131637760
512 918 266163 3131637760
512 919 266142 3131637760
512 920 265591 3131637760
512 921 266952 3131637760
512 922 266451 3131637760
512 923 265538 3131637760
512 924 266591 3131637760
512 925 263986 3131637760
512 926 266538 3131637760
512 927 267100 3131637760
512 928 267109 3131637760
512 929 266183 3131637760
512 930 264795 3131637760
512 931 266059 3131637760
512 932 266211 3131637760
512 933 266475 3131637760
512 934 266289 3131637760
512 935 265261 3131637760
512 936 266151 3131637760
512 937 266947 3131637760
512 938 266855 3131637760
512 939 265912 3131637760
512 940 266165 3131637760
512 941 265350 3131637760
512 942 266511 3131637760
512 943 266053 3131637760
512 944 265911 3131637760
512 945 266337 3131637760
512 946 265000 3131637760
512 947 264898 3131637760
512 948 267605 3131637760
512 949 266281 3131637760
512 950 265534 3131637760
512 951 265734 3131637760
512 952 266930 3131637760
512 953 266656 3131637760
512 954 265434 3131637760
512 955 264959 3131637760
512 956 266162 3131637760
512 957 265461 3131637760
512 958 265390 3131637760
512 959 266495 3131637760
512 960 267942 3131637760
512 961 266214 3131637760
512 962 265604 3131637760
512 963 266077 3131637760
512 964 265189 3131637760
512 965 265742 3131637760
512 966 267238 3131637760
512 967 267780 3131637760
512 968 265046 3131637760
512 969 265527 3131637760
512 970 265639 3131637760
512 971 267937 3131637760
512 972 265653 3131637760
512 973 266680 3131637760
512 974 266908 3131637760
512 975 263323 3131637760
512 976 265165 3131637760
512 977 266975 3131637760
512 978 266369 3131637760
512 979 266471 3131637760
512 980 266855 3131637760
512 981 265677 3131637760
512 982 264922 3131637760
512 983 265434 3131637760
512 984 265879 3131637760
512 985 267338 3131637760
512 986 265676 3131637760
512 987 265585 3131637760
512 988 265299 3131637760
512 989 265668 3131637760
512 990 266165 3131637760
512 991 264672 3131637760
512 992 265435 3131637760
512 993 264409 3131637760
512 994 265374 3131637760
512 995 265526 3131637760
512 996 265337 3131637760
512 997 266217 3131637760
512 998 266128 3131637760
512 999 265097 3131637760
