16 0 160 35392
16 1 0 35392
16 2 0 35392
16 3 0 35392
16 4 0 35392
16 5 0 35392
16 6 0 35392
16 7 0 35392
16 8 0 35392
16 9 0 35392
16 10 0 35392
16 11 0 35392
16 12 0 35392
16 13 0 35392
16 14 0 35392
16 15 0 35392
16 16 0 35392
16 17 0 35392
16 18 0 35392
16 19 0 35392
16 20 0 35392
16 21 0 35392
16 22 0 35392
16 23 0 35392
16 24 0 35392
16 25 0 35392
16 26 0 35392
16 27 0 35392
16 28 0 35392
16 29 0 35392
16 30 0 35392
16 31 0 35392
16 32 0 35392
16 33 0 35392
16 34 0 35392
16 35 0 35392
16 36 0 35392
16 37 0 35392
16 38 0 35392
16 39 0 35392
16 40 0 35392
16 41 0 35392
16 42 0 35392
16 43 0 35392
16 44 0 35392
16 45 0 35392
16 46 0 35392
16 47 0 35392
16 48 0 35392
16 49 0 35392
16 50 0 35392
16 51 0 35392
16 52 0 35392
16 53 0 35392
16 54 0 35392
16 55 0 35392
16 56 0 35392
16 57 0 35392
16 58 0 35392
16 59 0 35392
16 60 0 35392
16 61 0 35392
16 62 0 35392
16 63 0 35392
16 64 0 35392
16 65 0 35392
16 66 0 35392
16 67 0 35392
16 68 0 35392
16 69 0 35392
16 70 0 35392
16 71 0 35392
16 72 0 35392
16 73 0 35392
16 74 0 35392
16 75 0 35392
16 76 0 35392
16 77 0 35392
16 78 0 35392
16 79 0 35392
16 80 0 35392
16 81 0 35392
16 82 0 35392
16 83 0 35392
16 84 0 35392
16 85 0 35392
16 86 0 35392
16 87 0 35392
16 88 0 35392
16 89 0 35392
16 90 0 35392
16 91 0 35392
16 92 0 35392
16 93 0 35392
16 94 0 35392
16 95 0 35392
16 96 0 35392
16 97 0 35392
16 98 0 35392
16 99 0 35392
16 100 0 35392
16 101 0 35392
16 102 0 35392
16 103 0 35392
16 104 0 35392
16 105 0 35392
16 106 0 35392
16 107 0 35392
16 108 0 35392
16 109 0 35392
16 110 0 35392
16 111 0 35392
16 112 0 35392
16 113 0 35392
16 114 0 35392
16 115 0 35392
16 116 0 35392
16 117 0 35392
16 118 0 35392
16 119 0 35392
16 120 0 35392
16 121 0 35392
16 122 0 35392
16 123 0 35392
16 124 0 35392
16 125 0 35392
16 126 0 35392
16 127 0 35392
16 128 0 35392
16 129 0 35392
16 130 0 35392
16 131 0 35392
16 132 0 35392
16 133 0 35392
16 134 0 35392
16 135 0 35392
16 136 0 35392
16 137 0 35392
16 138 0 35392
16 139 0 35392
16 140 0 35392
16 141 0 35392
16 142 0 35392
16 143 0 35392
16 144 0 35392
16 145 0 35392
16 146 0 35392
16 147 0 35392
16 148 0 35392
16 149 0 35392
16 150 0 35392
16 151 0 35392
16 152 0 35392
16 153 0 35392
16 154 0 35392
16 155 0 35392
16 156 0 35392
16 157 0 35392
16 158 0 35392
16 159 0 35392
16 160 0 35392
16 161 0 35392
16 162 0 35392
16 163 0 35392
16 164 0 35392
16 165 0 35392
16 166 0 35392
16 167 0 35392
16 168 0 35392
16 169 0 35392
16 170 0 35392
16 171 0 35392
16 172 0 35392
16 173 0 35392
16 174 0 35392
16 175 0 35392
16 176 0 35392
16 177 0 35392
16 178 0 35392
16 179 0 35392
16 180 0 35392
16 181 0 35392
16 182 0 35392
16 183 0 35392
16 184 0 35392
16 185 0 35392
16 186 0 35392
16 187 0 35392
16 188 0 35392
16 189 0 35392
16 190 0 35392
16 191 0 35392
16 192 0 35392
16 193 0 35392
16 194 0 35392
16 195 0 35392
16 196 0 35392
16 197 0 35392
16 198 0 35392
16 199 0 35392
16 200 0 35392
16 201 0 35392
16 202 0 35392
16 203 0 35392
16 204 0 35392
16 205 0 35392
16 206 0 35392
16 207 0 35392
16 208 0 35392
16 209 0 35392
16 210 0 35392
16 211 0 35392
16 212 0 35392
16 213 0 35392
16 214 0 35392
16 215 0 35392
16 216 0 35392
16 217 0 35392
16 218 0 35392
16 219 0 35392
16 220 0 35392
16 221 0 35392
16 222 0 35392
16 223 0 35392
16 224 0 35392
16 225 0 35392
16 226 0 35392
16 227 0 35392
16 228 0 35392
16 229 0 35392
16 230 0 35392
16 231 0 35392
16 232 0 35392
16 233 0 35392
16 234 0 35392
16 235 0 35392
16 236 0 35392
16 237 0 35392
16 238 0 35392
16 239 0 35392
16 240 0 35392
16 241 0 35392
16 242 0 35392
16 243 0 35392
16 244 0 35392
16 245 0 35392
16 246 0 35392
16 247 0 35392
16 248 0 35392
16 249 0 35392
16 250 0 35392
16 251 0 35392
16 252 0 35392
16 253 0 35392
16 254 0 35392
16 255 0 35392
16 256 0 35392
16 257 0 35392
16 258 0 35392
16 259 0 35392
16 260 0 35392
16 261 0 35392
16 262 0 35392
16 263 0 35392
16 264 0 35392
16 265 0 35392
16 266 0 35392
16 267 0 35392
16 268 0 35392
16 269 0 35392
16 270 0 35392
16 271 0 35392
16 272 0 35392
16 273 0 35392
16 274 0 35392
16 275 0 35392
16 276 0 35392
16 277 0 35392
16 278 0 35392
16 279 0 35392
16 280 0 35392
16 281 0 35392
16 282 0 35392
16 283 0 35392
16 284 0 35392
16 285 0 35392
16 286 0 35392
16 287 0 35392
16 288 0 35392
16 289 0 35392
16 290 0 35392
16 291 0 35392
16 292 0 35392
16 293 0 35392
16 294 0 35392
16 295 0 35392
16 296 0 35392
16 297 0 35392
16 298 0 35392
16 299 0 35392
16 300 0 35392
16 301 0 35392
16 302 0 35392
16 303 0 35392
16 304 0 35392
16 305 0 35392
16 306 0 35392
16 307 0 35392
16 308 0 35392
16 309 0 35392
16 310 0 35392
16 311 0 35392
16 312 0 35392
16 313 0 35392
16 314 0 35392
16 315 0 35392
16 316 0 35392
16 317 0 35392
16 318 0 35392
16 319 0 35392
16 320 0 35392
16 321 0 35392
16 322 0 35392
16 323 0 35392
16 324 0 35392
16 325 0 35392
16 326 0 35392
16 327 0 35392
16 328 0 35392
16 329 0 35392
16 330 0 35392
16 331 0 35392
16 332 0 35392
16 333 0 35392
16 334 0 35392
16 335 0 35392
16 336 0 35392
16 337 0 35392
16 338 0 35392
16 339 0 35392
16 340 0 35392
16 341 0 35392
16 342 0 35392
16 343 0 35392
16 344 0 35392
16 345 0 35392
16 346 0 35392
16 347 0 35392
16 348 0 35392
16 349 0 35392
16 350 0 35392
16 351 0 35392
16 352 0 35392
16 353 0 35392
16 354 0 35392
16 355 0 35392
16 356 0 35392
16 357 0 35392
16 358 0 35392
16 359 0 35392
16 360 0 35392
16 361 0 35392
16 362 0 35392
16 363 0 35392
16 364 0 35392
16 365 0 35392
16 366 0 35392
16 367 0 35392
16 368 0 35392
16 369 0 35392
16 370 0 35392
16 371 0 35392
16 372 0 35392
16 373 0 35392
16 374 0 35392
16 375 0 35392
16 376 0 35392
16 377 0 35392
16 378 0 35392
16 379 0 35392
16 380 0 35392
16 381 0 35392
16 382 0 35392
16 383 0 35392
16 384 0 35392
16 385 0 35392
16 386 0 35392
16 387 0 35392
16 388 0 35392
16 389 0 35392
16 390 0 35392
16 391 0 35392
16 392 0 35392
16 393 0 35392
16 394 0 35392
16 395 0 35392
16 396 0 35392
16 397 0 35392
16 398 0 35392
16 399 0 35392
16 400 0 35392
16 401 0 35392
16 402 0 35392
16 403 0 35392
16 404 0 35392
16 405 0 35392
16 406 0 35392
16 407 0 35392
16 408 0 35392
16 409 0 35392
16 410 0 35392
16 411 0 35392
16 412 0 35392
16 413 0 35392
16 414 0 35392
16 415 0 35392
16 416 0 35392
16 417 0 35392
16 418 0 35392
16 419 0 35392
16 420 0 35392
16 421 0 35392
16 422 0 35392
16 423 0 35392
16 424 0 35392
16 425 0 35392
16 426 0 35392
16 427 0 35392
16 428 0 35392
16 429 0 35392
16 430 0 35392
16 431 0 35392
16 432 0 35392
16 433 0 35392
16 434 0 35392
16 435 0 35392
16 436 0 35392
16 437 0 35392
16 438 0 35392
16 439 0 35392
16 440 0 35392
16 441 0 35392
16 442 0 35392
16 443 0 35392
16 444 0 35392
16 445 0 35392
16 446 0 35392
16 447 0 35392
16 448 0 35392
16 449 0 35392
16 450 0 35392
16 451 0 35392
16 452 0 35392
16 453 0 35392
16 454 0 35392
16 455 0 35392
16 456 0 35392
16 457 0 35392
16 458 0 35392
16 459 0 35392
16 460 0 35392
16 461 0 35392
16 462 0 35392
16 463 0 35392
16 464 0 35392
16 465 0 35392
16 466 0 35392
16 467 0 35392
16 468 0 35392
16 469 0 35392
16 470 0 35392
16 471 0 35392
16 472 0 35392
16 473 0 35392
16 474 0 35392
16 475 0 35392
16 476 0 35392
16 477 0 35392
16 478 0 35392
16 479 0 35392
16 480 0 35392
16 481 0 35392
16 482 0 35392
16 483 0 35392
16 484 0 35392
16 485 0 35392
16 486 0 35392
16 487 0 35392
16 488 0 35392
16 489 0 35392
16 490 0 35392
16 491 0 35392
16 492 0 35392
16 493 0 35392
16 494 0 35392
16 495 0 35392
16 496 0 35392
16 497 0 35392
16 498 0 35392
16 499 0 35392
16 500 0 35392
16 501 0 35392
16 502 0 35392
16 503 0 35392
16 504 0 35392
16 505 0 35392
16 506 0 35392
16 507 0 35392
16 508 0 35392
16 509 0 35392
16 510 0 35392
16 511 0 35392
16 512 0 35392
16 513 0 35392
16 514 0 35392
16 515 0 35392
16 516 0 35392
16 517 0 35392
16 518 0 35392
16 519 0 35392
16 520 0 35392
16 521 0 35392
16 522 0 35392
16 523 0 35392
16 524 0 35392
16 525 0 35392
16 526 0 35392
16 527 0 35392
16 528 0 35392
16 529 0 35392
16 530 0 35392
16 531 0 35392
16 532 0 35392
16 533 0 35392
16 534 0 35392
16 535 0 35392
16 536 0 35392
16 537 0 35392
16 538 0 35392
16 539 0 35392
16 540 0 35392
16 541 0 35392
16 542 0 35392
16 543 0 35392
16 544 0 35392
16 545 0 35392
16 546 0 35392
16 547 0 35392
16 548 0 35392
16 549 0 35392
16 550 0 35392
16 551 0 35392
16 552 0 35392
16 553 0 35392
16 554 0 35392
16 555 0 35392
16 556 0 35392
16 557 0 35392
16 558 0 35392
16 559 0 35392
16 560 0 35392
16 561 0 35392
16 562 0 35392
16 563 0 35392
16 564 0 35392
16 565 0 35392
16 566 0 35392
16 567 0 35392
16 568 0 35392
16 569 0 35392
16 570 0 35392
16 571 0 35392
16 572 0 35392
16 573 0 35392
16 574 0 35392
16 575 0 35392
16 576 0 35392
16 577 0 35392
16 578 0 35392
16 579 0 35392
16 580 0 35392
16 581 0 35392
16 582 0 35392
16 583 0 35392
16 584 0 35392
16 585 0 35392
16 586 0 35392
16 587 0 35392
16 588 0 35392
16 589 0 35392
16 590 0 35392
16 591 0 35392
16 592 0 35392
16 593 0 35392
16 594 0 35392
16 595 0 35392
16 596 0 35392
16 597 0 35392
16 598 0 35392
16 599 0 35392
16 600 0 35392
16 601 0 35392
16 602 0 35392
16 603 0 35392
16 604 0 35392
16 605 0 35392
16 606 0 35392
16 607 0 35392
16 608 0 35392
16 609 0 35392
16 610 0 35392
16 611 0 35392
16 612 0 35392
16 613 0 35392
16 614 0 35392
16 615 0 35392
16 616 0 35392
16 617 0 35392
16 618 0 35392
16 619 0 35392
16 620 0 35392
16 621 0 35392
16 622 0 35392
16 623 0 35392
16 624 0 35392
16 625 0 35392
16 626 0 35392
16 627 0 35392
16 628 0 35392
16 629 0 35392
16 630 0 35392
16 631 0 35392
16 632 0 35392
16 633 0 35392
16 634 0 35392
16 635 0 35392
16 636 0 35392
16 637 0 35392
16 638 0 35392
16 639 0 35392
16 640 0 35392
16 641 0 35392
16 642 0 35392
16 643 0 35392
16 644 0 35392
16 645 0 35392
16 646 0 35392
16 647 0 35392
16 648 0 35392
16 649 0 35392
16 650 0 35392
16 651 0 35392
16 652 0 35392
16 653 0 35392
16 654 0 35392
16 655 0 35392
16 656 0 35392
16 657 0 35392
16 658 0 35392
16 659 0 35392
16 660 0 35392
16 661 0 35392
16 662 0 35392
16 663 0 35392
16 664 0 35392
16 665 0 35392
16 666 0 35392
16 667 0 35392
16 668 0 35392
16 669 0 35392
16 670 0 35392
16 671 0 35392
16 672 0 35392
16 673 0 35392
16 674 0 35392
16 675 0 35392
16 676 0 35392
16 677 0 35392
16 678 0 35392
16 679 0 35392
16 680 0 35392
16 681 0 35392
16 682 0 35392
16 683 0 35392
16 684 0 35392
16 685 0 35392
16 686 0 35392
16 687 0 35392
16 688 0 35392
16 689 0 35392
16 690 0 35392
16 691 0 35392
16 692 0 35392
16 693 0 35392
16 694 0 35392
16 695 0 35392
16 696 0 35392
16 697 0 35392
16 698 0 35392
16 699 0 35392
16 700 0 35392
16 701 0 35392
16 702 0 35392
16 703 0 35392
16 704 0 35392
16 705 0 35392
16 706 0 35392
16 707 0 35392
16 708 0 35392
16 709 0 35392
16 710 0 35392
16 711 0 35392
16 712 0 35392
16 713 0 35392
16 714 0 35392
16 715 0 35392
16 716 0 35392
16 717 0 35392
16 718 0 35392
16 719 0 35392
16 720 0 35392
16 721 0 35392
16 722 0 35392
16 723 0 35392
16 724 0 35392
16 725 0 35392
16 726 0 35392
16 727 0 35392
16 728 0 35392
16 729 0 35392
16 730 0 35392
16 731 0 35392
16 732 0 35392
16 733 0 35392
16 734 0 35392
16 735 0 35392
16 736 0 35392
16 737 0 35392
16 738 0 35392
16 739 0 35392
16 740 0 35392
16 741 0 35392
16 742 0 35392
16 743 0 35392
16 744 0 35392
16 745 0 35392
16 746 0 35392
16 747 0 35392
16 748 0 35392
16 749 0 35392
16 750 0 35392
16 751 0 35392
16 752 0 35392
16 753 0 35392
16 754 0 35392
16 755 0 35392
16 756 0 35392
16 757 0 35392
16 758 0 35392
16 759 0 35392
16 760 0 35392
16 761 0 35392
16 762 0 35392
16 763 0 35392
16 764 0 35392
16 765 0 35392
16 766 0 35392
16 767 0 35392
16 768 0 35392
16 769 0 35392
16 770 0 35392
16 771 0 35392
16 772 0 35392
16 773 0 35392
16 774 0 35392
16 775 0 35392
16 776 0 35392
16 777 0 35392
16 778 0 35392
16 779 0 35392
16 780 0 35392
16 781 0 35392
16 782 0 35392
16 783 0 35392
16 784 0 35392
16 785 0 35392
16 786 0 35392
16 787 0 35392
16 788 0 35392
16 789 0 35392
16 790 0 35392
16 791 0 35392
16 792 0 35392
16 793 0 35392
16 794 0 35392
16 795 0 35392
16 796 0 35392
16 797 0 35392
16 798 0 35392
16 799 0 35392
16 800 0 35392
16 801 0 35392
16 802 0 35392
16 803 0 35392
16 804 0 35392
16 805 0 35392
16 806 0 35392
16 807 0 35392
16 808 0 35392
16 809 0 35392
16 810 0 35392
16 811 0 35392
16 812 0 35392
16 813 0 35392
16 814 0 35392
16 815 0 35392
16 816 0 35392
16 817 0 35392
16 818 0 35392
16 819 0 35392
16 820 0 35392
16 821 0 35392
16 822 0 35392
16 823 0 35392
16 824 0 35392
16 825 0 35392
16 826 0 35392
16 827 0 35392
16 828 0 35392
16 829 0 35392
16 830 0 35392
16 831 0 35392
16 832 0 35392
16 833 0 35392
16 834 0 35392
16 835 0 35392
16 836 0 35392
16 837 0 35392
16 838 0 35392
16 839 0 35392
16 840 0 35392
16 841 0 35392
16 842 0 35392
16 843 0 35392
16 844 0 35392
16 845 0 35392
16 846 0 35392
16 847 0 35392
16 848 0 35392
16 849 0 35392
16 850 0 35392
16 851 0 35392
16 852 0 35392
16 853 0 35392
16 854 0 35392
16 855 0 35392
16 856 0 35392
16 857 0 35392
16 858 0 35392
16 859 0 35392
16 860 0 35392
16 861 0 35392
16 862 0 35392
16 863 0 35392
16 864 0 35392
16 865 0 35392
16 866 0 35392
16 867 0 35392
16 868 0 35392
16 869 0 35392
16 870 0 35392
16 871 0 35392
16 872 0 35392
16 873 0 35392
16 874 0 35392
16 875 0 35392
16 876 0 35392
16 877 0 35392
16 878 0 35392
16 879 0 35392
16 880 0 35392
16 881 0 35392
16 882 0 35392
16 883 0 35392
16 884 0 35392
16 885 0 35392
16 886 0 35392
16 887 0 35392
16 888 0 35392
16 889 0 35392
16 890 0 35392
16 891 0 35392
16 892 0 35392
16 893 0 35392
16 894 0 35392
16 895 0 35392
16 896 0 35392
16 897 0 35392
16 898 0 35392
16 899 0 35392
16 900 0 35392
16 901 0 35392
16 902 0 35392
16 903 0 35392
16 904 0 35392
16 905 0 35392
16 906 0 35392
16 907 0 35392
16 908 0 35392
16 909 0 35392
16 910 0 35392
16 911 0 35392
16 912 0 35392
16 913 0 35392
16 914 0 35392
16 915 0 35392
16 916 0 35392
16 917 0 35392
16 918 0 35392
16 919 0 35392
16 920 0 35392
16 921 0 35392
16 922 0 35392
16 923 0 35392
16 924 0 35392
16 925 0 35392
16 926 0 35392
16 927 0 35392
16 928 0 35392
16 929 0 35392
16 930 0 35392
16 931 0 35392
16 932 0 35392
16 933 0 35392
16 934 0 35392
16 935 0 35392
16 936 0 35392
16 937 0 35392
16 938 0 35392
16 939 0 35392
16 940 0 35392
16 941 0 35392
16 942 0 35392
16 943 0 35392
16 944 0 35392
16 945 0 35392
16 946 0 35392
16 947 0 35392
16 948 0 35392
16 949 0 35392
16 950 0 35392
16 951 0 35392
16 952 0 35392
16 953 0 35392
16 954 0 35392
16 955 0 35392
16 956 0 35392
16 957 0 35392
16 958 0 35392
16 959 0 35392
16 960 0 35392
16 961 0 35392
16 962 0 35392
16 963 0 35392
16 964 0 35392
16 965 0 35392
16 966 0 35392
16 967 0 35392
16 968 0 35392
16 969 0 35392
16 970 0 35392
16 971 0 35392
16 972 0 35392
16 973 0 35392
16 974 0 35392
16 975 0 35392
16 976 0 35392
16 977 0 35392
16 978 0 35392
16 979 0 35392
16 980 0 35392
16 981 0 35392
16 982 0 35392
16 983 0 35392
16 984 0 35392
16 985 0 35392
16 986 0 35392
16 987 0 35392
16 988 0 35392
16 989 0 35392
16 990 0 35392
16 991 0 35392
16 992 0 35392
16 993 0 35392
16 994 0 35392
16 995 0 35392
16 996 0 35392
16 997 0 35392
16 998 0 35392
16 999 0 35392
