256 0 1293 1823096832
256 1 1285 1823096832
256 2 1285 1823096832
256 3 1295 1823096832
256 4 1285 1823096832
256 5 1291 1823096832
256 6 1285 1823096832
256 7 1289 1823096832
256 8 1285 1823096832
256 9 1289 1823096832
256 10 1285 1823096832
256 11 1287 1823096832
256 12 1285 1823096832
256 13 1288 1823096832
256 14 1285 1823096832
256 15 1287 1823096832
256 16 1285 1823096832
256 17 1293 1823096832
256 18 1286 1823096832
256 19 1286 1823096832
256 20 1286 1823096832
256 21 1285 1823096832
256 22 1285 1823096832
256 23 1285 1823096832
256 24 1290 1823096832
256 25 1285 1823096832
256 26 1287 1823096832
256 27 1285 1823096832
256 28 1287 1823096832
256 29 1285 1823096832
256 30 1288 1823096832
256 31 1285 1823096832
256 32 1286 1823096832
256 33 1285 1823096832
256 34 1287 1823096832
256 35 1285 1823096832
256 36 1287 1823096832
256 37 1285 1823096832
256 38 1290 1823096832
256 39 1285 1823096832
256 40 1289 1823096832
256 41 1285 1823096832
256 42 1285 1823096832
256 43 1285 1823096832
256 44 1285 1823096832
256 45 1285 1823096832
256 46 1285 1823096832
256 47 1289 1823096832
256 48 1285 1823096832
256 49 1290 1823096832
256 50 1285 1823096832
256 51 1288 1823096832
256 52 1285 1823096832
256 53 1288 1823096832
256 54 1285 1823096832
256 55 1287 1823096832
256 56 1285 1823096832
256 57 1286 1823096832
256 58 1285 1823096832
256 59 1287 1823096832
256 60 1285 1823096832
256 61 1290 1823096832
256 62 1285 1823096832
256 63 1285 1823096832
256 64 1285 1823096832
256 65 1285 1823096832
256 66 1286 1823096832
256 67 1285 1823096832
256 68 1285 1823096832
256 69 1285 1823096832
256 70 1286 1823096832
256 71 1285 1823096832
256 72 1287 1823096832
256 73 1285 1823096832
256 74 1288 1823096832
256 75 1285 1823096832
256 76 1287 1823096832
256 77 1285 1823096832
256 78 1287 1823096832
256 79 1285 1823096832
256 80 1286 1823096832
256 81 1285 1823096832
256 82 1287 1823096832
256 83 1285 1823096832
256 84 1290 1823096832
256 85 1285 1823096832
256 86 1285 1823096832
256 87 1285 1823096832
256 88 1285 1823096832
256 89 1285 1823096832
256 90 1285 1823096832
256 91 1290 1823096832
256 92 1285 1823096832
256 93 1288 1823096832
256 94 1285 1823096832
256 95 1286 1823096832
256 96 1285 1823096832
256 97 1288 1823096832
256 98 1285 1823096832
256 99 1288 1823096832
256 100 1285 1823096832
256 101 1287 1823096832
256 102 1285 1823096832
256 103 1286 1823096832
256 104 1285 1823096832
256 105 1291 1823096832
256 106 1285 1823096832
256 107 1293 1823096832
256 108 1285 1823096832
256 109 1285 1823096832
256 110 1286 1823096832
256 111 1285 1823096832
256 112 1285 1823096832
256 113 1285 1823096832
256 114 1290 1823096832
256 115 1285 1823096832
256 116 1289 1823096832
256 117 1285 1823096832
256 118 1289 1823096832
256 119 1285 1823096832
256 120 1288 1823096832
256 121 1285 1823096832
256 122 1287 1823096832
256 123 1285 1823096832
256 124 1288 1823096832
256 125 1285 1823096832
256 126 1287 1823096832
256 127 1286 1823096832
256 128 1289 1823096832
256 129 1285 1823096832
256 130 1291 1823096832
256 131 1285 1823096832
256 132 1285 1823096832
256 133 1285 1823096832
256 134 1285 1823096832
256 135 1285 1823096832
256 136 1285 1823096832
256 137 1287 1823096832
256 138 1285 1823096832
256 139 1286 1823096832
256 140 1285 1823096832
256 141 1288 1823096832
256 142 1285 1823096832
256 143 1287 1823096832
256 144 1285 1823096832
256 145 1287 1823096832
256 146 1285 1823096832
256 147 1287 1823096832
256 148 1285 1823096832
256 149 1286 1823096832
256 150 1285 1823096832
256 151 1289 1823096832
256 152 1285 1823096832
256 153 1285 1823096832
256 154 1285 1823096832
256 155 1285 1823096832
256 156 1285 1823096832
256 157 1285 1823096832
256 158 1291 1823096832
256 159 1285 1823096832
256 160 1290 1823096832
256 161 1286 1823096832
256 162 1289 1823096832
256 163 1286 1823096832
256 164 1288 1823096832
256 165 1286 1823096832
256 166 1288 1823096832
256 167 1286 1823096832
256 168 1287 1823096832
256 169 1286 1823096832
256 170 1289 1823096832
256 171 1286 1823096832
256 172 1290 1823096832
256 173 1286 1823096832
256 174 1292 1823096832
256 175 1286 1823096832
256 176 1286 1823096832
256 177 1286 1823096832
256 178 1286 1823096832
256 179 1286 1823096832
256 180 1286 1823096832
256 181 1289 1823096832
256 182 1286 1823096832
256 183 1290 1823096832
256 184 1286 1823096832
256 185 1287 1823096832
256 186 1286 1823096832
256 187 1289 1823096832
256 188 1286 1823096832
256 189 1290 1823096832
256 190 1286 1823096832
256 191 1290 1823096832
256 192 1286 1823096832
256 193 1288 1823096832
256 194 1286 1823096832
256 195 1293 1823096832
256 196 1286 1823096832
256 197 1286 1823096832
256 198 1286 1823096832
256 199 1286 1823096832
256 200 1286 1823096832
256 201 1285 1823096832
256 202 1285 1823096832
256 203 1285 1823096832
256 204 1289 1823096832
256 205 1285 1823096832
256 206 1287 1823096832
256 207 1285 1823096832
256 208 1288 1823096832
256 209 1285 1823096832
256 210 1288 1823096832
256 211 1285 1823096832
256 212 1286 1823096832
256 213 1285 1823096832
256 214 1287 1823096832
256 215 1285 1823096832
256 216 1287 1823096832
256 217 1285 1823096832
256 218 1290 1823096832
256 219 1285 1823096832
256 220 1285 1823096832
256 221 1285 1823096832
256 222 1285 1823096832
256 223 1285 1823096832
256 224 1285 1823096832
256 225 1288 1823096832
256 226 1285 1823096832
256 227 1286 1823096832
256 228 1285 1823096832
256 229 1286 1823096832
256 230 1285 1823096832
256 231 1288 1823096832
256 232 1285 1823096832
256 233 1286 1823096832
256 234 1285 1823096832
256 235 1286 1823096832
256 236 1285 1823096832
256 237 1287 1823096832
256 238 1285 1823096832
256 239 1290 1823096832
256 240 1285 1823096832
256 241 1289 1823096832
256 242 1285 1823096832
256 243 1285 1823096832
256 244 1285 1823096832
256 245 1285 1823096832
256 246 1285 1823096832
256 247 1285 1823096832
256 248 1288 1823096832
256 249 1285 1823096832
256 250 1288 1823096832
256 251 1285 1823096832
256 252 1288 1823096832
256 253 1285 1823096832
256 254 1288 1823096832
256 255 1285 1823096832
256 256 1287 1823096832
256 257 1285 1823096832
256 258 1287 1823096832
256 259 1285 1823096832
256 260 1286 1823096832
256 261 1285 1823096832
256 262 1289 1823096832
256 263 1285 1823096832
256 264 1285 1823096832
256 265 1285 1823096832
256 266 1285 1823096832
256 267 1285 1823096832
256 268 1285 1823096832
256 269 1285 1823096832
256 270 1285 1823096832
256 271 1288 1823096832
256 272 1285 1823096832
256 273 1287 1823096832
256 274 1285 1823096832
256 275 1288 1823096832
256 276 1285 1823096832
256 277 1287 1823096832
256 278 1285 1823096832
256 279 1286 1823096832
256 280 1285 1823096832
256 281 1286 1823096832
256 282 1285 1823096832
256 283 1286 1823096832
256 284 1285 1823096832
256 285 1290 1823096832
256 286 1285 1823096832
256 287 1285 1823096832
256 288 1285 1823096832
256 289 1285 1823096832
256 290 1285 1823096832
256 291 1285 1823096832
256 292 1286 1823096832
256 293 1285 1823096832
256 294 1286 1823096832
256 295 1285 1823096832
256 296 1289 1823096832
256 297 1285 1823096832
256 298 1287 1823096832
256 299 1285 1823096832
256 300 1287 1823096832
256 301 1285 1823096832
256 302 1286 1823096832
256 303 1285 1823096832
256 304 1286 1823096832
256 305 1285 1823096832
256 306 1290 1823096832
256 307 1285 1823096832
256 308 1289 1823096832
256 309 1285 1823096832
256 310 1285 1823096832
256 311 1285 1823096832
256 312 1285 1823096832
256 313 1285 1823096832
256 314 1285 1823096832
256 315 1290 1823096832
256 316 1285 1823096832
256 317 1288 1823096832
256 318 1285 1823096832
256 319 1287 1823096832
256 320 1285 1823096832
256 321 1288 1823096832
256 322 1285 1823096832
256 323 1286 1823096832
256 324 1285 1823096832
256 325 1287 1823096832
256 326 1285 1823096832
256 327 1287 1823096832
256 328 1285 1823096832
256 329 1291 1823096832
256 330 1285 1823096832
256 331 1285 1823096832
256 332 1285 1823096832
256 333 1285 1823096832
256 334 1285 1823096832
256 335 1285 1823096832
256 336 1285 1823096832
256 337 1285 1823096832
256 338 1289 1823096832
256 339 1285 1823096832
256 340 1287 1823096832
256 341 1285 1823096832
256 342 1287 1823096832
256 343 1286 1823096832
256 344 1288 1823096832
256 345 1285 1823096832
256 346 1286 1823096832
256 347 1285 1823096832
256 348 1286 1823096832
256 349 1285 1823096832
256 350 1287 1823096832
256 351 1285 1823096832
256 352 1290 1823096832
256 353 1285 1823096832
256 354 1285 1823096832
256 355 1285 1823096832
256 356 1285 1823096832
256 357 1285 1823096832
256 358 1285 1823096832
256 359 1289 1823096832
256 360 1285 1823096832
256 361 1288 1823096832
256 362 1285 1823096832
256 363 1287 1823096832
256 364 1285 1823096832
256 365 1288 1823096832
256 366 1285 1823096832
256 367 1285 1823096832
256 368 1285 1823096832
256 369 1286 1823096832
256 370 1285 1823096832
256 371 1287 1823096832
256 372 1285 1823096832
256 373 1290 1823096832
256 374 1285 1823096832
256 375 1289 1823096832
256 376 1285 1823096832
256 377 1285 1823096832
256 378 1285 1823096832
256 379 1285 1823096832
256 380 1285 1823096832
256 381 1285 1823096832
256 382 1288 1823096832
256 383 1286 1823096832
256 384 1291 1823096832
256 385 1285 1823096832
256 386 1288 1823096832
256 387 1285 1823096832
256 388 1292 1823096832
256 389 1285 1823096832
256 390 1287 1823096832
256 391 1285 1823096832
256 392 1288 1823096832
256 393 1285 1823096832
256 394 1287 1823096832
256 395 1285 1823096832
256 396 1290 1823096832
256 397 1285 1823096832
256 398 1285 1823096832
256 399 1285 1823096832
256 400 1285 1823096832
256 401 1285 1823096832
256 402 1285 1823096832
256 403 1286 1823096832
256 404 1285 1823096832
256 405 1289 1823096832
256 406 1285 1823096832
256 407 1289 1823096832
256 408 1285 1823096832
256 409 1288 1823096832
256 410 1285 1823096832
256 411 1288 1823096832
256 412 1286 1823096832
256 413 1286 1823096832
256 414 1285 1823096832
256 415 1287 1823096832
256 416 1285 1823096832
256 417 1287 1823096832
256 418 1285 1823096832
256 419 1289 1823096832
256 420 1285 1823096832
256 421 1285 1823096832
256 422 1285 1823096832
256 423 1285 1823096832
256 424 1285 1823096832
256 425 1285 1823096832
256 426 1287 1823096832
256 427 1285 1823096832
256 428 1286 1823096832
256 429 1285 1823096832
256 430 1288 1823096832
256 431 1285 1823096832
256 432 1288 1823096832
256 433 1285 1823096832
256 434 1287 1823096832
256 435 1285 1823096832
256 436 1287 1823096832
256 437 1285 1823096832
256 438 1286 1823096832
256 439 1285 1823096832
256 440 1289 1823096832
256 441 1285 1823096832
256 442 1290 1823096832
256 443 1285 1823096832
256 444 1285 1823096832
256 445 1285 1823096832
256 446 1285 1823096832
256 447 1285 1823096832
256 448 1285 1823096832
256 449 1286 1823096832
256 450 1285 1823096832
256 451 1288 1823096832
256 452 1285 1823096832
256 453 1288 1823096832
256 454 1285 1823096832
256 455 1288 1823096832
256 456 1285 1823096832
256 457 1286 1823096832
256 458 1285 1823096832
256 459 1287 1823096832
256 460 1285 1823096832
256 461 1286 1823096832
256 462 1285 1823096832
256 463 1289 1823096832
256 464 1285 1823096832
256 465 1285 1823096832
256 466 1285 1823096832
256 467 1285 1823096832
256 468 1285 1823096832
256 469 1285 1823096832
256 470 1285 1823096832
256 471 1285 1823096832
256 472 1286 1823096832
256 473 1285 1823096832
256 474 1287 1823096832
256 475 1285 1823096832
256 476 1287 1823096832
256 477 1285 1823096832
256 478 1288 1823096832
256 479 1285 1823096832
256 480 1286 1823096832
256 481 1285 1823096832
256 482 1286 1823096832
256 483 1285 1823096832
256 484 1285 1823096832
256 485 1285 1823096832
256 486 1289 1823096832
256 487 1285 1823096832
256 488 1285 1823096832
256 489 1285 1823096832
256 490 1285 1823096832
256 491 1285 1823096832
256 492 1285 1823096832
256 493 1288 1823096832
256 494 1285 1823096832
256 495 1288 1823096832
256 496 1285 1823096832
256 497 1287 1823096832
256 498 1285 1823096832
256 499 1286 1823096832
256 500 1285 1823096832
256 501 1287 1823096832
256 502 1285 1823096832
256 503 1287 1823096832
256 504 1285 1823096832
256 505 1287 1823096832
256 506 1285 1823096832
256 507 1290 1823096832
256 508 1285 1823096832
256 509 1290 1823096832
256 510 1285 1823096832
256 511 1285 1823096832
256 512 1285 1823096832
256 513 1285 1823096832
256 514 1285 1823096832
256 515 1285 1823096832
256 516 1290 1823096832
256 517 1285 1823096832
256 518 1288 1823096832
256 519 1285 1823096832
256 520 1288 1823096832
256 521 1285 1823096832
256 522 1288 1823096832
256 523 1285 1823096832
256 524 1286 1823096832
256 525 1286 1823096832
256 526 1287 1823096832
256 527 1285 1823096832
256 528 1287 1823096832
256 529 1285 1823096832
256 530 1290 1823096832
256 531 1285 1823096832
256 532 1285 1823096832
256 533 1285 1823096832
256 534 1285 1823096832
256 535 1285 1823096832
256 536 1285 1823096832
256 537 1285 1823096832
256 538 1285 1823096832
256 539 1287 1823096832
256 540 1285 1823096832
256 541 1286 1823096832
256 542 1285 1823096832
256 543 1287 1823096832
256 544 1285 1823096832
256 545 1287 1823096832
256 546 1285 1823096832
256 547 1287 1823096832
256 548 1285 1823096832
256 549 1286 1823096832
256 550 1285 1823096832
256 551 1287 1823096832
256 552 1285 1823096832
256 553 1289 1823096832
256 554 1285 1823096832
256 555 1285 1823096832
256 556 1285 1823096832
256 557 1285 1823096832
256 558 1285 1823096832
256 559 1285 1823096832
256 560 1291 1823096832
256 561 1285 1823096832
256 562 1286 1823096832
256 563 1285 1823096832
256 564 1289 1823096832
256 565 1285 1823096832
256 566 1288 1823096832
256 567 1285 1823096832
256 568 1287 1823096832
256 569 1285 1823096832
256 570 1287 1823096832
256 571 1285 1823096832
256 572 1287 1823096832
256 573 1285 1823096832
256 574 1290 1823096832
256 575 1285 1823096832
256 576 1290 1823096832
256 577 1285 1823096832
256 578 1285 1823096832
256 579 1285 1823096832
256 580 1285 1823096832
256 581 1285 1823096832
256 582 1285 1823096832
256 583 1290 1823096832
256 584 1285 1823096832
256 585 1288 1823096832
256 586 1285 1823096832
256 587 1288 1823096832
256 588 1285 1823096832
256 589 1286 1823096832
256 590 1285 1823096832
256 591 1288 1823096832
256 592 1285 1823096832
256 593 1286 1823096832
256 594 1285 1823096832
256 595 1288 1823096832
256 596 1285 1823096832
256 597 1292 1823096832
256 598 1285 1823096832
256 599 1285 1823096832
256 600 1285 1823096832
256 601 1285 1823096832
256 602 1285 1823096832
256 603 1285 1823096832
256 604 1285 1823096832
256 605 1285 1823096832
256 606 1287 1823096832
256 607 1285 1823096832
256 608 1286 1823096832
256 609 1285 1823096832
256 610 1288 1823096832
256 611 1285 1823096832
256 612 1288 1823096832
256 613 1285 1823096832
256 614 1286 1823096832
256 615 1285 1823096832
256 616 1287 1823096832
256 617 1285 1823096832
256 618 1287 1823096832
256 619 1285 1823096832
256 620 1291 1823096832
256 621 1285 1823096832
256 622 1285 1823096832
256 623 1285 1823096832
256 624 1285 1823096832
256 625 1285 1823096832
256 626 1285 1823096832
256 627 1290 1823096832
256 628 1285 1823096832
256 629 1288 1823096832
256 630 1285 1823096832
256 631 1288 1823096832
256 632 1285 1823096832
256 633 1286 1823096832
256 634 1285 1823096832
256 635 1286 1823096832
256 636 1285 1823096832
256 637 1286 1823096832
256 638 1285 1823096832
256 639 1287 1823096832
256 640 1285 1823096832
256 641 1289 1823096832
256 642 1285 1823096832
256 643 1289 1823096832
256 644 1285 1823096832
256 645 1285 1823096832
256 646 1285 1823096832
256 647 1285 1823096832
256 648 1285 1823096832
256 649 1285 1823096832
256 650 1288 1823096832
256 651 1285 1823096832
256 652 1288 1823096832
256 653 1285 1823096832
256 654 1286 1823096832
256 655 1285 1823096832
256 656 1288 1823096832
256 657 1285 1823096832
256 658 1287 1823096832
256 659 1285 1823096832
256 660 1288 1823096832
256 661 1285 1823096832
256 662 1285 1823096832
256 663 1285 1823096832
256 664 1291 1823096832
256 665 1285 1823096832
256 666 1285 1823096832
256 667 1285 1823096832
256 668 1285 1823096832
256 669 1285 1823096832
256 670 1285 1823096832
256 671 1285 1823096832
256 672 1285 1823096832
256 673 1288 1823096832
256 674 1285 1823096832
256 675 1287 1823096832
256 676 1285 1823096832
256 677 1288 1823096832
256 678 1285 1823096832
256 679 1287 1823096832
256 680 1285 1823096832
256 681 1287 1823096832
256 682 1285 1823096832
256 683 1287 1823096832
256 684 1285 1823096832
256 685 1287 1823096832
256 686 1285 1823096832
256 687 1290 1823096832
256 688 1285 1823096832
256 689 1285 1823096832
256 690 1285 1823096832
256 691 1285 1823096832
256 692 1285 1823096832
256 693 1285 1823096832
256 694 1286 1823096832
256 695 1285 1823096832
256 696 1288 1823096832
256 697 1285 1823096832
256 698 1286 1823096832
256 699 1285 1823096832
256 700 1289 1823096832
256 701 1285 1823096832
256 702 1287 1823096832
256 703 1285 1823096832
256 704 1287 1823096832
256 705 1285 1823096832
256 706 1286 1823096832
256 707 1285 1823096832
256 708 1289 1823096832
256 709 1285 1823096832
256 710 1291 1823096832
256 711 1285 1823096832
256 712 1285 1823096832
256 713 1285 1823096832
256 714 1285 1823096832
256 715 1285 1823096832
256 716 1285 1823096832
256 717 1289 1823096832
256 718 1285 1823096832
256 719 1290 1823096832
256 720 1285 1823096832
256 721 1288 1823096832
256 722 1285 1823096832
256 723 1288 1823096832
256 724 1285 1823096832
256 725 1286 1823096832
256 726 1285 1823096832
256 727 1285 1823096832
256 728 1285 1823096832
256 729 1287 1823096832
256 730 1285 1823096832
256 731 1291 1823096832
256 732 1285 1823096832
256 733 1285 1823096832
256 734 1285 1823096832
256 735 1285 1823096832
256 736 1285 1823096832
256 737 1285 1823096832
256 738 1289 1823096832
256 739 1285 1823096832
256 740 1286 1823096832
256 741 1285 1823096832
256 742 1286 1823096832
256 743 1285 1823096832
256 744 1289 1823096832
256 745 1285 1823096832
256 746 1287 1823096832
256 747 1285 1823096832
256 748 1287 1823096832
256 749 1285 1823096832
256 750 1287 1823096832
256 751 1285 1823096832
256 752 1287 1823096832
256 753 1285 1823096832
256 754 1290 1823096832
256 755 1285 1823096832
256 756 1285 1823096832
256 757 1285 1823096832
256 758 1285 1823096832
256 759 1285 1823096832
256 760 1285 1823096832
256 761 1289 1823096832
256 762 1285 1823096832
256 763 1288 1823096832
256 764 1285 1823096832
256 765 1288 1823096832
256 766 1285 1823096832
256 767 1287 1823096832
256 768 1285 1823096832
256 769 1287 1823096832
256 770 1285 1823096832
256 771 1286 1823096832
256 772 1285 1823096832
256 773 1287 1823096832
256 774 1285 1823096832
256 775 1289 1823096832
256 776 1285 1823096832
256 777 1290 1823096832
256 778 1285 1823096832
256 779 1285 1823096832
256 780 1285 1823096832
256 781 1285 1823096832
256 782 1285 1823096832
256 783 1285 1823096832
256 784 1288 1823096832
256 785 1285 1823096832
256 786 1288 1823096832
256 787 1285 1823096832
256 788 1288 1823096832
256 789 1285 1823096832
256 790 1287 1823096832
256 791 1285 1823096832
256 792 1287 1823096832
256 793 1285 1823096832
256 794 1286 1823096832
256 795 1285 1823096832
256 796 1288 1823096832
256 797 1285 1823096832
256 798 1290 1823096832
256 799 1285 1823096832
256 800 1285 1823096832
256 801 1285 1823096832
256 802 1285 1823096832
256 803 1285 1823096832
256 804 1285 1823096832
256 805 1287 1823096832
256 806 1285 1823096832
256 807 1287 1823096832
256 808 1285 1823096832
256 809 1287 1823096832
256 810 1285 1823096832
256 811 1288 1823096832
256 812 1285 1823096832
256 813 1288 1823096832
256 814 1285 1823096832
256 815 1287 1823096832
256 816 1285 1823096832
256 817 1288 1823096832
256 818 1285 1823096832
256 819 1286 1823096832
256 820 1285 1823096832
256 821 1291 1823096832
256 822 1285 1823096832
256 823 1286 1823096832
256 824 1285 1823096832
256 825 1285 1823096832
256 826 1285 1823096832
256 827 1285 1823096832
256 828 1288 1823096832
256 829 1285 1823096832
256 830 1288 1823096832
256 831 1285 1823096832
256 832 1287 1823096832
256 833 1285 1823096832
256 834 1287 1823096832
256 835 1285 1823096832
256 836 1286 1823096832
256 837 1285 1823096832
256 838 1287 1823096832
256 839 1285 1823096832
256 840 1289 1823096832
256 841 1285 1823096832
256 842 1289 1823096832
256 843 1285 1823096832
256 844 1289 1823096832
256 845 1285 1823096832
256 846 1285 1823096832
256 847 1285 1823096832
256 848 1285 1823096832
256 849 1285 1823096832
256 850 1285 1823096832
256 851 1287 1823096832
256 852 1285 1823096832
256 853 1286 1823096832
256 854 1285 1823096832
256 855 1287 1823096832
256 856 1285 1823096832
256 857 1288 1823096832
256 858 1285 1823096832
256 859 1288 1823096832
256 860 1285 1823096832
256 861 1286 1823096832
256 862 1285 1823096832
256 863 1287 1823096832
256 864 1285 1823096832
256 865 1290 1823096832
256 866 1285 1823096832
256 867 1285 1823096832
256 868 1285 1823096832
256 869 1285 1823096832
256 870 1285 1823096832
256 871 1285 1823096832
256 872 1289 1823096832
256 873 1285 1823096832
256 874 1287 1823096832
256 875 1285 1823096832
256 876 1286 1823096832
256 877 1285 1823096832
256 878 1287 1823096832
256 879 1285 1823096832
256 880 1287 1823096832
256 881 1285 1823096832
256 882 1287 1823096832
256 883 1285 1823096832
256 884 1287 1823096832
256 885 1285 1823096832
256 886 1290 1823096832
256 887 1285 1823096832
256 888 1290 1823096832
256 889 1285 1823096832
256 890 1286 1823096832
256 891 1285 1823096832
256 892 1285 1823096832
256 893 1285 1823096832
256 894 1285 1823096832
256 895 1286 1823096832
256 896 1285 1823096832
256 897 1287 1823096832
256 898 1285 1823096832
256 899 1287 1823096832
256 900 1285 1823096832
256 901 1288 1823096832
256 902 1285 1823096832
256 903 1287 1823096832
256 904 1285 1823096832
256 905 1287 1823096832
256 906 1285 1823096832
256 907 1286 1823096832
256 908 1285 1823096832
256 909 1289 1823096832
256 910 1285 1823096832
256 911 1287 1823096832
256 912 1285 1823096832
256 913 1285 1823096832
256 914 1285 1823096832
256 915 1285 1823096832
256 916 1285 1823096832
256 917 1285 1823096832
256 918 1287 1823096832
256 919 1285 1823096832
256 920 1287 1823096832
256 921 1285 1823096832
256 922 1288 1823096832
256 923 1285 1823096832
256 924 1288 1823096832
256 925 1285 1823096832
256 926 1286 1823096832
256 927 1285 1823096832
256 928 1286 1823096832
256 929 1285 1823096832
256 930 1287 1823096832
256 931 1285 1823096832
256 932 1290 1823096832
256 933 1285 1823096832
256 934 1286 1823096832
256 935 1285 1823096832
256 936 1285 1823096832
256 937 1285 1823096832
256 938 1285 1823096832
256 939 1291 1823096832
256 940 1285 1823096832
256 941 1288 1823096832
256 942 1285 1823096832
256 943 1288 1823096832
256 944 1285 1823096832
256 945 1287 1823096832
256 946 1285 1823096832
256 947 1287 1823096832
256 948 1285 1823096832
256 949 1286 1823096832
256 950 1285 1823096832
256 951 1287 1823096832
256 952 1285 1823096832
256 953 1289 1823096832
256 954 1285 1823096832
256 955 1289 1823096832
256 956 1285 1823096832
256 957 1285 1823096832
256 958 1285 1823096832
256 959 1285 1823096832
256 960 1285 1823096832
256 961 1285 1823096832
256 962 1288 1823096832
256 963 1285 1823096832
256 964 1288 1823096832
256 965 1285 1823096832
256 966 1289 1823096832
256 967 1285 1823096832
256 968 1288 1823096832
256 969 1285 1823096832
256 970 1286 1823096832
256 971 1285 1823096832
256 972 1286 1823096832
256 973 1285 1823096832
256 974 1287 1823096832
256 975 1285 1823096832
256 976 1289 1823096832
256 977 1285 1823096832
256 978 1285 1823096832
256 979 1285 1823096832
256 980 1285 1823096832
256 981 1285 1823096832
256 982 1285 1823096832
256 983 1285 1823096832
256 984 1285 1823096832
256 985 1287 1823096832
256 986 1285 1823096832
256 987 1287 1823096832
256 988 1285 1823096832
256 989 1287 1823096832
256 990 1285 1823096832
256 991 1288 1823096832
256 992 1285 1823096832
256 993 1286 1823096832
256 994 1285 1823096832
256 995 1287 1823096832
256 996 1285 1823096832
256 997 1287 1823096832
256 998 1285 1823096832
256 999 1289 1823096832
