512 0 3160144 3131637760
512 1 3159120 3131637760
512 2 3159116 3131637760
512 3 3158754 3131637760
512 4 3158530 3131637760
512 5 3157909 3131637760
512 6 3158747 3131637760
512 7 3159179 3131637760
512 8 3158603 3131637760
512 9 3158909 3131637760
512 10 3158693 3131637760
512 11 3159867 3131637760
512 12 3159196 3131637760
512 13 3158841 3131637760
512 14 3158173 3131637760
512 15 3159153 3131637760
512 16 3158002 3131637760
512 17 3158026 3131637760
512 18 3157994 3131637760
512 19 3158278 3131637760
512 20 3157974 3131637760
512 21 3158298 3131637760
512 22 3158861 3131637760
512 23 3158618 3131637760
512 24 3157245 3131637760
512 25 3158136 3131637760
512 26 3158309 3131637760
512 27 3159158 3131637760
512 28 3158799 3131637760
512 29 3158745 3131637760
512 30 3158852 3131637760
512 31 3159199 3131637760
512 32 3158748 3131637760
512 33 3159408 3131637760
512 34 3159497 3131637760
512 35 3158557 3131637760
512 36 3159494 3131637760
512 37 3158741 3131637760
512 38 3159105 3131637760
512 39 3159408 3131637760
512 40 3158934 3131637760
512 41 3158894 3131637760
512 42 3158241 3131637760
512 43 3159268 3131637760
512 44 3158511 3131637760
512 45 3158401 3131637760
512 46 3158646 3131637760
512 47 3159844 3131637760
512 48 3158516 3131637760
512 49 3158943 3131637760
512 50 3159032 3131637760
512 51 3159287 3131637760
512 52 3158882 3131637760
512 53 3159267 3131637760
512 54 3158977 3131637760
512 55 3159043 3131637760
512 56 3158483 3131637760
512 57 3159292 3131637760
512 58 3158095 3131637760
512 59 3158502 3131637760
512 60 3159053 3131637760
512 61 3159351 3131637760
512 62 3159018 3131637760
512 63 3158874 3131637760
512 64 3159031 3131637760
512 65 3158754 3131637760
512 66 3158982 3131637760
512 67 3158186 3131637760
512 68 3159089 3131637760
512 69 3158311 3131637760
512 70 3158616 3131637760
512 71 3158391 3131637760
512 72 3159774 3131637760
512 73 3158484 3131637760
512 74 3158538 3131637760
512 75 3158876 3131637760
512 76 3159351 3131637760
512 77 3158108 3131637760
512 78 3158297 3131637760
512 79 3158244 3131637760
512 80 3158636 3131637760
512 81 3158788 3131637760
512 82 3159297 3131637760
512 83 3159096 3131637760
512 84 3158821 3131637760
512 85 3158996 3131637760
512 86 3158520 3131637760
512 87 3159546 3131637760
512 88 3159654 3131637760
512 89 3158527 3131637760
512 90 3159095 3131637760
512 91 3158161 3131637760
512 92 3158416 3131637760
512 93 3158617 3131637760
512 94 3158048 3131637760
512 95 3157826 3131637760
512 96 3158963 3131637760
512 97 3159496 3131637760
512 98 3159986 3131637760
512 99 3159001 3131637760
512 100 3158604 3131637760
512 101 3158993 3131637760
512 102 3159224 3131637760
512 103 3159530 3131637760
512 104 3159518 3131637760
512 105 3158959 3131637760
512 106 3158474 3131637760
512 107 3159639 3131637760
512 108 3157939 3131637760
512 109 3158660 3131637760
512 110 3158891 3131637760
512 111 3158930 3131637760
512 112 3158820 3131637760
512 113 3158397 3131637760
512 114 3158813 3131637760
512 115 3159060 3131637760
512 116 3158841 3131637760
512 117 3158600 3131637760
512 118 3158481 3131637760
512 119 3159144 3131637760
512 120 3158889 3131637760
512 121 3158390 3131637760
512 122 3159108 3131637760
512 123 3158468 3131637760
512 124 3158719 3131637760
512 125 3158808 3131637760
512 126 3159346 3131637760
512 127 3158717 3131637760
512 128 3158245 3131637760
512 129 3158711 3131637760
512 130 3158959 3131637760
512 131 3159176 3131637760
512 132 3160600 3131637760
512 133 3158118 3131637760
512 134 3158363 3131637760
512 135 3159231 3131637760
512 136 3158805 3131637760
512 137 3157350 3131637760
512 138 3159287 3131637760
512 139 3158624 3131637760
512 140 3159113 3131637760
512 141 3158702 3131637760
512 142 3158769 3131637760
512 143 3158922 3131637760
512 144 3158426 3131637760
512 145 3158369 3131637760
512 146 3159355 3131637760
512 147 3158580 3131637760
512 148 3158130 3131637760
512 149 3158434 3131637760
512 150 3159035 3131637760
512 151 3158155 3131637760
512 152 3159133 3131637760
512 153 3158599 3131637760
512 154 3158532 3131637760
512 155 3158737 3131637760
512 156 3158878 3131637760
512 157 3158357 3131637760
512 158 3158235 3131637760
512 159 3158883 3131637760
512 160 3158687 3131637760
512 161 3158774 3131637760
512 162 3158591 3131637760
512 163 3159290 3131637760
512 164 3158334 3131637760
512 165 3158913 3131637760
512 166 3157556 3131637760
512 167 3159312 3131637760
512 168 3158839 3131637760
512 169 3158610 3131637760
512 170 3159008 3131637760
512 171 3159041 3131637760
512 172 3158146 3131637760
512 173 3158813 3131637760
512 174 3158255 3131637760
512 175 3159242 3131637760
512 176 3158905 3131637760
512 177 3158497 3131637760
512 178 3159278 3131637760
512 179 3157618 3131637760
512 180 3159264 3131637760
512 181 3158523 3131637760
512 182 3158250 3131637760
512 183 3159540 3131637760
512 184 3158322 3131637760
512 185 3159005 3131637760
512 186 3158945 3131637760
512 187 3159429 3131637760
512 188 3158517 3131637760
512 189 3158054 3131637760
512 190 3157982 3131637760
512 191 3159133 3131637760
512 192 3158894 3131637760
512 193 3158605 3131637760
512 194 3158849 3131637760
512 195 3158930 3131637760
512 196 3158883 3131637760
512 197 3158699 3131637760
512 198 3158403 3131637760
512 199 3158483 3131637760
512 200 3158032 3131637760
512 201 3159216 3131637760
512 202 3159065 3131637760
512 203 3158934 3131637760
512 204 3159130 3131637760
512 205 3158836 3131637760
512 206 3158852 3131637760
512 207 3159436 3131637760
512 208 3158390 3131637760
512 209 3157820 3131637760
512 210 3159603 3131637760
512 211 3158808 3131637760
512 212 3158294 3131637760
512 213 3158549 3131637760
512 214 3158828 3131637760
512 215 3158794 3131637760
512 216 3158915 3131637760
512 217 3158996 3131637760
512 218 3159213 3131637760
512 219 3158599 3131637760
512 220 3158701 3131637760
512 221 3158841 3131637760
512 222 3159796 3131637760
512 223 3159071 3131637760
512 224 3158980 3131637760
512 225 3158615 3131637760
512 226 3158483 3131637760
512 227 3158600 3131637760
512 228 3158424 3131637760
512 229 3158405 3131637760
512 230 3158305 3131637760
512 231 3159304 3131637760
512 232 3159566 3131637760
512 233 3158798 3131637760
512 234 3158563 3131637760
512 235 3158483 3131637760
512 236 3158306 3131637760
512 237 3159347 3131637760
512 238 3157946 3131637760
512 239 3159046 3131637760
512 240 3159154 3131637760
512 241 3158670 3131637760
512 242 3159215 3131637760
512 243 3158852 3131637760
512 244 3158690 3131637760
512 245 3158971 3131637760
512 246 3158836 3131637760
512 247 3159345 3131637760
512 248 3159159 3131637760
512 249 3158208 3131637760
512 250 3159458 3131637760
512 251 3159469 3131637760
512 252 3158636 3131637760
512 253 3158125 3131637760
512 254 3159215 3131637760
512 255 3158324 3131637760
512 256 3159189 3131637760
512 257 3158790 3131637760
512 258 3158849 3131637760
512 259 3158844 3131637760
512 260 3158239 3131637760
512 261 3158485 3131637760
512 262 3158978 3131637760
512 263 3159034 3131637760
512 264 3157744 3131637760
512 265 3158736 3131637760
512 266 3158717 3131637760
512 267 3158186 3131637760
512 268 3158902 3131637760
512 269 3157887 3131637760
512 270 3158176 3131637760
512 271 3158297 3131637760
512 272 3159417 3131637760
512 273 3158543 3131637760
512 274 3158587 3131637760
512 275 3158777 3131637760
512 276 3158437 3131637760
512 277 3159896 3131637760
512 278 3158831 3131637760
512 279 3157935 3131637760
512 280 3157630 3131637760
512 281 3159179 3131637760
512 282 3159317 3131637760
512 283 3158149 3131637760
512 284 3158805 3131637760
512 285 3159395 3131637760
512 286 3158471 3131637760
512 287 3159121 3131637760
512 288 3158693 3131637760
512 289 3158173 3131637760
512 290 3158522 3131637760
512 291 3158822 3131637760
512 292 3157730 3131637760
512 293 3159120 3131637760
512 294 3159177 3131637760
512 295 3158185 3131637760
512 296 3159038 3131637760
512 297 3158925 3131637760
512 298 3158508 3131637760
512 299 3159450 3131637760
512 300 3158853 3131637760
512 301 3159018 3131637760
512 302 3159002 3131637760
512 303 3158431 3131637760
512 304 3159709 3131637760
512 305 3158505 3131637760
512 306 3158085 3131637760
512 307 3158314 3131637760
512 308 3159257 3131637760
512 309 3157471 3131637760
512 310 3158842 3131637760
512 311 3158699 3131637760
512 312 3158562 3131637760
512 313 3159622 3131637760
512 314 3158568 3131637760
512 315 3159518 3131637760
512 316 3158681 3131637760
512 317 3158577 3131637760
512 318 3159374 3131637760
512 319 3158511 3131637760
512 320 3158094 3131637760
512 321 3158950 3131637760
512 322 3158207 3131637760
512 323 3158731 3131637760
512 324 3159433 3131637760
512 325 3159819 3131637760
512 326 3158807 3131637760
512 327 3158905 3131637760
512 328 3159193 3131637760
512 329 3159108 3131637760
512 330 3158721 3131637760
512 331 3159161 3131637760
512 332 3159201 3131637760
512 333 3159294 3131637760
512 334 3158934 3131637760
512 335 3158980 3131637760
512 336 3158582 3131637760
512 337 3159553 3131637760
512 338 3158583 3131637760
512 339 3158632 3131637760
512 340 3159517 3131637760
512 341 3158817 3131637760
512 342 3159239 3131637760
512 343 3158478 3131637760
512 344 3159147 3131637760
512 345 3158826 3131637760
512 346 3158643 3131637760
512 347 3158457 3131637760
512 348 3158469 3131637760
512 349 3159349 3131637760
512 350 3158701 3131637760
512 351 3158843 3131637760
512 352 3158615 3131637760
512 353 3158979 3131637760
512 354 3158748 3131637760
512 355 3158922 3131637760
512 356 3158796 3131637760
512 357 3159023 3131637760
512 358 3158223 3131637760
512 359 3158589 3131637760
512 360 3158119 3131637760
512 361 3159870 3131637760
512 362 3158590 3131637760
512 363 3159518 3131637760
512 364 3158434 3131637760
512 365 3158146 3131637760
512 366 3158451 3131637760
512 367 3159551 3131637760
512 368 3159322 3131637760
512 369 3158493 3131637760
512 370 3158737 3131637760
512 371 3159188 3131637760
512 372 3158394 3131637760
512 373 3159073 3131637760
512 374 3159668 3131637760
512 375 3158873 3131637760
512 376 3159345 3131637760
512 377 3158052 3131637760
512 378 3157218 3131637760
512 379 3158553 3131637760
512 380 3159747 3131637760
512 381 3158829 3131637760
512 382 3159391 3131637760
512 383 3158579 3131637760
512 384 3158409 3131637760
512 385 3159538 3131637760
512 386 3159191 3131637760
512 387 3159175 3131637760
512 388 3158876 3131637760
512 389 3158603 3131637760
512 390 3158466 3131637760
512 391 3158836 3131637760
512 392 3158699 3131637760
512 393 3158757 3131637760
512 394 3158779 3131637760
512 395 3158816 3131637760
512 396 3159080 3131637760
512 397 3159100 3131637760
512 398 3159191 3131637760
512 399 3158910 3131637760
512 400 3159483 3131637760
512 401 3158520 3131637760
512 402 3159308 3131637760
512 403 3157556 3131637760
512 404 3158201 3131637760
512 405 3158179 3131637760
512 406 3158515 3131637760
512 407 3158878 3131637760
512 408 3158455 3131637760
512 409 3158650 3131637760
512 410 3158471 3131637760
512 411 3158589 3131637760
512 412 3157737 3131637760
512 413 3158785 3131637760
512 414 3159166 3131637760
512 415 3158938 3131637760
512 416 3158480 3131637760
512 417 3159231 3131637760
512 418 3158528 3131637760
512 419 3159213 3131637760
512 420 3158774 3131637760
512 421 3158108 3131637760
512 422 3158734 3131637760
512 423 3159352 3131637760
512 424 3159330 3131637760
512 425 3159077 3131637760
512 426 3159095 3131637760
512 427 3158369 3131637760
512 428 3158385 3131637760
512 429 3159120 3131637760
512 430 3158753 3131637760
512 431 3159450 3131637760
512 432 3158570 3131637760
512 433 3159092 3131637760
512 434 3158940 3131637760
512 435 3158851 3131637760
512 436 3158889 3131637760
512 437 3158575 3131637760
512 438 3159190 3131637760
512 439 3158801 3131637760
512 440 3158420 3131637760
512 441 3158827 3131637760
512 442 3159729 3131637760
512 443 3158452 3131637760
512 444 3158846 3131637760
512 445 3157923 3131637760
512 446 3158688 3131637760
512 447 3158748 3131637760
512 448 3159036 3131637760
512 449 3158295 3131637760
512 450 3158931 3131637760
512 451 3159381 3131637760
512 452 3158652 3131637760
512 453 3159297 3131637760
512 454 3159303 3131637760
512 455 3158986 3131637760
512 456 3158129 3131637760
512 457 3158279 3131637760
512 458 3158496 3131637760
512 459 3158647 3131637760
512 460 3159451 3131637760
512 461 3158416 3131637760
512 462 3159072 3131637760
512 463 3158751 3131637760
512 464 3159511 3131637760
512 465 3158517 3131637760
512 466 3159662 3131637760
512 467 3158036 3131637760
512 468 3158352 3131637760
512 469 3158430 3131637760
512 470 3158848 3131637760
512 471 3158892 3131637760
512 472 3158997 3131637760
512 473 3158350 3131637760
512 474 3158775 3131637760
512 475 3158943 3131637760
512 476 3158780 3131637760
512 477 3159098 3131637760
512 478 3159518 3131637760
512 479 3159802 3131637760
512 480 3158916 3131637760
512 481 3158280 3131637760
512 482 3158794 3131637760
512 483 3159238 3131637760
512 484 3158895 3131637760
512 485 3158557 3131637760
512 486 3158208 3131637760
512 487 3159204 3131637760
512 488 3158560 3131637760
512 489 3159673 3131637760
512 490 3158524 3131637760
512 491 3159415 3131637760
512 492 3159163 3131637760
512 493 3159145 3131637760
512 494 3158654 3131637760
512 495 3158531 3131637760
512 496 3159179 3131637760
512 497 3158738 3131637760
512 498 3158425 3131637760
512 499 3158949 3131637760
512 500 3158643 3131637760
512 501 3160209 3131637760
512 502 3158773 3131637760
512 503 3158702 3131637760
512 504 3158418 3131637760
512 505 3159617 3131637760
512 506 3159627 3131637760
512 507 3158266 3131637760
512 508 3159268 3131637760
512 509 3158076 3131637760
512 510 3158420 3131637760
512 511 3159245 3131637760
512 512 3158168 3131637760
512 513 3159280 3131637760
512 514 3158696 3131637760
512 515 3158468 3131637760
512 516 3159079 3131637760
512 517 3158627 3131637760
512 518 3158868 3131637760
512 519 3158823 3131637760
512 520 3159099 3131637760
512 521 3157825 3131637760
512 522 3158260 3131637760
512 523 3159033 3131637760
512 524 3158649 3131637760
512 525 3159299 3131637760
512 526 3158423 3131637760
512 527 3158953 3131637760
512 528 3159538 3131637760
512 529 3158994 3131637760
512 530 3158869 3131637760
512 531 3158549 3131637760
512 532 3159189 3131637760
512 533 3157788 3131637760
512 534 3158941 3131637760
512 535 3159158 3131637760
512 536 3158505 3131637760
512 537 3158700 3131637760
512 538 3158242 3131637760
512 539 3159232 3131637760
512 540 3158913 3131637760
512 541 3158958 3131637760
512 542 3158475 3131637760
512 543 3158275 3131637760
512 544 3158558 3131637760
512 545 3159342 3131637760
512 546 3159413 3131637760
512 547 3159065 3131637760
512 548 3159262 3131637760
512 549 3158945 3131637760
512 550 3158269 3131637760
512 551 3158962 3131637760
512 552 3158803 3131637760
512 553 3158496 3131637760
512 554 3159202 3131637760
512 555 3158708 3131637760
512 556 3158676 3131637760
512 557 3158487 3131637760
512 558 3158928 3131637760
512 559 3159975 3131637760
512 560 3158675 3131637760
512 561 3158515 3131637760
512 562 3158288 3131637760
512 563 3159333 3131637760
512 564 3159497 3131637760
512 565 3158364 3131637760
512 566 3158874 3131637760
512 567 3159884 3131637760
512 568 3158779 3131637760
512 569 3158312 3131637760
512 570 3158927 3131637760
512 571 3159241 3131637760
512 572 3159518 3131637760
512 573 3159348 3131637760
512 574 3159142 3131637760
512 575 3157922 3131637760
512 576 3158893 3131637760
512 577 3159678 3131637760
512 578 3158732 3131637760
512 579 3158651 3131637760
512 580 3158558 3131637760
512 581 3158999 3131637760
512 582 3159273 3131637760
512 583 3158784 3131637760
512 584 3158654 3131637760
512 585 3158393 3131637760
512 586 3158557 3131637760
512 587 3159074 3131637760
512 588 3158906 3131637760
512 589 3158416 3131637760
512 590 3159305 3131637760
512 591 3157760 3131637760
512 592 3158413 3131637760
512 593 3158646 3131637760
512 594 3158653 3131637760
512 595 3159399 3131637760
512 596 3158368 3131637760
512 597 3158977 3131637760
512 598 3157725 3131637760
512 599 3158964 3131637760
512 600 3158420 3131637760
512 601 3158651 3131637760
512 602 3158578 3131637760
512 603 3158698 3131637760
512 604 3159200 3131637760
512 605 3158775 3131637760
512 606 3157915 3131637760
512 607 3158823 3131637760
512 608 3158008 3131637760
512 609 3157825 3131637760
512 610 3158801 3131637760
512 611 3159455 3131637760
512 612 3159031 3131637760
512 613 3158897 3131637760
512 614 3158156 3131637760
512 615 3159435 3131637760
512 616 3159495 3131637760
512 617 3158665 3131637760
512 618 3158874 3131637760
512 619 3158981 3131637760
512 620 3158328 3131637760
512 621 3159265 3131637760
512 622 3159348 3131637760
512 623 3158866 3131637760
512 624 3158916 3131637760
512 625 3158908 3131637760
512 626 3158562 3131637760
512 627 3159073 3131637760
512 628 3158906 3131637760
512 629 3158683 3131637760
512 630 3158757 3131637760
512 631 3158586 3131637760
512 632 3158849 3131637760
512 633 3159122 3131637760
512 634 3158791 3131637760
512 635 3158841 3131637760
512 636 3157914 3131637760
512 637 3160131 3131637760
512 638 3159195 3131637760
512 639 3158602 3131637760
512 640 3158825 3131637760
512 641 3158140 3131637760
512 642 3159412 3131637760
512 643 3158094 3131637760
512 644 3158529 3131637760
512 645 3158289 3131637760
512 646 3158492 3131637760
512 647 3158077 3131637760
512 648 3158364 3131637760
512 649 3158638 3131637760
512 650 3158642 3131637760
512 651 3158857 3131637760
512 652 3158878 3131637760
512 653 3158980 3131637760
512 654 3159124 3131637760
512 655 3159271 3131637760
512 656 3159789 3131637760
512 657 3158349 3131637760
512 658 3159377 3131637760
512 659 3159244 3131637760
512 660 3158122 3131637760
512 661 3158487 3131637760
512 662 3158991 3131637760
512 663 3158761 3131637760
512 664 3158862 3131637760
512 665 3158031 3131637760
512 666 3158776 3131637760
512 667 3158057 3131637760
512 668 3158715 3131637760
512 669 3158466 3131637760
512 670 3159237 3131637760
512 671 3158789 3131637760
512 672 3158972 3131637760
512 673 3159293 3131637760
512 674 3159166 3131637760
512 675 3159417 3131637760
512 676 3158900 3131637760
512 677 3158564 3131637760
512 678 3158741 3131637760
512 679 3160551 3131637760
512 680 3158298 3131637760
512 681 3159006 3131637760
512 682 3158830 3131637760
512 683 3159700 3131637760
512 684 3159073 3131637760
512 685 3159249 3131637760
512 686 3159206 3131637760
512 687 3157925 3131637760
512 688 3158791 3131637760
512 689 3158634 3131637760
512 690 3158648 3131637760
512 691 3158381 3131637760
512 692 3159874 3131637760
512 693 3159891 3131637760
512 694 3159272 3131637760
512 695 3159304 3131637760
512 696 3158160 3131637760
512 697 3158745 3131637760
512 698 3158639 3131637760
512 699 3159096 3131637760
512 700 3158111 3131637760
512 701 3158070 3131637760
512 702 3159126 3131637760
512 703 3159127 3131637760
512 704 3158849 3131637760
512 705 3159087 3131637760
512 706 3158946 3131637760
512 707 3158658 3131637760
512 708 3158452 3131637760
512 709 3159241 3131637760
512 710 3158800 3131637760
512 711 3158697 3131637760
512 712 3159231 3131637760
512 713 3159084 3131637760
512 714 3158358 3131637760
512 715 3159464 3131637760
512 716 3158848 3131637760
512 717 3159277 3131637760
512 718 3158190 3131637760
512 719 3159369 3131637760
512 720 3158251 3131637760
512 721 3158500 3131637760
512 722 3159996 3131637760
512 723 3159716 3131637760
512 724 3159093 3131637760
512 725 3159075 3131637760
512 726 3159019 3131637760
512 727 3158776 3131637760
512 728 3158030 3131637760
512 729 3158853 3131637760
512 730 3159762 3131637760
512 731 3159017 3131637760
512 732 3158725 3131637760
512 733 3159085 3131637760
512 734 3159070 3131637760
512 735 3159656 3131637760
512 736 3159361 3131637760
512 737 3157791 3131637760
512 738 3158722 3131637760
512 739 3158629 3131637760
512 740 3158781 3131637760
512 741 3159319 3131637760
512 742 3158849 3131637760
512 743 3158265 3131637760
512 744 3158938 3131637760
512 745 3158708 3131637760
512 746 3158856 3131637760
512 747 3158117 3131637760
512 748 3159217 3131637760
512 749 3158901 3131637760
512 750 3158288 3131637760
512 751 3159039 3131637760
512 752 3158731 3131637760
512 753 3159631 3131637760
512 754 3159056 3131637760
512 755 3158303 3131637760
512 756 3158433 3131637760
512 757 3159054 3131637760
512 758 3158865 3131637760
512 759 3160079 3131637760
512 760 3159107 3131637760
512 761 3158652 3131637760
512 762 3158140 3131637760
512 763 3158089 3131637760
512 764 3157980 3131637760
512 765 3158476 3131637760
512 766 3158691 3131637760
512 767 3158523 3131637760
512 768 3159175 3131637760
512 769 3158875 3131637760
512 770 3158568 3131637760
512 771 3158441 3131637760
512 772 3158764 3131637760
512 773 3158541 3131637760
512 774 3158360 3131637760
512 775 3159747 3131637760
512 776 3158601 3131637760
512 777 3159425 3131637760
512 778 3159117 3131637760
512 779 3158511 3131637760
512 780 3157855 3131637760
512 781 3157490 3131637760
512 782 3158998 3131637760
512 783 3159442 3131637760
512 784 3159085 3131637760
512 785 3158914 3131637760
512 786 3158513 3131637760
512 787 3158535 3131637760
512 788 3159792 3131637760
512 789 3158930 3131637760
512 790 3159136 3131637760
512 791 3158593 3131637760
512 792 3158395 3131637760
512 793 3158960 3131637760
512 794 3159537 3131637760
512 795 3158977 3131637760
512 796 3159517 3131637760
512 797 3158527 3131637760
512 798 3158188 3131637760
512 799 3159272 3131637760
512 800 3159644 3131637760
512 801 3159141 3131637760
512 802 3158325 3131637760
512 803 3158918 3131637760
512 804 3159551 3131637760
512 805 3157700 3131637760
512 806 3159154 3131637760
512 807 3158526 3131637760
512 808 3159453 3131637760
512 809 3159617 3131637760
512 810 3158990 3131637760
512 811 3159038 3131637760
512 812 3159115 3131637760
512 813 3158040 3131637760
512 814 3158002 3131637760
512 815 3158770 3131637760
512 816 3158405 3131637760
512 817 3158472 3131637760
512 818 3158538 3131637760
512 819 3158878 3131637760
512 820 3158478 3131637760
512 821 3159050 3131637760
512 822 3158828 3131637760
512 823 3159632 3131637760
512 824 3159760 3131637760
512 825 3158978 3131637760
512 826 3158128 3131637760
512 827 3157089 3131637760
512 828 3159284 3131637760
512 829 3158294 3131637760
512 830 3158161 3131637760
512 831 3157681 3131637760
512 832 3159059 3131637760
512 833 3159122 3131637760
512 834 3158945 3131637760
512 835 3158438 3131637760
512 836 3158745 3131637760
512 837 3157872 3131637760
512 838 3158948 3131637760
512 839 3158818 3131637760
512 840 3160347 3131637760
512 841 3159473 3131637760
512 842 3159084 3131637760
512 843 3159134 3131637760
512 844 3158213 3131637760
512 845 3158611 3131637760
512 846 3158438 3131637760
512 847 3158674 3131637760
512 848 3159434 3131637760
512 849 3159311 3131637760
512 850 3158925 3131637760
512 851 3159401 3131637760
512 852 3159228 3131637760
512 853 3158697 3131637760
512 854 3158702 3131637760
512 855 3159020 3131637760
512 856 3158936 3131637760
512 857 3159221 3131637760
512 858 3159415 3131637760
512 859 3158133 3131637760
512 860 3158079 3131637760
512 861 3158916 3131637760
512 862 3159395 3131637760
512 863 3159215 3131637760
512 864 3158649 3131637760
512 865 3158465 3131637760
512 866 3158326 3131637760
512 867 3158965 3131637760
512 868 3158830 3131637760
512 869 3158951 3131637760
512 870 3158042 3131637760
512 871 3158632 3131637760
512 872 3158405 3131637760
512 873 3158568 3131637760
512 874 3158956 3131637760
512 875 3159056 3131637760
512 876 3159229 3131637760
512 877 3159139 3131637760
512 878 3158312 3131637760
512 879 3158428 3131637760
512 880 3159420 3131637760
512 881 3157453 3131637760
512 882 3158423 3131637760
512 883 3159124 3131637760
512 884 3159103 3131637760
512 885 3159136 3131637760
512 886 3158634 3131637760
512 887 3158059 3131637760
512 888 3159127 3131637760
512 889 3158239 3131637760
512 890 3159018 3131637760
512 891 3159918 3131637760
512 892 3159196 3131637760
512 893 3157970 3131637760
512 894 3159443 3131637760
512 895 3158731 3131637760
512 896 3158713 3131637760
512 897 3159048 3131637760
512 898 3159756 3131637760
512 899 3158692 3131637760
512 900 3159670 3131637760
512 901 3159270 3131637760
512 902 3158850 3131637760
512 903 3158533 3131637760
512 904 3158221 3131637760
512 905 3157534 3131637760
512 906 3158929 3131637760
512 907 3158565 3131637760
512 908 3159272 3131637760
512 909 3159130 3131637760
512 910 3158519 3131637760
512 911 3157666 3131637760
512 912 3158419 3131637760
512 913 3159327 3131637760
512 914 3158991 3131637760
512 915 3159625 3131637760
512 916 3159254 3131637760
512 917 3159702 3131637760
512 918 3158425 3131637760
512 919 3159213 3131637760
512 920 3158378 3131637760
512 921 3158669 3131637760
512 922 3159481 3131637760
512 923 3158373 3131637760
512 924 3159162 3131637760
512 925 3158595 3131637760
512 926 3159007 3131637760
512 927 3158548 3131637760
512 928 3159011 3131637760
512 929 3158236 3131637760
512 930 3158303 3131637760
512 931 3159933 3131637760
512 932 3157648 3131637760
512 933 3159018 3131637760
512 934 3159198 3131637760
512 935 3158512 3131637760
512 936 3159493 3131637760
512 937 3159565 3131637760
512 938 3158412 3131637760
512 939 3158442 3131637760
512 940 3158582 3131637760
512 941 3159377 3131637760
512 942 3157980 3131637760
512 943 3159378 3131637760
512 944 3158865 3131637760
512 945 3159860 3131637760
512 946 3158348 3131637760
512 947 3158829 3131637760
512 948 3158195 3131637760
512 949 3158953 3131637760
512 950 3158975 3131637760
512 951 3158385 3131637760
512 952 3158630 3131637760
512 953 3157854 3131637760
512 954 3159050 3131637760
512 955 3159094 3131637760
512 956 3158313 3131637760
512 957 3158786 3131637760
512 958 3159147 3131637760
512 959 3158654 3131637760
512 960 3159461 3131637760
512 961 3159799 3131637760
512 962 3159295 3131637760
512 963 3158291 3131637760
512 964 3158828 3131637760
512 965 3158378 3131637760
512 966 3158449 3131637760
512 967 3158840 3131637760
512 968 3158417 3131637760
512 969 3158937 3131637760
512 970 3158161 3131637760
512 971 3158999 3131637760
512 972 3159097 3131637760
512 973 3158808 3131637760
512 974 3159609 3131637760
512 975 3159221 3131637760
512 976 3158060 3131637760
512 977 3157705 3131637760
512 978 3159985 3131637760
512 979 3159335 3131637760
512 980 3158739 3131637760
512 981 3159013 3131637760
512 982 3158408 3131637760
512 983 3158295 3131637760
512 984 3158672 3131637760
512 985 3159434 3131637760
512 986 3158293 3131637760
512 987 3159360 3131637760
512 988 3158591 3131637760
512 989 3158882 3131637760
512 990 3159273 3131637760
512 991 3158794 3131637760
512 992 3159604 3131637760
512 993 3158930 3131637760
512 994 3158067 3131637760
512 995 3159285 3131637760
512 996 3159033 3131637760
512 997 3159226 3131637760
512 998 3158825 3131637760
512 999 3158575 3131637760
