64 0 51387 7513088
64 1 49286 7513088
64 2 49289 7513088
64 3 49289 7513088
64 4 49289 7513088
64 5 49289 7513088
64 6 49287 7513088
64 7 49289 7513088
64 8 49289 7513088
64 9 49289 7513088
64 10 49289 7513088
64 11 49289 7513088
64 12 49287 7513088
64 13 49289 7513088
64 14 49289 7513088
64 15 49289 7513088
64 16 49289 7513088
64 17 49287 7513088
64 18 49289 7513088
64 19 49289 7513088
64 20 49289 7513088
64 21 49289 7513088
64 22 49289 7513088
64 23 49287 7513088
64 24 49289 7513088
64 25 49289 7513088
64 26 49289 7513088
64 27 49289 7513088
64 28 49289 7513088
64 29 49287 7513088
64 30 49289 7513088
64 31 49289 7513088
64 32 49289 7513088
64 33 49289 7513088
64 34 49287 7513088
64 35 49289 7513088
64 36 49289 7513088
64 37 49289 7513088
64 38 49289 7513088
64 39 49287 7513088
64 40 49289 7513088
64 41 49289 7513088
64 42 49289 7513088
64 43 49289 7513088
64 44 49289 7513088
64 45 49287 7513088
64 46 49289 7513088
64 47 49289 7513088
64 48 49289 7513088
64 49 49289 7513088
64 50 49287 7513088
64 51 49289 7513088
64 52 49289 7513088
64 53 49289 7513088
64 54 49289 7513088
64 55 49287 7513088
64 56 49289 7513088
64 57 49289 7513088
64 58 49289 7513088
64 59 49289 7513088
64 60 49289 7513088
64 61 49287 7513088
64 62 49289 7513088
64 63 49289 7513088
64 64 49289 7513088
64 65 49289 7513088
64 66 49289 7513088
64 67 49287 7513088
64 68 49289 7513088
64 69 49289 7513088
64 70 49289 7513088
64 71 49289 7513088
64 72 49287 7513088
64 73 49289 7513088
64 74 49289 7513088
64 75 49289 7513088
64 76 49289 7513088
64 77 49287 7513088
64 78 49289 7513088
64 79 49289 7513088
64 80 49289 7513088
64 81 49289 7513088
64 82 49289 7513088
64 83 49287 7513088
64 84 49289 7513088
64 85 49289 7513088
64 86 49289 7513088
64 87 49289 7513088
64 88 49287 7513088
64 89 49289 7513088
64 90 49289 7513088
64 91 49289 7513088
64 92 49289 7513088
64 93 49289 7513088
64 94 49287 7513088
64 95 49289 7513088
64 96 49289 7513088
64 97 49289 7513088
64 98 49289 7513088
64 99 49287 7513088
64 100 49289 7513088
64 101 49289 7513088
64 102 49289 7513088
64 103 49289 7513088
64 104 49289 7513088
64 105 49287 7513088
64 106 49289 7513088
64 107 49289 7513088
64 108 49289 7513088
64 109 49289 7513088
64 110 49287 7513088
64 111 49289 7513088
64 112 49289 7513088
64 113 49289 7513088
64 114 49289 7513088
64 115 49287 7513088
64 116 49289 7513088
64 117 49289 7513088
64 118 49289 7513088
64 119 49289 7513088
64 120 49287 7513088
64 121 49289 7513088
64 122 49289 7513088
64 123 49289 7513088
64 124 49289 7513088
64 125 49289 7513088
64 126 49287 7513088
64 127 49289 7513088
64 128 49289 7513088
64 129 49289 7513088
64 130 49289 7513088
64 131 49287 7513088
64 132 49289 7513088
64 133 49289 7513088
64 134 49289 7513088
64 135 49289 7513088
64 136 49287 7513088
64 137 49289 7513088
64 138 49289 7513088
64 139 49289 7513088
64 140 49289 7513088
64 141 49287 7513088
64 142 49289 7513088
64 143 49289 7513088
64 144 49289 7513088
64 145 49289 7513088
64 146 49287 7513088
64 147 49289 7513088
64 148 49289 7513088
64 149 49289 7513088
64 150 49289 7513088
64 151 49287 7513088
64 152 49289 7513088
64 153 49289 7513088
64 154 49289 7513088
64 155 49289 7513088
64 156 49289 7513088
64 157 49287 7513088
64 158 49289 7513088
64 159 49289 7513088
64 160 49289 7513088
64 161 49289 7513088
64 162 49287 7513088
64 163 49289 7513088
64 164 49289 7513088
64 165 49289 7513088
64 166 49289 7513088
64 167 49287 7513088
64 168 49289 7513088
64 169 49289 7513088
64 170 49289 7513088
64 171 49289 7513088
64 172 49287 7513088
64 173 49289 7513088
64 174 49289 7513088
64 175 49289 7513088
64 176 49289 7513088
64 177 49287 7513088
64 178 49289 7513088
64 179 49289 7513088
64 180 49289 7513088
64 181 49289 7513088
64 182 49455 7513088
64 183 49289 7513088
64 184 49289 7513088
64 185 49289 7513088
64 186 49289 7513088
64 187 49289 7513088
64 188 49287 7513088
64 189 49289 7513088
64 190 49289 7513088
64 191 49289 7513088
64 192 49289 7513088
64 193 49287 7513088
64 194 49289 7513088
64 195 49289 7513088
64 196 49289 7513088
64 197 49289 7513088
64 198 49287 7513088
64 199 49289 7513088
64 200 49289 7513088
64 201 49289 7513088
64 202 49289 7513088
64 203 49289 7513088
64 204 49287 7513088
64 205 49289 7513088
64 206 49289 7513088
64 207 49289 7513088
64 208 49289 7513088
64 209 49287 7513088
64 210 49289 7513088
64 211 49289 7513088
64 212 49289 7513088
64 213 49289 7513088
64 214 49287 7513088
64 215 49289 7513088
64 216 49289 7513088
64 217 49289 7513088
64 218 49289 7513088
64 219 49289 7513088
64 220 49287 7513088
64 221 49289 7513088
64 222 49289 7513088
64 223 49289 7513088
64 224 49289 7513088
64 225 49287 7513088
64 226 49289 7513088
64 227 49289 7513088
64 228 49289 7513088
64 229 49289 7513088
64 230 49287 7513088
64 231 49289 7513088
64 232 49289 7513088
64 233 49289 7513088
64 234 49289 7513088
64 235 49287 7513088
64 236 49289 7513088
64 237 49289 7513088
64 238 49289 7513088
64 239 49289 7513088
64 240 49287 7513088
64 241 49289 7513088
64 242 49289 7513088
64 243 49289 7513088
64 244 49289 7513088
64 245 49445 7513088
64 246 49289 7513088
64 247 49289 7513088
64 248 49289 7513088
64 249 49289 7513088
64 250 49289 7513088
64 251 49287 7513088
64 252 49289 7513088
64 253 49289 7513088
64 254 49289 7513088
64 255 49289 7513088
64 256 49287 7513088
64 257 49289 7513088
64 258 49289 7513088
64 259 49289 7513088
64 260 49289 7513088
64 261 49287 7513088
64 262 49289 7513088
64 263 49289 7513088
64 264 49289 7513088
64 265 49289 7513088
64 266 49287 7513088
64 267 49289 7513088
64 268 49289 7513088
64 269 49289 7513088
64 270 49289 7513088
64 271 49287 7513088
64 272 49289 7513088
64 273 49289 7513088
64 274 49289 7513088
64 275 49289 7513088
64 276 49444 7513088
64 277 49289 7513088
64 278 49289 7513088
64 279 49289 7513088
64 280 49289 7513088
64 281 49289 7513088
64 282 49287 7513088
64 283 49289 7513088
64 284 49289 7513088
64 285 49289 7513088
64 286 49289 7513088
64 287 49287 7513088
64 288 49289 7513088
64 289 49289 7513088
64 290 49289 7513088
64 291 49289 7513088
64 292 49287 7513088
64 293 49289 7513088
64 294 49289 7513088
64 295 49289 7513088
64 296 49289 7513088
64 297 49287 7513088
64 298 49289 7513088
64 299 49289 7513088
64 300 49289 7513088
64 301 49289 7513088
64 302 49287 7513088
64 303 49289 7513088
64 304 49289 7513088
64 305 49289 7513088
64 306 49289 7513088
64 307 49289 7513088
64 308 49287 7513088
64 309 49289 7513088
64 310 49289 7513088
64 311 49289 7513088
64 312 49289 7513088
64 313 49287 7513088
64 314 49289 7513088
64 315 49289 7513088
64 316 49289 7513088
64 317 49289 7513088
64 318 49287 7513088
64 319 49289 7513088
64 320 49289 7513088
64 321 49289 7513088
64 322 49289 7513088
64 323 49289 7513088
64 324 49287 7513088
64 325 49289 7513088
64 326 49289 7513088
64 327 49289 7513088
64 328 49289 7513088
64 329 49287 7513088
64 330 49289 7513088
64 331 49289 7513088
64 332 49289 7513088
64 333 49289 7513088
64 334 49287 7513088
64 335 49289 7513088
64 336 49289 7513088
64 337 49289 7513088
64 338 49289 7513088
64 339 49446 7513088
64 340 49289 7513088
64 341 49289 7513088
64 342 49289 7513088
64 343 49289 7513088
64 344 49289 7513088
64 345 49287 7513088
64 346 49289 7513088
64 347 49289 7513088
64 348 49289 7513088
64 349 49289 7513088
64 350 49287 7513088
64 351 49289 7513088
64 352 49289 7513088
64 353 49289 7513088
64 354 49289 7513088
64 355 49287 7513088
64 356 49289 7513088
64 357 49289 7513088
64 358 49289 7513088
64 359 49289 7513088
64 360 49287 7513088
64 361 49289 7513088
64 362 49289 7513088
64 363 49289 7513088
64 364 49289 7513088
64 365 49287 7513088
64 366 49289 7513088
64 367 49289 7513088
64 368 49289 7513088
64 369 49289 7513088
64 370 49448 7513088
64 371 49289 7513088
64 372 49289 7513088
64 373 49289 7513088
64 374 49289 7513088
64 375 49289 7513088
64 376 49287 7513088
64 377 49289 7513088
64 378 49289 7513088
64 379 49289 7513088
64 380 49289 7513088
64 381 49287 7513088
64 382 49289 7513088
64 383 49289 7513088
64 384 49289 7513088
64 385 49289 7513088
64 386 49287 7513088
64 387 49289 7513088
64 388 49289 7513088
64 389 49289 7513088
64 390 49289 7513088
64 391 49287 7513088
64 392 49289 7513088
64 393 49289 7513088
64 394 49289 7513088
64 395 49289 7513088
64 396 49287 7513088
64 397 49289 7513088
64 398 49289 7513088
64 399 49289 7513088
64 400 49289 7513088
64 401 49454 7513088
64 402 49289 7513088
64 403 49289 7513088
64 404 49289 7513088
64 405 49289 7513088
64 406 49289 7513088
64 407 49287 7513088
64 408 49289 7513088
64 409 49289 7513088
64 410 49289 7513088
64 411 49289 7513088
64 412 49287 7513088
64 413 49289 7513088
64 414 49289 7513088
64 415 49289 7513088
64 416 49289 7513088
64 417 49287 7513088
64 418 49289 7513088
64 419 49289 7513088
64 420 49289 7513088
64 421 49289 7513088
64 422 49287 7513088
64 423 49289 7513088
64 424 49289 7513088
64 425 49289 7513088
64 426 49289 7513088
64 427 49289 7513088
64 428 49287 7513088
64 429 49289 7513088
64 430 49289 7513088
64 431 49289 7513088
64 432 49289 7513088
64 433 49287 7513088
64 434 49289 7513088
64 435 49289 7513088
64 436 49289 7513088
64 437 49289 7513088
64 438 49287 7513088
64 439 49289 7513088
64 440 49289 7513088
64 441 49289 7513088
64 442 49289 7513088
64 443 49289 7513088
64 444 49287 7513088
64 445 49289 7513088
64 446 49289 7513088
64 447 49289 7513088
64 448 49289 7513088
64 449 49287 7513088
64 450 49289 7513088
64 451 49289 7513088
64 452 49289 7513088
64 453 49289 7513088
64 454 49287 7513088
64 455 49289 7513088
64 456 49289 7513088
64 457 49289 7513088
64 458 49289 7513088
64 459 49287 7513088
64 460 49289 7513088
64 461 49289 7513088
64 462 49289 7513088
64 463 49289 7513088
64 464 49289 7513088
64 465 49288 7513088
64 466 49289 7513088
64 467 49289 7513088
64 468 49289 7513088
64 469 49289 7513088
64 470 49287 7513088
64 471 49289 7513088
64 472 49289 7513088
64 473 49289 7513088
64 474 49289 7513088
64 475 49287 7513088
64 476 49289 7513088
64 477 49289 7513088
64 478 49289 7513088
64 479 49289 7513088
64 480 49287 7513088
64 481 49289 7513088
64 482 49289 7513088
64 483 49289 7513088
64 484 49289 7513088
64 485 49287 7513088
64 486 49289 7513088
64 487 49289 7513088
64 488 49289 7513088
64 489 49289 7513088
64 490 49287 7513088
64 491 49289 7513088
64 492 49289 7513088
64 493 49289 7513088
64 494 49289 7513088
64 495 49289 7513088
64 496 49287 7513088
64 497 49289 7513088
64 498 49289 7513088
64 499 49289 7513088
64 500 49289 7513088
64 501 49287 7513088
64 502 49289 7513088
64 503 49289 7513088
64 504 49289 7513088
64 505 49289 7513088
64 506 49287 7513088
64 507 49289 7513088
64 508 49289 7513088
64 509 49289 7513088
64 510 49289 7513088
64 511 49287 7513088
64 512 49289 7513088
64 513 49289 7513088
64 514 49289 7513088
64 515 49289 7513088
64 516 49287 7513088
64 517 49289 7513088
64 518 49289 7513088
64 519 49289 7513088
64 520 49289 7513088
64 521 49287 7513088
64 522 49289 7513088
64 523 49289 7513088
64 524 49289 7513088
64 525 49289 7513088
64 526 49289 7513088
64 527 49288 7513088
64 528 49289 7513088
64 529 49289 7513088
64 530 49289 7513088
64 531 49289 7513088
64 532 49287 7513088
64 533 49289 7513088
64 534 49289 7513088
64 535 49289 7513088
64 536 49289 7513088
64 537 49287 7513088
64 538 49289 7513088
64 539 49289 7513088
64 540 49289 7513088
64 541 49289 7513088
64 542 49287 7513088
64 543 49289 7513088
64 544 49289 7513088
64 545 49289 7513088
64 546 49289 7513088
64 547 49289 7513088
64 548 49287 7513088
64 549 49289 7513088
64 550 49289 7513088
64 551 49289 7513088
64 552 49289 7513088
64 553 49287 7513088
64 554 49289 7513088
64 555 49289 7513088
64 556 49289 7513088
64 557 49289 7513088
64 558 49287 7513088
64 559 49289 7513088
64 560 49289 7513088
64 561 49289 7513088
64 562 49289 7513088
64 563 49289 7513088
64 564 49287 7513088
64 565 49289 7513088
64 566 49289 7513088
64 567 49289 7513088
64 568 49289 7513088
64 569 49287 7513088
64 570 49289 7513088
64 571 49289 7513088
64 572 49289 7513088
64 573 49289 7513088
64 574 49287 7513088
64 575 49289 7513088
64 576 49289 7513088
64 577 49289 7513088
64 578 49289 7513088
64 579 49287 7513088
64 580 49289 7513088
64 581 49289 7513088
64 582 49289 7513088
64 583 49289 7513088
64 584 49287 7513088
64 585 49289 7513088
64 586 49289 7513088
64 587 49289 7513088
64 588 49289 7513088
64 589 49289 7513088
64 590 49287 7513088
64 591 49289 7513088
64 592 49289 7513088
64 593 49289 7513088
64 594 49289 7513088
64 595 49287 7513088
64 596 49289 7513088
64 597 49289 7513088
64 598 49289 7513088
64 599 49289 7513088
64 600 49287 7513088
64 601 49289 7513088
64 602 49289 7513088
64 603 49289 7513088
64 604 49289 7513088
64 605 49287 7513088
64 606 49289 7513088
64 607 49289 7513088
64 608 49289 7513088
64 609 49289 7513088
64 610 49287 7513088
64 611 49289 7513088
64 612 49289 7513088
64 613 49289 7513088
64 614 49289 7513088
64 615 49287 7513088
64 616 49289 7513088
64 617 49289 7513088
64 618 49289 7513088
64 619 49289 7513088
64 620 49289 7513088
64 621 49287 7513088
64 622 49289 7513088
64 623 49289 7513088
64 624 49289 7513088
64 625 49289 7513088
64 626 49287 7513088
64 627 49289 7513088
64 628 49289 7513088
64 629 49289 7513088
64 630 49289 7513088
64 631 49287 7513088
64 632 49289 7513088
64 633 49289 7513088
64 634 49289 7513088
64 635 49289 7513088
64 636 49287 7513088
64 637 49289 7513088
64 638 49289 7513088
64 639 49289 7513088
64 640 49289 7513088
64 641 49287 7513088
64 642 49289 7513088
64 643 49289 7513088
64 644 49289 7513088
64 645 49289 7513088
64 646 49287 7513088
64 647 49289 7513088
64 648 49289 7513088
64 649 49289 7513088
64 650 49289 7513088
64 651 49289 7513088
64 652 49287 7513088
64 653 49289 7513088
64 654 49289 7513088
64 655 49289 7513088
64 656 49289 7513088
64 657 49287 7513088
64 658 49289 7513088
64 659 49289 7513088
64 660 49289 7513088
64 661 49289 7513088
64 662 49287 7513088
64 663 49289 7513088
64 664 49289 7513088
64 665 49289 7513088
64 666 49289 7513088
64 667 49289 7513088
64 668 49287 7513088
64 669 49289 7513088
64 670 49289 7513088
64 671 49289 7513088
64 672 49289 7513088
64 673 49287 7513088
64 674 49289 7513088
64 675 49289 7513088
64 676 49289 7513088
64 677 49289 7513088
64 678 49287 7513088
64 679 49289 7513088
64 680 49289 7513088
64 681 49289 7513088
64 682 49289 7513088
64 683 49289 7513088
64 684 49287 7513088
64 685 49289 7513088
64 686 49289 7513088
64 687 49289 7513088
64 688 49289 7513088
64 689 49287 7513088
64 690 49289 7513088
64 691 49289 7513088
64 692 49289 7513088
64 693 49289 7513088
64 694 49287 7513088
64 695 49289 7513088
64 696 49289 7513088
64 697 49289 7513088
64 698 49289 7513088
64 699 49287 7513088
64 700 49289 7513088
64 701 49289 7513088
64 702 49289 7513088
64 703 49289 7513088
64 704 49287 7513088
64 705 49289 7513088
64 706 49289 7513088
64 707 49289 7513088
64 708 49289 7513088
64 709 49287 7513088
64 710 49289 7513088
64 711 49289 7513088
64 712 49289 7513088
64 713 49289 7513088
64 714 49289 7513088
64 715 49287 7513088
64 716 49289 7513088
64 717 49289 7513088
64 718 49289 7513088
64 719 49289 7513088
64 720 49287 7513088
64 721 49289 7513088
64 722 49289 7513088
64 723 49289 7513088
64 724 49289 7513088
64 725 49287 7513088
64 726 49289 7513088
64 727 49289 7513088
64 728 49289 7513088
64 729 49289 7513088
64 730 49287 7513088
64 731 49289 7513088
64 732 49289 7513088
64 733 49289 7513088
64 734 49289 7513088
64 735 49287 7513088
64 736 49289 7513088
64 737 49289 7513088
64 738 49289 7513088
64 739 49289 7513088
64 740 49287 7513088
64 741 49289 7513088
64 742 49289 7513088
64 743 49289 7513088
64 744 49289 7513088
64 745 49289 7513088
64 746 49287 7513088
64 747 49289 7513088
64 748 49289 7513088
64 749 49289 7513088
64 750 49289 7513088
64 751 49287 7513088
64 752 49289 7513088
64 753 49289 7513088
64 754 49289 7513088
64 755 49289 7513088
64 756 49287 7513088
64 757 49289 7513088
64 758 49289 7513088
64 759 49289 7513088
64 760 49289 7513088
64 761 49287 7513088
64 762 49289 7513088
64 763 49289 7513088
64 764 49289 7513088
64 765 49289 7513088
64 766 49287 7513088
64 767 49289 7513088
64 768 49289 7513088
64 769 49289 7513088
64 770 49289 7513088
64 771 49289 7513088
64 772 49287 7513088
64 773 49289 7513088
64 774 49289 7513088
64 775 49289 7513088
64 776 49289 7513088
64 777 49287 7513088
64 778 49289 7513088
64 779 49289 7513088
64 780 49289 7513088
64 781 49289 7513088
64 782 49287 7513088
64 783 49289 7513088
64 784 49289 7513088
64 785 49289 7513088
64 786 49289 7513088
64 787 49289 7513088
64 788 49287 7513088
64 789 49289 7513088
64 790 49289 7513088
64 791 49289 7513088
64 792 49289 7513088
64 793 49287 7513088
64 794 49289 7513088
64 795 49289 7513088
64 796 49289 7513088
64 797 49289 7513088
64 798 49287 7513088
64 799 49289 7513088
64 800 49289 7513088
64 801 49289 7513088
64 802 49289 7513088
64 803 49287 7513088
64 804 49289 7513088
64 805 49289 7513088
64 806 49289 7513088
64 807 49289 7513088
64 808 49289 7513088
64 809 49287 7513088
64 810 49289 7513088
64 811 49289 7513088
64 812 49289 7513088
64 813 49289 7513088
64 814 49287 7513088
64 815 49289 7513088
64 816 49289 7513088
64 817 49289 7513088
64 818 49289 7513088
64 819 49287 7513088
64 820 49289 7513088
64 821 49289 7513088
64 822 49289 7513088
64 823 49289 7513088
64 824 49287 7513088
64 825 49289 7513088
64 826 49289 7513088
64 827 49289 7513088
64 828 49289 7513088
64 829 49287 7513088
64 830 49289 7513088
64 831 49289 7513088
64 832 49289 7513088
64 833 49289 7513088
64 834 49287 7513088
64 835 49289 7513088
64 836 49289 7513088
64 837 49289 7513088
64 838 49289 7513088
64 839 49289 7513088
64 840 49287 7513088
64 841 49289 7513088
64 842 49289 7513088
64 843 49289 7513088
64 844 49289 7513088
64 845 49287 7513088
64 846 49289 7513088
64 847 49289 7513088
64 848 49289 7513088
64 849 49289 7513088
64 850 49287 7513088
64 851 49289 7513088
64 852 49289 7513088
64 853 49289 7513088
64 854 49289 7513088
64 855 49287 7513088
64 856 49289 7513088
64 857 49289 7513088
64 858 49289 7513088
64 859 49289 7513088
64 860 49287 7513088
64 861 49289 7513088
64 862 49289 7513088
64 863 49289 7513088
64 864 49289 7513088
64 865 49287 7513088
64 866 49289 7513088
64 867 49289 7513088
64 868 49289 7513088
64 869 49289 7513088
64 870 49289 7513088
64 871 49287 7513088
64 872 49289 7513088
64 873 49289 7513088
64 874 49289 7513088
64 875 49289 7513088
64 876 49287 7513088
64 877 49289 7513088
64 878 49289 7513088
64 879 49289 7513088
64 880 49289 7513088
64 881 49287 7513088
64 882 49289 7513088
64 883 49289 7513088
64 884 49289 7513088
64 885 49289 7513088
64 886 49287 7513088
64 887 49289 7513088
64 888 49289 7513088
64 889 49289 7513088
64 890 49289 7513088
64 891 49289 7513088
64 892 49287 7513088
64 893 49289 7513088
64 894 49289 7513088
64 895 49289 7513088
64 896 49289 7513088
64 897 49287 7513088
64 898 49289 7513088
64 899 49289 7513088
64 900 49289 7513088
64 901 49289 7513088
64 902 49287 7513088
64 903 49289 7513088
64 904 49289 7513088
64 905 49289 7513088
64 906 49289 7513088
64 907 49289 7513088
64 908 49287 7513088
64 909 49289 7513088
64 910 49289 7513088
64 911 49289 7513088
64 912 49289 7513088
64 913 49287 7513088
64 914 49289 7513088
64 915 49289 7513088
64 916 49289 7513088
64 917 49289 7513088
64 918 49287 7513088
64 919 49289 7513088
64 920 49289 7513088
64 921 49289 7513088
64 922 49289 7513088
64 923 49287 7513088
64 924 49289 7513088
64 925 49289 7513088
64 926 49289 7513088
64 927 49289 7513088
64 928 49287 7513088
64 929 49289 7513088
64 930 49289 7513088
64 931 49289 7513088
64 932 49289 7513088
64 933 49289 7513088
64 934 49287 7513088
64 935 49289 7513088
64 936 49289 7513088
64 937 49289 7513088
64 938 49289 7513088
64 939 49287 7513088
64 940 49289 7513088
64 941 49289 7513088
64 942 49289 7513088
64 943 49289 7513088
64 944 49287 7513088
64 945 49289 7513088
64 946 49289 7513088
64 947 49289 7513088
64 948 49289 7513088
64 949 49287 7513088
64 950 49289 7513088
64 951 49289 7513088
64 952 49289 7513088
64 953 49289 7513088
64 954 49287 7513088
64 955 49289 7513088
64 956 49289 7513088
64 957 49289 7513088
64 958 49289 7513088
64 959 49287 7513088
64 960 49289 7513088
64 961 49289 7513088
64 962 49289 7513088
64 963 49289 7513088
64 964 49289 7513088
64 965 49287 7513088
64 966 49289 7513088
64 967 49289 7513088
64 968 49289 7513088
64 969 49289 7513088
64 970 49286 7513088
64 971 49289 7513088
64 972 49289 7513088
64 973 49289 7513088
64 974 49289 7513088
64 975 49287 7513088
64 976 49289 7513088
64 977 49289 7513088
64 978 49289 7513088
64 979 49289 7513088
64 980 49287 7513088
64 981 49289 7513088
64 982 49289 7513088
64 983 49289 7513088
64 984 49289 7513088
64 985 49287 7513088
64 986 49289 7513088
64 987 49289 7513088
64 988 49289 7513088
64 989 49289 7513088
64 990 49287 7513088
64 991 49289 7513088
64 992 49289 7513088
64 993 49289 7513088
64 994 49289 7513088
64 995 49289 7513088
64 996 49287 7513088
64 997 49289 7513088
64 998 49289 7513088
64 999 49289 7513088
