32 0 129 502016
32 1 3 502016
32 2 3 502016
32 3 3 502016
32 4 3 502016
32 5 3 502016
32 6 3 502016
32 7 3 502016
32 8 3 502016
32 9 3 502016
32 10 3 502016
32 11 3 502016
32 12 3 502016
32 13 3 502016
32 14 3 502016
32 15 3 502016
32 16 3 502016
32 17 3 502016
32 18 3 502016
32 19 3 502016
32 20 3 502016
32 21 3 502016
32 22 3 502016
32 23 3 502016
32 24 3 502016
32 25 3 502016
32 26 3 502016
32 27 3 502016
32 28 3 502016
32 29 3 502016
32 30 3 502016
32 31 3 502016
32 32 3 502016
32 33 3 502016
32 34 3 502016
32 35 3 502016
32 36 3 502016
32 37 3 502016
32 38 3 502016
32 39 3 502016
32 40 3 502016
32 41 3 502016
32 42 3 502016
32 43 3 502016
32 44 3 502016
32 45 3 502016
32 46 3 502016
32 47 3 502016
32 48 3 502016
32 49 3 502016
32 50 3 502016
32 51 3 502016
32 52 3 502016
32 53 3 502016
32 54 3 502016
32 55 3 502016
32 56 3 502016
32 57 3 502016
32 58 3 502016
32 59 3 502016
32 60 3 502016
32 61 3 502016
32 62 3 502016
32 63 3 502016
32 64 3 502016
32 65 3 502016
32 66 3 502016
32 67 3 502016
32 68 3 502016
32 69 3 502016
32 70 3 502016
32 71 3 502016
32 72 3 502016
32 73 3 502016
32 74 3 502016
32 75 3 502016
32 76 3 502016
32 77 3 502016
32 78 3 502016
32 79 3 502016
32 80 3 502016
32 81 3 502016
32 82 3 502016
32 83 3 502016
32 84 3 502016
32 85 3 502016
32 86 3 502016
32 87 3 502016
32 88 3 502016
32 89 3 502016
32 90 3 502016
32 91 3 502016
32 92 3 502016
32 93 3 502016
32 94 3 502016
32 95 3 502016
32 96 3 502016
32 97 3 502016
32 98 3 502016
32 99 3 502016
32 100 3 502016
32 101 3 502016
32 102 3 502016
32 103 3 502016
32 104 3 502016
32 105 3 502016
32 106 3 502016
32 107 3 502016
32 108 3 502016
32 109 3 502016
32 110 3 502016
32 111 3 502016
32 112 3 502016
32 113 3 502016
32 114 3 502016
32 115 3 502016
32 116 3 502016
32 117 3 502016
32 118 3 502016
32 119 3 502016
32 120 3 502016
32 121 3 502016
32 122 3 502016
32 123 3 502016
32 124 3 502016
32 125 3 502016
32 126 3 502016
32 127 3 502016
32 128 3 502016
32 129 3 502016
32 130 3 502016
32 131 3 502016
32 132 3 502016
32 133 3 502016
32 134 3 502016
32 135 3 502016
32 136 3 502016
32 137 3 502016
32 138 3 502016
32 139 3 502016
32 140 3 502016
32 141 3 502016
32 142 3 502016
32 143 3 502016
32 144 3 502016
32 145 3 502016
32 146 3 502016
32 147 3 502016
32 148 3 502016
32 149 3 502016
32 150 3 502016
32 151 3 502016
32 152 3 502016
32 153 3 502016
32 154 3 502016
32 155 3 502016
32 156 3 502016
32 157 3 502016
32 158 3 502016
32 159 3 502016
32 160 3 502016
32 161 3 502016
32 162 3 502016
32 163 3 502016
32 164 3 502016
32 165 3 502016
32 166 3 502016
32 167 3 502016
32 168 3 502016
32 169 3 502016
32 170 3 502016
32 171 3 502016
32 172 3 502016
32 173 3 502016
32 174 3 502016
32 175 3 502016
32 176 3 502016
32 177 3 502016
32 178 3 502016
32 179 3 502016
32 180 3 502016
32 181 3 502016
32 182 3 502016
32 183 3 502016
32 184 3 502016
32 185 3 502016
32 186 3 502016
32 187 3 502016
32 188 3 502016
32 189 3 502016
32 190 3 502016
32 191 3 502016
32 192 3 502016
32 193 3 502016
32 194 3 502016
32 195 3 502016
32 196 3 502016
32 197 3 502016
32 198 3 502016
32 199 3 502016
32 200 3 502016
32 201 3 502016
32 202 3 502016
32 203 3 502016
32 204 3 502016
32 205 3 502016
32 206 3 502016
32 207 3 502016
32 208 3 502016
32 209 3 502016
32 210 3 502016
32 211 3 502016
32 212 3 502016
32 213 3 502016
32 214 3 502016
32 215 3 502016
32 216 3 502016
32 217 3 502016
32 218 3 502016
32 219 3 502016
32 220 3 502016
32 221 3 502016
32 222 3 502016
32 223 3 502016
32 224 3 502016
32 225 3 502016
32 226 3 502016
32 227 3 502016
32 228 3 502016
32 229 3 502016
32 230 3 502016
32 231 3 502016
32 232 3 502016
32 233 3 502016
32 234 3 502016
32 235 3 502016
32 236 3 502016
32 237 3 502016
32 238 3 502016
32 239 3 502016
32 240 3 502016
32 241 3 502016
32 242 3 502016
32 243 3 502016
32 244 3 502016
32 245 3 502016
32 246 3 502016
32 247 3 502016
32 248 3 502016
32 249 3 502016
32 250 3 502016
32 251 3 502016
32 252 3 502016
32 253 3 502016
32 254 3 502016
32 255 3 502016
32 256 3 502016
32 257 3 502016
32 258 3 502016
32 259 3 502016
32 260 3 502016
32 261 3 502016
32 262 3 502016
32 263 3 502016
32 264 3 502016
32 265 3 502016
32 266 3 502016
32 267 3 502016
32 268 3 502016
32 269 3 502016
32 270 3 502016
32 271 3 502016
32 272 3 502016
32 273 3 502016
32 274 3 502016
32 275 3 502016
32 276 3 502016
32 277 3 502016
32 278 3 502016
32 279 3 502016
32 280 3 502016
32 281 3 502016
32 282 3 502016
32 283 3 502016
32 284 3 502016
32 285 3 502016
32 286 3 502016
32 287 3 502016
32 288 3 502016
32 289 3 502016
32 290 3 502016
32 291 3 502016
32 292 3 502016
32 293 3 502016
32 294 3 502016
32 295 3 502016
32 296 3 502016
32 297 3 502016
32 298 3 502016
32 299 3 502016
32 300 3 502016
32 301 3 502016
32 302 3 502016
32 303 3 502016
32 304 3 502016
32 305 3 502016
32 306 3 502016
32 307 3 502016
32 308 3 502016
32 309 3 502016
32 310 3 502016
32 311 3 502016
32 312 3 502016
32 313 3 502016
32 314 3 502016
32 315 3 502016
32 316 3 502016
32 317 3 502016
32 318 3 502016
32 319 3 502016
32 320 3 502016
32 321 3 502016
32 322 3 502016
32 323 3 502016
32 324 3 502016
32 325 3 502016
32 326 3 502016
32 327 3 502016
32 328 3 502016
32 329 3 502016
32 330 3 502016
32 331 3 502016
32 332 3 502016
32 333 3 502016
32 334 3 502016
32 335 3 502016
32 336 3 502016
32 337 3 502016
32 338 3 502016
32 339 3 502016
32 340 3 502016
32 341 3 502016
32 342 3 502016
32 343 3 502016
32 344 3 502016
32 345 3 502016
32 346 3 502016
32 347 3 502016
32 348 3 502016
32 349 3 502016
32 350 3 502016
32 351 3 502016
32 352 3 502016
32 353 3 502016
32 354 3 502016
32 355 3 502016
32 356 3 502016
32 357 3 502016
32 358 3 502016
32 359 3 502016
32 360 3 502016
32 361 3 502016
32 362 3 502016
32 363 3 502016
32 364 3 502016
32 365 3 502016
32 366 3 502016
32 367 3 502016
32 368 3 502016
32 369 3 502016
32 370 3 502016
32 371 3 502016
32 372 3 502016
32 373 3 502016
32 374 3 502016
32 375 3 502016
32 376 3 502016
32 377 3 502016
32 378 3 502016
32 379 3 502016
32 380 3 502016
32 381 3 502016
32 382 3 502016
32 383 3 502016
32 384 3 502016
32 385 3 502016
32 386 3 502016
32 387 3 502016
32 388 3 502016
32 389 3 502016
32 390 3 502016
32 391 3 502016
32 392 3 502016
32 393 3 502016
32 394 3 502016
32 395 3 502016
32 396 3 502016
32 397 3 502016
32 398 3 502016
32 399 3 502016
32 400 3 502016
32 401 3 502016
32 402 3 502016
32 403 3 502016
32 404 3 502016
32 405 3 502016
32 406 3 502016
32 407 3 502016
32 408 3 502016
32 409 3 502016
32 410 3 502016
32 411 3 502016
32 412 3 502016
32 413 3 502016
32 414 3 502016
32 415 3 502016
32 416 3 502016
32 417 3 502016
32 418 3 502016
32 419 3 502016
32 420 3 502016
32 421 3 502016
32 422 3 502016
32 423 3 502016
32 424 3 502016
32 425 3 502016
32 426 3 502016
32 427 3 502016
32 428 3 502016
32 429 3 502016
32 430 3 502016
32 431 3 502016
32 432 3 502016
32 433 3 502016
32 434 3 502016
32 435 3 502016
32 436 3 502016
32 437 3 502016
32 438 3 502016
32 439 3 502016
32 440 3 502016
32 441 3 502016
32 442 3 502016
32 443 3 502016
32 444 3 502016
32 445 3 502016
32 446 3 502016
32 447 3 502016
32 448 3 502016
32 449 3 502016
32 450 3 502016
32 451 3 502016
32 452 3 502016
32 453 3 502016
32 454 3 502016
32 455 3 502016
32 456 3 502016
32 457 3 502016
32 458 3 502016
32 459 3 502016
32 460 3 502016
32 461 3 502016
32 462 3 502016
32 463 3 502016
32 464 3 502016
32 465 3 502016
32 466 3 502016
32 467 3 502016
32 468 3 502016
32 469 3 502016
32 470 3 502016
32 471 3 502016
32 472 3 502016
32 473 3 502016
32 474 3 502016
32 475 3 502016
32 476 3 502016
32 477 3 502016
32 478 3 502016
32 479 3 502016
32 480 3 502016
32 481 3 502016
32 482 3 502016
32 483 3 502016
32 484 3 502016
32 485 3 502016
32 486 3 502016
32 487 3 502016
32 488 3 502016
32 489 3 502016
32 490 3 502016
32 491 3 502016
32 492 3 502016
32 493 3 502016
32 494 3 502016
32 495 3 502016
32 496 3 502016
32 497 3 502016
32 498 3 502016
32 499 3 502016
32 500 3 502016
32 501 3 502016
32 502 3 502016
32 503 3 502016
32 504 3 502016
32 505 3 502016
32 506 3 502016
32 507 3 502016
32 508 3 502016
32 509 3 502016
32 510 3 502016
32 511 3 502016
32 512 3 502016
32 513 3 502016
32 514 3 502016
32 515 3 502016
32 516 3 502016
32 517 3 502016
32 518 3 502016
32 519 3 502016
32 520 3 502016
32 521 3 502016
32 522 3 502016
32 523 3 502016
32 524 3 502016
32 525 3 502016
32 526 3 502016
32 527 3 502016
32 528 3 502016
32 529 3 502016
32 530 3 502016
32 531 3 502016
32 532 3 502016
32 533 3 502016
32 534 3 502016
32 535 3 502016
32 536 3 502016
32 537 3 502016
32 538 3 502016
32 539 3 502016
32 540 3 502016
32 541 3 502016
32 542 3 502016
32 543 3 502016
32 544 3 502016
32 545 3 502016
32 546 3 502016
32 547 3 502016
32 548 3 502016
32 549 3 502016
32 550 3 502016
32 551 3 502016
32 552 3 502016
32 553 3 502016
32 554 3 502016
32 555 3 502016
32 556 3 502016
32 557 3 502016
32 558 3 502016
32 559 3 502016
32 560 3 502016
32 561 3 502016
32 562 3 502016
32 563 3 502016
32 564 3 502016
32 565 3 502016
32 566 3 502016
32 567 3 502016
32 568 3 502016
32 569 3 502016
32 570 3 502016
32 571 3 502016
32 572 3 502016
32 573 3 502016
32 574 3 502016
32 575 3 502016
32 576 3 502016
32 577 3 502016
32 578 3 502016
32 579 3 502016
32 580 3 502016
32 581 3 502016
32 582 3 502016
32 583 3 502016
32 584 3 502016
32 585 3 502016
32 586 3 502016
32 587 3 502016
32 588 3 502016
32 589 3 502016
32 590 3 502016
32 591 3 502016
32 592 3 502016
32 593 3 502016
32 594 3 502016
32 595 3 502016
32 596 3 502016
32 597 3 502016
32 598 3 502016
32 599 3 502016
32 600 3 502016
32 601 3 502016
32 602 3 502016
32 603 3 502016
32 604 3 502016
32 605 3 502016
32 606 3 502016
32 607 3 502016
32 608 3 502016
32 609 3 502016
32 610 3 502016
32 611 3 502016
32 612 3 502016
32 613 3 502016
32 614 3 502016
32 615 3 502016
32 616 3 502016
32 617 3 502016
32 618 3 502016
32 619 3 502016
32 620 3 502016
32 621 3 502016
32 622 3 502016
32 623 3 502016
32 624 3 502016
32 625 3 502016
32 626 3 502016
32 627 3 502016
32 628 3 502016
32 629 3 502016
32 630 3 502016
32 631 3 502016
32 632 3 502016
32 633 3 502016
32 634 3 502016
32 635 3 502016
32 636 3 502016
32 637 3 502016
32 638 3 502016
32 639 3 502016
32 640 3 502016
32 641 3 502016
32 642 3 502016
32 643 3 502016
32 644 3 502016
32 645 3 502016
32 646 3 502016
32 647 3 502016
32 648 3 502016
32 649 3 502016
32 650 3 502016
32 651 3 502016
32 652 3 502016
32 653 3 502016
32 654 3 502016
32 655 3 502016
32 656 3 502016
32 657 3 502016
32 658 3 502016
32 659 3 502016
32 660 3 502016
32 661 3 502016
32 662 3 502016
32 663 3 502016
32 664 3 502016
32 665 3 502016
32 666 3 502016
32 667 3 502016
32 668 3 502016
32 669 3 502016
32 670 3 502016
32 671 3 502016
32 672 3 502016
32 673 3 502016
32 674 3 502016
32 675 3 502016
32 676 3 502016
32 677 3 502016
32 678 3 502016
32 679 3 502016
32 680 3 502016
32 681 3 502016
32 682 3 502016
32 683 3 502016
32 684 3 502016
32 685 3 502016
32 686 3 502016
32 687 3 502016
32 688 3 502016
32 689 3 502016
32 690 3 502016
32 691 3 502016
32 692 3 502016
32 693 3 502016
32 694 3 502016
32 695 3 502016
32 696 3 502016
32 697 3 502016
32 698 3 502016
32 699 3 502016
32 700 3 502016
32 701 3 502016
32 702 3 502016
32 703 3 502016
32 704 3 502016
32 705 3 502016
32 706 3 502016
32 707 3 502016
32 708 3 502016
32 709 3 502016
32 710 3 502016
32 711 3 502016
32 712 3 502016
32 713 3 502016
32 714 3 502016
32 715 3 502016
32 716 3 502016
32 717 3 502016
32 718 3 502016
32 719 3 502016
32 720 3 502016
32 721 3 502016
32 722 3 502016
32 723 3 502016
32 724 3 502016
32 725 3 502016
32 726 3 502016
32 727 3 502016
32 728 3 502016
32 729 3 502016
32 730 3 502016
32 731 3 502016
32 732 3 502016
32 733 3 502016
32 734 3 502016
32 735 3 502016
32 736 3 502016
32 737 3 502016
32 738 3 502016
32 739 3 502016
32 740 3 502016
32 741 3 502016
32 742 3 502016
32 743 3 502016
32 744 3 502016
32 745 3 502016
32 746 3 502016
32 747 3 502016
32 748 3 502016
32 749 3 502016
32 750 3 502016
32 751 3 502016
32 752 3 502016
32 753 3 502016
32 754 3 502016
32 755 3 502016
32 756 3 502016
32 757 3 502016
32 758 3 502016
32 759 3 502016
32 760 3 502016
32 761 3 502016
32 762 3 502016
32 763 3 502016
32 764 3 502016
32 765 3 502016
32 766 3 502016
32 767 3 502016
32 768 3 502016
32 769 3 502016
32 770 3 502016
32 771 3 502016
32 772 3 502016
32 773 3 502016
32 774 3 502016
32 775 3 502016
32 776 3 502016
32 777 3 502016
32 778 3 502016
32 779 3 502016
32 780 3 502016
32 781 3 502016
32 782 3 502016
32 783 3 502016
32 784 3 502016
32 785 3 502016
32 786 3 502016
32 787 3 502016
32 788 3 502016
32 789 3 502016
32 790 3 502016
32 791 3 502016
32 792 3 502016
32 793 3 502016
32 794 3 502016
32 795 3 502016
32 796 3 502016
32 797 3 502016
32 798 3 502016
32 799 3 502016
32 800 3 502016
32 801 3 502016
32 802 3 502016
32 803 3 502016
32 804 3 502016
32 805 3 502016
32 806 3 502016
32 807 3 502016
32 808 3 502016
32 809 3 502016
32 810 3 502016
32 811 3 502016
32 812 3 502016
32 813 3 502016
32 814 3 502016
32 815 3 502016
32 816 3 502016
32 817 3 502016
32 818 3 502016
32 819 3 502016
32 820 3 502016
32 821 3 502016
32 822 3 502016
32 823 3 502016
32 824 3 502016
32 825 3 502016
32 826 3 502016
32 827 3 502016
32 828 3 502016
32 829 3 502016
32 830 3 502016
32 831 3 502016
32 832 3 502016
32 833 3 502016
32 834 3 502016
32 835 3 502016
32 836 3 502016
32 837 3 502016
32 838 3 502016
32 839 3 502016
32 840 3 502016
32 841 3 502016
32 842 3 502016
32 843 3 502016
32 844 3 502016
32 845 3 502016
32 846 3 502016
32 847 3 502016
32 848 3 502016
32 849 3 502016
32 850 3 502016
32 851 3 502016
32 852 3 502016
32 853 3 502016
32 854 3 502016
32 855 3 502016
32 856 3 502016
32 857 3 502016
32 858 3 502016
32 859 3 502016
32 860 3 502016
32 861 3 502016
32 862 3 502016
32 863 3 502016
32 864 3 502016
32 865 3 502016
32 866 3 502016
32 867 3 502016
32 868 3 502016
32 869 3 502016
32 870 3 502016
32 871 3 502016
32 872 3 502016
32 873 3 502016
32 874 3 502016
32 875 3 502016
32 876 3 502016
32 877 3 502016
32 878 3 502016
32 879 3 502016
32 880 3 502016
32 881 3 502016
32 882 3 502016
32 883 3 502016
32 884 3 502016
32 885 3 502016
32 886 3 502016
32 887 3 502016
32 888 3 502016
32 889 3 502016
32 890 3 502016
32 891 3 502016
32 892 3 502016
32 893 3 502016
32 894 3 502016
32 895 3 502016
32 896 3 502016
32 897 3 502016
32 898 3 502016
32 899 3 502016
32 900 3 502016
32 901 3 502016
32 902 3 502016
32 903 3 502016
32 904 3 502016
32 905 3 502016
32 906 3 502016
32 907 3 502016
32 908 3 502016
32 909 3 502016
32 910 3 502016
32 911 3 502016
32 912 3 502016
32 913 3 502016
32 914 3 502016
32 915 3 502016
32 916 3 502016
32 917 3 502016
32 918 3 502016
32 919 3 502016
32 920 3 502016
32 921 3 502016
32 922 3 502016
32 923 3 502016
32 924 3 502016
32 925 3 502016
32 926 3 502016
32 927 3 502016
32 928 3 502016
32 929 3 502016
32 930 3 502016
32 931 3 502016
32 932 3 502016
32 933 3 502016
32 934 3 502016
32 935 3 502016
32 936 3 502016
32 937 3 502016
32 938 3 502016
32 939 3 502016
32 940 3 502016
32 941 3 502016
32 942 3 502016
32 943 3 502016
32 944 3 502016
32 945 3 502016
32 946 3 502016
32 947 3 502016
32 948 3 502016
32 949 3 502016
32 950 3 502016
32 951 3 502016
32 952 3 502016
32 953 3 502016
32 954 3 502016
32 955 3 502016
32 956 3 502016
32 957 3 502016
32 958 3 502016
32 959 3 502016
32 960 3 502016
32 961 3 502016
32 962 3 502016
32 963 3 502016
32 964 3 502016
32 965 3 502016
32 966 3 502016
32 967 3 502016
32 968 3 502016
32 969 3 502016
32 970 3 502016
32 971 3 502016
32 972 3 502016
32 973 3 502016
32 974 3 502016
32 975 3 502016
32 976 3 502016
32 977 3 502016
32 978 3 502016
32 979 3 502016
32 980 3 502016
32 981 3 502016
32 982 3 502016
32 983 3 502016
32 984 3 502016
32 985 3 502016
32 986 3 502016
32 987 3 502016
32 988 3 502016
32 989 3 502016
32 990 3 502016
32 991 3 502016
32 992 3 502016
32 993 3 502016
32 994 3 502016
32 995 3 502016
32 996 3 502016
32 997 3 502016
32 998 3 502016
32 999 3 502016
