16 0 89 35392
16 1 85 35392
16 2 85 35392
16 3 85 35392
16 4 85 35392
16 5 85 35392
16 6 85 35392
16 7 85 35392
16 8 85 35392
16 9 85 35392
16 10 85 35392
16 11 85 35392
16 12 85 35392
16 13 85 35392
16 14 85 35392
16 15 85 35392
16 16 85 35392
16 17 85 35392
16 18 85 35392
16 19 85 35392
16 20 85 35392
16 21 85 35392
16 22 85 35392
16 23 85 35392
16 24 85 35392
16 25 85 35392
16 26 85 35392
16 27 85 35392
16 28 85 35392
16 29 85 35392
16 30 85 35392
16 31 85 35392
16 32 85 35392
16 33 85 35392
16 34 85 35392
16 35 85 35392
16 36 85 35392
16 37 85 35392
16 38 85 35392
16 39 85 35392
16 40 85 35392
16 41 85 35392
16 42 85 35392
16 43 85 35392
16 44 85 35392
16 45 85 35392
16 46 85 35392
16 47 85 35392
16 48 85 35392
16 49 85 35392
16 50 85 35392
16 51 85 35392
16 52 85 35392
16 53 85 35392
16 54 85 35392
16 55 85 35392
16 56 85 35392
16 57 85 35392
16 58 85 35392
16 59 85 35392
16 60 85 35392
16 61 85 35392
16 62 85 35392
16 63 85 35392
16 64 85 35392
16 65 85 35392
16 66 85 35392
16 67 85 35392
16 68 85 35392
16 69 85 35392
16 70 85 35392
16 71 85 35392
16 72 85 35392
16 73 85 35392
16 74 85 35392
16 75 85 35392
16 76 85 35392
16 77 85 35392
16 78 85 35392
16 79 85 35392
16 80 85 35392
16 81 85 35392
16 82 85 35392
16 83 85 35392
16 84 85 35392
16 85 85 35392
16 86 85 35392
16 87 85 35392
16 88 85 35392
16 89 85 35392
16 90 85 35392
16 91 85 35392
16 92 85 35392
16 93 85 35392
16 94 85 35392
16 95 85 35392
16 96 85 35392
16 97 85 35392
16 98 85 35392
16 99 85 35392
16 100 85 35392
16 101 85 35392
16 102 85 35392
16 103 85 35392
16 104 85 35392
16 105 85 35392
16 106 85 35392
16 107 85 35392
16 108 85 35392
16 109 85 35392
16 110 85 35392
16 111 85 35392
16 112 85 35392
16 113 85 35392
16 114 85 35392
16 115 85 35392
16 116 85 35392
16 117 85 35392
16 118 85 35392
16 119 85 35392
16 120 85 35392
16 121 85 35392
16 122 85 35392
16 123 85 35392
16 124 85 35392
16 125 85 35392
16 126 85 35392
16 127 85 35392
16 128 85 35392
16 129 85 35392
16 130 85 35392
16 131 85 35392
16 132 85 35392
16 133 85 35392
16 134 85 35392
16 135 85 35392
16 136 85 35392
16 137 85 35392
16 138 85 35392
16 139 85 35392
16 140 85 35392
16 141 85 35392
16 142 85 35392
16 143 85 35392
16 144 85 35392
16 145 85 35392
16 146 85 35392
16 147 85 35392
16 148 85 35392
16 149 85 35392
16 150 85 35392
16 151 85 35392
16 152 85 35392
16 153 85 35392
16 154 85 35392
16 155 85 35392
16 156 85 35392
16 157 85 35392
16 158 85 35392
16 159 85 35392
16 160 85 35392
16 161 85 35392
16 162 85 35392
16 163 85 35392
16 164 85 35392
16 165 85 35392
16 166 85 35392
16 167 85 35392
16 168 85 35392
16 169 85 35392
16 170 85 35392
16 171 85 35392
16 172 85 35392
16 173 85 35392
16 174 85 35392
16 175 85 35392
16 176 85 35392
16 177 85 35392
16 178 85 35392
16 179 85 35392
16 180 85 35392
16 181 85 35392
16 182 85 35392
16 183 85 35392
16 184 85 35392
16 185 85 35392
16 186 85 35392
16 187 85 35392
16 188 85 35392
16 189 85 35392
16 190 85 35392
16 191 85 35392
16 192 85 35392
16 193 85 35392
16 194 85 35392
16 195 85 35392
16 196 85 35392
16 197 85 35392
16 198 85 35392
16 199 85 35392
16 200 85 35392
16 201 85 35392
16 202 85 35392
16 203 85 35392
16 204 85 35392
16 205 85 35392
16 206 85 35392
16 207 85 35392
16 208 85 35392
16 209 85 35392
16 210 85 35392
16 211 85 35392
16 212 85 35392
16 213 85 35392
16 214 85 35392
16 215 85 35392
16 216 85 35392
16 217 85 35392
16 218 85 35392
16 219 85 35392
16 220 85 35392
16 221 85 35392
16 222 85 35392
16 223 85 35392
16 224 85 35392
16 225 85 35392
16 226 85 35392
16 227 85 35392
16 228 85 35392
16 229 85 35392
16 230 85 35392
16 231 85 35392
16 232 85 35392
16 233 85 35392
16 234 85 35392
16 235 85 35392
16 236 85 35392
16 237 85 35392
16 238 85 35392
16 239 85 35392
16 240 85 35392
16 241 85 35392
16 242 85 35392
16 243 85 35392
16 244 85 35392
16 245 85 35392
16 246 85 35392
16 247 85 35392
16 248 85 35392
16 249 85 35392
16 250 85 35392
16 251 85 35392
16 252 85 35392
16 253 85 35392
16 254 85 35392
16 255 85 35392
16 256 85 35392
16 257 85 35392
16 258 85 35392
16 259 85 35392
16 260 85 35392
16 261 85 35392
16 262 85 35392
16 263 85 35392
16 264 85 35392
16 265 85 35392
16 266 85 35392
16 267 85 35392
16 268 85 35392
16 269 85 35392
16 270 85 35392
16 271 85 35392
16 272 85 35392
16 273 85 35392
16 274 85 35392
16 275 85 35392
16 276 85 35392
16 277 85 35392
16 278 85 35392
16 279 85 35392
16 280 85 35392
16 281 85 35392
16 282 85 35392
16 283 85 35392
16 284 85 35392
16 285 85 35392
16 286 85 35392
16 287 85 35392
16 288 85 35392
16 289 85 35392
16 290 85 35392
16 291 85 35392
16 292 85 35392
16 293 85 35392
16 294 85 35392
16 295 85 35392
16 296 85 35392
16 297 85 35392
16 298 85 35392
16 299 85 35392
16 300 85 35392
16 301 85 35392
16 302 85 35392
16 303 85 35392
16 304 85 35392
16 305 85 35392
16 306 85 35392
16 307 85 35392
16 308 85 35392
16 309 85 35392
16 310 85 35392
16 311 85 35392
16 312 85 35392
16 313 85 35392
16 314 85 35392
16 315 85 35392
16 316 85 35392
16 317 85 35392
16 318 85 35392
16 319 85 35392
16 320 85 35392
16 321 85 35392
16 322 85 35392
16 323 85 35392
16 324 85 35392
16 325 85 35392
16 326 85 35392
16 327 85 35392
16 328 85 35392
16 329 85 35392
16 330 85 35392
16 331 85 35392
16 332 85 35392
16 333 85 35392
16 334 85 35392
16 335 85 35392
16 336 85 35392
16 337 85 35392
16 338 85 35392
16 339 85 35392
16 340 85 35392
16 341 85 35392
16 342 85 35392
16 343 85 35392
16 344 85 35392
16 345 85 35392
16 346 85 35392
16 347 85 35392
16 348 85 35392
16 349 85 35392
16 350 85 35392
16 351 85 35392
16 352 85 35392
16 353 85 35392
16 354 85 35392
16 355 85 35392
16 356 85 35392
16 357 85 35392
16 358 85 35392
16 359 85 35392
16 360 85 35392
16 361 85 35392
16 362 85 35392
16 363 85 35392
16 364 85 35392
16 365 85 35392
16 366 85 35392
16 367 85 35392
16 368 85 35392
16 369 85 35392
16 370 85 35392
16 371 85 35392
16 372 85 35392
16 373 85 35392
16 374 85 35392
16 375 85 35392
16 376 85 35392
16 377 85 35392
16 378 85 35392
16 379 85 35392
16 380 85 35392
16 381 85 35392
16 382 85 35392
16 383 85 35392
16 384 85 35392
16 385 85 35392
16 386 85 35392
16 387 85 35392
16 388 85 35392
16 389 85 35392
16 390 85 35392
16 391 85 35392
16 392 85 35392
16 393 85 35392
16 394 85 35392
16 395 85 35392
16 396 85 35392
16 397 85 35392
16 398 85 35392
16 399 85 35392
16 400 85 35392
16 401 85 35392
16 402 85 35392
16 403 85 35392
16 404 85 35392
16 405 85 35392
16 406 85 35392
16 407 85 35392
16 408 85 35392
16 409 85 35392
16 410 85 35392
16 411 85 35392
16 412 85 35392
16 413 85 35392
16 414 85 35392
16 415 85 35392
16 416 85 35392
16 417 85 35392
16 418 85 35392
16 419 85 35392
16 420 85 35392
16 421 85 35392
16 422 85 35392
16 423 85 35392
16 424 85 35392
16 425 85 35392
16 426 85 35392
16 427 85 35392
16 428 85 35392
16 429 85 35392
16 430 85 35392
16 431 85 35392
16 432 85 35392
16 433 85 35392
16 434 85 35392
16 435 85 35392
16 436 85 35392
16 437 85 35392
16 438 85 35392
16 439 85 35392
16 440 85 35392
16 441 85 35392
16 442 85 35392
16 443 85 35392
16 444 85 35392
16 445 85 35392
16 446 85 35392
16 447 85 35392
16 448 85 35392
16 449 85 35392
16 450 85 35392
16 451 85 35392
16 452 85 35392
16 453 85 35392
16 454 85 35392
16 455 85 35392
16 456 85 35392
16 457 85 35392
16 458 85 35392
16 459 85 35392
16 460 85 35392
16 461 85 35392
16 462 85 35392
16 463 85 35392
16 464 85 35392
16 465 85 35392
16 466 85 35392
16 467 85 35392
16 468 85 35392
16 469 85 35392
16 470 85 35392
16 471 85 35392
16 472 85 35392
16 473 85 35392
16 474 85 35392
16 475 85 35392
16 476 85 35392
16 477 85 35392
16 478 85 35392
16 479 85 35392
16 480 85 35392
16 481 85 35392
16 482 85 35392
16 483 85 35392
16 484 85 35392
16 485 85 35392
16 486 85 35392
16 487 85 35392
16 488 85 35392
16 489 85 35392
16 490 85 35392
16 491 85 35392
16 492 85 35392
16 493 85 35392
16 494 85 35392
16 495 85 35392
16 496 85 35392
16 497 85 35392
16 498 85 35392
16 499 85 35392
16 500 85 35392
16 501 85 35392
16 502 85 35392
16 503 85 35392
16 504 85 35392
16 505 85 35392
16 506 85 35392
16 507 85 35392
16 508 85 35392
16 509 85 35392
16 510 85 35392
16 511 85 35392
16 512 85 35392
16 513 85 35392
16 514 85 35392
16 515 85 35392
16 516 85 35392
16 517 85 35392
16 518 85 35392
16 519 85 35392
16 520 85 35392
16 521 85 35392
16 522 85 35392
16 523 85 35392
16 524 85 35392
16 525 85 35392
16 526 85 35392
16 527 85 35392
16 528 85 35392
16 529 85 35392
16 530 85 35392
16 531 85 35392
16 532 85 35392
16 533 85 35392
16 534 85 35392
16 535 85 35392
16 536 85 35392
16 537 85 35392
16 538 85 35392
16 539 85 35392
16 540 85 35392
16 541 85 35392
16 542 85 35392
16 543 85 35392
16 544 85 35392
16 545 85 35392
16 546 85 35392
16 547 85 35392
16 548 85 35392
16 549 85 35392
16 550 85 35392
16 551 85 35392
16 552 85 35392
16 553 85 35392
16 554 85 35392
16 555 85 35392
16 556 85 35392
16 557 85 35392
16 558 85 35392
16 559 85 35392
16 560 85 35392
16 561 85 35392
16 562 85 35392
16 563 85 35392
16 564 85 35392
16 565 85 35392
16 566 85 35392
16 567 85 35392
16 568 85 35392
16 569 85 35392
16 570 85 35392
16 571 85 35392
16 572 85 35392
16 573 85 35392
16 574 85 35392
16 575 85 35392
16 576 85 35392
16 577 85 35392
16 578 85 35392
16 579 85 35392
16 580 85 35392
16 581 85 35392
16 582 85 35392
16 583 85 35392
16 584 85 35392
16 585 85 35392
16 586 85 35392
16 587 85 35392
16 588 85 35392
16 589 85 35392
16 590 85 35392
16 591 85 35392
16 592 85 35392
16 593 85 35392
16 594 85 35392
16 595 85 35392
16 596 85 35392
16 597 85 35392
16 598 85 35392
16 599 85 35392
16 600 85 35392
16 601 85 35392
16 602 85 35392
16 603 85 35392
16 604 85 35392
16 605 85 35392
16 606 85 35392
16 607 85 35392
16 608 85 35392
16 609 85 35392
16 610 85 35392
16 611 85 35392
16 612 85 35392
16 613 85 35392
16 614 85 35392
16 615 85 35392
16 616 85 35392
16 617 85 35392
16 618 85 35392
16 619 85 35392
16 620 85 35392
16 621 85 35392
16 622 85 35392
16 623 85 35392
16 624 85 35392
16 625 85 35392
16 626 85 35392
16 627 85 35392
16 628 85 35392
16 629 85 35392
16 630 85 35392
16 631 85 35392
16 632 85 35392
16 633 85 35392
16 634 85 35392
16 635 85 35392
16 636 85 35392
16 637 85 35392
16 638 85 35392
16 639 85 35392
16 640 85 35392
16 641 85 35392
16 642 85 35392
16 643 85 35392
16 644 85 35392
16 645 85 35392
16 646 85 35392
16 647 85 35392
16 648 85 35392
16 649 85 35392
16 650 85 35392
16 651 85 35392
16 652 85 35392
16 653 85 35392
16 654 85 35392
16 655 85 35392
16 656 85 35392
16 657 85 35392
16 658 85 35392
16 659 85 35392
16 660 85 35392
16 661 85 35392
16 662 85 35392
16 663 85 35392
16 664 85 35392
16 665 85 35392
16 666 85 35392
16 667 85 35392
16 668 85 35392
16 669 85 35392
16 670 85 35392
16 671 85 35392
16 672 85 35392
16 673 85 35392
16 674 85 35392
16 675 85 35392
16 676 85 35392
16 677 85 35392
16 678 85 35392
16 679 85 35392
16 680 85 35392
16 681 85 35392
16 682 85 35392
16 683 85 35392
16 684 85 35392
16 685 85 35392
16 686 85 35392
16 687 85 35392
16 688 85 35392
16 689 85 35392
16 690 85 35392
16 691 85 35392
16 692 85 35392
16 693 85 35392
16 694 85 35392
16 695 85 35392
16 696 85 35392
16 697 85 35392
16 698 85 35392
16 699 85 35392
16 700 85 35392
16 701 85 35392
16 702 85 35392
16 703 85 35392
16 704 85 35392
16 705 85 35392
16 706 85 35392
16 707 85 35392
16 708 85 35392
16 709 85 35392
16 710 85 35392
16 711 85 35392
16 712 85 35392
16 713 85 35392
16 714 85 35392
16 715 85 35392
16 716 85 35392
16 717 85 35392
16 718 85 35392
16 719 85 35392
16 720 85 35392
16 721 85 35392
16 722 85 35392
16 723 85 35392
16 724 85 35392
16 725 85 35392
16 726 85 35392
16 727 85 35392
16 728 85 35392
16 729 85 35392
16 730 85 35392
16 731 85 35392
16 732 85 35392
16 733 85 35392
16 734 85 35392
16 735 85 35392
16 736 85 35392
16 737 85 35392
16 738 85 35392
16 739 85 35392
16 740 85 35392
16 741 85 35392
16 742 85 35392
16 743 85 35392
16 744 85 35392
16 745 85 35392
16 746 85 35392
16 747 85 35392
16 748 85 35392
16 749 85 35392
16 750 85 35392
16 751 85 35392
16 752 85 35392
16 753 85 35392
16 754 85 35392
16 755 85 35392
16 756 85 35392
16 757 85 35392
16 758 85 35392
16 759 85 35392
16 760 85 35392
16 761 85 35392
16 762 85 35392
16 763 85 35392
16 764 85 35392
16 765 85 35392
16 766 85 35392
16 767 85 35392
16 768 85 35392
16 769 85 35392
16 770 85 35392
16 771 85 35392
16 772 85 35392
16 773 85 35392
16 774 85 35392
16 775 85 35392
16 776 85 35392
16 777 85 35392
16 778 85 35392
16 779 85 35392
16 780 85 35392
16 781 85 35392
16 782 85 35392
16 783 85 35392
16 784 85 35392
16 785 85 35392
16 786 85 35392
16 787 85 35392
16 788 85 35392
16 789 85 35392
16 790 85 35392
16 791 85 35392
16 792 85 35392
16 793 85 35392
16 794 85 35392
16 795 85 35392
16 796 85 35392
16 797 85 35392
16 798 85 35392
16 799 85 35392
16 800 85 35392
16 801 85 35392
16 802 85 35392
16 803 85 35392
16 804 85 35392
16 805 85 35392
16 806 85 35392
16 807 85 35392
16 808 85 35392
16 809 85 35392
16 810 85 35392
16 811 85 35392
16 812 85 35392
16 813 85 35392
16 814 85 35392
16 815 85 35392
16 816 85 35392
16 817 85 35392
16 818 85 35392
16 819 85 35392
16 820 85 35392
16 821 85 35392
16 822 85 35392
16 823 85 35392
16 824 85 35392
16 825 85 35392
16 826 85 35392
16 827 85 35392
16 828 85 35392
16 829 85 35392
16 830 85 35392
16 831 85 35392
16 832 85 35392
16 833 85 35392
16 834 85 35392
16 835 85 35392
16 836 85 35392
16 837 85 35392
16 838 85 35392
16 839 85 35392
16 840 85 35392
16 841 85 35392
16 842 85 35392
16 843 85 35392
16 844 85 35392
16 845 85 35392
16 846 85 35392
16 847 85 35392
16 848 85 35392
16 849 85 35392
16 850 85 35392
16 851 85 35392
16 852 85 35392
16 853 85 35392
16 854 85 35392
16 855 85 35392
16 856 85 35392
16 857 85 35392
16 858 85 35392
16 859 85 35392
16 860 85 35392
16 861 85 35392
16 862 85 35392
16 863 85 35392
16 864 85 35392
16 865 85 35392
16 866 85 35392
16 867 85 35392
16 868 85 35392
16 869 85 35392
16 870 85 35392
16 871 85 35392
16 872 85 35392
16 873 85 35392
16 874 85 35392
16 875 85 35392
16 876 85 35392
16 877 85 35392
16 878 85 35392
16 879 85 35392
16 880 85 35392
16 881 85 35392
16 882 85 35392
16 883 85 35392
16 884 85 35392
16 885 85 35392
16 886 85 35392
16 887 85 35392
16 888 85 35392
16 889 85 35392
16 890 85 35392
16 891 85 35392
16 892 85 35392
16 893 85 35392
16 894 85 35392
16 895 85 35392
16 896 85 35392
16 897 85 35392
16 898 85 35392
16 899 85 35392
16 900 85 35392
16 901 85 35392
16 902 85 35392
16 903 85 35392
16 904 85 35392
16 905 85 35392
16 906 85 35392
16 907 85 35392
16 908 85 35392
16 909 85 35392
16 910 85 35392
16 911 85 35392
16 912 85 35392
16 913 85 35392
16 914 85 35392
16 915 85 35392
16 916 85 35392
16 917 85 35392
16 918 85 35392
16 919 85 35392
16 920 85 35392
16 921 85 35392
16 922 85 35392
16 923 85 35392
16 924 85 35392
16 925 85 35392
16 926 85 35392
16 927 85 35392
16 928 85 35392
16 929 85 35392
16 930 85 35392
16 931 85 35392
16 932 85 35392
16 933 85 35392
16 934 85 35392
16 935 85 35392
16 936 85 35392
16 937 85 35392
16 938 85 35392
16 939 85 35392
16 940 85 35392
16 941 85 35392
16 942 85 35392
16 943 85 35392
16 944 85 35392
16 945 85 35392
16 946 85 35392
16 947 85 35392
16 948 85 35392
16 949 85 35392
16 950 85 35392
16 951 85 35392
16 952 85 35392
16 953 85 35392
16 954 85 35392
16 955 85 35392
16 956 85 35392
16 957 85 35392
16 958 85 35392
16 959 85 35392
16 960 85 35392
16 961 85 35392
16 962 85 35392
16 963 85 35392
16 964 85 35392
16 965 85 35392
16 966 85 35392
16 967 85 35392
16 968 85 35392
16 969 85 35392
16 970 85 35392
16 971 85 35392
16 972 85 35392
16 973 85 35392
16 974 85 35392
16 975 85 35392
16 976 85 35392
16 977 85 35392
16 978 85 35392
16 979 85 35392
16 980 85 35392
16 981 85 35392
16 982 85 35392
16 983 85 35392
16 984 85 35392
16 985 85 35392
16 986 85 35392
16 987 85 35392
16 988 85 35392
16 989 85 35392
16 990 85 35392
16 991 85 35392
16 992 85 35392
16 993 85 35392
16 994 85 35392
16 995 85 35392
16 996 85 35392
16 997 85 35392
16 998 85 35392
16 999 85 35392
