256 0 787395 1823096832
256 1 786877 1823096832
256 2 786843 1823096832
256 3 787186 1823096832
256 4 786839 1823096832
256 5 787125 1823096832
256 6 786898 1823096832
256 7 787094 1823096832
256 8 786824 1823096832
256 9 787093 1823096832
256 10 786826 1823096832
256 11 786965 1823096832
256 12 786839 1823096832
256 13 787180 1823096832
256 14 786913 1823096832
256 15 787132 1823096832
256 16 786914 1823096832
256 17 786946 1823096832
256 18 786862 1823096832
256 19 786823 1823096832
256 20 786780 1823096832
256 21 786859 1823096832
256 22 786842 1823096832
256 23 786805 1823096832
256 24 787031 1823096832
256 25 786862 1823096832
256 26 787009 1823096832
256 27 786841 1823096832
256 28 787044 1823096832
256 29 786938 1823096832
256 30 787118 1823096832
256 31 786822 1823096832
256 32 787082 1823096832
256 33 786876 1823096832
256 34 787081 1823096832
256 35 786896 1823096832
256 36 786966 1823096832
256 37 786783 1823096832
256 38 786973 1823096832
256 39 786764 1823096832
256 40 787036 1823096832
256 41 786993 1823096832
256 42 786860 1823096832
256 43 786994 1823096832
256 44 786800 1823096832
256 45 786866 1823096832
256 46 786841 1823096832
256 47 787137 1823096832
256 48 787029 1823096832
256 49 787082 1823096832
256 50 786934 1823096832
256 51 787072 1823096832
256 52 786838 1823096832
256 53 787059 1823096832
256 54 786880 1823096832
256 55 787027 1823096832
256 56 786787 1823096832
256 57 787085 1823096832
256 58 786821 1823096832
256 59 787097 1823096832
256 60 786859 1823096832
256 61 786982 1823096832
256 62 786913 1823096832
256 63 786840 1823096832
256 64 786883 1823096832
256 65 786899 1823096832
256 66 786953 1823096832
256 67 786843 1823096832
256 68 786937 1823096832
256 69 786770 1823096832
256 70 787157 1823096832
256 71 786916 1823096832
256 72 786943 1823096832
256 73 786959 1823096832
256 74 787030 1823096832
256 75 786881 1823096832
256 76 787077 1823096832
256 77 786847 1823096832
256 78 787062 1823096832
256 79 786936 1823096832
256 80 787002 1823096832
256 81 786864 1823096832
256 82 787075 1823096832
256 83 786897 1823096832
256 84 787141 1823096832
256 85 787009 1823096832
256 86 786845 1823096832
256 87 786785 1823096832
256 88 786935 1823096832
256 89 786951 1823096832
256 90 786977 1823096832
256 91 787074 1823096832
256 92 786881 1823096832
256 93 787138 1823096832
256 94 786922 1823096832
256 95 787024 1823096832
256 96 786839 1823096832
256 97 787050 1823096832
256 98 786881 1823096832
256 99 787085 1823096832
256 100 786857 1823096832
256 101 787052 1823096832
256 102 786954 1823096832
256 103 787053 1823096832
256 104 786805 1823096832
256 105 787162 1823096832
256 106 786821 1823096832
256 107 787056 1823096832
256 108 786860 1823096832
256 109 786844 1823096832
256 110 786861 1823096832
256 111 786861 1823096832
256 112 786799 1823096832
256 113 786973 1823096832
256 114 787073 1823096832
256 115 786825 1823096832
256 116 787064 1823096832
256 117 786933 1823096832
256 118 787083 1823096832
256 119 786841 1823096832
256 120 787011 1823096832
256 121 786783 1823096832
256 122 787133 1823096832
256 123 786841 1823096832
256 124 787075 1823096832
256 125 786762 1823096832
256 126 787034 1823096832
256 127 786900 1823096832
256 128 787085 1823096832
256 129 786843 1823096832
256 130 786881 1823096832
256 131 786995 1823096832
256 132 786845 1823096832
256 133 786919 1823096832
256 134 786880 1823096832
256 135 786975 1823096832
256 136 786881 1823096832
256 137 787123 1823096832
256 138 786915 1823096832
256 139 787051 1823096832
256 140 786913 1823096832
256 141 787075 1823096832
256 142 786953 1823096832
256 143 787004 1823096832
256 144 786917 1823096832
256 145 787098 1823096832
256 146 786858 1823096832
256 147 787083 1823096832
256 148 786862 1823096832
256 149 787130 1823096832
256 150 786840 1823096832
256 151 787131 1823096832
256 152 786955 1823096832
256 153 786861 1823096832
256 154 786877 1823096832
256 155 786862 1823096832
256 156 786803 1823096832
256 157 786840 1823096832
256 158 787111 1823096832
256 159 786863 1823096832
256 160 787095 1823096832
256 161 786863 1823096832
256 162 787106 1823096832
256 163 786826 1823096832
256 164 787134 1823096832
256 165 786877 1823096832
256 166 786987 1823096832
256 167 787015 1823096832
256 168 786962 1823096832
256 169 786899 1823096832
256 170 787113 1823096832
256 171 786904 1823096832
256 172 786930 1823096832
256 173 786801 1823096832
256 174 786842 1823096832
256 175 786840 1823096832
256 176 786786 1823096832
256 177 786973 1823096832
256 178 786876 1823096832
256 179 786860 1823096832
256 180 786915 1823096832
256 181 787064 1823096832
256 182 786804 1823096832
256 183 787056 1823096832
256 184 786825 1823096832
256 185 787075 1823096832
256 186 786840 1823096832
256 187 787025 1823096832
256 188 786903 1823096832
256 189 787074 1823096832
256 190 786940 1823096832
256 191 787080 1823096832
256 192 786824 1823096832
256 193 786969 1823096832
256 194 786768 1823096832
256 195 787066 1823096832
256 196 786841 1823096832
256 197 786915 1823096832
256 198 786916 1823096832
256 199 786957 1823096832
256 200 786842 1823096832
256 201 786840 1823096832
256 202 787048 1823096832
256 203 786840 1823096832
256 204 786966 1823096832
256 205 786844 1823096832
256 206 787059 1823096832
256 207 786978 1823096832
256 208 786967 1823096832
256 209 786840 1823096832
256 210 787121 1823096832
256 211 786979 1823096832
256 212 787146 1823096832
256 213 786916 1823096832
256 214 787035 1823096832
256 215 786939 1823096832
256 216 787045 1823096832
256 217 786821 1823096832
256 218 786983 1823096832
256 219 786923 1823096832
256 220 787014 1823096832
256 221 786900 1823096832
256 222 786843 1823096832
256 223 786886 1823096832
256 224 786821 1823096832
256 225 787062 1823096832
256 226 786788 1823096832
256 227 787093 1823096832
256 228 786846 1823096832
256 229 787118 1823096832
256 230 786897 1823096832
256 231 787144 1823096832
256 232 786935 1823096832
256 233 786984 1823096832
256 234 786918 1823096832
256 235 787161 1823096832
256 236 786897 1823096832
256 237 787038 1823096832
256 238 786859 1823096832
256 239 787068 1823096832
256 240 786934 1823096832
256 241 786840 1823096832
256 242 786803 1823096832
256 243 786880 1823096832
256 244 786863 1823096832
256 245 786823 1823096832
256 246 787106 1823096832
256 247 786824 1823096832
256 248 787097 1823096832
256 249 786860 1823096832
256 250 787038 1823096832
256 251 786822 1823096832
256 252 787075 1823096832
256 253 786857 1823096832
256 254 787180 1823096832
256 255 786861 1823096832
256 256 787063 1823096832
256 257 786918 1823096832
256 258 787098 1823096832
256 259 786858 1823096832
256 260 787048 1823096832
256 261 786898 1823096832
256 262 787002 1823096832
256 263 786823 1823096832
256 264 786899 1823096832
256 265 786766 1823096832
256 266 786823 1823096832
256 267 786859 1823096832
256 268 786838 1823096832
256 269 786998 1823096832
256 270 786955 1823096832
256 271 787082 1823096832
256 272 786896 1823096832
256 273 787080 1823096832
256 274 786994 1823096832
256 275 787172 1823096832
256 276 786860 1823096832
256 277 787123 1823096832
256 278 786936 1823096832
256 279 787003 1823096832
256 280 786861 1823096832
256 281 786973 1823096832
256 282 786862 1823096832
256 283 787066 1823096832
256 284 786845 1823096832
256 285 786824 1823096832
256 286 786881 1823096832
256 287 786897 1823096832
256 288 786858 1823096832
256 289 786843 1823096832
256 290 786877 1823096832
256 291 786975 1823096832
256 292 787049 1823096832
256 293 786840 1823096832
256 294 787065 1823096832
256 295 786915 1823096832
256 296 787005 1823096832
256 297 786861 1823096832
256 298 787091 1823096832
256 299 786843 1823096832
256 300 787135 1823096832
256 301 786884 1823096832
256 302 786982 1823096832
256 303 786802 1823096832
256 304 787053 1823096832
256 305 786839 1823096832
256 306 787067 1823096832
256 307 786880 1823096832
256 308 786804 1823096832
256 309 786806 1823096832
256 310 786824 1823096832
256 311 786841 1823096832
256 312 786954 1823096832
256 313 787063 1823096832
256 314 786920 1823096832
256 315 787041 1823096832
256 316 786841 1823096832
256 317 786993 1823096832
256 318 786841 1823096832
256 319 787087 1823096832
256 320 786801 1823096832
256 321 786975 1823096832
256 322 786937 1823096832
256 323 786899 1823096832
256 324 786877 1823096832
256 325 787055 1823096832
256 326 786858 1823096832
256 327 787003 1823096832
256 328 786895 1823096832
256 329 787095 1823096832
256 330 786839 1823096832
256 331 786914 1823096832
256 332 786804 1823096832
256 333 786918 1823096832
256 334 786824 1823096832
256 335 786881 1823096832
256 336 787137 1823096832
256 337 786785 1823096832
256 338 787021 1823096832
256 339 786970 1823096832
256 340 787051 1823096832
256 341 786826 1823096832
256 342 787029 1823096832
256 343 786858 1823096832
256 344 787108 1823096832
256 345 786896 1823096832
256 346 787011 1823096832
256 347 786937 1823096832
256 348 787035 1823096832
256 349 786879 1823096832
256 350 787077 1823096832
256 351 786879 1823096832
256 352 786863 1823096832
256 353 786971 1823096832
256 354 786842 1823096832
256 355 786843 1823096832
256 356 786842 1823096832
256 357 787047 1823096832
256 358 786840 1823096832
256 359 786961 1823096832
256 360 786881 1823096832
256 361 787069 1823096832
256 362 786918 1823096832
256 363 787066 1823096832
256 364 786803 1823096832
256 365 787077 1823096832
256 366 786804 1823096832
256 367 787173 1823096832
256 368 786995 1823096832
256 369 787019 1823096832
256 370 786897 1823096832
256 371 787145 1823096832
256 372 786898 1823096832
256 373 787042 1823096832
256 374 786859 1823096832
256 375 786897 1823096832
256 376 786914 1823096832
256 377 786953 1823096832
256 378 786916 1823096832
256 379 786936 1823096832
256 380 787126 1823096832
256 381 786862 1823096832
256 382 787041 1823096832
256 383 786918 1823096832
256 384 786976 1823096832
256 385 787143 1823096832
256 386 787085 1823096832
256 387 786897 1823096832
256 388 787118 1823096832
256 389 786899 1823096832
256 390 786944 1823096832
256 391 786824 1823096832
256 392 787107 1823096832
256 393 786877 1823096832
256 394 787091 1823096832
256 395 786861 1823096832
256 396 786764 1823096832
256 397 786921 1823096832
256 398 786897 1823096832
256 399 786826 1823096832
256 400 786882 1823096832
256 401 786765 1823096832
256 402 786916 1823096832
256 403 787090 1823096832
256 404 786899 1823096832
256 405 786974 1823096832
256 406 786844 1823096832
256 407 786954 1823096832
256 408 786860 1823096832
256 409 787048 1823096832
256 410 786822 1823096832
256 411 787108 1823096832
256 412 786936 1823096832
256 413 787077 1823096832
256 414 786837 1823096832
256 415 787169 1823096832
256 416 786840 1823096832
256 417 787051 1823096832
256 418 786829 1823096832
256 419 786859 1823096832
256 420 786896 1823096832
256 421 786883 1823096832
256 422 786765 1823096832
256 423 786898 1823096832
256 424 787090 1823096832
256 425 786975 1823096832
256 426 787119 1823096832
256 427 786918 1823096832
256 428 786946 1823096832
256 429 786955 1823096832
256 430 787096 1823096832
256 431 786920 1823096832
256 432 787024 1823096832
256 433 786940 1823096832
256 434 787103 1823096832
256 435 786784 1823096832
256 436 786965 1823096832
256 437 786805 1823096832
256 438 787000 1823096832
256 439 786940 1823096832
256 440 786978 1823096832
256 441 786863 1823096832
256 442 786958 1823096832
256 443 786785 1823096832
256 444 786915 1823096832
256 445 786840 1823096832
256 446 786839 1823096832
256 447 787027 1823096832
256 448 786842 1823096832
256 449 786959 1823096832
256 450 786899 1823096832
256 451 786990 1823096832
256 452 786895 1823096832
256 453 786986 1823096832
256 454 786975 1823096832
256 455 787121 1823096832
256 456 786972 1823096832
256 457 786983 1823096832
256 458 786882 1823096832
256 459 787085 1823096832
256 460 786784 1823096832
256 461 787092 1823096832
256 462 786806 1823096832
256 463 786805 1823096832
256 464 786918 1823096832
256 465 786827 1823096832
256 466 786860 1823096832
256 467 786839 1823096832
256 468 786995 1823096832
256 469 786993 1823096832
256 470 787099 1823096832
256 471 787032 1823096832
256 472 786982 1823096832
256 473 786975 1823096832
256 474 787009 1823096832
256 475 786957 1823096832
256 476 787028 1823096832
256 477 786858 1823096832
256 478 787037 1823096832
256 479 786784 1823096832
256 480 787023 1823096832
256 481 786917 1823096832
256 482 786990 1823096832
256 483 786840 1823096832
256 484 787061 1823096832
256 485 786819 1823096832
256 486 786937 1823096832
256 487 786931 1823096832
256 488 786894 1823096832
256 489 786930 1823096832
256 490 786878 1823096832
256 491 787010 1823096832
256 492 786897 1823096832
256 493 787039 1823096832
256 494 786880 1823096832
256 495 787127 1823096832
256 496 786976 1823096832
256 497 787043 1823096832
256 498 786764 1823096832
256 499 787065 1823096832
256 500 786824 1823096832
256 501 787136 1823096832
256 502 786803 1823096832
256 503 787153 1823096832
256 504 786823 1823096832
256 505 787107 1823096832
256 506 786992 1823096832
256 507 786806 1823096832
256 508 786841 1823096832
256 509 786859 1823096832
256 510 786714 1823096832
256 511 786877 1823096832
256 512 786976 1823096832
256 513 786875 1823096832
256 514 787133 1823096832
256 515 786860 1823096832
256 516 787020 1823096832
256 517 786898 1823096832
256 518 787072 1823096832
256 519 786879 1823096832
256 520 787072 1823096832
256 521 786805 1823096832
256 522 786917 1823096832
256 523 786931 1823096832
256 524 787040 1823096832
256 525 786862 1823096832
256 526 787039 1823096832
256 527 786995 1823096832
256 528 787145 1823096832
256 529 786860 1823096832
256 530 786859 1823096832
256 531 786825 1823096832
256 532 787033 1823096832
256 533 786780 1823096832
256 534 786824 1823096832
256 535 787005 1823096832
256 536 786821 1823096832
256 537 786973 1823096832
256 538 786879 1823096832
256 539 787102 1823096832
256 540 786879 1823096832
256 541 787128 1823096832
256 542 786767 1823096832
256 543 786955 1823096832
256 544 786883 1823096832
256 545 787073 1823096832
256 546 786803 1823096832
256 547 787054 1823096832
256 548 786763 1823096832
256 549 786965 1823096832
256 550 786846 1823096832
256 551 786844 1823096832
256 552 786766 1823096832
256 553 786804 1823096832
256 554 786806 1823096832
256 555 786896 1823096832
256 556 786879 1823096832
256 557 786857 1823096832
256 558 787060 1823096832
256 559 786898 1823096832
256 560 787006 1823096832
256 561 786787 1823096832
256 562 786971 1823096832
256 563 786861 1823096832
256 564 787065 1823096832
256 565 786979 1823096832
256 566 786983 1823096832
256 567 786894 1823096832
256 568 786989 1823096832
256 569 786879 1823096832
256 570 787043 1823096832
256 571 786956 1823096832
256 572 786956 1823096832
256 573 786823 1823096832
256 574 786903 1823096832
256 575 786840 1823096832
256 576 786859 1823096832
256 577 786804 1823096832
256 578 786789 1823096832
256 579 787043 1823096832
256 580 786804 1823096832
256 581 787096 1823096832
256 582 786840 1823096832
256 583 787042 1823096832
256 584 786848 1823096832
256 585 787100 1823096832
256 586 786782 1823096832
256 587 787041 1823096832
256 588 786877 1823096832
256 589 787068 1823096832
256 590 786879 1823096832
256 591 787058 1823096832
256 592 786895 1823096832
256 593 787060 1823096832
256 594 786861 1823096832
256 595 786978 1823096832
256 596 786879 1823096832
256 597 786971 1823096832
256 598 786801 1823096832
256 599 786859 1823096832
256 600 786804 1823096832
256 601 786977 1823096832
256 602 787010 1823096832
256 603 786823 1823096832
256 604 787135 1823096832
256 605 786822 1823096832
256 606 786891 1823096832
256 607 786977 1823096832
256 608 787007 1823096832
256 609 786844 1823096832
256 610 787021 1823096832
256 611 786859 1823096832
256 612 787081 1823096832
256 613 786959 1823096832
256 614 787168 1823096832
256 615 786841 1823096832
256 616 787096 1823096832
256 617 786859 1823096832
256 618 786841 1823096832
256 619 786766 1823096832
256 620 786843 1823096832
256 621 786841 1823096832
256 622 786857 1823096832
256 623 787087 1823096832
256 624 786860 1823096832
256 625 787061 1823096832
256 626 786896 1823096832
256 627 787108 1823096832
256 628 786771 1823096832
256 629 787036 1823096832
256 630 786897 1823096832
256 631 787079 1823096832
256 632 786914 1823096832
256 633 787068 1823096832
256 634 786879 1823096832
256 635 787014 1823096832
256 636 786824 1823096832
256 637 787051 1823096832
256 638 786841 1823096832
256 639 787024 1823096832
256 640 786881 1823096832
256 641 786765 1823096832
256 642 786822 1823096832
256 643 786881 1823096832
256 644 786840 1823096832
256 645 786838 1823096832
256 646 787099 1823096832
256 647 786897 1823096832
256 648 786980 1823096832
256 649 786877 1823096832
256 650 787014 1823096832
256 651 786916 1823096832
256 652 787102 1823096832
256 653 786840 1823096832
256 654 787167 1823096832
256 655 786917 1823096832
256 656 787079 1823096832
256 657 786842 1823096832
256 658 787004 1823096832
256 659 786823 1823096832
256 660 787019 1823096832
256 661 786899 1823096832
256 662 786862 1823096832
256 663 786995 1823096832
256 664 786881 1823096832
256 665 786843 1823096832
256 666 786933 1823096832
256 667 787012 1823096832
256 668 786877 1823096832
256 669 787003 1823096832
256 670 786859 1823096832
256 671 787028 1823096832
256 672 786769 1823096832
256 673 787017 1823096832
256 674 786859 1823096832
256 675 786996 1823096832
256 676 786881 1823096832
256 677 787088 1823096832
256 678 786860 1823096832
256 679 786961 1823096832
256 680 786823 1823096832
256 681 787092 1823096832
256 682 786783 1823096832
256 683 787169 1823096832
256 684 786935 1823096832
256 685 786900 1823096832
256 686 786822 1823096832
256 687 786840 1823096832
256 688 786886 1823096832
256 689 786824 1823096832
256 690 787104 1823096832
256 691 786863 1823096832
256 692 787065 1823096832
256 693 786917 1823096832
256 694 786973 1823096832
256 695 786844 1823096832
256 696 786960 1823096832
256 697 786785 1823096832
256 698 787108 1823096832
256 699 786847 1823096832
256 700 786995 1823096832
256 701 786784 1823096832
256 702 787000 1823096832
256 703 786841 1823096832
256 704 787084 1823096832
256 705 786936 1823096832
256 706 787106 1823096832
256 707 786860 1823096832
256 708 786859 1823096832
256 709 786865 1823096832
256 710 786877 1823096832
256 711 786805 1823096832
256 712 786902 1823096832
256 713 787061 1823096832
256 714 786939 1823096832
256 715 786963 1823096832
256 716 786882 1823096832
256 717 787095 1823096832
256 718 786821 1823096832
256 719 787090 1823096832
256 720 786878 1823096832
256 721 786971 1823096832
256 722 786919 1823096832
256 723 787089 1823096832
256 724 786977 1823096832
256 725 787080 1823096832
256 726 786783 1823096832
256 727 787147 1823096832
256 728 786877 1823096832
256 729 786934 1823096832
256 730 786879 1823096832
256 731 786880 1823096832
256 732 786879 1823096832
256 733 786876 1823096832
256 734 787053 1823096832
256 735 786901 1823096832
256 736 787085 1823096832
256 737 786782 1823096832
256 738 786954 1823096832
256 739 786804 1823096832
256 740 787123 1823096832
256 741 786898 1823096832
256 742 786989 1823096832
256 743 786826 1823096832
256 744 787031 1823096832
256 745 786901 1823096832
256 746 787003 1823096832
256 747 786841 1823096832
256 748 786970 1823096832
256 749 786749 1823096832
256 750 787082 1823096832
256 751 786861 1823096832
256 752 786863 1823096832
256 753 786937 1823096832
256 754 786862 1823096832
256 755 786808 1823096832
256 756 786918 1823096832
256 757 787024 1823096832
256 758 786857 1823096832
256 759 787042 1823096832
256 760 786820 1823096832
256 761 787093 1823096832
256 762 786937 1823096832
256 763 787006 1823096832
256 764 786879 1823096832
256 765 786997 1823096832
256 766 786840 1823096832
256 767 787085 1823096832
256 768 786800 1823096832
256 769 787056 1823096832
256 770 786881 1823096832
256 771 787021 1823096832
256 772 786861 1823096832
256 773 786880 1823096832
256 774 786825 1823096832
256 775 786937 1823096832
256 776 786900 1823096832
256 777 786840 1823096832
256 778 787010 1823096832
256 779 786860 1823096832
256 780 787067 1823096832
256 781 786920 1823096832
256 782 787030 1823096832
256 783 786903 1823096832
256 784 787011 1823096832
256 785 786880 1823096832
256 786 787112 1823096832
256 787 786801 1823096832
256 788 787051 1823096832
256 789 786974 1823096832
256 790 787218 1823096832
256 791 786893 1823096832
256 792 787060 1823096832
256 793 786916 1823096832
256 794 787097 1823096832
256 795 786878 1823096832
256 796 786896 1823096832
256 797 786936 1823096832
256 798 786898 1823096832
256 799 786805 1823096832
256 800 786975 1823096832
256 801 787086 1823096832
256 802 786937 1823096832
256 803 787027 1823096832
256 804 786920 1823096832
256 805 787030 1823096832
256 806 786914 1823096832
256 807 787011 1823096832
256 808 786856 1823096832
256 809 787102 1823096832
256 810 786841 1823096832
256 811 787065 1823096832
256 812 786823 1823096832
256 813 786982 1823096832
256 814 786843 1823096832
256 815 787122 1823096832
256 816 786937 1823096832
256 817 787078 1823096832
256 818 786901 1823096832
256 819 786916 1823096832
256 820 786935 1823096832
256 821 786878 1823096832
256 822 786860 1823096832
256 823 786920 1823096832
256 824 787019 1823096832
256 825 786803 1823096832
256 826 787083 1823096832
256 827 786899 1823096832
256 828 787106 1823096832
256 829 786954 1823096832
256 830 787159 1823096832
256 831 786935 1823096832
256 832 787022 1823096832
256 833 786824 1823096832
256 834 787023 1823096832
256 835 786821 1823096832
256 836 787130 1823096832
256 837 786804 1823096832
256 838 786958 1823096832
256 839 786858 1823096832
256 840 786881 1823096832
256 841 786952 1823096832
256 842 786960 1823096832
256 843 786973 1823096832
256 844 786897 1823096832
256 845 787138 1823096832
256 846 786824 1823096832
256 847 787000 1823096832
256 848 786877 1823096832
256 849 787086 1823096832
256 850 786919 1823096832
256 851 787045 1823096832
256 852 786860 1823096832
256 853 787047 1823096832
256 854 786782 1823096832
256 855 786987 1823096832
256 856 786856 1823096832
256 857 787082 1823096832
256 858 786803 1823096832
256 859 787075 1823096832
256 860 786879 1823096832
256 861 786973 1823096832
256 862 786881 1823096832
256 863 786879 1823096832
256 864 786803 1823096832
256 865 786895 1823096832
256 866 786877 1823096832
256 867 786786 1823096832
256 868 787161 1823096832
256 869 786896 1823096832
256 870 787056 1823096832
256 871 786938 1823096832
256 872 787091 1823096832
256 873 786860 1823096832
256 874 786997 1823096832
256 875 786896 1823096832
256 876 787098 1823096832
256 877 786916 1823096832
256 878 786989 1823096832
256 879 786822 1823096832
256 880 787061 1823096832
256 881 786823 1823096832
256 882 787087 1823096832
256 883 786903 1823096832
256 884 786993 1823096832
256 885 786859 1823096832
256 886 786878 1823096832
256 887 786861 1823096832
256 888 786918 1823096832
256 889 786919 1823096832
256 890 786955 1823096832
256 891 787143 1823096832
256 892 786919 1823096832
256 893 787108 1823096832
256 894 786844 1823096832
256 895 787030 1823096832
256 896 786938 1823096832
256 897 787095 1823096832
256 898 786805 1823096832
256 899 787004 1823096832
256 900 786765 1823096832
256 901 787045 1823096832
256 902 786769 1823096832
256 903 787113 1823096832
256 904 786880 1823096832
256 905 787010 1823096832
256 906 786917 1823096832
256 907 786954 1823096832
256 908 786844 1823096832
256 909 786840 1823096832
256 910 786878 1823096832
256 911 786954 1823096832
256 912 787107 1823096832
256 913 786877 1823096832
256 914 787097 1823096832
256 915 786862 1823096832
256 916 787088 1823096832
256 917 786916 1823096832
256 918 787030 1823096832
256 919 786860 1823096832
256 920 787007 1823096832
256 921 786877 1823096832
256 922 786955 1823096832
256 923 786918 1823096832
256 924 787062 1823096832
256 925 786896 1823096832
256 926 787073 1823096832
256 927 786806 1823096832
256 928 786915 1823096832
256 929 786898 1823096832
256 930 786861 1823096832
256 931 786921 1823096832
256 932 786916 1823096832
256 933 786937 1823096832
256 934 786900 1823096832
256 935 787198 1823096832
256 936 786896 1823096832
256 937 787010 1823096832
256 938 786878 1823096832
256 939 787005 1823096832
256 940 786839 1823096832
256 941 787141 1823096832
256 942 786859 1823096832
256 943 787048 1823096832
256 944 786917 1823096832
256 945 787022 1823096832
256 946 786876 1823096832
256 947 787074 1823096832
256 948 786861 1823096832
256 949 787033 1823096832
256 950 786843 1823096832
256 951 786936 1823096832
256 952 786957 1823096832
256 953 786918 1823096832
256 954 786932 1823096832
256 955 786864 1823096832
256 956 787115 1823096832
256 957 786897 1823096832
256 958 787122 1823096832
256 959 786916 1823096832
256 960 787026 1823096832
256 961 786856 1823096832
256 962 787110 1823096832
256 963 786858 1823096832
256 964 787032 1823096832
256 965 786840 1823096832
256 966 787085 1823096832
256 967 786877 1823096832
256 968 787046 1823096832
256 969 786842 1823096832
256 970 787080 1823096832
256 971 786902 1823096832
256 972 787021 1823096832
256 973 786880 1823096832
256 974 786974 1823096832
256 975 786916 1823096832
256 976 786820 1823096832
256 977 786843 1823096832
256 978 786882 1823096832
256 979 787030 1823096832
256 980 786915 1823096832
256 981 787084 1823096832
256 982 786859 1823096832
256 983 787080 1823096832
256 984 787011 1823096832
256 985 787038 1823096832
256 986 786826 1823096832
256 987 787080 1823096832
256 988 786782 1823096832
256 989 787040 1823096832
256 990 786916 1823096832
256 991 787073 1823096832
256 992 786840 1823096832
256 993 786916 1823096832
256 994 786881 1823096832
256 995 786935 1823096832
256 996 786842 1823096832
256 997 786783 1823096832
256 998 786841 1823096832
256 999 786858 1823096832
