128 0 68633 116035584
128 1 68596 116035584
128 2 68596 116035584
128 3 68596 116035584
128 4 68619 116035584
128 5 68594 116035584
128 6 68594 116035584
128 7 68594 116035584
128 8 68594 116035584
128 9 68594 116035584
128 10 68596 116035584
128 11 68596 116035584
128 12 68596 116035584
128 13 68596 116035584
128 14 68596 116035584
128 15 68596 116035584
128 16 68594 116035584
128 17 68624 116035584
128 18 68593 116035584
128 19 68596 116035584
128 20 68596 116035584
128 21 68594 116035584
128 22 68594 116035584
128 23 68594 116035584
128 24 68594 116035584
128 25 68594 116035584
128 26 68596 116035584
128 27 68594 116035584
128 28 68596 116035584
128 29 68594 116035584
128 30 68620 116035584
128 31 68595 116035584
128 32 68597 116035584
128 33 68596 116035584
128 34 68592 116035584
128 35 68596 116035584
128 36 68596 116035584
128 37 68594 116035584
128 38 68594 116035584
128 39 68594 116035584
128 40 68596 116035584
128 41 68594 116035584
128 42 68596 116035584
128 43 68621 116035584
128 44 68594 116035584
128 45 68594 116035584
128 46 68597 116035584
128 47 68595 116035584
128 48 68594 116035584
128 49 68596 116035584
128 50 68596 116035584
128 51 68596 116035584
128 52 68592 116035584
128 53 68594 116035584
128 54 68594 116035584
128 55 68594 116035584
128 56 68621 116035584
128 57 68594 116035584
128 58 68595 116035584
128 59 68594 116035584
128 60 68595 116035584
128 61 68596 116035584
128 62 68596 116035584
128 63 68594 116035584
128 64 68594 116035584
128 65 68594 116035584
128 66 68593 116035584
128 67 68594 116035584
128 68 68594 116035584
128 69 68621 116035584
128 70 68596 116035584
128 71 68594 116035584
128 72 68594 116035584
128 73 68594 116035584
128 74 68595 116035584
128 75 68594 116035584
128 76 68597 116035584
128 77 68594 116035584
128 78 68594 116035584
128 79 68596 116035584
128 80 68594 116035584
128 81 68596 116035584
128 82 68618 116035584
128 83 68596 116035584
128 84 68597 116035584
128 85 68594 116035584
128 86 68593 116035584
128 87 68594 116035584
128 88 68594 116035584
128 89 68594 116035584
128 90 68596 116035584
128 91 68594 116035584
128 92 68596 116035584
128 93 68596 116035584
128 94 68596 116035584
128 95 68621 116035584
128 96 68594 116035584
128 97 68594 116035584
128 98 68594 116035584
128 99 68592 116035584
128 100 68596 116035584
128 101 68596 116035584
128 102 68595 116035584
128 103 68596 116035584
128 104 68594 116035584
128 105 68594 116035584
128 106 68594 116035584
128 107 68594 116035584
128 108 68626 116035584
128 109 68594 116035584
128 110 68596 116035584
128 111 68596 116035584
128 112 68596 116035584
128 113 68595 116035584
128 114 68596 116035584
128 115 68594 116035584
128 116 68596 116035584
128 117 68597 116035584
128 118 68594 116035584
128 119 68594 116035584
128 120 68594 116035584
128 121 68621 116035584
128 122 68596 116035584
128 123 68594 116035584
128 124 68595 116035584
128 125 68594 116035584
128 126 68594 116035584
128 127 68592 116035584
128 128 68595 116035584
128 129 68596 116035584
128 130 68595 116035584
128 131 68594 116035584
128 132 68594 116035584
128 133 68594 116035584
128 134 68619 116035584
128 135 68594 116035584
128 136 68594 116035584
128 137 68594 116035584
128 138 68597 116035584
128 139 68594 116035584
128 140 68596 116035584
128 141 68594 116035584
128 142 68594 116035584
128 143 68613 116035584
128 144 68592 116035584
128 145 68594 116035584
128 146 68594 116035584
128 147 68619 116035584
128 148 68596 116035584
128 149 68596 116035584
128 150 68596 116035584
128 151 68596 116035584
128 152 68596 116035584
128 153 68594 116035584
128 154 68596 116035584
128 155 68594 116035584
128 156 68619 116035584
128 157 68596 116035584
128 158 68592 116035584
128 159 68592 116035584
128 160 68618 116035584
128 161 68594 116035584
128 162 68594 116035584
128 163 68595 116035584
128 164 68596 116035584
128 165 68596 116035584
128 166 68594 116035584
128 167 68597 116035584
128 168 68596 116035584
128 169 68619 116035584
128 170 68594 116035584
128 171 68595 116035584
128 172 68593 116035584
128 173 68621 116035584
128 174 68596 116035584
128 175 68596 116035584
128 176 68594 116035584
128 177 68594 116035584
128 178 68595 116035584
128 179 68594 116035584
128 180 68594 116035584
128 181 68594 116035584
128 182 68620 116035584
128 183 68594 116035584
128 184 68594 116035584
128 185 68592 116035584
128 186 68619 116035584
128 187 68596 116035584
128 188 68594 116035584
128 189 68594 116035584
128 190 68594 116035584
128 191 68596 116035584
128 192 68596 116035584
128 193 68594 116035584
128 194 68594 116035584
128 195 68620 116035584
128 196 68593 116035584
128 197 68594 116035584
128 198 68593 116035584
128 199 68620 116035584
128 200 68594 116035584
128 201 68594 116035584
128 202 68594 116035584
128 203 68596 116035584
128 204 68594 116035584
128 205 68594 116035584
128 206 68597 116035584
128 207 68594 116035584
128 208 68619 116035584
128 209 68596 116035584
128 210 68596 116035584
128 211 68594 116035584
128 212 68621 116035584
128 213 68594 116035584
128 214 68596 116035584
128 215 68594 116035584
128 216 68592 116035584
128 217 68594 116035584
128 218 68593 116035584
128 219 68595 116035584
128 220 68596 116035584
128 221 68623 116035584
128 222 68596 116035584
128 223 68597 116035584
128 224 68594 116035584
128 225 68622 116035584
128 226 68594 116035584
128 227 68594 116035584
128 228 68597 116035584
128 229 68594 116035584
128 230 68596 116035584
128 231 68594 116035584
128 232 68593 116035584
128 233 68593 116035584
128 234 68622 116035584
128 235 68594 116035584
128 236 68594 116035584
128 237 68594 116035584
128 238 68620 116035584
128 239 68592 116035584
128 240 68594 116035584
128 241 68597 116035584
128 242 68594 116035584
128 243 68594 116035584
128 244 68594 116035584
128 245 68595 116035584
128 246 68594 116035584
128 247 68621 116035584
128 248 68594 116035584
128 249 68594 116035584
128 250 68596 116035584
128 251 68619 116035584
128 252 68592 116035584
128 253 68595 116035584
128 254 68594 116035584
128 255 68593 116035584
128 256 68596 116035584
128 257 68594 116035584
128 258 68593 116035584
128 259 68596 116035584
128 260 68619 116035584
128 261 68596 116035584
128 262 68594 116035584
128 263 68596 116035584
128 264 68620 116035584
128 265 68596 116035584
128 266 68596 116035584
128 267 68594 116035584
128 268 68593 116035584
128 269 68592 116035584
128 270 68596 116035584
128 271 68594 116035584
128 272 68596 116035584
128 273 68620 116035584
128 274 68594 116035584
128 275 68595 116035584
128 276 68594 116035584
128 277 68620 116035584
128 278 68594 116035584
128 279 68594 116035584
128 280 68596 116035584
128 281 68594 116035584
128 282 68594 116035584
128 283 68596 116035584
128 284 68594 116035584
128 285 68596 116035584
128 286 68621 116035584
128 287 68596 116035584
128 288 68594 116035584
128 289 68596 116035584
128 290 68622 116035584
128 291 68596 116035584
128 292 68596 116035584
128 293 68594 116035584
128 294 68592 116035584
128 295 68594 116035584
128 296 68594 116035584
128 297 68596 116035584
128 298 68596 116035584
128 299 68623 116035584
128 300 68594 116035584
128 301 68596 116035584
128 302 68594 116035584
128 303 68594 116035584
128 304 68594 116035584
128 305 68594 116035584
128 306 68594 116035584
128 307 68594 116035584
128 308 68594 116035584
128 309 68594 116035584
128 310 68592 116035584
128 311 68592 116035584
128 312 68620 116035584
128 313 68595 116035584
128 314 68594 116035584
128 315 68597 116035584
128 316 68594 116035584
128 317 68594 116035584
128 318 68597 116035584
128 319 68592 116035584
128 320 68593 116035584
128 321 68594 116035584
128 322 68596 116035584
128 323 68594 116035584
128 324 68594 116035584
128 325 68624 116035584
128 326 68596 116035584
128 327 68597 116035584
128 328 68594 116035584
128 329 68596 116035584
128 330 68594 116035584
128 331 68595 116035584
128 332 68594 116035584
128 333 68596 116035584
128 334 68596 116035584
128 335 68596 116035584
128 336 68595 116035584
128 337 68593 116035584
128 338 68625 116035584
128 339 68593 116035584
128 340 68594 116035584
128 341 68596 116035584
128 342 68594 116035584
128 343 68592 116035584
128 344 68593 116035584
128 345 68594 116035584
128 346 68593 116035584
128 347 68596 116035584
128 348 68596 116035584
128 349 68596 116035584
128 350 68596 116035584
128 351 68627 116035584
128 352 68596 116035584
128 353 68592 116035584
128 354 68594 116035584
128 355 68596 116035584
128 356 68593 116035584
128 357 68594 116035584
128 358 68594 116035584
128 359 68592 116035584
128 360 68594 116035584
128 361 68595 116035584
128 362 68594 116035584
128 363 68594 116035584
128 364 68619 116035584
128 365 68596 116035584
128 366 68594 116035584
128 367 68594 116035584
128 368 68594 116035584
128 369 68594 116035584
128 370 68596 116035584
128 371 68597 116035584
128 372 68592 116035584
128 373 68594 116035584
128 374 68595 116035584
128 375 68596 116035584
128 376 68594 116035584
128 377 68621 116035584
128 378 68596 116035584
128 379 68594 116035584
128 380 68596 116035584
128 381 68594 116035584
128 382 68594 116035584
128 383 68594 116035584
128 384 68594 116035584
128 385 68596 116035584
128 386 68594 116035584
128 387 68594 116035584
128 388 68593 116035584
128 389 68594 116035584
128 390 68618 116035584
128 391 68593 116035584
128 392 68594 116035584
128 393 68596 116035584
128 394 68594 116035584
128 395 68594 116035584
128 396 68596 116035584
128 397 68594 116035584
128 398 68596 116035584
128 399 68594 116035584
128 400 68596 116035584
128 401 68594 116035584
128 402 68596 116035584
128 403 68620 116035584
128 404 68593 116035584
128 405 68595 116035584
128 406 68596 116035584
128 407 68594 116035584
128 408 68596 116035584
128 409 68596 116035584
128 410 68597 116035584
128 411 68595 116035584
128 412 68596 116035584
128 413 68597 116035584
128 414 68595 116035584
128 415 68596 116035584
128 416 68624 116035584
128 417 68594 116035584
128 418 68596 116035584
128 419 68596 116035584
128 420 68594 116035584
128 421 68595 116035584
128 422 68596 116035584
128 423 68593 116035584
128 424 68596 116035584
128 425 68594 116035584
128 426 68596 116035584
128 427 68594 116035584
128 428 68596 116035584
128 429 68619 116035584
128 430 68594 116035584
128 431 68596 116035584
128 432 68594 116035584
128 433 68594 116035584
128 434 68594 116035584
128 435 68594 116035584
128 436 68593 116035584
128 437 68596 116035584
128 438 68594 116035584
128 439 68594 116035584
128 440 68593 116035584
128 441 68594 116035584
128 442 68618 116035584
128 443 68594 116035584
128 444 68594 116035584
128 445 68594 116035584
128 446 68594 116035584
128 447 68595 116035584
128 448 68596 116035584
128 449 68596 116035584
128 450 68593 116035584
128 451 68596 116035584
128 452 68597 116035584
128 453 68596 116035584
128 454 68594 116035584
128 455 68619 116035584
128 456 68593 116035584
128 457 68595 116035584
128 458 68594 116035584
128 459 68594 116035584
128 460 68596 116035584
128 461 68594 116035584
128 462 68594 116035584
128 463 68595 116035584
128 464 68594 116035584
128 465 68594 116035584
128 466 68596 116035584
128 467 68594 116035584
128 468 68620 116035584
128 469 68596 116035584
128 470 68596 116035584
128 471 68594 116035584
128 472 68595 116035584
128 473 68594 116035584
128 474 68595 116035584
128 475 68594 116035584
128 476 68592 116035584
128 477 68596 116035584
128 478 68594 116035584
128 479 68595 116035584
128 480 68593 116035584
128 481 68620 116035584
128 482 68595 116035584
128 483 68595 116035584
128 484 68594 116035584
128 485 68594 116035584
128 486 68597 116035584
128 487 68596 116035584
128 488 68596 116035584
128 489 68596 116035584
128 490 68596 116035584
128 491 68594 116035584
128 492 68592 116035584
128 493 68594 116035584
128 494 68620 116035584
128 495 68596 116035584
128 496 68594 116035584
128 497 68594 116035584
128 498 68594 116035584
128 499 68594 116035584
128 500 68597 116035584
128 501 68594 116035584
128 502 68594 116035584
128 503 68592 116035584
128 504 68596 116035584
128 505 68596 116035584
128 506 68596 116035584
128 507 68620 116035584
128 508 68596 116035584
128 509 68597 116035584
128 510 68594 116035584
128 511 68593 116035584
128 512 68594 116035584
128 513 68592 116035584
128 514 68596 116035584
128 515 68594 116035584
128 516 68594 116035584
128 517 68594 116035584
128 518 68592 116035584
128 519 68594 116035584
128 520 68619 116035584
128 521 68593 116035584
128 522 68594 116035584
128 523 68594 116035584
128 524 68596 116035584
128 525 68594 116035584
128 526 68596 116035584
128 527 68596 116035584
128 528 68593 116035584
128 529 68596 116035584
128 530 68594 116035584
128 531 68593 116035584
128 532 68594 116035584
128 533 68623 116035584
128 534 68595 116035584
128 535 68596 116035584
128 536 68594 116035584
128 537 68594 116035584
128 538 68594 116035584
128 539 68597 116035584
128 540 68594 116035584
128 541 68594 116035584
128 542 68595 116035584
128 543 68595 116035584
128 544 68594 116035584
128 545 68596 116035584
128 546 68618 116035584
128 547 68594 116035584
128 548 68592 116035584
128 549 68595 116035584
128 550 68596 116035584
128 551 68596 116035584
128 552 68596 116035584
128 553 68595 116035584
128 554 68596 116035584
128 555 68594 116035584
128 556 68594 116035584
128 557 68594 116035584
128 558 68594 116035584
128 559 68616 116035584
128 560 68594 116035584
128 561 68594 116035584
128 562 68594 116035584
128 563 68594 116035584
128 564 68594 116035584
128 565 68594 116035584
128 566 68593 116035584
128 567 68593 116035584
128 568 68593 116035584
128 569 68594 116035584
128 570 68596 116035584
128 571 68595 116035584
128 572 68619 116035584
128 573 68594 116035584
128 574 68594 116035584
128 575 68594 116035584
128 576 68596 116035584
128 577 68596 116035584
128 578 68594 116035584
128 579 68594 116035584
128 580 68594 116035584
128 581 68594 116035584
128 582 68594 116035584
128 583 68594 116035584
128 584 68594 116035584
128 585 68621 116035584
128 586 68596 116035584
128 587 68596 116035584
128 588 68594 116035584
128 589 68594 116035584
128 590 68594 116035584
128 591 68596 116035584
128 592 68596 116035584
128 593 68594 116035584
128 594 68594 116035584
128 595 68596 116035584
128 596 68594 116035584
128 597 68596 116035584
128 598 68616 116035584
128 599 68596 116035584
128 600 68594 116035584
128 601 68594 116035584
128 602 68594 116035584
128 603 68594 116035584
128 604 68596 116035584
128 605 68596 116035584
128 606 68594 116035584
128 607 68595 116035584
128 608 68594 116035584
128 609 68595 116035584
128 610 68594 116035584
128 611 68618 116035584
128 612 68594 116035584
128 613 68596 116035584
128 614 68592 116035584
128 615 68594 116035584
128 616 68596 116035584
128 617 68596 116035584
128 618 68596 116035584
128 619 68594 116035584
128 620 68596 116035584
128 621 68596 116035584
128 622 68596 116035584
128 623 68594 116035584
128 624 68619 116035584
128 625 68595 116035584
128 626 68596 116035584
128 627 68594 116035584
128 628 68594 116035584
128 629 68596 116035584
128 630 68596 116035584
128 631 68596 116035584
128 632 68594 116035584
128 633 68596 116035584
128 634 68594 116035584
128 635 68596 116035584
128 636 68596 116035584
128 637 68618 116035584
128 638 68594 116035584
128 639 68594 116035584
128 640 68596 116035584
128 641 68594 116035584
128 642 68594 116035584
128 643 68596 116035584
128 644 68596 116035584
128 645 68596 116035584
128 646 68596 116035584
128 647 68596 116035584
128 648 68596 116035584
128 649 68594 116035584
128 650 68620 116035584
128 651 68594 116035584
128 652 68594 116035584
128 653 68593 116035584
128 654 68593 116035584
128 655 68596 116035584
128 656 68596 116035584
128 657 68594 116035584
128 658 68596 116035584
128 659 68594 116035584
128 660 68592 116035584
128 661 68596 116035584
128 662 68596 116035584
128 663 68618 116035584
128 664 68596 116035584
128 665 68597 116035584
128 666 68594 116035584
128 667 68594 116035584
128 668 68594 116035584
128 669 68594 116035584
128 670 68596 116035584
128 671 68596 116035584
128 672 68596 116035584
128 673 68595 116035584
128 674 68594 116035584
128 675 68594 116035584
128 676 68618 116035584
128 677 68592 116035584
128 678 68595 116035584
128 679 68596 116035584
128 680 68595 116035584
128 681 68594 116035584
128 682 68594 116035584
128 683 68594 116035584
128 684 68594 116035584
128 685 68596 116035584
128 686 68594 116035584
128 687 68592 116035584
128 688 68595 116035584
128 689 68621 116035584
128 690 68594 116035584
128 691 68596 116035584
128 692 68594 116035584
128 693 68594 116035584
128 694 68594 116035584
128 695 68594 116035584
128 696 68594 116035584
128 697 68594 116035584
128 698 68596 116035584
128 699 68594 116035584
128 700 68596 116035584
128 701 68596 116035584
128 702 68619 116035584
128 703 68592 116035584
128 704 68594 116035584
128 705 68593 116035584
128 706 68594 116035584
128 707 68594 116035584
128 708 68596 116035584
128 709 68596 116035584
128 710 68596 116035584
128 711 68594 116035584
128 712 68592 116035584
128 713 68592 116035584
128 714 68593 116035584
128 715 68622 116035584
128 716 68595 116035584
128 717 68596 116035584
128 718 68596 116035584
128 719 68593 116035584
128 720 68594 116035584
128 721 68594 116035584
128 722 68594 116035584
128 723 68593 116035584
128 724 68594 116035584
128 725 68593 116035584
128 726 68594 116035584
128 727 68594 116035584
128 728 68620 116035584
128 729 68594 116035584
128 730 68593 116035584
128 731 68596 116035584
128 732 68594 116035584
128 733 68594 116035584
128 734 68596 116035584
128 735 68594 116035584
128 736 68597 116035584
128 737 68596 116035584
128 738 68594 116035584
128 739 68594 116035584
128 740 68592 116035584
128 741 68620 116035584
128 742 68594 116035584
128 743 68594 116035584
128 744 68593 116035584
128 745 68596 116035584
128 746 68596 116035584
128 747 68594 116035584
128 748 68596 116035584
128 749 68594 116035584
128 750 68612 116035584
128 751 68593 116035584
128 752 68596 116035584
128 753 68594 116035584
128 754 68619 116035584
128 755 68594 116035584
128 756 68596 116035584
128 757 68596 116035584
128 758 68594 116035584
128 759 68596 116035584
128 760 68596 116035584
128 761 68594 116035584
128 762 68594 116035584
128 763 68621 116035584
128 764 68594 116035584
128 765 68592 116035584
128 766 68595 116035584
128 767 68623 116035584
128 768 68594 116035584
128 769 68596 116035584
128 770 68594 116035584
128 771 68594 116035584
128 772 68596 116035584
128 773 68596 116035584
128 774 68594 116035584
128 775 68596 116035584
128 776 68621 116035584
128 777 68595 116035584
128 778 68594 116035584
128 779 68593 116035584
128 780 68619 116035584
128 781 68596 116035584
128 782 68594 116035584
128 783 68597 116035584
128 784 68594 116035584
128 785 68594 116035584
128 786 68592 116035584
128 787 68594 116035584
128 788 68594 116035584
128 789 68622 116035584
128 790 68593 116035584
128 791 68592 116035584
128 792 68595 116035584
128 793 68621 116035584
128 794 68596 116035584
128 795 68596 116035584
128 796 68595 116035584
128 797 68594 116035584
128 798 68596 116035584
128 799 68596 116035584
128 800 68594 116035584
128 801 68596 116035584
128 802 68620 116035584
128 803 68595 116035584
128 804 68593 116035584
128 805 68594 116035584
128 806 68619 116035584
128 807 68594 116035584
128 808 68594 116035584
128 809 68594 116035584
128 810 68594 116035584
128 811 68594 116035584
128 812 68592 116035584
128 813 68594 116035584
128 814 68597 116035584
128 815 68621 116035584
128 816 68594 116035584
128 817 68597 116035584
128 818 68593 116035584
128 819 68622 116035584
128 820 68596 116035584
128 821 68596 116035584
128 822 68596 116035584
128 823 68596 116035584
128 824 68594 116035584
128 825 68593 116035584
128 826 68594 116035584
128 827 68596 116035584
128 828 68623 116035584
128 829 68596 116035584
128 830 68594 116035584
128 831 68594 116035584
128 832 68620 116035584
128 833 68594 116035584
128 834 68596 116035584
128 835 68594 116035584
128 836 68596 116035584
128 837 68594 116035584
128 838 68592 116035584
128 839 68592 116035584
128 840 68592 116035584
128 841 68619 116035584
128 842 68595 116035584
128 843 68596 116035584
128 844 68594 116035584
128 845 68620 116035584
128 846 68597 116035584
128 847 68596 116035584
128 848 68596 116035584
128 849 68595 116035584
128 850 68596 116035584
128 851 68596 116035584
128 852 68592 116035584
128 853 68595 116035584
128 854 68621 116035584
128 855 68594 116035584
128 856 68594 116035584
128 857 68594 116035584
128 858 68622 116035584
128 859 68597 116035584
128 860 68594 116035584
128 861 68594 116035584
128 862 68596 116035584
128 863 68594 116035584
128 864 68594 116035584
128 865 68593 116035584
128 866 68594 116035584
128 867 68620 116035584
128 868 68595 116035584
128 869 68596 116035584
128 870 68596 116035584
128 871 68620 116035584
128 872 68592 116035584
128 873 68596 116035584
128 874 68594 116035584
128 875 68594 116035584
128 876 68594 116035584
128 877 68594 116035584
128 878 68594 116035584
128 879 68593 116035584
128 880 68620 116035584
128 881 68596 116035584
128 882 68594 116035584
128 883 68592 116035584
128 884 68620 116035584
128 885 68594 116035584
128 886 68597 116035584
128 887 68594 116035584
128 888 68596 116035584
128 889 68594 116035584
128 890 68596 116035584
128 891 68594 116035584
128 892 68596 116035584
128 893 68620 116035584
128 894 68594 116035584
128 895 68597 116035584
128 896 68593 116035584
128 897 68621 116035584
128 898 68594 116035584
128 899 68594 116035584
128 900 68595 116035584
128 901 68596 116035584
128 902 68595 116035584
128 903 68594 116035584
128 904 68592 116035584
128 905 68594 116035584
128 906 68619 116035584
128 907 68596 116035584
128 908 68596 116035584
128 909 68596 116035584
128 910 68622 116035584
128 911 68594 116035584
128 912 68596 116035584
128 913 68594 116035584
128 914 68594 116035584
128 915 68595 116035584
128 916 68594 116035584
128 917 68596 116035584
128 918 68596 116035584
128 919 68619 116035584
128 920 68594 116035584
128 921 68594 116035584
128 922 68596 116035584
128 923 68597 116035584
128 924 68594 116035584
128 925 68594 116035584
128 926 68594 116035584
128 927 68594 116035584
128 928 68594 116035584
128 929 68594 116035584
128 930 68596 116035584
128 931 68594 116035584
128 932 68623 116035584
128 933 68594 116035584
128 934 68596 116035584
128 935 68594 116035584
128 936 68597 116035584
128 937 68593 116035584
128 938 68596 116035584
128 939 68596 116035584
128 940 68594 116035584
128 941 68596 116035584
128 942 68595 116035584
128 943 68596 116035584
128 944 68595 116035584
128 945 68625 116035584
128 946 68594 116035584
128 947 68593 116035584
128 948 68592 116035584
128 949 68593 116035584
128 950 68596 116035584
128 951 68595 116035584
128 952 68596 116035584
128 953 68592 116035584
128 954 68594 116035584
128 955 68596 116035584
128 956 68596 116035584
128 957 68596 116035584
128 958 68623 116035584
128 959 68594 116035584
128 960 68596 116035584
128 961 68596 116035584
128 962 68592 116035584
128 963 68594 116035584
128 964 68594 116035584
128 965 68595 116035584
128 966 68596 116035584
128 967 68594 116035584
128 968 68595 116035584
128 969 68596 116035584
128 970 68594 116035584
128 971 68619 116035584
128 972 68594 116035584
128 973 68596 116035584
128 974 68596 116035584
128 975 68594 116035584
128 976 68594 116035584
128 977 68594 116035584
128 978 68594 116035584
128 979 68595 116035584
128 980 68593 116035584
128 981 68596 116035584
128 982 68594 116035584
128 983 68593 116035584
128 984 68622 116035584
128 985 68596 116035584
128 986 68597 116035584
128 987 68594 116035584
128 988 68594 116035584
128 989 68594 116035584
128 990 68596 116035584
128 991 68597 116035584
128 992 68594 116035584
128 993 68594 116035584
128 994 68594 116035584
128 995 68595 116035584
128 996 68595 116035584
128 997 68621 116035584
128 998 68595 116035584
128 999 68596 116035584
