512 1 361784271 3062365696 
512 2 362267872 3062365696 
512 3 361757161 3062365696 
512 4 362510769 3062365696 
512 5 362006101 3062365696 
512 6 362398621 3062365696 
512 7 361689789 3062365696 
512 8 362489971 3062365696 
512 9 361649750 3062365696 
512 10 362362926 3062365696 
512 11 362171745 3062365696 
512 12 362227767 3062365696 
512 13 362091201 3062365696 
512 14 362480010 3062365696 
512 15 361915968 3062365696 
512 16 362458802 3062365696 
512 17 361975733 3062365696 
512 18 362690523 3062365696 
512 19 362069661 3062365696 
512 20 362625278 3062365696 
512 21 361926575 3062365696 
512 22 362529900 3062365696 
512 23 362192694 3062365696 
512 24 362534314 3062365696 
512 25 361880958 3062365696 
512 26 362655248 3062365696 
512 27 362113549 3062365696 
512 28 362412324 3062365696 
512 29 362056387 3062365696 
512 30 362680384 3062365696 
512 31 362061034 3062365696 
512 32 362607423 3062365696 
512 33 362242136 3062365696 
512 34 362250204 3062365696 
512 35 361913291 3062365696 
512 36 362525431 3062365696 
512 37 362048273 3062365696 
512 38 362454746 3062365696 
512 39 361935354 3062365696 
512 40 362164830 3062365696 
512 41 361809739 3062365696 
512 42 362189716 3062365696 
512 43 361676316 3062365696 
512 44 362616904 3062365696 
512 45 361946472 3062365696 
512 46 362510521 3062365696 
512 47 361604601 3062365696 
512 48 362202062 3062365696 
512 49 361921615 3062365696 
512 50 362158729 3062365696 
512 51 361701267 3062365696 
512 52 362279606 3062365696 
512 53 361997706 3062365696 
512 54 362513919 3062365696 
512 55 361876051 3062365696 
512 56 362408721 3062365696 
512 57 362204830 3062365696 
512 58 362690649 3062365696 
512 59 361994905 3062365696 
512 60 362627320 3062365696 
512 61 362088435 3062365696 
512 62 362623415 3062365696 
512 63 362124523 3062365696 
512 64 362576240 3062365696 
512 65 362329050 3062365696 
512 66 362338181 3062365696 
512 67 362058010 3062365696 
512 68 362475702 3062365696 
512 69 362175991 3062365696 
512 70 362549115 3062365696 
512 71 361746952 3062365696 
512 72 362595089 3062365696 
512 73 362002021 3062365696 
512 74 362636503 3062365696 
512 75 361905714 3062365696 
512 76 362662035 3062365696 
512 77 361866655 3062365696 
512 78 362578087 3062365696 
512 79 361960472 3062365696 
512 80 362343244 3062365696 
512 81 361744347 3062365696 
512 82 362817198 3062365696 
512 83 362034897 3062365696 
512 84 362318242 3062365696 
512 85 361997194 3062365696 
512 86 362233094 3062365696 
512 87 361872807 3062365696 
512 88 362293802 3062365696 
512 89 361708883 3062365696 
512 90 362458745 3062365696 
512 91 361590950 3062365696 
512 92 362327852 3062365696 
512 93 361791769 3062365696 
512 94 362238867 3062365696 
512 95 361796428 3062365696 
512 96 362343921 3062365696 
512 97 361665866 3062365696 
512 98 362087292 3062365696 
512 99 361843681 3062365696 
512 100 362398133 3062365696 
512 101 362252149 3062365696 
512 102 362267588 3062365696 
512 103 362432630 3062365696 
512 104 362518864 3062365696 
512 105 362393095 3062365696 
512 106 362411223 3062365696 
512 107 362423327 3062365696 
512 108 362124383 3062365696 
512 109 362354847 3062365696 
512 110 362344162 3062365696 
512 111 362368201 3062365696 
512 112 362530495 3062365696 
512 113 362508026 3062365696 
512 114 362363819 3062365696 
512 115 362261586 3062365696 
512 116 362490709 3062365696 
512 117 362203280 3062365696 
512 118 362447878 3062365696 
512 119 362441900 3062365696 
512 120 362346821 3062365696 
512 121 362463353 3062365696 
512 122 362344346 3062365696 
512 123 362600560 3062365696 
512 124 362402675 3062365696 
512 125 362535179 3062365696 
512 126 362401712 3062365696 
512 127 362292516 3062365696 
512 128 362508614 3062365696 
512 129 362025009 3062365696 
512 130 362501946 3062365696 
512 131 362348410 3062365696 
512 132 362589086 3062365696 
512 133 362312551 3062365696 
512 134 362639584 3062365696 
512 135 362387006 3062365696 
512 136 362449443 3062365696 
512 137 362410732 3062365696 
512 138 362435297 3062365696 
512 139 362456060 3062365696 
512 140 362544747 3062365696 
512 141 362259301 3062365696 
512 142 362368046 3062365696 
512 143 362135072 3062365696 
512 144 362445595 3062365696 
512 145 362232018 3062365696 
512 146 362468771 3062365696 
512 147 362202764 3062365696 
512 148 362057620 3062365696 
512 149 362156703 3062365696 
512 150 362063889 3062365696 
512 151 362321215 3062365696 
512 152 362337263 3062365696 
512 153 362336607 3062365696 
512 154 362442109 3062365696 
512 155 362434255 3062365696 
512 156 362491054 3062365696 
512 157 362413954 3062365696 
512 158 362472251 3062365696 
512 159 362529877 3062365696 
512 160 362313127 3062365696 
512 161 362262524 3062365696 
512 162 362360269 3062365696 
512 163 362378499 3062365696 
512 164 362339531 3062365696 
512 165 362093251 3062365696 
512 166 362508321 3062365696 
512 167 361989573 3062365696 
512 168 362402818 3062365696 
512 169 362179029 3062365696 
512 170 362107030 3062365696 
512 171 362071732 3062365696 
512 172 362170963 3062365696 
512 173 362362826 3062365696 
512 174 362476561 3062365696 
512 175 362430836 3062365696 
512 176 362382475 3062365696 
512 177 362189784 3062365696 
512 178 362336439 3062365696 
512 179 362484794 3062365696 
512 180 362511023 3062365696 
512 181 362233260 3062365696 
512 182 362503097 3062365696 
512 183 362244568 3062365696 
512 184 362115934 3062365696 
512 185 362109680 3062365696 
512 186 362021381 3062365696 
512 187 361936981 3062365696 
512 188 361904442 3062365696 
512 189 362026699 3062365696 
512 190 362377240 3062365696 
512 191 362060029 3062365696 
512 192 362634711 3062365696 
512 193 362222636 3062365696 
512 194 362305057 3062365696 
512 195 362371029 3062365696 
512 196 362466204 3062365696 
512 197 362446683 3062365696 
512 198 362347157 3062365696 
512 199 362402586 3062365696 
512 200 362523388 3062365696 
512 201 362224348 3062365696 
512 202 362190081 3062365696 
512 203 362381347 3062365696 
512 204 362290961 3062365696 
512 205 362394995 3062365696 
512 206 362366160 3062365696 
512 207 361951336 3062365696 
512 208 362074566 3062365696 
512 209 362350414 3062365696 
512 210 362453932 3062365696 
512 211 362270739 3062365696 
512 212 362174917 3062365696 
512 213 362396352 3062365696 
512 214 362507311 3062365696 
512 215 362382681 3062365696 
512 216 362303308 3062365696 
512 217 362059828 3062365696 
512 218 362347192 3062365696 
512 219 361980850 3062365696 
512 220 362422304 3062365696 
512 221 362228059 3062365696 
512 222 362132562 3062365696 
512 223 362158333 3062365696 
512 224 362675339 3062365696 
512 225 362373800 3062365696 
512 226 362608950 3062365696 
512 227 362426582 3062365696 
512 228 362632431 3062365696 
512 229 362436571 3062365696 
512 230 362306066 3062365696 
512 231 362186204 3062365696 
512 232 362225126 3062365696 
512 233 362357165 3062365696 
512 234 362437863 3062365696 
512 235 362360915 3062365696 
512 236 362419662 3062365696 
512 237 362632195 3062365696 
512 238 362443835 3062365696 
512 239 362170041 3062365696 
512 240 362573199 3062365696 
512 241 362242681 3062365696 
512 242 362633350 3062365696 
512 243 362394115 3062365696 
512 244 362508608 3062365696 
512 245 362549046 3062365696 
512 246 362501436 3062365696 
512 247 362572026 3062365696 
512 248 362559177 3062365696 
512 249 362498012 3062365696 
512 250 362507522 3062365696 
512 251 362688434 3062365696 
512 252 362845478 3062365696 
512 253 362756318 3062365696 
512 254 362611570 3062365696 
512 255 362433349 3062365696 
512 256 362514877 3062365696 
512 257 362570851 3062365696 
512 258 362500970 3062365696 
512 259 362441870 3062365696 
512 260 362528589 3062365696 
512 261 362758840 3062365696 
512 262 362688651 3062365696 
512 263 362687089 3062365696 
512 264 362607273 3062365696 
512 265 362526045 3062365696 
512 266 362531850 3062365696 
512 267 362473765 3062365696 
512 268 362768221 3062365696 
512 269 362391658 3062365696 
512 270 362821652 3062365696 
512 271 362821745 3062365696 
512 272 362738661 3062365696 
512 273 362749718 3062365696 
512 274 362719390 3062365696 
512 275 362838380 3062365696 
512 276 362781580 3062365696 
512 277 362836390 3062365696 
512 278 362726544 3062365696 
512 279 362742911 3062365696 
512 280 362657477 3062365696 
512 281 362612639 3062365696 
512 282 362620984 3062365696 
512 283 362678209 3062365696 
512 284 362827184 3062365696 
512 285 362711016 3062365696 
512 286 362835445 3062365696 
512 287 362645160 3062365696 
512 288 362863766 3062365696 
512 289 362561774 3062365696 
512 290 362632190 3062365696 
512 291 362590476 3062365696 
512 292 362770051 3062365696 
512 293 362656513 3062365696 
512 294 362663309 3062365696 
512 295 362616194 3062365696 
512 296 362579835 3062365696 
512 297 362606067 3062365696 
512 298 362543130 3062365696 
512 299 362629764 3062365696 
512 300 362611599 3062365696 
512 301 362542213 3062365696 
512 302 362674245 3062365696 
512 303 362448651 3062365696 
512 304 362650634 3062365696 
512 305 362571189 3062365696 
512 306 362819144 3062365696 
512 307 362616046 3062365696 
512 308 362614537 3062365696 
512 309 362553008 3062365696 
512 310 362740948 3062365696 
512 311 362495647 3062365696 
512 312 362603884 3062365696 
512 313 362563590 3062365696 
512 314 362426444 3062365696 
512 315 362276102 3062365696 
512 316 362735016 3062365696 
512 317 362425556 3062365696 
512 318 362330105 3062365696 
512 319 362479261 3062365696 
512 320 362737599 3062365696 
512 321 362612185 3062365696 
512 322 362577382 3062365696 
512 323 362633216 3062365696 
512 324 362779238 3062365696 
512 325 362682000 3062365696 
512 326 362530880 3062365696 
512 327 362318816 3062365696 
512 328 362589126 3062365696 
512 329 362590309 3062365696 
512 330 362499211 3062365696 
512 331 362677615 3062365696 
512 332 362393939 3062365696 
512 333 362537772 3062365696 
512 334 362358284 3062365696 
512 335 362493529 3062365696 
512 336 362466448 3062365696 
512 337 362529358 3062365696 
512 338 362696741 3062365696 
512 339 362666890 3062365696 
512 340 362596405 3062365696 
512 341 362487736 3062365696 
512 342 362653281 3062365696 
512 343 362484240 3062365696 
512 344 362637009 3062365696 
512 345 362595712 3062365696 
512 346 362544591 3062365696 
512 347 362414094 3062365696 
512 348 362454738 3062365696 
512 349 362690088 3062365696 
512 350 362724250 3062365696 
512 351 362586646 3062365696 
512 352 362580982 3062365696 
512 353 362442767 3062365696 
512 354 362553545 3062365696 
512 355 362735450 3062365696 
512 356 362661288 3062365696 
512 357 362682603 3062365696 
512 358 362434723 3062365696 
512 359 362545664 3062365696 
512 360 362651351 3062365696 
512 361 362562379 3062365696 
512 362 362327871 3062365696 
512 363 362421337 3062365696 
512 364 362073903 3062365696 
512 365 362426710 3062365696 
512 366 362320738 3062365696 
512 367 362596518 3062365696 
512 368 362376827 3062365696 
512 369 362764082 3062365696 
512 370 362587793 3062365696 
512 371 362579617 3062365696 
512 372 362427993 3062365696 
512 373 362525890 3062365696 
512 374 362736456 3062365696 
512 375 362559615 3062365696 
512 376 362566589 3062365696 
512 377 362380105 3062365696 
512 378 362546043 3062365696 
512 379 362641664 3062365696 
512 380 362804468 3062365696 
512 381 362440132 3062365696 
512 382 362505406 3062365696 
512 383 362598767 3062365696 
512 384 362425933 3062365696 
512 385 362709048 3062365696 
512 386 362869850 3062365696 
512 387 362618619 3062365696 
512 388 362918659 3062365696 
512 389 362728464 3062365696 
512 390 362520957 3062365696 
512 391 362339191 3062365696 
512 392 362605523 3062365696 
512 393 362561279 3062365696 
512 394 362437203 3062365696 
512 395 362586362 3062365696 
512 396 362644415 3062365696 
512 397 362494877 3062365696 
512 398 362616161 3062365696 
512 399 362409052 3062365696 
512 400 362525766 3062365696 
512 401 362535650 3062365696 
512 402 362541399 3062365696 
512 403 362393661 3062365696 
512 404 362490442 3062365696 
512 405 362767932 3062365696 
512 406 362661168 3062365696 
512 407 362719577 3062365696 
512 408 362652384 3062365696 
512 409 362416635 3062365696 
512 410 362489078 3062365696 
512 411 362529846 3062365696 
512 412 362505966 3062365696 
512 413 362337118 3062365696 
512 414 362549870 3062365696 
512 415 362468876 3062365696 
512 416 362511936 3062365696 
512 417 362331151 3062365696 
512 418 362335331 3062365696 
512 419 362427234 3062365696 
512 420 362638179 3062365696 
512 421 362518559 3062365696 
512 422 362562427 3062365696 
512 423 362488462 3062365696 
512 424 362479844 3062365696 
512 425 362407523 3062365696 
512 426 362644368 3062365696 
512 427 362533893 3062365696 
512 428 362453278 3062365696 
512 429 362535283 3062365696 
512 430 362581075 3062365696 
512 431 362498668 3062365696 
512 432 362615663 3062365696 
512 433 362566029 3062365696 
512 434 362527520 3062365696 
512 435 362532436 3062365696 
512 436 362621072 3062365696 
512 437 362494613 3062365696 
512 438 362791365 3062365696 
512 439 362504042 3062365696 
512 440 362565961 3062365696 
512 441 362576466 3062365696 
512 442 362685860 3062365696 
512 443 362546084 3062365696 
512 444 362703400 3062365696 
512 445 362621758 3062365696 
512 446 362677592 3062365696 
512 447 362580954 3062365696 
512 448 362683356 3062365696 
512 449 362340311 3062365696 
512 450 362741810 3062365696 
512 451 362600070 3062365696 
512 452 362509243 3062365696 
512 453 362710962 3062365696 
512 454 362694792 3062365696 
512 455 362548082 3062365696 
512 456 362660787 3062365696 
512 457 362580861 3062365696 
512 458 362439035 3062365696 
512 459 362632330 3062365696 
512 460 362590147 3062365696 
512 461 362650313 3062365696 
512 462 362531560 3062365696 
512 463 362652405 3062365696 
512 464 362573669 3062365696 
512 465 362587772 3062365696 
512 466 362574011 3062365696 
512 467 362584447 3062365696 
512 468 362567037 3062365696 
512 469 362551617 3062365696 
512 470 362682081 3062365696 
512 471 362700707 3062365696 
512 472 362521878 3062365696 
512 473 362455726 3062365696 
512 474 362742903 3062365696 
512 475 362665228 3062365696 
512 476 362556530 3062365696 
512 477 362604061 3062365696 
512 478 362628137 3062365696 
512 479 362440351 3062365696 
512 480 362533308 3062365696 
512 481 362608482 3062365696 
512 482 362731268 3062365696 
512 483 362597596 3062365696 
512 484 362515376 3062365696 
512 485 362322215 3062365696 
512 486 362493228 3062365696 
512 487 362495339 3062365696 
512 488 362690361 3062365696 
512 489 362624424 3062365696 
512 490 362635827 3062365696 
512 491 362276283 3062365696 
512 492 362567333 3062365696 
512 493 362088035 3062365696 
512 494 362679072 3062365696 
512 495 362461058 3062365696 
512 496 362614164 3062365696 
512 497 362403983 3062365696 
512 498 362509120 3062365696 
512 499 362239419 3062365696 
512 500 362463632 3062365696 
512 501 362586388 3062365696 
512 502 362781471 3062365696 
512 503 362786215 3062365696 
512 504 362662850 3062365696 
512 505 362577859 3062365696 
512 506 362501353 3062365696 
512 507 362542134 3062365696 
512 508 362744031 3062365696 
512 509 362567814 3062365696 
512 510 362851411 3062365696 
512 511 362737380 3062365696 
512 512 362585026 3062365696 
512 513 362589543 3062365696 
512 514 362593416 3062365696 
512 515 362673324 3062365696 
512 516 362589383 3062365696 
512 517 362523763 3062365696 
512 518 362885106 3062365696 
512 519 362687048 3062365696 
512 520 362645386 3062365696 
512 521 362447251 3062365696 
512 522 362665137 3062365696 
512 523 362651325 3062365696 
512 524 362567420 3062365696 
512 525 362567974 3062365696 
512 526 362733549 3062365696 
512 527 362733604 3062365696 
512 528 362690385 3062365696 
512 529 362651693 3062365696 
512 530 362762824 3062365696 
512 531 362679031 3062365696 
512 532 362724227 3062365696 
512 533 362656738 3062365696 
512 534 362603179 3062365696 
512 535 362751756 3062365696 
512 536 362684481 3062365696 
512 537 362526538 3062365696 
512 538 362467354 3062365696 
512 539 362529016 3062365696 
512 540 362630245 3062365696 
512 541 362768936 3062365696 
512 542 362549225 3062365696 
512 543 362564141 3062365696 
512 544 362722103 3062365696 
512 545 362599939 3062365696 
512 546 362673285 3062365696 
512 547 362293641 3062365696 
512 548 362612724 3062365696 
512 549 362315223 3062365696 
512 550 362709975 3062365696 
512 551 362611452 3062365696 
512 552 362476741 3062365696 
512 553 362591228 3062365696 
512 554 362456449 3062365696 
512 555 362396683 3062365696 
512 556 362588971 3062365696 
512 557 362433019 3062365696 
512 558 362722506 3062365696 
512 559 362586319 3062365696 
512 560 362673373 3062365696 
512 561 362649276 3062365696 
512 562 362498276 3062365696 
512 563 362433400 3062365696 
512 564 362678726 3062365696 
512 565 362515669 3062365696 
512 566 362540593 3062365696 
512 567 362436459 3062365696 
512 568 362432684 3062365696 
512 569 362356030 3062365696 
512 570 362237120 3062365696 
512 571 362448773 3062365696 
512 572 362449825 3062365696 
512 573 362195781 3062365696 
512 574 362201373 3062365696 
512 575 362442607 3062365696 
512 576 362446056 3062365696 
512 577 362290117 3062365696 
512 578 362714627 3062365696 
512 579 362454586 3062365696 
512 580 362235346 3062365696 
512 581 362326970 3062365696 
512 582 362431947 3062365696 
512 583 362369844 3062365696 
512 584 362316690 3062365696 
512 585 362162194 3062365696 
512 586 362154694 3062365696 
512 587 362321468 3062365696 
512 588 362453973 3062365696 
512 589 362411603 3062365696 
512 590 362241143 3062365696 
512 591 362067778 3062365696 
512 592 362497873 3062365696 
512 593 362392451 3062365696 
512 594 362204083 3062365696 
512 595 362522213 3062365696 
512 596 362538632 3062365696 
512 597 362425330 3062365696 
512 598 362386639 3062365696 
512 599 362425727 3062365696 
512 600 362701106 3062365696 
512 601 362626755 3062365696 
512 602 362403811 3062365696 
512 603 362444522 3062365696 
512 604 362618129 3062365696 
512 605 362434253 3062365696 
512 606 362461588 3062365696 
512 607 362350414 3062365696 
512 608 362326667 3062365696 
512 609 362361848 3062365696 
512 610 362692326 3062365696 
512 611 362637652 3062365696 
512 612 362342792 3062365696 
512 613 362609989 3062365696 
512 614 362605120 3062365696 
512 615 362568506 3062365696 
512 616 362579351 3062365696 
512 617 362547494 3062365696 
512 618 362430169 3062365696 
