256 515 90146835 3970264320 
256 516 90108887 3970264320 
256 517 90258117 3970264320 
256 518 90033969 3970264320 
256 519 90086137 3970264320 
256 520 89922701 3970264320 
256 521 90181505 3970264320 
256 522 89962862 3970264320 
256 523 90069236 3970264320 
256 524 89975203 3970264320 
256 525 90129466 3970264320 
256 526 90078913 3970264320 
256 527 90168214 3970264320 
256 528 89932548 3970264320 
256 529 90229039 3970264320 
256 530 90046525 3970264320 
256 531 90137132 3970264320 
256 532 89995233 3970264320 
256 533 90288355 3970264320 
256 534 90073957 3970264320 
256 535 90223846 3970264320 
256 536 90075096 3970264320 
256 537 90242407 3970264320 
256 538 90116918 3970264320 
256 539 90310752 3970264320 
256 540 89989536 3970264320 
256 541 90147130 3970264320 
256 542 90001897 3970264320 
256 543 90004483 3970264320 
256 544 89955449 3970264320 
256 545 90008090 3970264320 
256 546 90113290 3970264320 
256 547 90259377 3970264320 
256 548 89975371 3970264320 
256 549 90071263 3970264320 
256 550 89877934 3970264320 
256 551 90079174 3970264320 
256 552 90030759 3970264320 
256 553 90169410 3970264320 
256 554 89963848 3970264320 
256 555 90101130 3970264320 
256 556 89869890 3970264320 
256 557 90068243 3970264320 
256 558 89833551 3970264320 
256 559 90000803 3970264320 
256 560 89929906 3970264320 
256 561 90173455 3970264320 
256 562 89998022 3970264320 
256 563 90105192 3970264320 
256 564 89917974 3970264320 
256 565 90138574 3970264320 
256 566 89948666 3970264320 
256 567 90130917 3970264320 
256 568 89925242 3970264320 
256 569 90102027 3970264320 
256 570 89982428 3970264320 
256 571 90121621 3970264320 
256 572 90080448 3970264320 
256 573 90166407 3970264320 
256 574 90034254 3970264320 
256 575 90173031 3970264320 
256 576 90018703 3970264320 
256 577 90170524 3970264320 
256 578 90022152 3970264320 
256 579 90134754 3970264320 
256 580 90056020 3970264320 
256 581 90233442 3970264320 
256 582 90025064 3970264320 
256 583 90235832 3970264320 
256 584 90107473 3970264320 
256 585 90311735 3970264320 
256 586 90018536 3970264320 
256 587 90258430 3970264320 
256 588 90043642 3970264320 
256 589 90167125 3970264320 
256 590 90078897 3970264320 
256 591 90220055 3970264320 
256 592 89979080 3970264320 
256 593 90132107 3970264320 
256 594 90018142 3970264320 
256 595 90091196 3970264320 
256 596 90070397 3970264320 
256 597 90234815 3970264320 
256 598 90067894 3970264320 
256 599 90209673 3970264320 
256 600 90105619 3970264320 
256 601 90126424 3970264320 
256 602 90158231 3970264320 
256 603 90152643 3970264320 
256 604 90014062 3970264320 
256 605 90223531 3970264320 
256 606 90005191 3970264320 
256 607 90155094 3970264320 
256 608 90036588 3970264320 
256 609 90121900 3970264320 
256 610 90105748 3970264320 
256 611 90134228 3970264320 
256 612 90076912 3970264320 
256 613 90195316 3970264320 
256 614 89997130 3970264320 
256 615 90258741 3970264320 
256 616 89928115 3970264320 
256 617 90229318 3970264320 
256 618 90077348 3970264320 
256 619 90247707 3970264320 
256 620 89987279 3970264320 
256 621 90047629 3970264320 
256 622 89886257 3970264320 
256 623 90191234 3970264320 
256 624 89972451 3970264320 
256 625 90131392 3970264320 
256 626 89958048 3970264320 
256 627 90028352 3970264320 
256 628 89905725 3970264320 
256 629 90166966 3970264320 
256 630 90055052 3970264320 
256 631 90188383 3970264320 
256 632 90035478 3970264320 
256 633 90187174 3970264320 
256 634 89949651 3970264320 
256 635 90116653 3970264320 
256 636 89989660 3970264320 
256 637 90195141 3970264320 
256 638 90042673 3970264320 
256 639 90204837 3970264320 
256 640 90052955 3970264320 
256 641 90150461 3970264320 
256 642 89971522 3970264320 
256 643 90211408 3970264320 
256 644 89997919 3970264320 
256 645 90114161 3970264320 
256 646 89968623 3970264320 
256 647 90304030 3970264320 
256 648 89965977 3970264320 
256 649 90178179 3970264320 
256 650 89896445 3970264320 
256 651 90175652 3970264320 
256 652 90066784 3970264320 
256 653 90192172 3970264320 
256 654 90048158 3970264320 
256 655 90165166 3970264320 
256 656 89978997 3970264320 
256 657 90173241 3970264320 
256 658 90007068 3970264320 
256 659 90201070 3970264320 
256 660 90022896 3970264320 
256 661 90236222 3970264320 
256 662 90086641 3970264320 
256 663 90260574 3970264320 
256 664 90052245 3970264320 
256 665 90321217 3970264320 
256 666 89976937 3970264320 
256 667 90271720 3970264320 
256 668 90098253 3970264320 
256 669 90338155 3970264320 
256 670 89990729 3970264320 
256 671 90097077 3970264320 
256 672 90021690 3970264320 
256 673 90229261 3970264320 
256 674 90056656 3970264320 
256 675 90139744 3970264320 
256 676 89961825 3970264320 
256 677 90102896 3970264320 
256 678 89934337 3970264320 
256 679 90125296 3970264320 
256 680 90058355 3970264320 
256 681 90270482 3970264320 
256 682 90102517 3970264320 
256 683 90320040 3970264320 
256 684 90067900 3970264320 
256 685 90208334 3970264320 
256 686 90073322 3970264320 
256 687 90237035 3970264320 
256 688 90075034 3970264320 
256 689 90285348 3970264320 
256 690 89986011 3970264320 
256 691 90191087 3970264320 
256 692 90088848 3970264320 
256 693 90287638 3970264320 
256 694 90026725 3970264320 
256 695 90061733 3970264320 
256 696 89996953 3970264320 
256 697 90055669 3970264320 
256 698 89955556 3970264320 
256 699 90143008 3970264320 
256 700 90020701 3970264320 
256 701 90141077 3970264320 
256 702 89919239 3970264320 
256 703 90210208 3970264320 
256 704 89929666 3970264320 
256 705 90069899 3970264320 
256 706 90082439 3970264320 
256 707 90133184 3970264320 
256 708 90089288 3970264320 
256 709 90056849 3970264320 
256 710 90110566 3970264320 
256 711 90274623 3970264320 
256 712 89959275 3970264320 
256 713 90124565 3970264320 
256 714 90016585 3970264320 
256 715 90147810 3970264320 
256 716 90024849 3970264320 
256 717 90139998 3970264320 
256 718 90077400 3970264320 
256 719 90254522 3970264320 
256 720 90113605 3970264320 
256 721 90272808 3970264320 
256 722 90054642 3970264320 
256 723 90210329 3970264320 
256 724 90034593 3970264320 
256 725 90142517 3970264320 
256 726 90116045 3970264320 
256 727 90159647 3970264320 
256 728 90036054 3970264320 
256 729 90141190 3970264320 
256 730 90027864 3970264320 
256 731 90136607 3970264320 
256 732 90034238 3970264320 
256 733 90235235 3970264320 
256 734 90147435 3970264320 
256 735 90198810 3970264320 
256 736 90024862 3970264320 
256 737 90168209 3970264320 
256 738 90144413 3970264320 
256 739 90191139 3970264320 
256 740 90077100 3970264320 
256 741 90179687 3970264320 
256 742 90103790 3970264320 
256 743 90297630 3970264320 
256 744 90100800 3970264320 
256 745 90147148 3970264320 
256 746 90007374 3970264320 
256 747 90197903 3970264320 
256 748 90079882 3970264320 
256 749 90240841 3970264320 
256 750 90054872 3970264320 
256 751 90259919 3970264320 
256 752 90133556 3970264320 
256 753 90257427 3970264320 
256 754 90052866 3970264320 
256 755 90212157 3970264320 
256 756 90084014 3970264320 
256 757 90222815 3970264320 
256 758 90125788 3970264320 
256 759 90258153 3970264320 
256 760 90009833 3970264320 
256 761 90358289 3970264320 
256 762 90126586 3970264320 
256 763 90305323 3970264320 
256 764 90108384 3970264320 
256 765 90329418 3970264320 
256 766 90057637 3970264320 
256 767 90248959 3970264320 
256 768 90018368 3970264320 
256 769 90214879 3970264320 
256 770 90103889 3970264320 
256 771 90169747 3970264320 
256 772 90129186 3970264320 
256 773 90178005 3970264320 
256 774 89995970 3970264320 
256 775 90185889 3970264320 
256 776 90001288 3970264320 
256 777 90127100 3970264320 
256 778 90034585 3970264320 
256 779 90106911 3970264320 
256 780 90076237 3970264320 
256 781 90124546 3970264320 
256 782 90031650 3970264320 
256 783 90196529 3970264320 
256 784 89911688 3970264320 
256 785 90097796 3970264320 
256 786 89904890 3970264320 
256 787 90116248 3970264320 
256 788 89973813 3970264320 
256 789 90045727 3970264320 
256 790 89965273 3970264320 
256 791 90195156 3970264320 
256 792 90078463 3970264320 
256 793 90144423 3970264320 
256 794 89966781 3970264320 
256 795 90084163 3970264320 
256 796 90028732 3970264320 
256 797 90184090 3970264320 
256 798 89960665 3970264320 
256 799 90061540 3970264320 
256 800 90075881 3970264320 
256 801 90134584 3970264320 
256 802 90022429 3970264320 
256 803 90147705 3970264320 
256 804 89979039 3970264320 
256 805 90156671 3970264320 
256 806 90089217 3970264320 
256 807 90227213 3970264320 
256 808 90026922 3970264320 
256 809 90091874 3970264320 
256 810 89975732 3970264320 
256 811 90264222 3970264320 
256 812 90040588 3970264320 
256 813 90168900 3970264320 
256 814 90077313 3970264320 
256 815 90091842 3970264320 
256 816 90017806 3970264320 
256 817 90132525 3970264320 
256 818 89964372 3970264320 
256 819 90131584 3970264320 
256 820 90015139 3970264320 
256 821 90091403 3970264320 
256 822 90030855 3970264320 
256 823 90130037 3970264320 
256 824 89892397 3970264320 
256 825 89997944 3970264320 
256 826 90007200 3970264320 
256 827 90112143 3970264320 
256 828 89937867 3970264320 
256 829 90125874 3970264320 
256 830 89989923 3970264320 
256 831 89975218 3970264320 
256 832 89892553 3970264320 
256 833 90069729 3970264320 
256 834 89941190 3970264320 
256 835 90082745 3970264320 
256 836 90094401 3970264320 
256 837 89993149 3970264320 
256 838 89866421 3970264320 
256 839 89983874 3970264320 
256 840 89878238 3970264320 
256 841 90031347 3970264320 
256 842 89839845 3970264320 
256 843 90056061 3970264320 
256 844 89919709 3970264320 
256 845 90080548 3970264320 
256 846 89908010 3970264320 
256 847 89984465 3970264320 
256 848 89964762 3970264320 
256 849 90200500 3970264320 
256 850 89799999 3970264320 
256 851 90039207 3970264320 
256 852 89970767 3970264320 
256 853 90027929 3970264320 
256 854 89875130 3970264320 
256 855 90137406 3970264320 
256 856 89940984 3970264320 
256 857 90095200 3970264320 
256 858 89937790 3970264320 
256 859 90147383 3970264320 
256 860 90037783 3970264320 
256 861 90122012 3970264320 
256 862 90003994 3970264320 
256 863 90186803 3970264320 
256 864 89971956 3970264320 
256 865 90161970 3970264320 
256 866 89937194 3970264320 
256 867 90151365 3970264320 
256 868 89916010 3970264320 
256 869 90238531 3970264320 
256 870 89962802 3970264320 
256 871 90182892 3970264320 
256 872 90089810 3970264320 
256 873 90120252 3970264320 
256 874 89963380 3970264320 
256 875 90213480 3970264320 
256 876 90041473 3970264320 
256 877 90234137 3970264320 
256 878 90024109 3970264320 
256 879 90179729 3970264320 
256 880 89957698 3970264320 
256 881 90224376 3970264320 
256 882 89997228 3970264320 
256 883 90120529 3970264320 
256 884 89972284 3970264320 
256 885 90231382 3970264320 
256 886 90040015 3970264320 
256 887 90163802 3970264320 
256 888 90050993 3970264320 
256 889 90001275 3970264320 
256 890 89987815 3970264320 
256 891 90291043 3970264320 
256 892 90051945 3970264320 
256 893 90273625 3970264320 
256 894 89987998 3970264320 
256 895 90208291 3970264320 
256 896 90095113 3970264320 
256 897 90242926 3970264320 
256 898 90066480 3970264320 
256 899 90218139 3970264320 
256 900 90162004 3970264320 
256 901 90219479 3970264320 
256 902 90064481 3970264320 
256 903 90166755 3970264320 
256 904 90033227 3970264320 
256 905 90278742 3970264320 
256 906 90067376 3970264320 
256 907 90320190 3970264320 
256 908 90151669 3970264320 
256 909 90254827 3970264320 
256 910 90155551 3970264320 
256 911 90217320 3970264320 
256 912 90116594 3970264320 
256 913 90309210 3970264320 
256 914 90050172 3970264320 
256 915 90194835 3970264320 
256 916 90166577 3970264320 
256 917 90190476 3970264320 
256 918 89998185 3970264320 
256 919 90223950 3970264320 
256 920 90102953 3970264320 
256 921 90268580 3970264320 
256 922 90086299 3970264320 
256 923 90255441 3970264320 
256 924 90096246 3970264320 
256 925 90217449 3970264320 
256 926 90062247 3970264320 
256 927 90325162 3970264320 
256 928 90087048 3970264320 
256 929 90228176 3970264320 
256 930 90040781 3970264320 
256 931 90314029 3970264320 
256 932 90130123 3970264320 
256 933 90319993 3970264320 
256 934 90124097 3970264320 
256 935 90193722 3970264320 
256 936 90002121 3970264320 
256 937 90157051 3970264320 
256 938 90131490 3970264320 
256 939 90349134 3970264320 
256 940 90041521 3970264320 
256 941 90120275 3970264320 
256 942 90033372 3970264320 
256 943 90236536 3970264320 
256 944 90027894 3970264320 
256 945 90274323 3970264320 
256 946 90071753 3970264320 
256 947 90202518 3970264320 
256 948 90030766 3970264320 
256 949 90163152 3970264320 
256 950 90166996 3970264320 
256 951 90277555 3970264320 
256 952 90098408 3970264320 
256 953 90299863 3970264320 
256 954 90112722 3970264320 
256 955 90341399 3970264320 
256 956 90162122 3970264320 
256 957 90321325 3970264320 
256 958 90151371 3970264320 
256 959 90342044 3970264320 
256 960 90134351 3970264320 
256 961 90378932 3970264320 
256 962 90149453 3970264320 
256 963 90348836 3970264320 
256 964 90113824 3970264320 
256 965 90374564 3970264320 
256 966 90085130 3970264320 
256 967 90228827 3970264320 
256 968 90087955 3970264320 
256 969 90247929 3970264320 
256 970 90155036 3970264320 
256 971 90274345 3970264320 
256 972 90131539 3970264320 
256 973 90265386 3970264320 
256 974 90136988 3970264320 
256 975 90360921 3970264320 
256 976 90143870 3970264320 
256 977 90336946 3970264320 
256 978 90091285 3970264320 
256 979 90337179 3970264320 
256 980 90068615 3970264320 
256 981 90216042 3970264320 
256 982 90143053 3970264320 
256 983 90278808 3970264320 
256 984 90085847 3970264320 
256 985 90366536 3970264320 
256 986 90143021 3970264320 
256 987 90364025 3970264320 
256 988 90103554 3970264320 
256 989 90282905 3970264320 
256 990 90101672 3970264320 
256 991 90194346 3970264320 
256 992 90015762 3970264320 
256 993 90252679 3970264320 
256 994 90056121 3970264320 
256 995 90256834 3970264320 
256 996 90051160 3970264320 
256 997 90154188 3970264320 
256 998 90063854 3970264320 
256 999 90206626 3970264320 
256 1000 90097447 3970264320 
256 1001 90080092 3970264320 
256 1002 90124527 3970264320 
256 1003 90058571 3970264320 
256 1004 90041008 3970264320 
256 1005 89998627 3970264320 
256 1006 89969829 3970264320 
256 1007 90075649 3970264320 
256 1008 90027283 3970264320 
256 1009 90021898 3970264320 
256 1010 89971683 3970264320 
256 1011 89985729 3970264320 
256 1012 90002980 3970264320 
256 1013 90135005 3970264320 
256 1014 89941577 3970264320 
256 1015 90019276 3970264320 
256 1016 90049774 3970264320 
256 1017 90005021 3970264320 
256 1018 90043184 3970264320 
