128 0 1047 4169206610
128 1 1047 4169206610
128 2 1042 4169206610
128 3 1042 4169206610
128 4 1042 4169206610
128 5 1042 4169206610
128 6 1042 4169206610
128 7 1042 4169206610
128 8 1042 4169206610
128 9 1042 4169206610
128 10 1042 4169206610
128 11 1042 4169206610
128 12 1042 4169206610
128 13 1042 4169206610
128 14 1042 4169206610
128 15 1042 4169206610
128 16 1042 4169206610
128 17 1042 4169206610
128 18 1042 4169206610
128 19 1042 4169206610
128 20 1042 4169206610
128 21 1042 4169206610
128 22 1042 4169206610
128 23 1042 4169206610
128 24 1042 4169206610
128 25 1042 4169206610
128 26 1042 4169206610
128 27 1042 4169206610
128 28 1042 4169206610
128 29 1067 4169206610
128 30 1042 4169206610
128 31 1042 4169206610
128 32 1042 4169206610
128 33 1042 4169206610
128 34 1042 4169206610
128 35 1042 4169206610
128 36 1042 4169206610
128 37 1042 4169206610
128 38 1042 4169206610
128 39 1042 4169206610
128 40 1042 4169206610
128 41 1042 4169206610
128 42 1042 4169206610
128 43 1042 4169206610
128 44 1042 4169206610
128 45 1042 4169206610
128 46 1042 4169206610
128 47 1042 4169206610
128 48 1042 4169206610
128 49 1042 4169206610
128 50 1042 4169206610
128 51 1042 4169206610
128 52 1042 4169206610
128 53 1042 4169206610
128 54 1042 4169206610
128 55 1042 4169206610
128 56 1042 4169206610
128 57 1042 4169206610
128 58 1042 4169206610
128 59 1042 4169206610
128 60 1042 4169206610
128 61 1042 4169206610
128 62 1042 4169206610
128 63 1042 4169206610
128 64 1042 4169206610
128 65 1042 4169206610
128 66 1042 4169206610
128 67 1042 4169206610
128 68 1042 4169206610
128 69 1042 4169206610
128 70 1042 4169206610
128 71 1042 4169206610
128 72 1042 4169206610
128 73 1042 4169206610
128 74 1042 4169206610
128 75 1042 4169206610
128 76 1042 4169206610
128 77 1042 4169206610
128 78 1042 4169206610
128 79 1042 4169206610
128 80 1042 4169206610
128 81 1042 4169206610
128 82 1042 4169206610
128 83 1042 4169206610
128 84 1042 4169206610
128 85 1042 4169206610
128 86 1042 4169206610
128 87 1042 4169206610
128 88 1042 4169206610
128 89 1042 4169206610
128 90 1042 4169206610
128 91 1042 4169206610
128 92 1042 4169206610
128 93 1042 4169206610
128 94 1042 4169206610
128 95 1042 4169206610
128 96 1042 4169206610
128 97 1042 4169206610
128 98 1042 4169206610
128 99 1042 4169206610
128 100 1042 4169206610
128 101 1042 4169206610
128 102 1042 4169206610
128 103 1042 4169206610
128 104 1042 4169206610
128 105 1042 4169206610
128 106 1042 4169206610
128 107 1042 4169206610
128 108 1042 4169206610
128 109 1042 4169206610
128 110 1042 4169206610
128 111 1042 4169206610
128 112 1042 4169206610
128 113 1042 4169206610
128 114 1042 4169206610
128 115 1042 4169206610
128 116 1042 4169206610
128 117 1042 4169206610
128 118 1042 4169206610
128 119 1042 4169206610
128 120 1042 4169206610
128 121 1042 4169206610
128 122 1042 4169206610
128 123 1042 4169206610
128 124 1042 4169206610
128 125 1042 4169206610
128 126 1042 4169206610
128 127 1042 4169206610
128 128 1042 4169206610
128 129 1042 4169206610
128 130 1042 4169206610
128 131 1042 4169206610
128 132 1042 4169206610
128 133 1042 4169206610
128 134 1042 4169206610
128 135 1042 4169206610
128 136 1042 4169206610
128 137 1042 4169206610
128 138 1042 4169206610
128 139 1042 4169206610
128 140 1042 4169206610
128 141 1042 4169206610
128 142 1042 4169206610
128 143 1042 4169206610
128 144 1042 4169206610
128 145 1042 4169206610
128 146 1042 4169206610
128 147 1042 4169206610
128 148 1042 4169206610
128 149 1042 4169206610
128 150 1042 4169206610
128 151 1042 4169206610
128 152 1042 4169206610
128 153 1042 4169206610
128 154 1042 4169206610
128 155 1042 4169206610
128 156 1042 4169206610
128 157 1042 4169206610
128 158 1042 4169206610
128 159 1042 4169206610
128 160 1042 4169206610
128 161 1042 4169206610
128 162 1042 4169206610
128 163 1042 4169206610
128 164 1042 4169206610
128 165 1042 4169206610
128 166 1042 4169206610
128 167 1042 4169206610
128 168 1042 4169206610
128 169 1042 4169206610
128 170 1042 4169206610
128 171 1042 4169206610
128 172 1042 4169206610
128 173 1042 4169206610
128 174 1042 4169206610
128 175 1042 4169206610
128 176 1042 4169206610
128 177 1042 4169206610
128 178 1042 4169206610
128 179 1042 4169206610
128 180 1042 4169206610
128 181 1042 4169206610
128 182 1042 4169206610
128 183 1042 4169206610
128 184 1042 4169206610
128 185 1042 4169206610
128 186 1042 4169206610
128 187 1042 4169206610
128 188 1042 4169206610
128 189 1042 4169206610
128 190 1042 4169206610
128 191 1042 4169206610
128 192 1042 4169206610
128 193 1042 4169206610
128 194 1042 4169206610
128 195 1042 4169206610
128 196 1042 4169206610
128 197 1042 4169206610
128 198 1042 4169206610
128 199 1042 4169206610
128 200 1042 4169206610
128 201 1042 4169206610
128 202 1042 4169206610
128 203 1042 4169206610
128 204 1042 4169206610
128 205 1042 4169206610
128 206 1042 4169206610
128 207 1042 4169206610
128 208 1042 4169206610
128 209 1042 4169206610
128 210 1042 4169206610
128 211 1042 4169206610
128 212 1042 4169206610
128 213 1042 4169206610
128 214 1042 4169206610
128 215 1062 4169206610
128 216 1042 4169206610
128 217 1042 4169206610
128 218 1042 4169206610
128 219 1042 4169206610
128 220 1042 4169206610
128 221 1042 4169206610
128 222 1042 4169206610
128 223 1042 4169206610
128 224 1042 4169206610
128 225 1042 4169206610
128 226 1042 4169206610
128 227 1042 4169206610
128 228 1042 4169206610
128 229 1042 4169206610
128 230 1042 4169206610
128 231 1042 4169206610
128 232 1042 4169206610
128 233 1042 4169206610
128 234 1042 4169206610
128 235 1042 4169206610
128 236 1042 4169206610
128 237 1042 4169206610
128 238 1042 4169206610
128 239 1042 4169206610
128 240 1042 4169206610
128 241 1042 4169206610
128 242 1042 4169206610
128 243 1042 4169206610
128 244 1042 4169206610
128 245 1042 4169206610
128 246 1042 4169206610
128 247 1042 4169206610
128 248 1042 4169206610
128 249 1042 4169206610
128 250 1042 4169206610
128 251 1042 4169206610
128 252 1042 4169206610
128 253 1042 4169206610
128 254 1042 4169206610
128 255 1042 4169206610
128 256 1042 4169206610
128 257 1042 4169206610
128 258 1042 4169206610
128 259 1042 4169206610
128 260 1042 4169206610
128 261 1042 4169206610
128 262 1042 4169206610
128 263 1042 4169206610
128 264 1042 4169206610
128 265 1042 4169206610
128 266 1042 4169206610
128 267 1042 4169206610
128 268 1042 4169206610
128 269 1042 4169206610
128 270 1042 4169206610
128 271 1042 4169206610
128 272 1042 4169206610
128 273 1042 4169206610
128 274 1042 4169206610
128 275 1042 4169206610
128 276 1042 4169206610
128 277 1042 4169206610
128 278 1042 4169206610
128 279 1042 4169206610
128 280 1042 4169206610
128 281 1042 4169206610
128 282 1042 4169206610
128 283 1042 4169206610
128 284 1042 4169206610
128 285 1042 4169206610
128 286 1042 4169206610
128 287 1042 4169206610
128 288 1042 4169206610
128 289 1042 4169206610
128 290 1042 4169206610
128 291 1042 4169206610
128 292 1042 4169206610
128 293 1042 4169206610
128 294 1042 4169206610
128 295 1042 4169206610
128 296 1042 4169206610
128 297 1042 4169206610
128 298 1042 4169206610
128 299 1042 4169206610
128 300 1042 4169206610
128 301 1042 4169206610
128 302 1042 4169206610
128 303 1042 4169206610
128 304 1042 4169206610
128 305 1042 4169206610
128 306 1042 4169206610
128 307 1042 4169206610
128 308 1042 4169206610
128 309 1042 4169206610
128 310 1042 4169206610
128 311 1042 4169206610
128 312 1042 4169206610
128 313 1042 4169206610
128 314 1042 4169206610
128 315 1042 4169206610
128 316 1062 4169206610
128 317 1042 4169206610
128 318 1042 4169206610
128 319 1042 4169206610
128 320 1042 4169206610
128 321 1042 4169206610
128 322 1042 4169206610
128 323 1042 4169206610
128 324 1042 4169206610
128 325 1042 4169206610
128 326 1042 4169206610
128 327 1042 4169206610
128 328 1042 4169206610
128 329 1042 4169206610
128 330 1042 4169206610
128 331 1042 4169206610
128 332 1042 4169206610
128 333 1042 4169206610
128 334 1042 4169206610
128 335 1042 4169206610
128 336 1042 4169206610
128 337 1042 4169206610
128 338 1042 4169206610
128 339 1042 4169206610
128 340 1042 4169206610
128 341 1042 4169206610
128 342 1042 4169206610
128 343 1042 4169206610
128 344 1042 4169206610
128 345 1042 4169206610
128 346 1042 4169206610
128 347 1042 4169206610
128 348 1060 4169206610
128 349 1042 4169206610
128 350 1042 4169206610
128 351 1042 4169206610
128 352 1042 4169206610
128 353 1042 4169206610
128 354 1042 4169206610
128 355 1042 4169206610
128 356 1042 4169206610
128 357 1042 4169206610
128 358 1042 4169206610
128 359 1042 4169206610
128 360 1042 4169206610
128 361 1042 4169206610
128 362 1042 4169206610
128 363 1042 4169206610
128 364 1042 4169206610
128 365 1042 4169206610
128 366 1042 4169206610
128 367 1042 4169206610
128 368 1042 4169206610
128 369 1042 4169206610
128 370 1042 4169206610
128 371 1042 4169206610
128 372 1042 4169206610
128 373 1042 4169206610
128 374 1042 4169206610
128 375 1042 4169206610
128 376 1042 4169206610
128 377 1042 4169206610
128 378 1042 4169206610
128 379 1042 4169206610
128 380 1042 4169206610
128 381 1042 4169206610
128 382 1042 4169206610
128 383 1042 4169206610
128 384 1042 4169206610
128 385 1064 4169206610
128 386 1042 4169206610
128 387 1042 4169206610
128 388 1042 4169206610
128 389 1042 4169206610
128 390 1042 4169206610
128 391 1042 4169206610
128 392 1042 4169206610
128 393 1042 4169206610
128 394 1042 4169206610
128 395 1042 4169206610
128 396 1042 4169206610
128 397 1042 4169206610
128 398 1042 4169206610
128 399 1042 4169206610
128 400 1042 4169206610
128 401 1042 4169206610
128 402 1042 4169206610
128 403 1042 4169206610
128 404 1042 4169206610
128 405 1042 4169206610
128 406 1042 4169206610
128 407 1042 4169206610
128 408 1042 4169206610
128 409 1042 4169206610
128 410 1042 4169206610
128 411 1042 4169206610
128 412 1042 4169206610
128 413 1042 4169206610
128 414 1042 4169206610
128 415 1042 4169206610
128 416 1042 4169206610
128 417 1065 4169206610
128 418 1042 4169206610
128 419 1042 4169206610
128 420 1042 4169206610
128 421 1042 4169206610
128 422 1042 4169206610
128 423 1042 4169206610
128 424 1042 4169206610
128 425 1042 4169206610
128 426 1042 4169206610
128 427 1042 4169206610
128 428 1042 4169206610
128 429 1042 4169206610
128 430 1042 4169206610
128 431 1042 4169206610
128 432 1042 4169206610
128 433 1042 4169206610
128 434 1042 4169206610
128 435 1042 4169206610
128 436 1042 4169206610
128 437 1042 4169206610
128 438 1042 4169206610
128 439 1042 4169206610
128 440 1042 4169206610
128 441 1042 4169206610
128 442 1042 4169206610
128 443 1042 4169206610
128 444 1042 4169206610
128 445 1042 4169206610
128 446 1042 4169206610
128 447 1042 4169206610
128 448 1042 4169206610
128 449 1042 4169206610
128 450 1042 4169206610
128 451 1042 4169206610
128 452 1042 4169206610
128 453 1042 4169206610
128 454 1042 4169206610
128 455 1042 4169206610
128 456 1042 4169206610
128 457 1042 4169206610
128 458 1042 4169206610
128 459 1042 4169206610
128 460 1042 4169206610
128 461 1042 4169206610
128 462 1042 4169206610
128 463 1042 4169206610
128 464 1042 4169206610
128 465 1042 4169206610
128 466 1042 4169206610
128 467 1042 4169206610
128 468 1042 4169206610
128 469 1042 4169206610
128 470 1042 4169206610
128 471 1042 4169206610
128 472 1042 4169206610
128 473 1042 4169206610
128 474 1042 4169206610
128 475 1042 4169206610
128 476 1042 4169206610
128 477 1042 4169206610
128 478 1042 4169206610
128 479 1042 4169206610
128 480 1042 4169206610
128 481 1042 4169206610
128 482 1042 4169206610
128 483 1042 4169206610
128 484 1042 4169206610
128 485 1042 4169206610
128 486 1062 4169206610
128 487 1042 4169206610
128 488 1042 4169206610
128 489 1042 4169206610
128 490 1042 4169206610
128 491 1042 4169206610
128 492 1042 4169206610
128 493 1042 4169206610
128 494 1042 4169206610
128 495 1042 4169206610
128 496 1042 4169206610
128 497 1042 4169206610
128 498 1042 4169206610
128 499 1042 4169206610
128 500 1042 4169206610
128 501 1042 4169206610
128 502 1042 4169206610
128 503 1042 4169206610
128 504 1042 4169206610
128 505 1042 4169206610
128 506 1042 4169206610
128 507 1042 4169206610
128 508 1042 4169206610
128 509 1042 4169206610
128 510 1042 4169206610
128 511 1042 4169206610
128 512 1042 4169206610
128 513 1042 4169206610
128 514 1042 4169206610
128 515 1042 4169206610
128 516 1042 4169206610
128 517 1042 4169206610
128 518 1065 4169206610
128 519 1042 4169206610
128 520 1042 4169206610
128 521 1042 4169206610
128 522 1042 4169206610
128 523 1042 4169206610
128 524 1042 4169206610
128 525 1042 4169206610
128 526 1042 4169206610
128 527 1042 4169206610
128 528 1042 4169206610
128 529 1042 4169206610
128 530 1042 4169206610
128 531 1042 4169206610
128 532 1042 4169206610
128 533 1042 4169206610
128 534 1042 4169206610
128 535 1042 4169206610
128 536 1042 4169206610
128 537 1042 4169206610
128 538 1042 4169206610
128 539 1042 4169206610
128 540 1042 4169206610
128 541 1042 4169206610
128 542 1042 4169206610
128 543 1042 4169206610
128 544 1042 4169206610
128 545 1042 4169206610
128 546 1042 4169206610
128 547 1042 4169206610
128 548 1042 4169206610
128 549 1042 4169206610
128 550 1042 4169206610
128 551 1042 4169206610
128 552 1042 4169206610
128 553 1042 4169206610
128 554 1042 4169206610
128 555 1042 4169206610
128 556 1042 4169206610
128 557 1042 4169206610
128 558 1042 4169206610
128 559 1042 4169206610
128 560 1042 4169206610
128 561 1042 4169206610
128 562 1042 4169206610
128 563 1042 4169206610
128 564 1042 4169206610
128 565 1042 4169206610
128 566 1042 4169206610
128 567 1042 4169206610
128 568 1042 4169206610
128 569 1042 4169206610
128 570 1042 4169206610
128 571 1042 4169206610
128 572 1042 4169206610
128 573 1042 4169206610
128 574 1042 4169206610
128 575 1042 4169206610
128 576 1042 4169206610
128 577 1042 4169206610
128 578 1042 4169206610
128 579 1042 4169206610
128 580 1042 4169206610
128 581 1042 4169206610
128 582 1042 4169206610
128 583 1042 4169206610
128 584 1042 4169206610
128 585 1042 4169206610
128 586 1042 4169206610
128 587 1062 4169206610
128 588 1042 4169206610
128 589 1042 4169206610
128 590 1042 4169206610
128 591 1042 4169206610
128 592 1042 4169206610
128 593 1042 4169206610
128 594 1042 4169206610
128 595 1042 4169206610
128 596 1042 4169206610
128 597 1042 4169206610
128 598 1042 4169206610
128 599 1042 4169206610
128 600 1042 4169206610
128 601 1042 4169206610
128 602 1042 4169206610
128 603 1042 4169206610
128 604 1042 4169206610
128 605 1042 4169206610
128 606 1042 4169206610
128 607 1042 4169206610
128 608 1042 4169206610
128 609 1042 4169206610
128 610 1042 4169206610
128 611 1042 4169206610
128 612 1042 4169206610
128 613 1042 4169206610
128 614 1042 4169206610
128 615 1042 4169206610
128 616 1042 4169206610
128 617 1042 4169206610
128 618 1042 4169206610
128 619 1042 4169206610
128 620 1042 4169206610
128 621 1042 4169206610
128 622 1042 4169206610
128 623 1042 4169206610
128 624 1042 4169206610
128 625 1042 4169206610
128 626 1042 4169206610
128 627 1042 4169206610
128 628 1042 4169206610
128 629 1042 4169206610
128 630 1042 4169206610
128 631 1042 4169206610
128 632 1042 4169206610
128 633 1042 4169206610
128 634 1042 4169206610
128 635 1042 4169206610
128 636 1042 4169206610
128 637 1042 4169206610
128 638 1042 4169206610
128 639 1042 4169206610
128 640 1042 4169206610
128 641 1042 4169206610
128 642 1042 4169206610
128 643 1042 4169206610
128 644 1042 4169206610
128 645 1042 4169206610
128 646 1042 4169206610
128 647 1042 4169206610
128 648 1042 4169206610
128 649 1042 4169206610
128 650 1042 4169206610
128 651 1042 4169206610
128 652 1042 4169206610
128 653 1042 4169206610
128 654 1042 4169206610
128 655 1042 4169206610
128 656 1042 4169206610
128 657 1042 4169206610
128 658 1042 4169206610
128 659 1042 4169206610
128 660 1042 4169206610
128 661 1042 4169206610
128 662 1042 4169206610
128 663 1042 4169206610
128 664 1042 4169206610
128 665 1042 4169206610
128 666 1042 4169206610
128 667 1042 4169206610
128 668 1042 4169206610
128 669 1042 4169206610
128 670 1042 4169206610
128 671 1042 4169206610
128 672 1042 4169206610
128 673 1042 4169206610
128 674 1042 4169206610
128 675 1042 4169206610
128 676 1042 4169206610
128 677 1042 4169206610
128 678 1042 4169206610
128 679 1042 4169206610
128 680 1042 4169206610
128 681 1042 4169206610
128 682 1042 4169206610
128 683 1042 4169206610
128 684 1042 4169206610
128 685 1042 4169206610
128 686 1042 4169206610
128 687 1042 4169206610
128 688 1062 4169206610
128 689 1042 4169206610
128 690 1042 4169206610
128 691 1042 4169206610
128 692 1042 4169206610
128 693 1042 4169206610
128 694 1042 4169206610
128 695 1042 4169206610
128 696 1042 4169206610
128 697 1042 4169206610
128 698 1042 4169206610
128 699 1042 4169206610
128 700 1042 4169206610
128 701 1042 4169206610
128 702 1042 4169206610
128 703 1042 4169206610
128 704 1042 4169206610
128 705 1042 4169206610
128 706 1042 4169206610
128 707 1042 4169206610
128 708 1042 4169206610
128 709 1042 4169206610
128 710 1042 4169206610
128 711 1042 4169206610
128 712 1042 4169206610
128 713 1042 4169206610
128 714 1042 4169206610
128 715 1042 4169206610
128 716 1042 4169206610
128 717 1042 4169206610
128 718 1042 4169206610
128 719 1042 4169206610
128 720 1042 4169206610
128 721 1042 4169206610
128 722 1042 4169206610
128 723 1042 4169206610
128 724 1042 4169206610
128 725 1042 4169206610
128 726 1042 4169206610
128 727 1042 4169206610
128 728 1042 4169206610
128 729 1042 4169206610
128 730 1042 4169206610
128 731 1042 4169206610
128 732 1042 4169206610
128 733 1042 4169206610
128 734 1042 4169206610
128 735 1042 4169206610
128 736 1042 4169206610
128 737 1042 4169206610
128 738 1042 4169206610
128 739 1042 4169206610
128 740 1042 4169206610
128 741 1042 4169206610
128 742 1042 4169206610
128 743 1042 4169206610
128 744 1042 4169206610
128 745 1042 4169206610
128 746 1042 4169206610
128 747 1042 4169206610
128 748 1042 4169206610
128 749 1042 4169206610
128 750 1042 4169206610
128 751 1042 4169206610
128 752 1042 4169206610
128 753 1042 4169206610
128 754 1042 4169206610
128 755 1042 4169206610
128 756 1042 4169206610
128 757 1042 4169206610
128 758 1042 4169206610
128 759 1042 4169206610
128 760 1042 4169206610
128 761 1042 4169206610
128 762 1042 4169206610
128 763 1042 4169206610
128 764 1042 4169206610
128 765 1042 4169206610
128 766 1042 4169206610
128 767 1042 4169206610
128 768 1042 4169206610
128 769 1042 4169206610
128 770 1042 4169206610
128 771 1042 4169206610
128 772 1042 4169206610
128 773 1042 4169206610
128 774 1042 4169206610
128 775 1042 4169206610
128 776 1042 4169206610
128 777 1042 4169206610
128 778 1042 4169206610
128 779 1042 4169206610
128 780 1042 4169206610
128 781 1042 4169206610
128 782 1042 4169206610
128 783 1042 4169206610
128 784 1042 4169206610
128 785 1042 4169206610
128 786 1042 4169206610
128 787 1042 4169206610
128 788 1042 4169206610
128 789 1042 4169206610
128 790 1042 4169206610
128 791 1042 4169206610
128 792 1042 4169206610
128 793 1042 4169206610
128 794 1042 4169206610
128 795 1042 4169206610
128 796 1042 4169206610
128 797 1042 4169206610
128 798 1042 4169206610
128 799 1042 4169206610
128 800 1042 4169206610
128 801 1042 4169206610
128 802 1042 4169206610
128 803 1042 4169206610
128 804 1042 4169206610
128 805 1042 4169206610
128 806 1042 4169206610
128 807 1042 4169206610
128 808 1042 4169206610
128 809 1042 4169206610
128 810 1042 4169206610
128 811 1042 4169206610
128 812 1042 4169206610
128 813 1042 4169206610
128 814 1042 4169206610
128 815 1042 4169206610
128 816 1042 4169206610
128 817 1042 4169206610
128 818 1042 4169206610
128 819 1042 4169206610
128 820 1042 4169206610
128 821 1042 4169206610
128 822 1042 4169206610
128 823 1042 4169206610
128 824 1042 4169206610
128 825 1042 4169206610
128 826 1042 4169206610
128 827 1042 4169206610
128 828 1042 4169206610
128 829 1042 4169206610
128 830 1042 4169206610
128 831 1042 4169206610
128 832 1042 4169206610
128 833 1042 4169206610
128 834 1042 4169206610
128 835 1042 4169206610
128 836 1042 4169206610
128 837 1042 4169206610
128 838 1042 4169206610
128 839 1042 4169206610
128 840 1042 4169206610
128 841 1042 4169206610
128 842 1042 4169206610
128 843 1042 4169206610
128 844 1042 4169206610
128 845 1042 4169206610
128 846 1042 4169206610
128 847 1042 4169206610
128 848 1042 4169206610
128 849 1042 4169206610
128 850 1042 4169206610
128 851 1042 4169206610
128 852 1042 4169206610
128 853 1042 4169206610
128 854 1042 4169206610
128 855 1042 4169206610
128 856 1042 4169206610
128 857 1042 4169206610
128 858 1042 4169206610
128 859 1042 4169206610
128 860 1042 4169206610
128 861 1042 4169206610
128 862 1042 4169206610
128 863 1042 4169206610
128 864 1042 4169206610
128 865 1042 4169206610
128 866 1042 4169206610
128 867 1042 4169206610
128 868 1042 4169206610
128 869 1042 4169206610
128 870 1042 4169206610
128 871 1042 4169206610
128 872 1042 4169206610
128 873 1042 4169206610
128 874 1042 4169206610
128 875 1042 4169206610
128 876 1042 4169206610
128 877 1042 4169206610
128 878 1042 4169206610
128 879 1042 4169206610
128 880 1042 4169206610
128 881 1042 4169206610
128 882 1042 4169206610
128 883 1042 4169206610
128 884 1042 4169206610
128 885 1042 4169206610
128 886 1042 4169206610
128 887 1042 4169206610
128 888 1042 4169206610
128 889 1042 4169206610
128 890 1042 4169206610
128 891 1042 4169206610
128 892 1042 4169206610
128 893 1042 4169206610
128 894 1042 4169206610
128 895 1042 4169206610
128 896 1042 4169206610
128 897 1042 4169206610
128 898 1042 4169206610
128 899 1042 4169206610
128 900 1042 4169206610
128 901 1042 4169206610
128 902 1042 4169206610
128 903 1042 4169206610
128 904 1042 4169206610
128 905 1042 4169206610
128 906 1042 4169206610
128 907 1042 4169206610
128 908 1042 4169206610
128 909 1042 4169206610
128 910 1042 4169206610
128 911 1042 4169206610
128 912 1042 4169206610
128 913 1042 4169206610
128 914 1042 4169206610
128 915 1042 4169206610
128 916 1042 4169206610
128 917 1042 4169206610
128 918 1042 4169206610
128 919 1042 4169206610
128 920 1042 4169206610
128 921 1042 4169206610
128 922 1042 4169206610
128 923 1042 4169206610
128 924 1042 4169206610
128 925 1042 4169206610
128 926 1064 4169206610
128 927 1042 4169206610
128 928 1042 4169206610
128 929 1042 4169206610
128 930 1042 4169206610
128 931 1042 4169206610
128 932 1042 4169206610
128 933 1042 4169206610
128 934 1042 4169206610
128 935 1042 4169206610
128 936 1042 4169206610
128 937 1042 4169206610
128 938 1042 4169206610
128 939 1042 4169206610
128 940 1042 4169206610
128 941 1042 4169206610
128 942 1042 4169206610
128 943 1042 4169206610
128 944 1042 4169206610
128 945 1042 4169206610
128 946 1042 4169206610
128 947 1042 4169206610
128 948 1042 4169206610
128 949 1042 4169206610
128 950 1042 4169206610
128 951 1042 4169206610
128 952 1042 4169206610
128 953 1042 4169206610
128 954 1042 4169206610
128 955 1042 4169206610
128 956 1042 4169206610
128 957 1042 4169206610
128 958 1042 4169206610
128 959 1042 4169206610
128 960 1042 4169206610
128 961 1042 4169206610
128 962 1042 4169206610
128 963 1042 4169206610
128 964 1042 4169206610
128 965 1042 4169206610
128 966 1042 4169206610
128 967 1042 4169206610
128 968 1042 4169206610
128 969 1042 4169206610
128 970 1042 4169206610
128 971 1042 4169206610
128 972 1042 4169206610
128 973 1042 4169206610
128 974 1042 4169206610
128 975 1042 4169206610
128 976 1042 4169206610
128 977 1042 4169206610
128 978 1042 4169206610
128 979 1042 4169206610
128 980 1042 4169206610
128 981 1042 4169206610
128 982 1042 4169206610
128 983 1042 4169206610
128 984 1042 4169206610
128 985 1042 4169206610
128 986 1042 4169206610
128 987 1042 4169206610
128 988 1042 4169206610
128 989 1042 4169206610
128 990 1042 4169206610
128 991 1042 4169206610
128 992 1042 4169206610
128 993 1042 4169206610
128 994 1042 4169206610
128 995 1042 4169206610
128 996 1042 4169206610
128 997 1042 4169206610
128 998 1042 4169206610
128 999 1042 4169206610
