512 0 1027 534842186
512 1 1026 534842186
512 2 1026 534842186
512 3 1026 534842186
512 4 1032 534842186
512 5 1026 534842186
512 6 1026 534842186
512 7 1026 534842186
512 8 1026 534842186
512 9 1029 534842186
512 10 1026 534842186
512 11 1026 534842186
512 12 1035 534842186
512 13 1026 534842186
512 14 1026 534842186
512 15 1026 534842186
512 16 1026 534842186
512 17 1030 534842186
512 18 1026 534842186
512 19 1026 534842186
512 20 1026 534842186
512 21 1026 534842186
512 22 1026 534842186
512 23 1026 534842186
512 24 1026 534842186
512 25 1034 534842186
512 26 1026 534842186
512 27 1026 534842186
512 28 1026 534842186
512 29 1026 534842186
512 30 1028 534842186
512 31 1026 534842186
512 32 1026 534842186
512 33 1034 534842186
512 34 1026 534842186
512 35 1026 534842186
512 36 1026 534842186
512 37 1026 534842186
512 38 1030 534842186
512 39 1026 534842186
512 40 1026 534842186
512 41 1026 534842186
512 42 1026 534842186
512 43 1026 534842186
512 44 1026 534842186
512 45 1026 534842186
512 46 1034 534842186
512 47 1026 534842186
512 48 1026 534842186
512 49 1026 534842186
512 50 1026 534842186
512 51 1030 534842186
512 52 1026 534842186
512 53 1026 534842186
512 54 1033 534842186
512 55 1026 534842186
512 56 1026 534842186
512 57 1026 534842186
512 58 1026 534842186
512 59 1032 534842186
512 60 1026 534842186
512 61 1026 534842186
512 62 1026 534842186
512 63 1026 534842186
512 64 1026 534842186
512 65 1026 534842186
512 66 1026 534842186
512 67 1030 534842186
512 68 1026 534842186
512 69 1026 534842186
512 70 1026 534842186
512 71 1026 534842186
512 72 1032 534842186
512 73 1026 534842186
512 74 1026 534842186
512 75 1032 534842186
512 76 1026 534842186
512 77 1026 534842186
512 78 1026 534842186
512 79 1026 534842186
512 80 1029 534842186
512 81 1026 534842186
512 82 1026 534842186
512 83 1031 534842186
512 84 1026 534842186
512 85 1026 534842186
512 86 1026 534842186
512 87 1026 534842186
512 88 1035 534842186
512 89 1026 534842186
512 90 1026 534842186
512 91 1026 534842186
512 92 1026 534842186
512 93 1030 534842186
512 94 1026 534842186
512 95 1026 534842186
512 96 1030 534842186
512 97 1026 534842186
512 98 1026 534842186
512 99 1026 534842186
512 100 1026 534842186
512 101 1027 534842186
512 102 1026 534842186
512 103 1026 534842186
512 104 1026 534842186
512 105 1026 534842186
512 106 1026 534842186
512 107 1026 534842186
512 108 1026 534842186
512 109 1034 534842186
512 110 1026 534842186
512 111 1026 534842186
512 112 1026 534842186
512 113 1026 534842186
512 114 1026 534842186
512 115 1026 534842186
512 116 1026 534842186
512 117 1031 534842186
512 118 1026 534842186
512 119 1026 534842186
512 120 1026 534842186
512 121 1026 534842186
512 122 1030 534842186
512 123 1026 534842186
512 124 1026 534842186
512 125 1031 534842186
512 126 1026 534842186
512 127 1026 534842186
512 128 1026 534842186
512 129 1026 534842186
512 130 1031 534842186
512 131 1026 534842186
512 132 1026 534842186
512 133 1026 534842186
512 134 1026 534842186
512 135 1026 534842186
512 136 1026 534842186
512 137 1026 534842186
512 138 1032 534842186
512 139 1026 534842186
512 140 1026 534842186
512 141 1026 534842186
512 142 1026 534842186
512 143 1027 534842186
512 144 1026 534842186
512 145 1026 534842186
512 146 1035 534842186
512 147 1026 534842186
512 148 1026 534842186
512 149 1026 534842186
512 150 1026 534842186
512 151 1030 534842186
512 152 1026 534842186
512 153 1026 534842186
512 154 1026 534842186
512 155 1026 534842186
512 156 1026 534842186
512 157 1026 534842186
512 158 1026 534842186
512 159 1034 534842186
512 160 1026 534842186
512 161 1026 534842186
512 162 1026 534842186
512 163 1026 534842186
512 164 1033 534842186
512 165 1026 534842186
512 166 1026 534842186
512 167 1033 534842186
512 168 1026 534842186
512 169 1026 534842186
512 170 1026 534842186
512 171 1026 534842186
512 172 1031 534842186
512 173 1026 534842186
512 174 1026 534842186
512 175 1026 534842186
512 176 1026 534842186
512 177 1026 534842186
512 178 1026 534842186
512 179 1026 534842186
512 180 1029 534842186
512 181 1026 534842186
512 182 1026 534842186
512 183 1026 534842186
512 184 1026 534842186
512 185 1029 534842186
512 186 1026 534842186
512 187 1026 534842186
512 188 1032 534842186
512 189 1026 534842186
512 190 1026 534842186
512 191 1026 534842186
512 192 1026 534842186
512 193 1031 534842186
512 194 1026 534842186
512 195 1026 534842186
512 196 1026 534842186
512 197 1026 534842186
512 198 1026 534842186
512 199 1026 534842186
512 200 1026 534842186
512 201 1032 534842186
512 202 1026 534842186
512 203 1026 534842186
512 204 1026 534842186
512 205 1026 534842186
512 206 1029 534842186
512 207 1026 534842186
512 208 1026 534842186
512 209 1029 534842186
512 210 1026 534842186
512 211 1026 534842186
512 212 1026 534842186
512 213 1026 534842186
512 214 1031 534842186
512 215 1026 534842186
512 216 1026 534842186
512 217 1026 534842186
512 218 1026 534842186
512 219 1026 534842186
512 220 1026 534842186
512 221 1026 534842186
512 222 1031 534842186
512 223 1026 534842186
512 224 1026 534842186
512 225 1026 534842186
512 226 1026 534842186
512 227 1026 534842186
512 228 1026 534842186
512 229 1026 534842186
512 230 1029 534842186
512 231 1026 534842186
512 232 1026 534842186
512 233 1026 534842186
512 234 1026 534842186
512 235 1028 534842186
512 236 1026 534842186
512 237 1026 534842186
512 238 1034 534842186
512 239 1026 534842186
512 240 1026 534842186
512 241 1026 534842186
512 242 1026 534842186
512 243 1036 534842186
512 244 1026 534842186
512 245 1026 534842186
512 246 1026 534842186
512 247 1026 534842186
512 248 1026 534842186
512 249 1026 534842186
512 250 1026 534842186
512 251 1032 534842186
512 252 1026 534842186
512 253 1026 534842186
512 254 1026 534842186
512 255 1026 534842186
512 256 1030 534842186
512 257 1026 534842186
512 258 1026 534842186
512 259 1030 534842186
512 260 1026 534842186
512 261 1026 534842186
512 262 1026 534842186
512 263 1026 534842186
512 264 1033 534842186
512 265 1026 534842186
512 266 1026 534842186
512 267 1026 534842186
512 268 1026 534842186
512 269 1026 534842186
512 270 1026 534842186
512 271 1026 534842186
512 272 1036 534842186
512 273 1026 534842186
512 274 1026 534842186
512 275 1026 534842186
512 276 1026 534842186
512 277 1031 534842186
512 278 1026 534842186
512 279 1026 534842186
512 280 1033 534842186
512 281 1026 534842186
512 282 1026 534842186
512 283 1026 534842186
512 284 1026 534842186
512 285 1035 534842186
512 286 1026 534842186
512 287 1026 534842186
512 288 1026 534842186
512 289 1026 534842186
512 290 1026 534842186
512 291 1026 534842186
512 292 1026 534842186
512 293 1032 534842186
512 294 1026 534842186
512 295 1026 534842186
512 296 1026 534842186
512 297 1026 534842186
512 298 1029 534842186
512 299 1026 534842186
512 300 1026 534842186
512 301 1035 534842186
512 302 1026 534842186
512 303 1026 534842186
512 304 1026 534842186
512 305 1026 534842186
512 306 1033 534842186
512 307 1026 534842186
512 308 1026 534842186
512 309 1026 534842186
512 310 1026 534842186
512 311 1026 534842186
512 312 1026 534842186
512 313 1026 534842186
512 314 1032 534842186
512 315 1026 534842186
512 316 1026 534842186
512 317 1026 534842186
512 318 1026 534842186
512 319 1028 534842186
512 320 1026 534842186
512 321 1026 534842186
512 322 1035 534842186
512 323 1026 534842186
512 324 1026 534842186
512 325 1026 534842186
512 326 1026 534842186
512 327 1031 534842186
512 328 1026 534842186
512 329 1026 534842186
512 330 1026 534842186
512 331 1026 534842186
512 332 1026 534842186
512 333 1026 534842186
512 334 1026 534842186
512 335 1032 534842186
512 336 1026 534842186
512 337 1026 534842186
512 338 1026 534842186
512 339 1026 534842186
512 340 1030 534842186
512 341 1026 534842186
512 342 1026 534842186
512 343 1029 534842186
512 344 1026 534842186
512 345 1026 534842186
512 346 1026 534842186
512 347 1026 534842186
512 348 1032 534842186
512 349 1026 534842186
512 350 1026 534842186
512 351 1031 534842186
512 352 1026 534842186
512 353 1026 534842186
512 354 1026 534842186
512 355 1026 534842186
512 356 1034 534842186
512 357 1026 534842186
512 358 1026 534842186
512 359 1026 534842186
512 360 1026 534842186
512 361 1026 534842186
512 362 1026 534842186
512 363 1026 534842186
512 364 1032 534842186
512 365 1026 534842186
512 366 1026 534842186
512 367 1026 534842186
512 368 1026 534842186
512 369 1032 534842186
512 370 1026 534842186
512 371 1026 534842186
512 372 1030 534842186
512 373 1026 534842186
512 374 1026 534842186
512 375 1026 534842186
512 376 1026 534842186
512 377 1032 534842186
512 378 1026 534842186
512 379 1026 534842186
512 380 1026 534842186
512 381 1026 534842186
512 382 1029 534842186
512 383 1026 534842186
512 384 1026 534842186
512 385 1031 534842186
512 386 1026 534842186
512 387 1026 534842186
512 388 1026 534842186
512 389 1026 534842186
512 390 1032 534842186
512 391 1026 534842186
512 392 1026 534842186
512 393 1030 534842186
512 394 1026 534842186
512 395 1026 534842186
512 396 1026 534842186
512 397 1026 534842186
512 398 1031 534842186
512 399 1026 534842186
512 400 1026 534842186
512 401 1026 534842186
512 402 1026 534842186
512 403 1026 534842186
512 404 1026 534842186
512 405 1026 534842186
512 406 1032 534842186
512 407 1026 534842186
512 408 1026 534842186
512 409 1026 534842186
512 410 1026 534842186
512 411 1032 534842186
512 412 1026 534842186
512 413 1026 534842186
512 414 1030 534842186
512 415 1026 534842186
512 416 1026 534842186
512 417 1026 534842186
512 418 1026 534842186
512 419 1030 534842186
512 420 1026 534842186
512 421 1026 534842186
512 422 1026 534842186
512 423 1026 534842186
512 424 1026 534842186
512 425 1026 534842186
512 426 1026 534842186
512 427 1029 534842186
512 428 1026 534842186
512 429 1026 534842186
512 430 1026 534842186
512 431 1026 534842186
512 432 1028 534842186
512 433 1026 534842186
512 434 1026 534842186
512 435 1036 534842186
512 436 1026 534842186
512 437 1026 534842186
512 438 1026 534842186
512 439 1026 534842186
512 440 1031 534842186
512 441 1026 534842186
512 442 1026 534842186
512 443 1026 534842186
512 444 1026 534842186
512 445 1026 534842186
512 446 1026 534842186
512 447 1026 534842186
512 448 1030 534842186
512 449 1026 534842186
512 450 1026 534842186
512 451 1026 534842186
512 452 1026 534842186
512 453 1029 534842186
512 454 1026 534842186
512 455 1026 534842186
512 456 1030 534842186
512 457 1026 534842186
512 458 1026 534842186
512 459 1026 534842186
512 460 1026 534842186
512 461 1030 534842186
512 462 1026 534842186
512 463 1026 534842186
512 464 1026 534842186
512 465 1026 534842186
512 466 1026 534842186
512 467 1026 534842186
512 468 1026 534842186
512 469 1030 534842186
512 470 1026 534842186
512 471 1026 534842186
512 472 1026 534842186
512 473 1026 534842186
512 474 1031 534842186
512 475 1026 534842186
512 476 1026 534842186
512 477 1031 534842186
512 478 1026 534842186
512 479 1026 534842186
512 480 1026 534842186
512 481 1026 534842186
512 482 1031 534842186
512 483 1026 534842186
512 484 1026 534842186
512 485 1026 534842186
512 486 1026 534842186
512 487 1026 534842186
512 488 1026 534842186
512 489 1026 534842186
512 490 1028 534842186
512 491 1026 534842186
512 492 1026 534842186
512 493 1026 534842186
512 494 1026 534842186
512 495 1031 534842186
512 496 1026 534842186
512 497 1026 534842186
512 498 1029 534842186
512 499 1026 534842186
512 500 1026 534842186
512 501 1026 534842186
512 502 1026 534842186
512 503 1030 534842186
512 504 1026 534842186
512 505 1026 534842186
512 506 1026 534842186
512 507 1026 534842186
512 508 1026 534842186
512 509 1026 534842186
512 510 1026 534842186
512 511 1030 534842186
512 512 1026 534842186
512 513 1026 534842186
512 514 1026 534842186
512 515 1026 534842186
512 516 1026 534842186
512 517 1026 534842186
512 518 1026 534842186
512 519 1034 534842186
512 520 1026 534842186
512 521 1026 534842186
512 522 1026 534842186
512 523 1026 534842186
512 524 1028 534842186
512 525 1026 534842186
512 526 1026 534842186
512 527 1026 534842186
512 528 1026 534842186
512 529 1026 534842186
512 530 1026 534842186
512 531 1026 534842186
512 532 1029 534842186
512 533 1026 534842186
512 534 1026 534842186
512 535 1026 534842186
512 536 1026 534842186
512 537 1030 534842186
512 538 1026 534842186
512 539 1026 534842186
512 540 1036 534842186
512 541 1026 534842186
512 542 1026 534842186
512 543 1026 534842186
512 544 1026 534842186
512 545 1030 534842186
512 546 1026 534842186
512 547 1026 534842186
512 548 1026 534842186
512 549 1026 534842186
512 550 1026 534842186
512 551 1026 534842186
512 552 1026 534842186
512 553 1029 534842186
512 554 1026 534842186
512 555 1026 534842186
512 556 1026 534842186
512 557 1026 534842186
512 558 1032 534842186
512 559 1026 534842186
512 560 1026 534842186
512 561 1034 534842186
512 562 1026 534842186
512 563 1026 534842186
512 564 1026 534842186
512 565 1026 534842186
512 566 1031 534842186
512 567 1026 534842186
512 568 1026 534842186
512 569 1026 534842186
512 570 1026 534842186
512 571 1026 534842186
512 572 1026 534842186
512 573 1026 534842186
512 574 1029 534842186
512 575 1026 534842186
512 576 1026 534842186
512 577 1026 534842186
512 578 1026 534842186
512 579 1028 534842186
512 580 1026 534842186
512 581 1026 534842186
512 582 1038 534842186
512 583 1026 534842186
512 584 1026 534842186
512 585 1026 534842186
512 586 1026 534842186
512 587 1030 534842186
512 588 1026 534842186
512 589 1026 534842186
512 590 1026 534842186
512 591 1026 534842186
512 592 1026 534842186
512 593 1026 534842186
512 594 1026 534842186
512 595 1033 534842186
512 596 1026 534842186
512 597 1026 534842186
512 598 1026 534842186
512 599 1026 534842186
512 600 1032 534842186
512 601 1026 534842186
512 602 1026 534842186
512 603 1037 534842186
512 604 1026 534842186
512 605 1026 534842186
512 606 1026 534842186
512 607 1026 534842186
512 608 1028 534842186
512 609 1026 534842186
512 610 1026 534842186
512 611 1026 534842186
512 612 1026 534842186
512 613 1026 534842186
512 614 1026 534842186
512 615 1026 534842186
512 616 1035 534842186
512 617 1026 534842186
512 618 1026 534842186
512 619 1026 534842186
512 620 1026 534842186
512 621 1031 534842186
512 622 1026 534842186
512 623 1026 534842186
512 624 1031 534842186
512 625 1026 534842186
512 626 1026 534842186
512 627 1026 534842186
512 628 1026 534842186
512 629 1028 534842186
512 630 1026 534842186
512 631 1026 534842186
512 632 1026 534842186
512 633 1026 534842186
512 634 1026 534842186
512 635 1026 534842186
512 636 1026 534842186
512 637 1034 534842186
512 638 1026 534842186
512 639 1026 534842186
512 640 1026 534842186
512 641 1026 534842186
512 642 1029 534842186
512 643 1026 534842186
512 644 1026 534842186
512 645 1030 534842186
512 646 1026 534842186
512 647 1026 534842186
512 648 1026 534842186
512 649 1026 534842186
512 650 1029 534842186
512 651 1026 534842186
512 652 1026 534842186
512 653 1026 534842186
512 654 1026 534842186
512 655 1026 534842186
512 656 1026 534842186
512 657 1026 534842186
512 658 1033 534842186
512 659 1026 534842186
512 660 1026 534842186
512 661 1026 534842186
512 662 1026 534842186
512 663 1031 534842186
512 664 1026 534842186
512 665 1026 534842186
512 666 1037 534842186
512 667 1026 534842186
512 668 1026 534842186
512 669 1026 534842186
512 670 1026 534842186
512 671 1030 534842186
512 672 1026 534842186
512 673 1026 534842186
512 674 1026 534842186
512 675 1026 534842186
512 676 1026 534842186
512 677 1026 534842186
512 678 1026 534842186
512 679 1031 534842186
512 680 1026 534842186
512 681 1026 534842186
512 682 1026 534842186
512 683 1026 534842186
512 684 1030 534842186
512 685 1026 534842186
512 686 1026 534842186
512 687 1035 534842186
512 688 1026 534842186
512 689 1026 534842186
512 690 1026 534842186
512 691 1026 534842186
512 692 1029 534842186
512 693 1026 534842186
512 694 1026 534842186
512 695 1026 534842186
512 696 1026 534842186
512 697 1026 534842186
512 698 1026 534842186
512 699 1026 534842186
512 700 1032 534842186
512 701 1026 534842186
512 702 1026 534842186
512 703 1026 534842186
512 704 1026 534842186
512 705 1032 534842186
512 706 1026 534842186
512 707 1026 534842186
512 708 1033 534842186
512 709 1026 534842186
512 710 1026 534842186
512 711 1026 534842186
512 712 1026 534842186
512 713 1030 534842186
512 714 1026 534842186
512 715 1026 534842186
512 716 1026 534842186
512 717 1026 534842186
512 718 1026 534842186
512 719 1026 534842186
512 720 1026 534842186
512 721 1033 534842186
512 722 1026 534842186
512 723 1026 534842186
512 724 1026 534842186
512 725 1026 534842186
512 726 1029 534842186
512 727 1026 534842186
512 728 1026 534842186
512 729 1037 534842186
512 730 1026 534842186
512 731 1026 534842186
512 732 1026 534842186
512 733 1026 534842186
512 734 1031 534842186
512 735 1026 534842186
512 736 1026 534842186
512 737 1026 534842186
512 738 1026 534842186
512 739 1026 534842186
512 740 1026 534842186
512 741 1026 534842186
512 742 1029 534842186
512 743 1026 534842186
512 744 1026 534842186
512 745 1026 534842186
512 746 1026 534842186
512 747 1027 534842186
512 748 1026 534842186
512 749 1026 534842186
512 750 1031 534842186
512 751 1026 534842186
512 752 1026 534842186
512 753 1026 534842186
512 754 1026 534842186
512 755 1031 534842186
512 756 1026 534842186
512 757 1026 534842186
512 758 1038 534842186
512 759 1026 534842186
512 760 1026 534842186
512 761 1026 534842186
512 762 1026 534842186
512 763 1032 534842186
512 764 1026 534842186
512 765 1026 534842186
512 766 1026 534842186
512 767 1026 534842186
512 768 1026 534842186
512 769 1026 534842186
512 770 1026 534842186
512 771 1031 534842186
512 772 1026 534842186
512 773 1026 534842186
512 774 1026 534842186
512 775 1026 534842186
512 776 1030 534842186
512 777 1026 534842186
512 778 1026 534842186
512 779 1032 534842186
512 780 1026 534842186
512 781 1026 534842186
512 782 1026 534842186
512 783 1026 534842186
512 784 1034 534842186
512 785 1026 534842186
512 786 1026 534842186
512 787 1026 534842186
512 788 1026 534842186
512 789 1026 534842186
512 790 1026 534842186
512 791 1026 534842186
512 792 1033 534842186
512 793 1026 534842186
512 794 1026 534842186
512 795 1026 534842186
512 796 1026 534842186
512 797 1029 534842186
512 798 1026 534842186
512 799 1026 534842186
512 800 1038 534842186
512 801 1026 534842186
512 802 1026 534842186
512 803 1026 534842186
512 804 1026 534842186
512 805 1033 534842186
512 806 1026 534842186
512 807 1026 534842186
512 808 1026 534842186
512 809 1026 534842186
512 810 1026 534842186
512 811 1026 534842186
512 812 1026 534842186
512 813 1033 534842186
512 814 1026 534842186
512 815 1026 534842186
512 816 1026 534842186
512 817 1026 534842186
512 818 1026 534842186
512 819 1026 534842186
512 820 1026 534842186
512 821 1030 534842186
512 822 1026 534842186
512 823 1026 534842186
512 824 1026 534842186
512 825 1026 534842186
512 826 1030 534842186
512 827 1026 534842186
512 828 1026 534842186
512 829 1032 534842186
512 830 1026 534842186
512 831 1026 534842186
512 832 1026 534842186
512 833 1026 534842186
512 834 1032 534842186
512 835 1026 534842186
512 836 1026 534842186
512 837 1026 534842186
512 838 1026 534842186
512 839 1026 534842186
512 840 1026 534842186
512 841 1026 534842186
512 842 1029 534842186
512 843 1026 534842186
512 844 1026 534842186
512 845 1026 534842186
512 846 1026 534842186
512 847 1029 534842186
512 848 1026 534842186
512 849 1026 534842186
512 850 1032 534842186
512 851 1026 534842186
512 852 1026 534842186
512 853 1026 534842186
512 854 1026 534842186
512 855 1032 534842186
512 856 1026 534842186
512 857 1026 534842186
512 858 1026 534842186
512 859 1026 534842186
512 860 1026 534842186
512 861 1026 534842186
512 862 1026 534842186
512 863 1030 534842186
512 864 1026 534842186
512 865 1026 534842186
512 866 1026 534842186
512 867 1026 534842186
512 868 1027 534842186
512 869 1026 534842186
512 870 1026 534842186
512 871 1034 534842186
512 872 1026 534842186
512 873 1026 534842186
512 874 1026 534842186
512 875 1026 534842186
512 876 1032 534842186
512 877 1026 534842186
512 878 1026 534842186
512 879 1026 534842186
512 880 1026 534842186
512 881 1026 534842186
512 882 1026 534842186
512 883 1026 534842186
512 884 1029 534842186
512 885 1026 534842186
512 886 1026 534842186
512 887 1026 534842186
512 888 1026 534842186
512 889 1030 534842186
512 890 1026 534842186
512 891 1026 534842186
512 892 1039 534842186
512 893 1026 534842186
512 894 1026 534842186
512 895 1026 534842186
512 896 1026 534842186
512 897 1033 534842186
512 898 1026 534842186
512 899 1026 534842186
512 900 1026 534842186
512 901 1026 534842186
512 902 1026 534842186
512 903 1026 534842186
512 904 1026 534842186
512 905 1032 534842186
512 906 1026 534842186
512 907 1026 534842186
512 908 1026 534842186
512 909 1026 534842186
512 910 1026 534842186
512 911 1026 534842186
512 912 1026 534842186
512 913 1030 534842186
512 914 1026 534842186
512 915 1026 534842186
512 916 1026 534842186
512 917 1026 534842186
512 918 1029 534842186
512 919 1026 534842186
512 920 1026 534842186
512 921 1033 534842186
512 922 1026 534842186
512 923 1026 534842186
512 924 1026 534842186
512 925 1026 534842186
512 926 1030 534842186
512 927 1026 534842186
512 928 1026 534842186
512 929 1026 534842186
512 930 1026 534842186
512 931 1029 534842186
512 932 1026 534842186
512 933 1026 534842186
512 934 1028 534842186
512 935 1026 534842186
512 936 1026 534842186
512 937 1026 534842186
512 938 1026 534842186
512 939 1028 534842186
512 940 1026 534842186
512 941 1026 534842186
512 942 1026 534842186
512 943 1026 534842186
512 944 1026 534842186
512 945 1026 534842186
512 946 1026 534842186
512 947 1031 534842186
512 948 1026 534842186
512 949 1026 534842186
512 950 1026 534842186
512 951 1026 534842186
512 952 1026 534842186
512 953 1026 534842186
512 954 1026 534842186
512 955 1039 534842186
512 956 1026 534842186
512 957 1026 534842186
512 958 1026 534842186
512 959 1026 534842186
512 960 1031 534842186
512 961 1026 534842186
512 962 1026 534842186
512 963 1026 534842186
512 964 1026 534842186
512 965 1026 534842186
512 966 1026 534842186
512 967 1026 534842186
512 968 1038 534842186
512 969 1026 534842186
512 970 1026 534842186
512 971 1026 534842186
512 972 1026 534842186
512 973 1026 534842186
512 974 1026 534842186
512 975 1026 534842186
512 976 1033 534842186
512 977 1026 534842186
512 978 1026 534842186
512 979 1026 534842186
512 980 1026 534842186
512 981 1033 534842186
512 982 1026 534842186
512 983 1026 534842186
512 984 1035 534842186
512 985 1026 534842186
512 986 1026 534842186
512 987 1026 534842186
512 988 1026 534842186
512 989 1031 534842186
512 990 1026 534842186
512 991 1026 534842186
512 992 1026 534842186
512 993 1026 534842186
512 994 1026 534842186
512 995 1026 534842186
512 996 1026 534842186
512 997 1031 534842186
512 998 1026 534842186
512 999 1026 534842186
