256 0 554949 4242607137
256 1 627805 4242607137
256 2 562602 4242607137
256 3 544946 4242607137
256 4 543215 4242607137
256 5 541499 4242607137
256 6 541095 4242607137
256 7 541219 4242607137
256 8 540971 4242607137
256 9 540971 4242607137
256 10 540971 4242607137
256 11 540971 4242607137
256 12 540971 4242607137
256 13 540971 4242607137
256 14 540971 4242607137
256 15 540971 4242607137
256 16 540971 4242607137
256 17 540977 4242607137
256 18 540971 4242607137
256 19 540971 4242607137
256 20 540971 4242607137
256 21 540971 4242607137
256 22 540971 4242607137
256 23 540971 4242607137
256 24 540971 4242607137
256 25 542687 4242607137
256 26 541492 4242607137
256 27 540971 4242607137
256 28 540971 4242607137
256 29 540971 4242607137
256 30 540977 4242607137
256 31 540971 4242607137
256 32 540971 4242607137
256 33 540971 4242607137
256 34 540971 4242607137
256 35 540971 4242607137
256 36 540971 4242607137
256 37 540971 4242607137
256 38 542639 4242607137
256 39 540971 4242607137
256 40 540971 4242607137
256 41 540971 4242607137
256 42 540971 4242607137
256 43 540971 4242607137
256 44 540971 4242607137
256 45 540971 4242607137
256 46 540971 4242607137
256 47 540971 4242607137
256 48 540971 4242607137
256 49 540971 4242607137
256 50 540971 4242607137
256 51 540971 4242607137
256 52 540971 4242607137
256 53 540971 4242607137
256 54 540971 4242607137
256 55 542667 4242607137
256 56 540971 4242607137
256 57 540971 4242607137
256 58 540971 4242607137
256 59 540971 4242607137
256 60 540971 4242607137
256 61 540971 4242607137
256 62 540971 4242607137
256 63 540971 4242607137
256 64 540971 4242607137
256 65 540971 4242607137
256 66 540971 4242607137
256 67 540971 4242607137
256 68 542632 4242607137
256 69 540971 4242607137
256 70 540971 4242607137
256 71 540971 4242607137
256 72 540971 4242607137
256 73 540971 4242607137
256 74 540971 4242607137
256 75 540971 4242607137
256 76 540971 4242607137
256 77 540971 4242607137
256 78 540971 4242607137
256 79 540971 4242607137
256 80 540971 4242607137
256 81 540971 4242607137
256 82 540971 4242607137
256 83 540971 4242607137
256 84 540971 4242607137
256 85 540971 4242607137
256 86 540971 4242607137
256 87 540971 4242607137
256 88 540971 4242607137
256 89 540971 4242607137
256 90 540971 4242607137
256 91 540971 4242607137
256 92 540971 4242607137
256 93 540971 4242607137
256 94 540971 4242607137
256 95 540971 4242607137
256 96 540971 4242607137
256 97 540971 4242607137
256 98 540971 4242607137
256 99 540971 4242607137
256 100 540971 4242607137
256 101 540971 4242607137
256 102 540971 4242607137
256 103 540971 4242607137
256 104 540971 4242607137
256 105 540971 4242607137
256 106 540971 4242607137
256 107 540971 4242607137
256 108 540971 4242607137
256 109 540971 4242607137
256 110 540971 4242607137
256 111 540977 4242607137
256 112 540971 4242607137
256 113 540971 4242607137
256 114 540971 4242607137
256 115 540971 4242607137
256 116 540971 4242607137
256 117 540971 4242607137
256 118 540971 4242607137
256 119 542626 4242607137
256 120 540971 4242607137
256 121 540971 4242607137
256 122 540971 4242607137
256 123 540971 4242607137
256 124 540977 4242607137
256 125 540971 4242607137
256 126 540971 4242607137
256 127 540971 4242607137
256 128 540971 4242607137
256 129 540971 4242607137
256 130 540971 4242607137
256 131 540971 4242607137
256 132 540977 4242607137
256 133 540971 4242607137
256 134 540971 4242607137
256 135 540971 4242607137
256 136 540971 4242607137
256 137 540971 4242607137
256 138 540971 4242607137
256 139 540971 4242607137
256 140 540971 4242607137
256 141 540971 4242607137
256 142 540971 4242607137
256 143 540971 4242607137
256 144 540971 4242607137
256 145 540971 4242607137
256 146 540971 4242607137
256 147 540971 4242607137
256 148 540971 4242607137
256 149 540971 4242607137
256 150 540971 4242607137
256 151 540971 4242607137
256 152 540971 4242607137
256 153 542702 4242607137
256 154 540971 4242607137
256 155 540971 4242607137
256 156 540971 4242607137
256 157 540971 4242607137
256 158 540971 4242607137
256 159 540971 4242607137
256 160 540971 4242607137
256 161 540971 4242607137
256 162 540971 4242607137
256 163 540971 4242607137
256 164 540971 4242607137
256 165 540971 4242607137
256 166 540971 4242607137
256 167 540971 4242607137
256 168 540971 4242607137
256 169 540971 4242607137
256 170 542575 4242607137
256 171 540971 4242607137
256 172 540971 4242607137
256 173 540971 4242607137
256 174 540971 4242607137
256 175 540971 4242607137
256 176 540971 4242607137
256 177 540971 4242607137
256 178 540971 4242607137
256 179 540977 4242607137
256 180 540971 4242607137
256 181 540971 4242607137
256 182 540971 4242607137
256 183 540971 4242607137
256 184 540971 4242607137
256 185 540971 4242607137
256 186 540971 4242607137
256 187 540971 4242607137
256 188 540971 4242607137
256 189 540971 4242607137
256 190 540971 4242607137
256 191 540971 4242607137
256 192 540971 4242607137
256 193 540971 4242607137
256 194 540971 4242607137
256 195 540971 4242607137
256 196 540971 4242607137
256 197 540971 4242607137
256 198 540971 4242607137
256 199 540971 4242607137
256 200 540971 4242607137
256 201 540971 4242607137
256 202 540971 4242607137
256 203 540971 4242607137
256 204 542616 4242607137
256 205 540971 4242607137
256 206 540971 4242607137
256 207 540971 4242607137
256 208 540971 4242607137
256 209 540971 4242607137
256 210 540971 4242607137
256 211 540971 4242607137
256 212 540971 4242607137
256 213 540971 4242607137
256 214 540971 4242607137
256 215 540971 4242607137
256 216 540971 4242607137
256 217 540971 4242607137
256 218 540971 4242607137
256 219 540971 4242607137
256 220 540971 4242607137
256 221 540977 4242607137
256 222 540971 4242607137
256 223 540971 4242607137
256 224 540971 4242607137
256 225 540971 4242607137
256 226 540971 4242607137
256 227 540971 4242607137
256 228 540971 4242607137
256 229 540971 4242607137
256 230 540971 4242607137
256 231 540971 4242607137
256 232 540971 4242607137
256 233 540971 4242607137
256 234 540971 4242607137
256 235 540971 4242607137
256 236 540971 4242607137
256 237 540971 4242607137
256 238 542635 4242607137
256 239 540971 4242607137
256 240 540971 4242607137
256 241 540971 4242607137
256 242 540971 4242607137
256 243 540971 4242607137
256 244 540971 4242607137
256 245 540971 4242607137
256 246 540971 4242607137
256 247 540971 4242607137
256 248 540971 4242607137
256 249 540971 4242607137
256 250 540971 4242607137
256 251 540977 4242607137
256 252 540971 4242607137
256 253 540971 4242607137
256 254 540971 4242607137
256 255 540971 4242607137
256 256 540971 4242607137
256 257 540971 4242607137
256 258 540971 4242607137
256 259 542632 4242607137
256 260 540971 4242607137
256 261 540971 4242607137
256 262 540971 4242607137
256 263 540971 4242607137
256 264 540971 4242607137
256 265 540971 4242607137
256 266 540971 4242607137
256 267 540971 4242607137
256 268 540971 4242607137
256 269 540971 4242607137
256 270 540971 4242607137
256 271 540971 4242607137
256 272 542642 4242607137
256 273 540971 4242607137
256 274 540971 4242607137
256 275 540971 4242607137
256 276 540971 4242607137
256 277 540971 4242607137
256 278 540971 4242607137
256 279 540971 4242607137
256 280 540971 4242607137
256 281 540971 4242607137
256 282 540971 4242607137
256 283 540971 4242607137
256 284 540971 4242607137
256 285 540977 4242607137
256 286 540971 4242607137
256 287 540971 4242607137
256 288 540971 4242607137
256 289 540971 4242607137
256 290 540971 4242607137
256 291 540971 4242607137
256 292 540971 4242607137
256 293 542634 4242607137
256 294 540971 4242607137
256 295 540971 4242607137
256 296 540971 4242607137
256 297 540971 4242607137
256 298 540971 4242607137
256 299 540971 4242607137
256 300 540971 4242607137
256 301 540971 4242607137
256 302 540971 4242607137
256 303 540971 4242607137
256 304 540971 4242607137
256 305 540971 4242607137
256 306 542647 4242607137
256 307 540971 4242607137
256 308 540971 4242607137
256 309 540971 4242607137
256 310 540971 4242607137
256 311 540971 4242607137
256 312 540971 4242607137
256 313 540971 4242607137
256 314 540971 4242607137
256 315 540971 4242607137
256 316 540971 4242607137
256 317 540971 4242607137
256 318 540971 4242607137
256 319 540971 4242607137
256 320 540971 4242607137
256 321 540971 4242607137
256 322 540971 4242607137
256 323 540971 4242607137
256 324 540971 4242607137
256 325 540971 4242607137
256 326 540971 4242607137
256 327 542654 4242607137
256 328 540971 4242607137
256 329 540971 4242607137
256 330 540971 4242607137
256 331 540971 4242607137
256 332 540971 4242607137
256 333 540971 4242607137
256 334 540971 4242607137
256 335 540971 4242607137
256 336 540977 4242607137
256 337 540971 4242607137
256 338 540971 4242607137
256 339 540971 4242607137
256 340 542664 4242607137
256 341 540971 4242607137
256 342 540971 4242607137
256 343 540971 4242607137
256 344 540971 4242607137
256 345 540977 4242607137
256 346 540971 4242607137
256 347 540971 4242607137
256 348 540971 4242607137
256 349 540971 4242607137
256 350 540972 4242607137
256 351 540971 4242607137
256 352 540971 4242607137
256 353 540971 4242607137
256 354 540971 4242607137
256 355 540971 4242607137
256 356 540971 4242607137
256 357 540971 4242607137
256 358 540971 4242607137
256 359 540971 4242607137
256 360 540971 4242607137
256 361 542649 4242607137
256 362 540971 4242607137
256 363 540971 4242607137
256 364 540971 4242607137
256 365 540971 4242607137
256 366 540971 4242607137
256 367 540971 4242607137
256 368 540971 4242607137
256 369 540971 4242607137
256 370 540971 4242607137
256 371 540971 4242607137
256 372 540971 4242607137
256 373 540971 4242607137
256 374 542647 4242607137
256 375 540971 4242607137
256 376 540971 4242607137
256 377 540971 4242607137
256 378 540971 4242607137
256 379 540971 4242607137
256 380 540971 4242607137
256 381 540971 4242607137
256 382 540971 4242607137
256 383 540971 4242607137
256 384 540971 4242607137
256 385 540971 4242607137
256 386 540971 4242607137
256 387 540971 4242607137
256 388 540971 4242607137
256 389 540971 4242607137
256 390 540971 4242607137
256 391 540977 4242607137
256 392 540971 4242607137
256 393 540971 4242607137
256 394 540971 4242607137
256 395 542633 4242607137
256 396 540971 4242607137
256 397 540971 4242607137
256 398 540971 4242607137
256 399 540971 4242607137
256 400 540971 4242607137
256 401 540971 4242607137
256 402 540971 4242607137
256 403 540971 4242607137
256 404 540977 4242607137
256 405 540971 4242607137
256 406 540971 4242607137
256 407 540971 4242607137
256 408 542674 4242607137
256 409 540971 4242607137
256 410 540971 4242607137
256 411 540971 4242607137
256 412 540971 4242607137
256 413 540977 4242607137
256 414 540971 4242607137
256 415 540971 4242607137
256 416 540971 4242607137
256 417 540977 4242607137
256 418 540971 4242607137
256 419 540971 4242607137
256 420 540971 4242607137
256 421 540977 4242607137
256 422 540971 4242607137
256 423 540971 4242607137
256 424 540971 4242607137
256 425 540971 4242607137
256 426 540971 4242607137
256 427 540971 4242607137
256 428 540971 4242607137
256 429 542650 4242607137
256 430 540971 4242607137
256 431 540971 4242607137
256 432 540971 4242607137
256 433 540971 4242607137
256 434 540977 4242607137
256 435 540971 4242607137
256 436 540971 4242607137
256 437 540971 4242607137
256 438 540971 4242607137
256 439 540971 4242607137
256 440 540971 4242607137
256 441 540971 4242607137
256 442 542582 4242607137
256 443 540971 4242607137
256 444 540971 4242607137
256 445 540971 4242607137
256 446 540971 4242607137
256 447 540971 4242607137
256 448 540971 4242607137
256 449 540971 4242607137
256 450 540971 4242607137
256 451 540971 4242607137
256 452 540971 4242607137
256 453 540971 4242607137
256 454 540971 4242607137
256 455 540971 4242607137
256 456 540971 4242607137
256 457 540971 4242607137
256 458 540971 4242607137
256 459 540977 4242607137
256 460 540971 4242607137
256 461 540971 4242607137
256 462 540971 4242607137
256 463 542649 4242607137
256 464 540971 4242607137
256 465 540971 4242607137
256 466 540971 4242607137
256 467 540971 4242607137
256 468 540971 4242607137
256 469 540971 4242607137
256 470 540971 4242607137
256 471 540971 4242607137
256 472 540977 4242607137
256 473 540971 4242607137
256 474 540971 4242607137
256 475 540971 4242607137
256 476 540971 4242607137
256 477 540971 4242607137
256 478 540971 4242607137
256 479 540971 4242607137
256 480 540971 4242607137
256 481 540971 4242607137
256 482 540971 4242607137
256 483 540971 4242607137
256 484 540971 4242607137
256 485 540977 4242607137
256 486 540971 4242607137
256 487 540971 4242607137
256 488 540971 4242607137
256 489 540971 4242607137
256 490 540971 4242607137
256 491 540971 4242607137
256 492 540971 4242607137
256 493 540971 4242607137
256 494 540971 4242607137
256 495 540971 4242607137
256 496 540971 4242607137
256 497 542599 4242607137
256 498 540971 4242607137
256 499 540971 4242607137
256 500 540971 4242607137
256 501 540971 4242607137
256 502 540971 4242607137
256 503 540971 4242607137
256 504 540971 4242607137
256 505 540971 4242607137
256 506 540971 4242607137
256 507 540971 4242607137
256 508 540971 4242607137
256 509 540971 4242607137
256 510 540971 4242607137
256 511 540971 4242607137
256 512 540971 4242607137
256 513 540971 4242607137
256 514 540971 4242607137
256 515 540971 4242607137
256 516 540971 4242607137
256 517 540971 4242607137
256 518 540971 4242607137
256 519 540977 4242607137
256 520 540971 4242607137
256 521 540971 4242607137
256 522 540971 4242607137
256 523 540971 4242607137
256 524 540971 4242607137
256 525 540971 4242607137
256 526 540971 4242607137
256 527 540971 4242607137
256 528 540971 4242607137
256 529 540971 4242607137
256 530 540971 4242607137
256 531 542649 4242607137
256 532 540971 4242607137
256 533 540971 4242607137
256 534 540971 4242607137
256 535 540971 4242607137
256 536 540977 4242607137
256 537 540971 4242607137
256 538 540971 4242607137
256 539 540971 4242607137
256 540 540977 4242607137
256 541 540971 4242607137
256 542 540971 4242607137
256 543 540971 4242607137
256 544 540971 4242607137
256 545 540971 4242607137
256 546 540971 4242607137
256 547 540971 4242607137
256 548 540971 4242607137
256 549 540971 4242607137
256 550 540971 4242607137
256 551 540971 4242607137
256 552 540971 4242607137
256 553 540971 4242607137
256 554 540971 4242607137
256 555 540971 4242607137
256 556 540971 4242607137
256 557 540971 4242607137
256 558 540971 4242607137
256 559 540971 4242607137
256 560 540971 4242607137
256 561 540971 4242607137
256 562 540971 4242607137
256 563 540971 4242607137
256 564 540971 4242607137
256 565 542599 4242607137
256 566 540971 4242607137
256 567 540971 4242607137
256 568 540971 4242607137
256 569 540971 4242607137
256 570 540971 4242607137
256 571 541103 4242607137
256 572 540971 4242607137
256 573 540971 4242607137
256 574 540971 4242607137
256 575 540971 4242607137
256 576 540971 4242607137
256 577 540971 4242607137
256 578 540971 4242607137
256 579 540971 4242607137
256 580 540971 4242607137
256 581 540971 4242607137
256 582 542614 4242607137
256 583 540971 4242607137
256 584 540971 4242607137
256 585 540971 4242607137
256 586 540971 4242607137
256 587 540971 4242607137
256 588 540971 4242607137
256 589 540971 4242607137
256 590 540971 4242607137
256 591 540971 4242607137
256 592 540971 4242607137
256 593 540971 4242607137
256 594 540971 4242607137
256 595 540971 4242607137
256 596 540971 4242607137
256 597 540971 4242607137
256 598 540971 4242607137
256 599 540971 4242607137
256 600 540971 4242607137
256 601 540971 4242607137
256 602 540971 4242607137
256 603 540971 4242607137
256 604 540971 4242607137
256 605 540971 4242607137
256 606 540971 4242607137
256 607 540971 4242607137
256 608 540971 4242607137
256 609 540971 4242607137
256 610 540971 4242607137
256 611 540971 4242607137
256 612 540971 4242607137
256 613 540971 4242607137
256 614 540971 4242607137
256 615 540971 4242607137
256 616 542638 4242607137
256 617 540971 4242607137
256 618 540971 4242607137
256 619 540971 4242607137
256 620 540971 4242607137
256 621 540971 4242607137
256 622 540971 4242607137
256 623 540971 4242607137
256 624 540971 4242607137
256 625 540971 4242607137
256 626 540971 4242607137
256 627 540971 4242607137
256 628 540971 4242607137
256 629 540971 4242607137
256 630 540971 4242607137
256 631 540971 4242607137
256 632 540971 4242607137
256 633 540971 4242607137
256 634 540971 4242607137
256 635 540971 4242607137
256 636 540971 4242607137
256 637 540971 4242607137
256 638 540971 4242607137
256 639 540971 4242607137
256 640 540971 4242607137
256 641 540971 4242607137
256 642 540971 4242607137
256 643 540971 4242607137
256 644 540971 4242607137
256 645 540971 4242607137
256 646 540971 4242607137
256 647 540971 4242607137
256 648 540971 4242607137
256 649 540971 4242607137
256 650 542628 4242607137
256 651 540971 4242607137
256 652 540971 4242607137
256 653 540971 4242607137
256 654 540971 4242607137
256 655 540971 4242607137
256 656 540971 4242607137
256 657 540971 4242607137
256 658 540971 4242607137
256 659 540971 4242607137
256 660 540971 4242607137
256 661 540971 4242607137
256 662 540971 4242607137
256 663 540971 4242607137
256 664 540971 4242607137
256 665 540971 4242607137
256 666 540971 4242607137
256 667 540971 4242607137
256 668 540971 4242607137
256 669 540971 4242607137
256 670 540971 4242607137
256 671 542645 4242607137
256 672 540971 4242607137
256 673 540971 4242607137
256 674 540971 4242607137
256 675 540971 4242607137
256 676 540977 4242607137
256 677 540971 4242607137
256 678 540971 4242607137
256 679 540971 4242607137
256 680 540971 4242607137
256 681 540971 4242607137
256 682 540971 4242607137
256 683 540971 4242607137
256 684 542634 4242607137
256 685 540971 4242607137
256 686 540971 4242607137
256 687 540971 4242607137
256 688 540971 4242607137
256 689 540971 4242607137
256 690 540971 4242607137
256 691 540971 4242607137
256 692 540971 4242607137
256 693 540971 4242607137
256 694 540971 4242607137
256 695 540971 4242607137
256 696 540971 4242607137
256 697 540977 4242607137
256 698 540971 4242607137
256 699 540971 4242607137
256 700 540971 4242607137
256 701 540971 4242607137
256 702 540971 4242607137
256 703 540971 4242607137
256 704 540971 4242607137
256 705 542655 4242607137
256 706 540971 4242607137
256 707 540971 4242607137
256 708 540971 4242607137
256 709 540971 4242607137
256 710 540977 4242607137
256 711 540971 4242607137
256 712 540971 4242607137
256 713 540971 4242607137
256 714 540971 4242607137
256 715 540971 4242607137
256 716 540971 4242607137
256 717 540971 4242607137
256 718 542630 4242607137
256 719 540971 4242607137
256 720 540971 4242607137
256 721 540971 4242607137
256 722 540971 4242607137
256 723 540971 4242607137
256 724 540971 4242607137
256 725 540971 4242607137
256 726 540971 4242607137
256 727 540971 4242607137
256 728 540971 4242607137
256 729 540971 4242607137
256 730 540971 4242607137
256 731 540971 4242607137
256 732 540971 4242607137
256 733 540971 4242607137
256 734 540971 4242607137
256 735 540971 4242607137
256 736 540971 4242607137
256 737 540971 4242607137
256 738 540971 4242607137
256 739 542642 4242607137
256 740 540971 4242607137
256 741 540971 4242607137
256 742 540971 4242607137
256 743 540971 4242607137
256 744 540971 4242607137
256 745 540971 4242607137
256 746 540971 4242607137
256 747 540971 4242607137
256 748 540971 4242607137
256 749 540971 4242607137
256 750 540971 4242607137
256 751 540971 4242607137
256 752 542657 4242607137
256 753 540971 4242607137
256 754 540971 4242607137
256 755 540971 4242607137
256 756 540971 4242607137
256 757 540971 4242607137
256 758 540971 4242607137
256 759 540971 4242607137
256 760 540971 4242607137
256 761 540971 4242607137
256 762 540971 4242607137
256 763 540971 4242607137
256 764 540971 4242607137
256 765 540971 4242607137
256 766 540971 4242607137
256 767 540971 4242607137
256 768 540971 4242607137
256 769 540977 4242607137
256 770 540971 4242607137
256 771 540971 4242607137
256 772 540971 4242607137
256 773 542662 4242607137
256 774 540971 4242607137
256 775 540971 4242607137
256 776 540971 4242607137
256 777 540971 4242607137
256 778 540971 4242607137
256 779 540971 4242607137
256 780 540971 4242607137
256 781 540971 4242607137
256 782 540971 4242607137
256 783 540971 4242607137
256 784 540971 4242607137
256 785 540971 4242607137
256 786 542668 4242607137
256 787 540971 4242607137
256 788 540971 4242607137
256 789 540971 4242607137
256 790 540971 4242607137
256 791 540971 4242607137
256 792 540971 4242607137
256 793 540971 4242607137
256 794 540971 4242607137
256 795 540971 4242607137
256 796 540971 4242607137
256 797 540971 4242607137
256 798 540971 4242607137
256 799 540977 4242607137
256 800 540971 4242607137
256 801 540971 4242607137
256 802 540971 4242607137
256 803 540971 4242607137
256 804 540971 4242607137
256 805 540971 4242607137
256 806 540971 4242607137
256 807 542655 4242607137
256 808 540971 4242607137
256 809 540971 4242607137
256 810 540971 4242607137
256 811 540971 4242607137
256 812 540977 4242607137
256 813 540971 4242607137
256 814 540971 4242607137
256 815 540971 4242607137
256 816 540971 4242607137
256 817 540971 4242607137
256 818 540971 4242607137
256 819 540971 4242607137
256 820 542692 4242607137
256 821 540971 4242607137
256 822 540971 4242607137
256 823 540971 4242607137
256 824 540971 4242607137
256 825 540971 4242607137
256 826 540971 4242607137
256 827 540971 4242607137
256 828 540971 4242607137
256 829 540971 4242607137
256 830 540971 4242607137
256 831 540971 4242607137
256 832 540971 4242607137
256 833 540971 4242607137
256 834 540971 4242607137
256 835 540971 4242607137
256 836 540971 4242607137
256 837 540971 4242607137
256 838 540971 4242607137
256 839 540971 4242607137
256 840 540971 4242607137
256 841 542666 4242607137
256 842 540971 4242607137
256 843 540971 4242607137
256 844 540971 4242607137
256 845 540971 4242607137
256 846 540977 4242607137
256 847 540971 4242607137
256 848 540971 4242607137
256 849 540971 4242607137
256 850 540977 4242607137
256 851 540971 4242607137
256 852 540971 4242607137
256 853 540971 4242607137
256 854 542635 4242607137
256 855 540971 4242607137
256 856 540971 4242607137
256 857 540971 4242607137
256 858 540971 4242607137
256 859 540971 4242607137
256 860 540971 4242607137
256 861 540971 4242607137
256 862 540971 4242607137
256 863 540977 4242607137
256 864 540971 4242607137
256 865 540971 4242607137
256 866 540971 4242607137
256 867 540971 4242607137
256 868 540971 4242607137
256 869 540971 4242607137
256 870 540971 4242607137
256 871 540971 4242607137
256 872 540971 4242607137
256 873 540971 4242607137
256 874 540971 4242607137
256 875 542629 4242607137
256 876 540971 4242607137
256 877 540971 4242607137
256 878 540971 4242607137
256 879 540971 4242607137
256 880 540971 4242607137
256 881 540971 4242607137
256 882 540971 4242607137
256 883 540971 4242607137
256 884 540971 4242607137
256 885 540971 4242607137
256 886 540971 4242607137
256 887 540971 4242607137
256 888 540971 4242607137
256 889 540971 4242607137
256 890 540971 4242607137
256 891 540971 4242607137
256 892 540971 4242607137
256 893 540971 4242607137
256 894 540971 4242607137
256 895 540971 4242607137
256 896 540971 4242607137
256 897 540977 4242607137
256 898 540971 4242607137
256 899 540971 4242607137
256 900 540971 4242607137
256 901 540971 4242607137
256 902 540971 4242607137
256 903 540971 4242607137
256 904 540971 4242607137
256 905 540971 4242607137
256 906 540971 4242607137
256 907 540971 4242607137
256 908 540971 4242607137
256 909 542653 4242607137
256 910 540971 4242607137
256 911 540971 4242607137
256 912 540971 4242607137
256 913 540971 4242607137
256 914 540971 4242607137
256 915 540971 4242607137
256 916 540971 4242607137
256 917 540971 4242607137
256 918 540971 4242607137
256 919 540971 4242607137
256 920 540971 4242607137
256 921 540971 4242607137
256 922 540971 4242607137
256 923 540971 4242607137
256 924 540971 4242607137
256 925 540971 4242607137
256 926 540971 4242607137
256 927 540971 4242607137
256 928 540971 4242607137
256 929 540971 4242607137
256 930 540971 4242607137
256 931 540971 4242607137
256 932 540971 4242607137
256 933 540971 4242607137
256 934 540971 4242607137
256 935 540971 4242607137
256 936 540971 4242607137
256 937 540971 4242607137
256 938 540971 4242607137
256 939 540971 4242607137
256 940 540971 4242607137
256 941 540971 4242607137
256 942 540971 4242607137
256 943 542613 4242607137
256 944 540971 4242607137
256 945 540971 4242607137
256 946 540971 4242607137
256 947 540971 4242607137
256 948 540971 4242607137
256 949 540971 4242607137
256 950 540971 4242607137
256 951 540971 4242607137
256 952 540971 4242607137
256 953 540971 4242607137
256 954 540971 4242607137
256 955 540971 4242607137
256 956 540971 4242607137
256 957 540971 4242607137
256 958 540971 4242607137
256 959 540971 4242607137
256 960 542645 4242607137
256 961 540971 4242607137
256 962 540971 4242607137
256 963 540971 4242607137
256 964 540971 4242607137
256 965 540971 4242607137
256 966 540971 4242607137
256 967 540971 4242607137
256 968 540971 4242607137
256 969 540971 4242607137
256 970 540971 4242607137
256 971 540971 4242607137
256 972 540971 4242607137
256 973 540971 4242607137
256 974 540971 4242607137
256 975 540971 4242607137
256 976 540971 4242607137
256 977 540971 4242607137
256 978 540971 4242607137
256 979 540971 4242607137
256 980 540971 4242607137
256 981 540971 4242607137
256 982 540971 4242607137
256 983 540971 4242607137
256 984 540971 4242607137
256 985 540971 4242607137
256 986 540977 4242607137
256 987 540971 4242607137
256 988 540971 4242607137
256 989 540971 4242607137
256 990 540971 4242607137
256 991 540971 4242607137
256 992 540971 4242607137
256 993 540971 4242607137
256 994 542676 4242607137
256 995 540971 4242607137
256 996 540971 4242607137
256 997 540971 4242607137
256 998 540971 4242607137
256 999 540977 4242607137
