4 0 492 541
4 1 269 541
4 2 280 561
4 3 261 541
4 4 266 541
4 5 266 541
4 6 266 541
4 7 266 541
4 8 266 541
4 9 266 541
4 10 266 541
4 11 266 541
4 12 266 541
4 13 266 541
4 14 266 541
4 15 266 541
4 16 266 541
4 17 266 541
4 18 266 541
4 19 266 541
4 20 266 541
4 21 266 541
4 22 266 541
4 23 266 541
4 24 266 541
4 25 266 541
4 26 266 541
4 27 266 541
4 28 266 541
4 29 266 541
4 30 266 541
4 31 266 541
4 32 266 541
4 33 266 541
4 34 266 541
4 35 266 541
4 36 266 541
4 37 266 541
4 38 266 541
4 39 266 541
4 40 266 541
4 41 266 541
4 42 266 541
4 43 266 541
4 44 266 541
4 45 266 541
4 46 266 541
4 47 266 541
4 48 266 541
4 49 266 541
4 50 266 541
4 51 266 541
4 52 266 541
4 53 266 541
4 54 266 541
4 55 266 541
4 56 266 541
4 57 266 541
4 58 266 541
4 59 266 541
4 60 266 541
4 61 266 541
4 62 266 541
4 63 266 541
4 64 266 541
4 65 266 541
4 66 266 541
4 67 266 541
4 68 266 541
4 69 266 541
4 70 266 541
4 71 266 541
4 72 266 541
4 73 266 541
4 74 266 541
4 75 266 541
4 76 266 541
4 77 266 541
4 78 266 541
4 79 266 541
4 80 266 541
4 81 266 541
4 82 266 541
4 83 266 541
4 84 266 541
4 85 266 541
4 86 266 541
4 87 266 541
4 88 266 541
4 89 266 541
4 90 266 541
4 91 266 541
4 92 266 541
4 93 266 541
4 94 266 541
4 95 266 541
4 96 266 541
4 97 266 541
4 98 266 541
4 99 266 541
4 100 266 541
4 101 266 541
4 102 266 541
4 103 266 541
4 104 266 541
4 105 266 541
4 106 266 541
4 107 266 541
4 108 266 541
4 109 266 541
4 110 266 541
4 111 266 541
4 112 266 541
4 113 266 541
4 114 266 541
4 115 266 541
4 116 266 541
4 117 266 541
4 118 266 541
4 119 266 541
4 120 266 541
4 121 266 541
4 122 266 541
4 123 266 541
4 124 266 541
4 125 266 541
4 126 266 541
4 127 266 541
4 128 266 541
4 129 266 541
4 130 266 541
4 131 266 541
4 132 266 541
4 133 266 541
4 134 266 541
4 135 266 541
4 136 266 541
4 137 266 541
4 138 266 541
4 139 266 541
4 140 266 541
4 141 266 541
4 142 266 541
4 143 266 541
4 144 266 541
4 145 266 541
4 146 266 541
4 147 266 541
4 148 266 541
4 149 266 541
4 150 266 541
4 151 266 541
4 152 266 541
4 153 266 541
4 154 266 541
4 155 266 541
4 156 266 541
4 157 266 541
4 158 266 541
4 159 266 541
4 160 266 541
4 161 266 541
4 162 266 541
4 163 266 541
4 164 266 541
4 165 266 541
4 166 266 541
4 167 266 541
4 168 266 541
4 169 266 541
4 170 266 541
4 171 266 541
4 172 266 541
4 173 266 541
4 174 266 541
4 175 266 541
4 176 266 541
4 177 266 541
4 178 266 541
4 179 266 541
4 180 266 541
4 181 266 541
4 182 266 541
4 183 266 541
4 184 266 541
4 185 266 541
4 186 266 541
4 187 266 541
4 188 266 541
4 189 266 541
4 190 266 541
4 191 266 541
4 192 266 541
4 193 266 541
4 194 266 541
4 195 266 541
4 196 266 541
4 197 266 541
4 198 266 541
4 199 266 541
4 200 266 541
4 201 266 541
4 202 266 541
4 203 266 541
4 204 266 541
4 205 266 541
4 206 266 541
4 207 266 541
4 208 266 541
4 209 266 541
4 210 266 541
4 211 266 541
4 212 266 541
4 213 266 541
4 214 266 541
4 215 266 541
4 216 266 541
4 217 266 541
4 218 266 541
4 219 266 541
4 220 266 541
4 221 266 541
4 222 266 541
4 223 266 541
4 224 266 541
4 225 266 541
4 226 266 541
4 227 266 541
4 228 266 541
4 229 266 541
4 230 266 541
4 231 266 541
4 232 266 541
4 233 266 541
4 234 266 541
4 235 266 541
4 236 266 541
4 237 266 541
4 238 266 541
4 239 266 541
4 240 266 541
4 241 266 541
4 242 266 541
4 243 266 541
4 244 266 541
4 245 266 541
4 246 266 541
4 247 266 541
4 248 266 541
4 249 266 541
4 250 266 541
4 251 266 541
4 252 266 541
4 253 266 541
4 254 266 541
4 255 266 541
4 256 266 541
4 257 266 541
4 258 266 541
4 259 266 541
4 260 266 541
4 261 266 541
4 262 266 541
4 263 266 541
4 264 266 541
4 265 266 541
4 266 266 541
4 267 266 541
4 268 266 541
4 269 266 541
4 270 266 541
4 271 266 541
4 272 266 541
4 273 266 541
4 274 266 541
4 275 266 541
4 276 266 541
4 277 266 541
4 278 266 541
4 279 266 541
4 280 266 541
4 281 266 541
4 282 266 541
4 283 266 541
4 284 266 541
4 285 266 541
4 286 266 541
4 287 266 541
4 288 266 541
4 289 266 541
4 290 266 541
4 291 266 541
4 292 266 541
4 293 266 541
4 294 266 541
4 295 266 541
4 296 266 541
4 297 266 541
4 298 266 541
4 299 266 541
4 300 266 541
4 301 266 541
4 302 266 541
4 303 266 541
4 304 266 541
4 305 266 541
4 306 266 541
4 307 266 541
4 308 266 541
4 309 266 541
4 310 266 541
4 311 266 541
4 312 266 541
4 313 266 541
4 314 266 541
4 315 266 541
4 316 266 541
4 317 266 541
4 318 266 541
4 319 266 541
4 320 266 541
4 321 266 541
4 322 266 541
4 323 266 541
4 324 266 541
4 325 266 541
4 326 266 541
4 327 266 541
4 328 266 541
4 329 266 541
4 330 266 541
4 331 266 541
4 332 266 541
4 333 266 541
4 334 266 541
4 335 266 541
4 336 266 541
4 337 266 541
4 338 266 541
4 339 266 541
4 340 266 541
4 341 266 541
4 342 266 541
4 343 266 541
4 344 266 541
4 345 266 541
4 346 266 541
4 347 266 541
4 348 266 541
4 349 266 541
4 350 266 541
4 351 266 541
4 352 266 541
4 353 266 541
4 354 266 541
4 355 266 541
4 356 266 541
4 357 266 541
4 358 266 541
4 359 266 541
4 360 266 541
4 361 266 541
4 362 266 541
4 363 266 541
4 364 266 541
4 365 266 541
4 366 266 541
4 367 266 541
4 368 266 541
4 369 266 541
4 370 266 541
4 371 266 541
4 372 266 541
4 373 266 541
4 374 266 541
4 375 266 541
4 376 266 541
4 377 266 541
4 378 266 541
4 379 266 541
4 380 266 541
4 381 266 541
4 382 266 541
4 383 266 541
4 384 266 541
4 385 266 541
4 386 266 541
4 387 266 541
4 388 266 541
4 389 266 541
4 390 266 541
4 391 266 541
4 392 266 541
4 393 266 541
4 394 266 541
4 395 266 541
4 396 266 541
4 397 266 541
4 398 266 541
4 399 266 541
4 400 266 541
4 401 266 541
4 402 266 541
4 403 266 541
4 404 266 541
4 405 266 541
4 406 266 541
4 407 266 541
4 408 266 541
4 409 266 541
4 410 266 541
4 411 266 541
4 412 266 541
4 413 266 541
4 414 266 541
4 415 266 541
4 416 266 541
4 417 266 541
4 418 266 541
4 419 266 541
4 420 266 541
4 421 266 541
4 422 266 541
4 423 266 541
4 424 266 541
4 425 266 541
4 426 266 541
4 427 266 541
4 428 266 541
4 429 266 541
4 430 266 541
4 431 266 541
4 432 266 541
4 433 266 541
4 434 266 541
4 435 266 541
4 436 266 541
4 437 266 541
4 438 266 541
4 439 266 541
4 440 266 541
4 441 266 541
4 442 266 541
4 443 266 541
4 444 266 541
4 445 266 541
4 446 266 541
4 447 266 541
4 448 266 541
4 449 266 541
4 450 266 541
4 451 266 541
4 452 266 541
4 453 266 541
4 454 266 541
4 455 266 541
4 456 266 541
4 457 266 541
4 458 266 541
4 459 266 541
4 460 266 541
4 461 266 541
4 462 266 541
4 463 266 541
4 464 266 541
4 465 266 541
4 466 266 541
4 467 266 541
4 468 266 541
4 469 266 541
4 470 266 541
4 471 266 541
4 472 266 541
4 473 266 541
4 474 266 541
4 475 266 541
4 476 266 541
4 477 266 541
4 478 266 541
4 479 266 541
4 480 266 541
4 481 266 541
4 482 266 541
4 483 266 541
4 484 266 541
4 485 266 541
4 486 266 541
4 487 266 541
4 488 266 541
4 489 266 541
4 490 266 541
4 491 266 541
4 492 266 541
4 493 266 541
4 494 266 541
4 495 266 541
4 496 266 541
4 497 266 541
4 498 266 541
4 499 266 541
4 500 266 541
4 501 266 541
4 502 266 541
4 503 266 541
4 504 266 541
4 505 266 541
4 506 266 541
4 507 266 541
4 508 266 541
4 509 266 541
4 510 266 541
4 511 266 541
4 512 266 541
4 513 266 541
4 514 266 541
4 515 266 541
4 516 266 541
4 517 266 541
4 518 266 541
4 519 266 541
4 520 266 541
4 521 266 541
4 522 266 541
4 523 266 541
4 524 266 541
4 525 266 541
4 526 266 541
4 527 266 541
4 528 266 541
4 529 266 541
4 530 266 541
4 531 266 541
4 532 266 541
4 533 266 541
4 534 266 541
4 535 266 541
4 536 266 541
4 537 266 541
4 538 266 541
4 539 266 541
4 540 266 541
4 541 266 541
4 542 266 541
4 543 266 541
4 544 266 541
4 545 266 541
4 546 266 541
4 547 266 541
4 548 266 541
4 549 266 541
4 550 266 541
4 551 266 541
4 552 266 541
4 553 266 541
4 554 266 541
4 555 266 541
4 556 266 541
4 557 266 541
4 558 266 541
4 559 266 541
4 560 266 541
4 561 266 541
4 562 266 541
4 563 266 541
4 564 266 541
4 565 266 541
4 566 266 541
4 567 266 541
4 568 266 541
4 569 266 541
4 570 266 541
4 571 266 541
4 572 266 541
4 573 266 541
4 574 266 541
4 575 266 541
4 576 266 541
4 577 266 541
4 578 266 541
4 579 266 541
4 580 266 541
4 581 266 541
4 582 266 541
4 583 266 541
4 584 266 541
4 585 266 541
4 586 266 541
4 587 266 541
4 588 266 541
4 589 266 541
4 590 266 541
4 591 266 541
4 592 266 541
4 593 266 541
4 594 266 541
4 595 266 541
4 596 266 541
4 597 266 541
4 598 266 541
4 599 266 541
4 600 266 541
4 601 266 541
4 602 266 541
4 603 266 541
4 604 266 541
4 605 266 541
4 606 266 541
4 607 266 541
4 608 266 541
4 609 266 541
4 610 266 541
4 611 266 541
4 612 266 541
4 613 266 541
4 614 266 541
4 615 266 541
4 616 266 541
4 617 266 541
4 618 266 541
4 619 266 541
4 620 266 541
4 621 266 541
4 622 266 541
4 623 266 541
4 624 266 541
4 625 266 541
4 626 266 541
4 627 266 541
4 628 266 541
4 629 266 541
4 630 266 541
4 631 266 541
4 632 266 541
4 633 266 541
4 634 266 541
4 635 266 541
4 636 266 541
4 637 266 541
4 638 266 541
4 639 266 541
4 640 266 541
4 641 266 541
4 642 266 541
4 643 266 541
4 644 266 541
4 645 266 541
4 646 266 541
4 647 266 541
4 648 266 541
4 649 266 541
4 650 266 541
4 651 266 541
4 652 266 541
4 653 266 541
4 654 266 541
4 655 266 541
4 656 266 541
4 657 266 541
4 658 266 541
4 659 266 541
4 660 266 541
4 661 266 541
4 662 266 541
4 663 266 541
4 664 266 541
4 665 266 541
4 666 266 541
4 667 266 541
4 668 266 541
4 669 266 541
4 670 266 541
4 671 266 541
4 672 266 541
4 673 266 541
4 674 266 541
4 675 266 541
4 676 266 541
4 677 266 541
4 678 266 541
4 679 266 541
4 680 266 541
4 681 266 541
4 682 266 541
4 683 266 541
4 684 266 541
4 685 266 541
4 686 266 541
4 687 266 541
4 688 266 541
4 689 266 541
4 690 266 541
4 691 266 541
4 692 266 541
4 693 266 541
4 694 266 541
4 695 266 541
4 696 266 541
4 697 266 541
4 698 266 541
4 699 266 541
4 700 266 541
4 701 266 541
4 702 266 541
4 703 266 541
4 704 266 541
4 705 266 541
4 706 266 541
4 707 266 541
4 708 266 541
4 709 266 541
4 710 266 541
4 711 266 541
4 712 266 541
4 713 266 541
4 714 266 541
4 715 266 541
4 716 266 541
4 717 266 541
4 718 266 541
4 719 266 541
4 720 266 541
4 721 266 541
4 722 266 541
4 723 266 541
4 724 266 541
4 725 266 541
4 726 266 541
4 727 266 541
4 728 266 541
4 729 266 541
4 730 266 541
4 731 266 541
4 732 266 541
4 733 266 541
4 734 266 541
4 735 266 541
4 736 266 541
4 737 266 541
4 738 266 541
4 739 266 541
4 740 266 541
4 741 266 541
4 742 281 541
4 743 281 541
4 744 266 541
4 745 266 541
4 746 266 541
4 747 266 541
4 748 266 541
4 749 266 541
4 750 266 541
4 751 266 541
4 752 266 541
4 753 266 541
4 754 266 541
4 755 266 541
4 756 266 541
4 757 266 541
4 758 266 541
4 759 266 541
4 760 266 541
4 761 266 541
4 762 266 541
4 763 266 541
4 764 266 541
4 765 266 541
4 766 266 541
4 767 266 541
4 768 266 541
4 769 266 541
4 770 266 541
4 771 266 541
4 772 266 541
4 773 266 541
4 774 266 541
4 775 266 541
4 776 266 541
4 777 266 541
4 778 266 541
4 779 266 541
4 780 266 541
4 781 266 541
4 782 266 541
4 783 266 541
4 784 266 541
4 785 266 541
4 786 266 541
4 787 266 541
4 788 266 541
4 789 266 541
4 790 266 541
4 791 266 541
4 792 266 541
4 793 266 541
4 794 266 541
4 795 266 541
4 796 266 541
4 797 266 541
4 798 266 541
4 799 266 541
4 800 266 541
4 801 266 541
4 802 266 541
4 803 266 541
4 804 266 541
4 805 266 541
4 806 266 541
4 807 266 541
4 808 266 541
4 809 266 541
4 810 266 541
4 811 266 541
4 812 266 541
4 813 266 541
4 814 266 541
4 815 266 541
4 816 266 541
4 817 266 541
4 818 266 541
4 819 266 541
4 820 266 541
4 821 266 541
4 822 266 541
4 823 266 541
4 824 266 541
4 825 266 541
4 826 266 541
4 827 266 541
4 828 266 541
4 829 266 541
4 830 266 541
4 831 266 541
4 832 266 541
4 833 266 541
4 834 266 541
4 835 266 541
4 836 266 541
4 837 266 541
4 838 266 541
4 839 266 541
4 840 266 541
4 841 266 541
4 842 266 541
4 843 266 541
4 844 266 541
4 845 266 541
4 846 266 541
4 847 266 541
4 848 266 541
4 849 266 541
4 850 266 541
4 851 266 541
4 852 266 541
4 853 266 541
4 854 266 541
4 855 266 541
4 856 266 541
4 857 266 541
4 858 266 541
4 859 266 541
4 860 266 541
4 861 266 541
4 862 266 541
4 863 266 541
4 864 266 541
4 865 266 541
4 866 266 541
4 867 266 541
4 868 266 541
4 869 266 541
4 870 266 541
4 871 266 541
4 872 266 541
4 873 266 541
4 874 266 541
4 875 266 541
4 876 266 541
4 877 266 541
4 878 266 541
4 879 266 541
4 880 266 541
4 881 266 541
4 882 266 541
4 883 266 541
4 884 266 541
4 885 266 541
4 886 266 541
4 887 266 541
4 888 266 541
4 889 266 541
4 890 266 541
4 891 266 541
4 892 266 541
4 893 266 541
4 894 266 541
4 895 266 541
4 896 266 541
4 897 266 541
4 898 266 541
4 899 266 541
4 900 266 541
4 901 266 541
4 902 266 541
4 903 266 541
4 904 266 541
4 905 266 541
4 906 266 541
4 907 266 541
4 908 266 541
4 909 266 541
4 910 266 541
4 911 266 541
4 912 266 541
4 913 266 541
4 914 266 541
4 915 266 541
4 916 266 541
4 917 266 541
4 918 266 541
4 919 266 541
4 920 266 541
4 921 266 541
4 922 266 541
4 923 266 541
4 924 266 541
4 925 266 541
4 926 266 541
4 927 266 541
4 928 266 541
4 929 266 541
4 930 266 541
4 931 266 541
4 932 266 541
4 933 266 541
4 934 266 541
4 935 280 541
4 936 280 541
4 937 280 541
4 938 280 541
4 939 280 541
4 940 280 541
4 941 266 541
4 942 266 541
4 943 266 541
4 944 266 541
4 945 266 541
4 946 266 541
4 947 266 541
4 948 266 541
4 949 266 541
4 950 266 541
4 951 266 541
4 952 266 541
4 953 266 541
4 954 266 541
4 955 266 541
4 956 266 541
4 957 266 541
4 958 266 541
4 959 266 541
4 960 266 541
4 961 266 541
4 962 266 541
4 963 266 541
4 964 266 541
4 965 266 541
4 966 266 541
4 967 266 541
4 968 266 541
4 969 266 541
4 970 266 541
4 971 266 541
4 972 266 541
4 973 266 541
4 974 266 541
4 975 266 541
4 976 266 541
4 977 266 541
4 978 266 541
4 979 266 541
4 980 266 541
4 981 266 541
4 982 266 541
4 983 266 541
4 984 266 541
4 985 266 541
4 986 266 541
4 987 266 541
4 988 266 541
4 989 266 541
4 990 266 541
4 991 266 541
4 992 266 541
4 993 266 541
4 994 266 541
4 995 266 541
4 996 266 541
4 997 266 541
4 998 266 541
4 999 266 541
