64 0 132 4228160780
64 1 130 4228160780
64 2 130 4228160780
64 3 130 4228160780
64 4 130 4228160780
64 5 130 4228160780
64 6 130 4228160780
64 7 130 4228160780
64 8 130 4228160780
64 9 130 4228160780
64 10 130 4228160780
64 11 130 4228160780
64 12 130 4228160780
64 13 130 4228160780
64 14 130 4228160780
64 15 130 4228160780
64 16 130 4228160780
64 17 130 4228160780
64 18 130 4228160780
64 19 130 4228160780
64 20 130 4228160780
64 21 130 4228160780
64 22 130 4228160780
64 23 130 4228160780
64 24 130 4228160780
64 25 130 4228160780
64 26 130 4228160780
64 27 130 4228160780
64 28 130 4228160780
64 29 130 4228160780
64 30 130 4228160780
64 31 130 4228160780
64 32 130 4228160780
64 33 130 4228160780
64 34 130 4228160780
64 35 130 4228160780
64 36 130 4228160780
64 37 130 4228160780
64 38 130 4228160780
64 39 130 4228160780
64 40 130 4228160780
64 41 130 4228160780
64 42 130 4228160780
64 43 130 4228160780
64 44 130 4228160780
64 45 130 4228160780
64 46 130 4228160780
64 47 130 4228160780
64 48 130 4228160780
64 49 130 4228160780
64 50 130 4228160780
64 51 130 4228160780
64 52 130 4228160780
64 53 136 4228160780
64 54 130 4228160780
64 55 130 4228160780
64 56 130 4228160780
64 57 130 4228160780
64 58 130 4228160780
64 59 130 4228160780
64 60 130 4228160780
64 61 130 4228160780
64 62 130 4228160780
64 63 130 4228160780
64 64 130 4228160780
64 65 130 4228160780
64 66 130 4228160780
64 67 130 4228160780
64 68 130 4228160780
64 69 130 4228160780
64 70 130 4228160780
64 71 130 4228160780
64 72 130 4228160780
64 73 130 4228160780
64 74 130 4228160780
64 75 130 4228160780
64 76 130 4228160780
64 77 130 4228160780
64 78 130 4228160780
64 79 130 4228160780
64 80 130 4228160780
64 81 130 4228160780
64 82 130 4228160780
64 83 130 4228160780
64 84 130 4228160780
64 85 130 4228160780
64 86 130 4228160780
64 87 130 4228160780
64 88 130 4228160780
64 89 130 4228160780
64 90 130 4228160780
64 91 130 4228160780
64 92 130 4228160780
64 93 130 4228160780
64 94 130 4228160780
64 95 130 4228160780
64 96 130 4228160780
64 97 130 4228160780
64 98 130 4228160780
64 99 130 4228160780
64 100 130 4228160780
64 101 130 4228160780
64 102 130 4228160780
64 103 130 4228160780
64 104 130 4228160780
64 105 130 4228160780
64 106 130 4228160780
64 107 130 4228160780
64 108 130 4228160780
64 109 130 4228160780
64 110 130 4228160780
64 111 130 4228160780
64 112 130 4228160780
64 113 130 4228160780
64 114 130 4228160780
64 115 130 4228160780
64 116 130 4228160780
64 117 130 4228160780
64 118 130 4228160780
64 119 130 4228160780
64 120 130 4228160780
64 121 130 4228160780
64 122 130 4228160780
64 123 130 4228160780
64 124 130 4228160780
64 125 130 4228160780
64 126 130 4228160780
64 127 130 4228160780
64 128 130 4228160780
64 129 130 4228160780
64 130 130 4228160780
64 131 130 4228160780
64 132 130 4228160780
64 133 130 4228160780
64 134 130 4228160780
64 135 130 4228160780
64 136 130 4228160780
64 137 130 4228160780
64 138 130 4228160780
64 139 130 4228160780
64 140 130 4228160780
64 141 130 4228160780
64 142 130 4228160780
64 143 130 4228160780
64 144 130 4228160780
64 145 130 4228160780
64 146 130 4228160780
64 147 130 4228160780
64 148 130 4228160780
64 149 130 4228160780
64 150 130 4228160780
64 151 130 4228160780
64 152 130 4228160780
64 153 130 4228160780
64 154 130 4228160780
64 155 130 4228160780
64 156 130 4228160780
64 157 130 4228160780
64 158 130 4228160780
64 159 130 4228160780
64 160 130 4228160780
64 161 130 4228160780
64 162 130 4228160780
64 163 130 4228160780
64 164 130 4228160780
64 165 130 4228160780
64 166 130 4228160780
64 167 130 4228160780
64 168 130 4228160780
64 169 130 4228160780
64 170 130 4228160780
64 171 130 4228160780
64 172 130 4228160780
64 173 130 4228160780
64 174 130 4228160780
64 175 130 4228160780
64 176 130 4228160780
64 177 130 4228160780
64 178 130 4228160780
64 179 130 4228160780
64 180 130 4228160780
64 181 130 4228160780
64 182 130 4228160780
64 183 130 4228160780
64 184 130 4228160780
64 185 130 4228160780
64 186 130 4228160780
64 187 130 4228160780
64 188 130 4228160780
64 189 130 4228160780
64 190 130 4228160780
64 191 130 4228160780
64 192 130 4228160780
64 193 130 4228160780
64 194 130 4228160780
64 195 130 4228160780
64 196 130 4228160780
64 197 130 4228160780
64 198 130 4228160780
64 199 130 4228160780
64 200 130 4228160780
64 201 130 4228160780
64 202 130 4228160780
64 203 130 4228160780
64 204 130 4228160780
64 205 130 4228160780
64 206 130 4228160780
64 207 130 4228160780
64 208 130 4228160780
64 209 130 4228160780
64 210 130 4228160780
64 211 130 4228160780
64 212 130 4228160780
64 213 130 4228160780
64 214 130 4228160780
64 215 130 4228160780
64 216 130 4228160780
64 217 130 4228160780
64 218 130 4228160780
64 219 130 4228160780
64 220 130 4228160780
64 221 130 4228160780
64 222 130 4228160780
64 223 130 4228160780
64 224 130 4228160780
64 225 130 4228160780
64 226 130 4228160780
64 227 130 4228160780
64 228 130 4228160780
64 229 130 4228160780
64 230 130 4228160780
64 231 130 4228160780
64 232 130 4228160780
64 233 130 4228160780
64 234 130 4228160780
64 235 130 4228160780
64 236 130 4228160780
64 237 130 4228160780
64 238 130 4228160780
64 239 130 4228160780
64 240 130 4228160780
64 241 130 4228160780
64 242 130 4228160780
64 243 130 4228160780
64 244 130 4228160780
64 245 130 4228160780
64 246 130 4228160780
64 247 130 4228160780
64 248 130 4228160780
64 249 130 4228160780
64 250 130 4228160780
64 251 130 4228160780
64 252 130 4228160780
64 253 130 4228160780
64 254 130 4228160780
64 255 130 4228160780
64 256 130 4228160780
64 257 130 4228160780
64 258 130 4228160780
64 259 130 4228160780
64 260 130 4228160780
64 261 130 4228160780
64 262 130 4228160780
64 263 130 4228160780
64 264 130 4228160780
64 265 130 4228160780
64 266 130 4228160780
64 267 130 4228160780
64 268 130 4228160780
64 269 130 4228160780
64 270 130 4228160780
64 271 130 4228160780
64 272 130 4228160780
64 273 130 4228160780
64 274 130 4228160780
64 275 130 4228160780
64 276 130 4228160780
64 277 130 4228160780
64 278 130 4228160780
64 279 130 4228160780
64 280 130 4228160780
64 281 130 4228160780
64 282 130 4228160780
64 283 130 4228160780
64 284 130 4228160780
64 285 130 4228160780
64 286 130 4228160780
64 287 130 4228160780
64 288 130 4228160780
64 289 130 4228160780
64 290 130 4228160780
64 291 130 4228160780
64 292 130 4228160780
64 293 130 4228160780
64 294 130 4228160780
64 295 130 4228160780
64 296 130 4228160780
64 297 130 4228160780
64 298 130 4228160780
64 299 130 4228160780
64 300 130 4228160780
64 301 130 4228160780
64 302 130 4228160780
64 303 130 4228160780
64 304 130 4228160780
64 305 130 4228160780
64 306 130 4228160780
64 307 130 4228160780
64 308 130 4228160780
64 309 130 4228160780
64 310 130 4228160780
64 311 130 4228160780
64 312 130 4228160780
64 313 130 4228160780
64 314 130 4228160780
64 315 130 4228160780
64 316 130 4228160780
64 317 130 4228160780
64 318 130 4228160780
64 319 130 4228160780
64 320 130 4228160780
64 321 130 4228160780
64 322 130 4228160780
64 323 130 4228160780
64 324 130 4228160780
64 325 130 4228160780
64 326 130 4228160780
64 327 130 4228160780
64 328 130 4228160780
64 329 130 4228160780
64 330 130 4228160780
64 331 130 4228160780
64 332 130 4228160780
64 333 130 4228160780
64 334 130 4228160780
64 335 130 4228160780
64 336 130 4228160780
64 337 130 4228160780
64 338 130 4228160780
64 339 130 4228160780
64 340 130 4228160780
64 341 130 4228160780
64 342 130 4228160780
64 343 130 4228160780
64 344 130 4228160780
64 345 130 4228160780
64 346 130 4228160780
64 347 130 4228160780
64 348 130 4228160780
64 349 130 4228160780
64 350 130 4228160780
64 351 130 4228160780
64 352 130 4228160780
64 353 130 4228160780
64 354 130 4228160780
64 355 130 4228160780
64 356 130 4228160780
64 357 130 4228160780
64 358 130 4228160780
64 359 130 4228160780
64 360 130 4228160780
64 361 130 4228160780
64 362 130 4228160780
64 363 130 4228160780
64 364 130 4228160780
64 365 130 4228160780
64 366 130 4228160780
64 367 130 4228160780
64 368 130 4228160780
64 369 130 4228160780
64 370 130 4228160780
64 371 130 4228160780
64 372 130 4228160780
64 373 130 4228160780
64 374 130 4228160780
64 375 130 4228160780
64 376 130 4228160780
64 377 130 4228160780
64 378 130 4228160780
64 379 130 4228160780
64 380 130 4228160780
64 381 130 4228160780
64 382 130 4228160780
64 383 130 4228160780
64 384 130 4228160780
64 385 130 4228160780
64 386 130 4228160780
64 387 130 4228160780
64 388 130 4228160780
64 389 130 4228160780
64 390 130 4228160780
64 391 130 4228160780
64 392 130 4228160780
64 393 130 4228160780
64 394 130 4228160780
64 395 130 4228160780
64 396 130 4228160780
64 397 130 4228160780
64 398 130 4228160780
64 399 130 4228160780
64 400 130 4228160780
64 401 130 4228160780
64 402 130 4228160780
64 403 130 4228160780
64 404 130 4228160780
64 405 130 4228160780
64 406 130 4228160780
64 407 130 4228160780
64 408 130 4228160780
64 409 130 4228160780
64 410 130 4228160780
64 411 130 4228160780
64 412 130 4228160780
64 413 130 4228160780
64 414 130 4228160780
64 415 130 4228160780
64 416 130 4228160780
64 417 130 4228160780
64 418 130 4228160780
64 419 130 4228160780
64 420 130 4228160780
64 421 130 4228160780
64 422 130 4228160780
64 423 130 4228160780
64 424 130 4228160780
64 425 130 4228160780
64 426 130 4228160780
64 427 130 4228160780
64 428 130 4228160780
64 429 130 4228160780
64 430 130 4228160780
64 431 130 4228160780
64 432 130 4228160780
64 433 130 4228160780
64 434 130 4228160780
64 435 130 4228160780
64 436 130 4228160780
64 437 130 4228160780
64 438 130 4228160780
64 439 130 4228160780
64 440 130 4228160780
64 441 130 4228160780
64 442 130 4228160780
64 443 130 4228160780
64 444 130 4228160780
64 445 130 4228160780
64 446 130 4228160780
64 447 130 4228160780
64 448 130 4228160780
64 449 130 4228160780
64 450 130 4228160780
64 451 130 4228160780
64 452 130 4228160780
64 453 130 4228160780
64 454 130 4228160780
64 455 130 4228160780
64 456 130 4228160780
64 457 130 4228160780
64 458 130 4228160780
64 459 130 4228160780
64 460 130 4228160780
64 461 130 4228160780
64 462 130 4228160780
64 463 130 4228160780
64 464 130 4228160780
64 465 130 4228160780
64 466 130 4228160780
64 467 130 4228160780
64 468 130 4228160780
64 469 130 4228160780
64 470 130 4228160780
64 471 130 4228160780
64 472 130 4228160780
64 473 130 4228160780
64 474 130 4228160780
64 475 130 4228160780
64 476 130 4228160780
64 477 130 4228160780
64 478 130 4228160780
64 479 130 4228160780
64 480 130 4228160780
64 481 130 4228160780
64 482 130 4228160780
64 483 130 4228160780
64 484 130 4228160780
64 485 130 4228160780
64 486 130 4228160780
64 487 130 4228160780
64 488 130 4228160780
64 489 130 4228160780
64 490 130 4228160780
64 491 130 4228160780
64 492 130 4228160780
64 493 130 4228160780
64 494 130 4228160780
64 495 130 4228160780
64 496 130 4228160780
64 497 130 4228160780
64 498 130 4228160780
64 499 130 4228160780
64 500 130 4228160780
64 501 130 4228160780
64 502 130 4228160780
64 503 130 4228160780
64 504 130 4228160780
64 505 130 4228160780
64 506 130 4228160780
64 507 130 4228160780
64 508 130 4228160780
64 509 130 4228160780
64 510 130 4228160780
64 511 130 4228160780
64 512 130 4228160780
64 513 130 4228160780
64 514 130 4228160780
64 515 130 4228160780
64 516 130 4228160780
64 517 130 4228160780
64 518 130 4228160780
64 519 130 4228160780
64 520 130 4228160780
64 521 130 4228160780
64 522 130 4228160780
64 523 130 4228160780
64 524 130 4228160780
64 525 130 4228160780
64 526 130 4228160780
64 527 130 4228160780
64 528 130 4228160780
64 529 130 4228160780
64 530 130 4228160780
64 531 130 4228160780
64 532 130 4228160780
64 533 130 4228160780
64 534 130 4228160780
64 535 130 4228160780
64 536 130 4228160780
64 537 130 4228160780
64 538 130 4228160780
64 539 130 4228160780
64 540 130 4228160780
64 541 130 4228160780
64 542 130 4228160780
64 543 130 4228160780
64 544 130 4228160780
64 545 130 4228160780
64 546 130 4228160780
64 547 130 4228160780
64 548 130 4228160780
64 549 130 4228160780
64 550 130 4228160780
64 551 130 4228160780
64 552 130 4228160780
64 553 130 4228160780
64 554 130 4228160780
64 555 130 4228160780
64 556 130 4228160780
64 557 130 4228160780
64 558 130 4228160780
64 559 130 4228160780
64 560 130 4228160780
64 561 130 4228160780
64 562 130 4228160780
64 563 130 4228160780
64 564 130 4228160780
64 565 130 4228160780
64 566 130 4228160780
64 567 130 4228160780
64 568 130 4228160780
64 569 130 4228160780
64 570 130 4228160780
64 571 130 4228160780
64 572 130 4228160780
64 573 130 4228160780
64 574 130 4228160780
64 575 130 4228160780
64 576 130 4228160780
64 577 130 4228160780
64 578 130 4228160780
64 579 130 4228160780
64 580 130 4228160780
64 581 130 4228160780
64 582 130 4228160780
64 583 130 4228160780
64 584 130 4228160780
64 585 130 4228160780
64 586 130 4228160780
64 587 130 4228160780
64 588 130 4228160780
64 589 130 4228160780
64 590 130 4228160780
64 591 130 4228160780
64 592 130 4228160780
64 593 130 4228160780
64 594 130 4228160780
64 595 130 4228160780
64 596 130 4228160780
64 597 130 4228160780
64 598 130 4228160780
64 599 130 4228160780
64 600 130 4228160780
64 601 130 4228160780
64 602 130 4228160780
64 603 130 4228160780
64 604 130 4228160780
64 605 130 4228160780
64 606 130 4228160780
64 607 130 4228160780
64 608 130 4228160780
64 609 130 4228160780
64 610 130 4228160780
64 611 130 4228160780
64 612 130 4228160780
64 613 130 4228160780
64 614 130 4228160780
64 615 130 4228160780
64 616 130 4228160780
64 617 130 4228160780
64 618 130 4228160780
64 619 130 4228160780
64 620 130 4228160780
64 621 130 4228160780
64 622 130 4228160780
64 623 130 4228160780
64 624 130 4228160780
64 625 130 4228160780
64 626 130 4228160780
64 627 130 4228160780
64 628 130 4228160780
64 629 130 4228160780
64 630 130 4228160780
64 631 130 4228160780
64 632 130 4228160780
64 633 130 4228160780
64 634 130 4228160780
64 635 130 4228160780
64 636 130 4228160780
64 637 130 4228160780
64 638 130 4228160780
64 639 130 4228160780
64 640 130 4228160780
64 641 130 4228160780
64 642 130 4228160780
64 643 130 4228160780
64 644 130 4228160780
64 645 130 4228160780
64 646 130 4228160780
64 647 130 4228160780
64 648 130 4228160780
64 649 130 4228160780
64 650 130 4228160780
64 651 130 4228160780
64 652 130 4228160780
64 653 130 4228160780
64 654 130 4228160780
64 655 130 4228160780
64 656 130 4228160780
64 657 130 4228160780
64 658 130 4228160780
64 659 130 4228160780
64 660 130 4228160780
64 661 130 4228160780
64 662 130 4228160780
64 663 130 4228160780
64 664 130 4228160780
64 665 130 4228160780
64 666 130 4228160780
64 667 130 4228160780
64 668 130 4228160780
64 669 130 4228160780
64 670 130 4228160780
64 671 130 4228160780
64 672 130 4228160780
64 673 130 4228160780
64 674 130 4228160780
64 675 130 4228160780
64 676 130 4228160780
64 677 130 4228160780
64 678 130 4228160780
64 679 130 4228160780
64 680 130 4228160780
64 681 130 4228160780
64 682 130 4228160780
64 683 130 4228160780
64 684 130 4228160780
64 685 130 4228160780
64 686 130 4228160780
64 687 130 4228160780
64 688 130 4228160780
64 689 130 4228160780
64 690 130 4228160780
64 691 130 4228160780
64 692 130 4228160780
64 693 130 4228160780
64 694 130 4228160780
64 695 130 4228160780
64 696 130 4228160780
64 697 130 4228160780
64 698 130 4228160780
64 699 130 4228160780
64 700 130 4228160780
64 701 130 4228160780
64 702 130 4228160780
64 703 130 4228160780
64 704 130 4228160780
64 705 130 4228160780
64 706 130 4228160780
64 707 130 4228160780
64 708 130 4228160780
64 709 130 4228160780
64 710 130 4228160780
64 711 130 4228160780
64 712 130 4228160780
64 713 130 4228160780
64 714 130 4228160780
64 715 130 4228160780
64 716 130 4228160780
64 717 130 4228160780
64 718 130 4228160780
64 719 130 4228160780
64 720 130 4228160780
64 721 130 4228160780
64 722 130 4228160780
64 723 130 4228160780
64 724 130 4228160780
64 725 130 4228160780
64 726 130 4228160780
64 727 130 4228160780
64 728 130 4228160780
64 729 130 4228160780
64 730 130 4228160780
64 731 130 4228160780
64 732 130 4228160780
64 733 130 4228160780
64 734 130 4228160780
64 735 130 4228160780
64 736 130 4228160780
64 737 130 4228160780
64 738 130 4228160780
64 739 130 4228160780
64 740 130 4228160780
64 741 130 4228160780
64 742 130 4228160780
64 743 130 4228160780
64 744 130 4228160780
64 745 130 4228160780
64 746 130 4228160780
64 747 130 4228160780
64 748 130 4228160780
64 749 130 4228160780
64 750 130 4228160780
64 751 130 4228160780
64 752 130 4228160780
64 753 130 4228160780
64 754 130 4228160780
64 755 130 4228160780
64 756 130 4228160780
64 757 130 4228160780
64 758 130 4228160780
64 759 130 4228160780
64 760 130 4228160780
64 761 130 4228160780
64 762 130 4228160780
64 763 130 4228160780
64 764 130 4228160780
64 765 130 4228160780
64 766 130 4228160780
64 767 130 4228160780
64 768 130 4228160780
64 769 130 4228160780
64 770 130 4228160780
64 771 130 4228160780
64 772 130 4228160780
64 773 130 4228160780
64 774 130 4228160780
64 775 130 4228160780
64 776 130 4228160780
64 777 130 4228160780
64 778 130 4228160780
64 779 130 4228160780
64 780 130 4228160780
64 781 130 4228160780
64 782 130 4228160780
64 783 130 4228160780
64 784 130 4228160780
64 785 130 4228160780
64 786 130 4228160780
64 787 130 4228160780
64 788 130 4228160780
64 789 130 4228160780
64 790 130 4228160780
64 791 130 4228160780
64 792 130 4228160780
64 793 130 4228160780
64 794 130 4228160780
64 795 130 4228160780
64 796 130 4228160780
64 797 130 4228160780
64 798 130 4228160780
64 799 130 4228160780
64 800 130 4228160780
64 801 130 4228160780
64 802 130 4228160780
64 803 130 4228160780
64 804 130 4228160780
64 805 130 4228160780
64 806 130 4228160780
64 807 130 4228160780
64 808 130 4228160780
64 809 130 4228160780
64 810 130 4228160780
64 811 130 4228160780
64 812 130 4228160780
64 813 130 4228160780
64 814 130 4228160780
64 815 130 4228160780
64 816 130 4228160780
64 817 130 4228160780
64 818 130 4228160780
64 819 130 4228160780
64 820 130 4228160780
64 821 130 4228160780
64 822 130 4228160780
64 823 130 4228160780
64 824 130 4228160780
64 825 130 4228160780
64 826 130 4228160780
64 827 130 4228160780
64 828 130 4228160780
64 829 130 4228160780
64 830 130 4228160780
64 831 130 4228160780
64 832 130 4228160780
64 833 130 4228160780
64 834 130 4228160780
64 835 130 4228160780
64 836 130 4228160780
64 837 130 4228160780
64 838 130 4228160780
64 839 130 4228160780
64 840 130 4228160780
64 841 130 4228160780
64 842 130 4228160780
64 843 130 4228160780
64 844 130 4228160780
64 845 130 4228160780
64 846 130 4228160780
64 847 130 4228160780
64 848 130 4228160780
64 849 130 4228160780
64 850 130 4228160780
64 851 130 4228160780
64 852 130 4228160780
64 853 130 4228160780
64 854 130 4228160780
64 855 130 4228160780
64 856 130 4228160780
64 857 130 4228160780
64 858 130 4228160780
64 859 130 4228160780
64 860 130 4228160780
64 861 130 4228160780
64 862 130 4228160780
64 863 130 4228160780
64 864 130 4228160780
64 865 130 4228160780
64 866 130 4228160780
64 867 130 4228160780
64 868 130 4228160780
64 869 130 4228160780
64 870 130 4228160780
64 871 130 4228160780
64 872 130 4228160780
64 873 130 4228160780
64 874 130 4228160780
64 875 130 4228160780
64 876 130 4228160780
64 877 130 4228160780
64 878 130 4228160780
64 879 130 4228160780
64 880 130 4228160780
64 881 130 4228160780
64 882 130 4228160780
64 883 130 4228160780
64 884 130 4228160780
64 885 130 4228160780
64 886 130 4228160780
64 887 130 4228160780
64 888 130 4228160780
64 889 130 4228160780
64 890 130 4228160780
64 891 130 4228160780
64 892 130 4228160780
64 893 130 4228160780
64 894 130 4228160780
64 895 130 4228160780
64 896 130 4228160780
64 897 130 4228160780
64 898 130 4228160780
64 899 130 4228160780
64 900 130 4228160780
64 901 130 4228160780
64 902 130 4228160780
64 903 130 4228160780
64 904 130 4228160780
64 905 130 4228160780
64 906 130 4228160780
64 907 130 4228160780
64 908 130 4228160780
64 909 130 4228160780
64 910 130 4228160780
64 911 130 4228160780
64 912 130 4228160780
64 913 130 4228160780
64 914 130 4228160780
64 915 130 4228160780
64 916 130 4228160780
64 917 130 4228160780
64 918 130 4228160780
64 919 130 4228160780
64 920 130 4228160780
64 921 130 4228160780
64 922 130 4228160780
64 923 130 4228160780
64 924 130 4228160780
64 925 130 4228160780
64 926 130 4228160780
64 927 130 4228160780
64 928 130 4228160780
64 929 130 4228160780
64 930 130 4228160780
64 931 130 4228160780
64 932 130 4228160780
64 933 130 4228160780
64 934 130 4228160780
64 935 130 4228160780
64 936 130 4228160780
64 937 130 4228160780
64 938 130 4228160780
64 939 130 4228160780
64 940 130 4228160780
64 941 130 4228160780
64 942 130 4228160780
64 943 130 4228160780
64 944 130 4228160780
64 945 130 4228160780
64 946 130 4228160780
64 947 130 4228160780
64 948 130 4228160780
64 949 130 4228160780
64 950 130 4228160780
64 951 130 4228160780
64 952 130 4228160780
64 953 130 4228160780
64 954 130 4228160780
64 955 130 4228160780
64 956 130 4228160780
64 957 130 4228160780
64 958 130 4228160780
64 959 130 4228160780
64 960 130 4228160780
64 961 130 4228160780
64 962 130 4228160780
64 963 130 4228160780
64 964 130 4228160780
64 965 130 4228160780
64 966 130 4228160780
64 967 130 4228160780
64 968 130 4228160780
64 969 130 4228160780
64 970 130 4228160780
64 971 130 4228160780
64 972 130 4228160780
64 973 130 4228160780
64 974 130 4228160780
64 975 130 4228160780
64 976 130 4228160780
64 977 130 4228160780
64 978 130 4228160780
64 979 130 4228160780
64 980 130 4228160780
64 981 130 4228160780
64 982 130 4228160780
64 983 130 4228160780
64 984 130 4228160780
64 985 130 4228160780
64 986 130 4228160780
64 987 130 4228160780
64 988 130 4228160780
64 989 130 4228160780
64 990 130 4228160780
64 991 130 4228160780
64 992 130 4228160780
64 993 130 4228160780
64 994 130 4228160780
64 995 130 4228160780
64 996 130 4228160780
64 997 130 4228160780
64 998 130 4228160780
64 999 130 4228160780
