256 0 410376 15860533
256 1 410729 15860533
256 2 409594 15860533
256 3 409214 15860533
256 4 410224 15860533
256 5 409347 15860533
256 6 409592 15860533
256 7 410066 15860533
256 8 410005 15860533
256 9 409985 15860533
256 10 410123 15860533
256 11 410199 15860533
256 12 409896 15860533
256 13 409543 15860533
256 14 410602 15860533
256 15 410263 15860533
256 16 409816 15860533
256 17 410027 15860533
256 18 410061 15860533
256 19 410250 15860533
256 20 409561 15860533
256 21 409531 15860533
256 22 409957 15860533
256 23 409829 15860533
256 24 409878 15860533
256 25 409332 15860533
256 26 409761 15860533
256 27 409560 15860533
256 28 409936 15860533
256 29 409863 15860533
256 30 409483 15860533
256 31 409642 15860533
256 32 408902 15860533
256 33 409950 15860533
256 34 410488 15860533
256 35 409493 15860533
256 36 409347 15860533
256 37 410014 15860533
256 38 409271 15860533
256 39 409432 15860533
256 40 409956 15860533
256 41 409658 15860533
256 42 410202 15860533
256 43 409349 15860533
256 44 409963 15860533
256 45 410134 15860533
256 46 409524 15860533
256 47 409579 15860533
256 48 409299 15860533
256 49 410648 15860533
256 50 410016 15860533
256 51 409519 15860533
256 52 409872 15860533
256 53 410136 15860533
256 54 410420 15860533
256 55 409893 15860533
256 56 410411 15860533
256 57 410116 15860533
256 58 410107 15860533
256 59 409904 15860533
256 60 410552 15860533
256 61 410198 15860533
256 62 409796 15860533
256 63 409681 15860533
256 64 409536 15860533
256 65 409497 15860533
256 66 409772 15860533
256 67 409887 15860533
256 68 410412 15860533
256 69 410038 15860533
256 70 409441 15860533
256 71 409957 15860533
256 72 409942 15860533
256 73 410018 15860533
256 74 409545 15860533
256 75 410741 15860533
256 76 409379 15860533
256 77 409948 15860533
256 78 410270 15860533
256 79 409608 15860533
256 80 409755 15860533
256 81 409284 15860533
256 82 409131 15860533
256 83 410407 15860533
256 84 409773 15860533
256 85 410696 15860533
256 86 409664 15860533
256 87 409424 15860533
256 88 410005 15860533
256 89 409495 15860533
256 90 410183 15860533
256 91 409790 15860533
256 92 409776 15860533
256 93 410331 15860533
256 94 409793 15860533
256 95 410350 15860533
256 96 409466 15860533
256 97 410278 15860533
256 98 410411 15860533
256 99 410339 15860533
256 100 409459 15860533
256 101 409506 15860533
256 102 409827 15860533
256 103 409760 15860533
256 104 409695 15860533
256 105 409653 15860533
256 106 409929 15860533
256 107 409689 15860533
256 108 409947 15860533
256 109 409804 15860533
256 110 409657 15860533
256 111 409431 15860533
256 112 410218 15860533
256 113 409786 15860533
256 114 409710 15860533
256 115 410267 15860533
256 116 410290 15860533
256 117 409656 15860533
256 118 410824 15860533
256 119 410179 15860533
256 120 409204 15860533
256 121 410352 15860533
256 122 410017 15860533
256 123 410393 15860533
256 124 410401 15860533
256 125 410113 15860533
256 126 409375 15860533
256 127 409876 15860533
256 128 409960 15860533
256 129 410233 15860533
256 130 409572 15860533
256 131 410240 15860533
256 132 409995 15860533
256 133 409279 15860533
256 134 409794 15860533
256 135 409992 15860533
256 136 409939 15860533
256 137 410233 15860533
256 138 410074 15860533
256 139 409689 15860533
256 140 409977 15860533
256 141 410157 15860533
256 142 409859 15860533
256 143 409801 15860533
256 144 410085 15860533
256 145 409813 15860533
256 146 410182 15860533
256 147 410471 15860533
256 148 410069 15860533
256 149 409788 15860533
256 150 409869 15860533
256 151 410182 15860533
256 152 410144 15860533
256 153 409709 15860533
256 154 409414 15860533
256 155 410090 15860533
256 156 410020 15860533
256 157 409690 15860533
256 158 409735 15860533
256 159 408803 15860533
256 160 409272 15860533
256 161 409529 15860533
256 162 409834 15860533
256 163 409070 15860533
256 164 409596 15860533
256 165 408821 15860533
256 166 409781 15860533
256 167 409452 15860533
256 168 409863 15860533
256 169 409890 15860533
256 170 409162 15860533
256 171 409867 15860533
256 172 410035 15860533
256 173 410206 15860533
256 174 410381 15860533
256 175 409828 15860533
256 176 409376 15860533
256 177 409711 15860533
256 178 409062 15860533
256 179 409687 15860533
256 180 410073 15860533
256 181 409758 15860533
256 182 410377 15860533
256 183 410192 15860533
256 184 409643 15860533
256 185 410169 15860533
256 186 410183 15860533
256 187 409737 15860533
256 188 409561 15860533
256 189 409855 15860533
256 190 410252 15860533
256 191 409847 15860533
256 192 410257 15860533
256 193 410465 15860533
256 194 409859 15860533
256 195 410336 15860533
256 196 409220 15860533
256 197 409445 15860533
256 198 410178 15860533
256 199 409516 15860533
256 200 409301 15860533
256 201 408791 15860533
256 202 410383 15860533
256 203 409457 15860533
256 204 409446 15860533
256 205 410389 15860533
256 206 409766 15860533
256 207 409979 15860533
256 208 410066 15860533
256 209 409518 15860533
256 210 409228 15860533
256 211 410495 15860533
256 212 410097 15860533
256 213 409685 15860533
256 214 410417 15860533
256 215 409414 15860533
256 216 410542 15860533
256 217 409662 15860533
256 218 409183 15860533
256 219 409639 15860533
256 220 409710 15860533
256 221 409597 15860533
256 222 409858 15860533
256 223 410168 15860533
256 224 409899 15860533
256 225 410076 15860533
256 226 409571 15860533
256 227 410649 15860533
256 228 409874 15860533
256 229 410269 15860533
256 230 409252 15860533
256 231 409817 15860533
256 232 410390 15860533
256 233 409706 15860533
256 234 409695 15860533
256 235 410203 15860533
256 236 410149 15860533
256 237 409961 15860533
256 238 410009 15860533
256 239 409951 15860533
256 240 409743 15860533
256 241 409893 15860533
256 242 409543 15860533
256 243 409996 15860533
256 244 409901 15860533
256 245 409928 15860533
256 246 409947 15860533
256 247 409646 15860533
256 248 410247 15860533
256 249 409923 15860533
256 250 409900 15860533
256 251 409997 15860533
256 252 409456 15860533
256 253 410149 15860533
256 254 409994 15860533
256 255 409608 15860533
256 256 409631 15860533
256 257 410043 15860533
256 258 410281 15860533
256 259 409921 15860533
256 260 409523 15860533
256 261 409934 15860533
256 262 410166 15860533
256 263 409819 15860533
256 264 409930 15860533
256 265 410451 15860533
256 266 410575 15860533
256 267 409209 15860533
256 268 410277 15860533
256 269 410392 15860533
256 270 409048 15860533
256 271 409418 15860533
256 272 409713 15860533
256 273 409773 15860533
256 274 410391 15860533
256 275 410178 15860533
256 276 410204 15860533
256 277 410068 15860533
256 278 409658 15860533
256 279 409774 15860533
256 280 409549 15860533
256 281 409989 15860533
256 282 410514 15860533
256 283 410064 15860533
256 284 409778 15860533
256 285 409453 15860533
256 286 410067 15860533
256 287 409870 15860533
256 288 409468 15860533
256 289 409929 15860533
256 290 410380 15860533
256 291 410343 15860533
256 292 409511 15860533
256 293 410542 15860533
256 294 410452 15860533
256 295 409461 15860533
256 296 410434 15860533
256 297 409813 15860533
256 298 410167 15860533
256 299 409507 15860533
256 300 409678 15860533
256 301 409694 15860533
256 302 409132 15860533
256 303 409648 15860533
256 304 409388 15860533
256 305 409909 15860533
256 306 409349 15860533
256 307 409702 15860533
256 308 409416 15860533
256 309 409865 15860533
256 310 409357 15860533
256 311 410479 15860533
256 312 410358 15860533
256 313 409364 15860533
256 314 409889 15860533
256 315 409149 15860533
256 316 410320 15860533
256 317 410074 15860533
256 318 409838 15860533
256 319 410472 15860533
256 320 409469 15860533
256 321 410557 15860533
256 322 409056 15860533
256 323 410724 15860533
256 324 409564 15860533
256 325 410082 15860533
256 326 410492 15860533
256 327 409966 15860533
256 328 410419 15860533
256 329 409764 15860533
256 330 409668 15860533
256 331 409474 15860533
256 332 410429 15860533
256 333 409034 15860533
256 334 409394 15860533
256 335 409931 15860533
256 336 410188 15860533
256 337 409823 15860533
256 338 410162 15860533
256 339 410224 15860533
256 340 409966 15860533
256 341 409788 15860533
256 342 409273 15860533
256 343 409306 15860533
256 344 410109 15860533
256 345 409791 15860533
256 346 409971 15860533
256 347 410104 15860533
256 348 410152 15860533
256 349 410801 15860533
256 350 410257 15860533
256 351 410186 15860533
256 352 409989 15860533
256 353 409526 15860533
256 354 410014 15860533
256 355 409797 15860533
256 356 410490 15860533
256 357 409458 15860533
256 358 408993 15860533
256 359 410042 15860533
256 360 409720 15860533
256 361 410356 15860533
256 362 410156 15860533
256 363 409580 15860533
256 364 410144 15860533
256 365 409751 15860533
256 366 409226 15860533
256 367 409340 15860533
256 368 409738 15860533
256 369 409333 15860533
256 370 409287 15860533
256 371 409905 15860533
256 372 410109 15860533
256 373 410077 15860533
256 374 409670 15860533
256 375 410123 15860533
256 376 409919 15860533
256 377 409824 15860533
256 378 410150 15860533
256 379 410113 15860533
256 380 409551 15860533
256 381 409664 15860533
256 382 409509 15860533
256 383 410591 15860533
256 384 409647 15860533
256 385 410141 15860533
256 386 410674 15860533
256 387 409515 15860533
256 388 410498 15860533
256 389 409349 15860533
256 390 410475 15860533
256 391 410299 15860533
256 392 409648 15860533
256 393 410690 15860533
256 394 410665 15860533
256 395 409641 15860533
256 396 409793 15860533
256 397 409286 15860533
256 398 409337 15860533
256 399 410287 15860533
256 400 409927 15860533
256 401 410703 15860533
256 402 409905 15860533
256 403 410078 15860533
256 404 410004 15860533
256 405 409400 15860533
256 406 409666 15860533
256 407 410431 15860533
256 408 409825 15860533
256 409 410225 15860533
256 410 410397 15860533
256 411 409944 15860533
256 412 410011 15860533
256 413 409732 15860533
256 414 410241 15860533
256 415 409474 15860533
256 416 409825 15860533
256 417 410426 15860533
256 418 409721 15860533
256 419 409443 15860533
256 420 409650 15860533
256 421 410884 15860533
256 422 410193 15860533
256 423 410184 15860533
256 424 410223 15860533
256 425 410149 15860533
256 426 409580 15860533
256 427 410215 15860533
256 428 409958 15860533
256 429 409951 15860533
256 430 410588 15860533
256 431 409448 15860533
256 432 410019 15860533
256 433 409789 15860533
256 434 409397 15860533
256 435 409292 15860533
256 436 410309 15860533
256 437 409554 15860533
256 438 410401 15860533
256 439 409725 15860533
256 440 410026 15860533
256 441 410320 15860533
256 442 409835 15860533
256 443 408973 15860533
256 444 409604 15860533
256 445 410079 15860533
256 446 408904 15860533
256 447 409813 15860533
256 448 409703 15860533
256 449 410032 15860533
256 450 409887 15860533
256 451 409925 15860533
256 452 409504 15860533
256 453 409255 15860533
256 454 410534 15860533
256 455 410246 15860533
256 456 409987 15860533
256 457 409765 15860533
256 458 409645 15860533
256 459 409826 15860533
256 460 410181 15860533
256 461 409736 15860533
256 462 410002 15860533
256 463 410029 15860533
256 464 410068 15860533
256 465 410590 15860533
256 466 409669 15860533
256 467 409422 15860533
256 468 409752 15860533
256 469 409816 15860533
256 470 409627 15860533
256 471 409796 15860533
256 472 410526 15860533
256 473 410326 15860533
256 474 409437 15860533
256 475 409639 15860533
256 476 410892 15860533
256 477 410398 15860533
256 478 409943 15860533
256 479 410402 15860533
256 480 409712 15860533
256 481 410346 15860533
256 482 410675 15860533
256 483 410342 15860533
256 484 409691 15860533
256 485 410305 15860533
256 486 409814 15860533
256 487 410558 15860533
256 488 409717 15860533
256 489 409801 15860533
256 490 409503 15860533
256 491 409740 15860533
256 492 410256 15860533
256 493 409277 15860533
256 494 409762 15860533
256 495 409092 15860533
256 496 409644 15860533
256 497 409463 15860533
256 498 409852 15860533
256 499 409640 15860533
256 500 410327 15860533
256 501 409718 15860533
256 502 410219 15860533
256 503 409649 15860533
256 504 409533 15860533
256 505 409919 15860533
256 506 409790 15860533
256 507 409487 15860533
256 508 410359 15860533
256 509 409836 15860533
256 510 410211 15860533
256 511 409909 15860533
256 512 410804 15860533
256 513 409876 15860533
256 514 410420 15860533
256 515 409875 15860533
256 516 410433 15860533
256 517 408894 15860533
256 518 410337 15860533
256 519 409584 15860533
256 520 409808 15860533
256 521 410885 15860533
256 522 409891 15860533
256 523 409416 15860533
256 524 410363 15860533
256 525 409494 15860533
256 526 409923 15860533
256 527 409881 15860533
256 528 410734 15860533
256 529 410062 15860533
256 530 410498 15860533
256 531 410661 15860533
256 532 410161 15860533
256 533 409653 15860533
256 534 410023 15860533
256 535 409661 15860533
256 536 409111 15860533
256 537 410156 15860533
256 538 409731 15860533
256 539 409318 15860533
256 540 409396 15860533
256 541 410340 15860533
256 542 410098 15860533
256 543 410299 15860533
256 544 410056 15860533
256 545 409684 15860533
256 546 409050 15860533
256 547 409595 15860533
256 548 409652 15860533
256 549 409694 15860533
256 550 409899 15860533
256 551 409114 15860533
256 552 409416 15860533
256 553 410083 15860533
256 554 409940 15860533
256 555 409760 15860533
256 556 409844 15860533
256 557 409787 15860533
256 558 409544 15860533
256 559 410357 15860533
256 560 410474 15860533
256 561 409565 15860533
256 562 410918 15860533
256 563 409499 15860533
256 564 410106 15860533
256 565 410163 15860533
256 566 410029 15860533
256 567 410406 15860533
256 568 409844 15860533
256 569 410078 15860533
256 570 410382 15860533
256 571 410066 15860533
256 572 410584 15860533
256 573 409233 15860533
256 574 410215 15860533
256 575 410778 15860533
256 576 409912 15860533
256 577 409760 15860533
256 578 409680 15860533
256 579 409480 15860533
256 580 409801 15860533
256 581 410594 15860533
256 582 410112 15860533
256 583 410316 15860533
256 584 410027 15860533
256 585 410006 15860533
256 586 410353 15860533
256 587 409508 15860533
256 588 409588 15860533
256 589 409181 15860533
256 590 410184 15860533
256 591 410450 15860533
256 592 410069 15860533
256 593 409765 15860533
256 594 409977 15860533
256 595 409798 15860533
256 596 409624 15860533
256 597 410457 15860533
256 598 409998 15860533
256 599 409588 15860533
256 600 409226 15860533
256 601 409880 15860533
256 602 410400 15860533
256 603 410438 15860533
256 604 409740 15860533
256 605 409567 15860533
256 606 410009 15860533
256 607 409284 15860533
256 608 409519 15860533
256 609 409910 15860533
256 610 410007 15860533
256 611 409839 15860533
256 612 409603 15860533
256 613 409687 15860533
256 614 409787 15860533
256 615 409795 15860533
256 616 410127 15860533
256 617 409587 15860533
256 618 409622 15860533
256 619 409687 15860533
256 620 409853 15860533
256 621 409465 15860533
256 622 409901 15860533
256 623 410507 15860533
256 624 410309 15860533
256 625 409871 15860533
256 626 410197 15860533
256 627 409302 15860533
256 628 410401 15860533
256 629 410140 15860533
256 630 409353 15860533
256 631 410187 15860533
256 632 410125 15860533
256 633 409711 15860533
256 634 410552 15860533
256 635 410345 15860533
256 636 410045 15860533
256 637 410646 15860533
256 638 410315 15860533
256 639 409934 15860533
256 640 409986 15860533
256 641 409575 15860533
256 642 410421 15860533
256 643 410159 15860533
256 644 410680 15860533
256 645 410373 15860533
256 646 409867 15860533
256 647 410888 15860533
256 648 410170 15860533
256 649 410405 15860533
256 650 409382 15860533
256 651 409715 15860533
256 652 409727 15860533
256 653 410058 15860533
256 654 409898 15860533
256 655 409798 15860533
256 656 409081 15860533
256 657 409301 15860533
256 658 411082 15860533
256 659 409641 15860533
256 660 409678 15860533
256 661 410225 15860533
256 662 409611 15860533
256 663 409945 15860533
256 664 409508 15860533
256 665 409474 15860533
256 666 409645 15860533
256 667 409824 15860533
256 668 409891 15860533
256 669 410156 15860533
256 670 410396 15860533
256 671 409355 15860533
256 672 410028 15860533
256 673 410369 15860533
256 674 409710 15860533
256 675 410067 15860533
256 676 409858 15860533
256 677 409736 15860533
256 678 409920 15860533
256 679 409487 15860533
256 680 409822 15860533
256 681 409947 15860533
256 682 410131 15860533
256 683 410025 15860533
256 684 409121 15860533
256 685 409860 15860533
256 686 410083 15860533
256 687 409868 15860533
256 688 409825 15860533
256 689 409708 15860533
256 690 410838 15860533
256 691 410097 15860533
256 692 410104 15860533
256 693 409833 15860533
256 694 410252 15860533
256 695 409077 15860533
256 696 410295 15860533
256 697 409861 15860533
256 698 409912 15860533
256 699 410264 15860533
256 700 409773 15860533
256 701 409487 15860533
256 702 409837 15860533
256 703 410266 15860533
256 704 409848 15860533
256 705 410288 15860533
256 706 410044 15860533
256 707 410085 15860533
256 708 409853 15860533
256 709 409795 15860533
256 710 410622 15860533
256 711 409629 15860533
256 712 410133 15860533
256 713 409592 15860533
256 714 409700 15860533
256 715 410343 15860533
256 716 409276 15860533
256 717 409579 15860533
256 718 410033 15860533
256 719 409867 15860533
256 720 409835 15860533
256 721 409588 15860533
256 722 409872 15860533
256 723 410714 15860533
256 724 409077 15860533
256 725 410075 15860533
256 726 409870 15860533
256 727 408980 15860533
256 728 410183 15860533
256 729 409834 15860533
256 730 409713 15860533
256 731 410452 15860533
256 732 409814 15860533
256 733 409976 15860533
256 734 410009 15860533
256 735 410289 15860533
256 736 410237 15860533
256 737 410111 15860533
256 738 409710 15860533
256 739 410558 15860533
256 740 410022 15860533
256 741 410394 15860533
256 742 410403 15860533
256 743 409727 15860533
256 744 410028 15860533
256 745 409447 15860533
256 746 409706 15860533
256 747 409899 15860533
256 748 410105 15860533
256 749 410567 15860533
256 750 410405 15860533
256 751 409886 15860533
256 752 410024 15860533
256 753 409551 15860533
256 754 409785 15860533
256 755 409843 15860533
256 756 409788 15860533
256 757 410353 15860533
256 758 410233 15860533
256 759 410262 15860533
256 760 410000 15860533
256 761 410642 15860533
256 762 410540 15860533
256 763 410268 15860533
256 764 410155 15860533
256 765 410417 15860533
256 766 409767 15860533
256 767 409255 15860533
256 768 409646 15860533
256 769 410123 15860533
256 770 409660 15860533
256 771 409295 15860533
256 772 410071 15860533
256 773 409892 15860533
256 774 409389 15860533
256 775 409691 15860533
256 776 409685 15860533
256 777 410639 15860533
256 778 409605 15860533
256 779 409382 15860533
256 780 410477 15860533
256 781 410059 15860533
256 782 410085 15860533
256 783 409824 15860533
256 784 410554 15860533
256 785 409987 15860533
256 786 410327 15860533
256 787 409631 15860533
256 788 410226 15860533
256 789 409752 15860533
256 790 409838 15860533
256 791 410299 15860533
256 792 410334 15860533
256 793 410015 15860533
256 794 409800 15860533
256 795 410274 15860533
256 796 409758 15860533
256 797 409709 15860533
256 798 410078 15860533
256 799 409298 15860533
256 800 410063 15860533
256 801 409287 15860533
256 802 409851 15860533
256 803 409551 15860533
256 804 409849 15860533
256 805 409772 15860533
256 806 410014 15860533
256 807 410063 15860533
256 808 410860 15860533
256 809 409270 15860533
256 810 409385 15860533
256 811 409614 15860533
256 812 409974 15860533
256 813 410345 15860533
256 814 410401 15860533
256 815 410002 15860533
256 816 409176 15860533
256 817 409480 15860533
256 818 409895 15860533
256 819 409378 15860533
256 820 409424 15860533
256 821 409983 15860533
256 822 409505 15860533
256 823 410730 15860533
256 824 410139 15860533
256 825 409898 15860533
256 826 409846 15860533
256 827 409956 15860533
256 828 409821 15860533
256 829 410058 15860533
256 830 409968 15860533
256 831 410035 15860533
256 832 410108 15860533
256 833 409343 15860533
256 834 409407 15860533
256 835 410158 15860533
256 836 409787 15860533
256 837 410149 15860533
256 838 410053 15860533
256 839 409974 15860533
256 840 409714 15860533
256 841 409847 15860533
256 842 408637 15860533
256 843 409719 15860533
256 844 409616 15860533
256 845 410548 15860533
256 846 409637 15860533
256 847 409384 15860533
256 848 409497 15860533
256 849 410030 15860533
256 850 409930 15860533
256 851 409107 15860533
256 852 409984 15860533
256 853 409979 15860533
256 854 409452 15860533
256 855 411245 15860533
256 856 409930 15860533
256 857 410160 15860533
256 858 409835 15860533
256 859 409954 15860533
256 860 410072 15860533
256 861 410464 15860533
256 862 409588 15860533
256 863 410294 15860533
256 864 409823 15860533
256 865 409773 15860533
256 866 409929 15860533
256 867 410162 15860533
256 868 410150 15860533
256 869 410688 15860533
256 870 409768 15860533
256 871 410027 15860533
256 872 410243 15860533
256 873 410041 15860533
256 874 409924 15860533
256 875 410224 15860533
256 876 410095 15860533
256 877 410184 15860533
256 878 409542 15860533
256 879 409388 15860533
256 880 409551 15860533
256 881 409992 15860533
256 882 409771 15860533
256 883 410310 15860533
256 884 409962 15860533
256 885 409556 15860533
256 886 410149 15860533
256 887 409513 15860533
256 888 409935 15860533
256 889 409516 15860533
256 890 409682 15860533
256 891 409951 15860533
256 892 409364 15860533
256 893 410056 15860533
256 894 410612 15860533
256 895 410036 15860533
256 896 410306 15860533
256 897 409879 15860533
256 898 409832 15860533
256 899 410442 15860533
256 900 409523 15860533
256 901 409708 15860533
256 902 410220 15860533
256 903 409975 15860533
256 904 409570 15860533
256 905 410311 15860533
256 906 410485 15860533
256 907 410518 15860533
256 908 409968 15860533
256 909 410452 15860533
256 910 410356 15860533
256 911 409879 15860533
256 912 410056 15860533
256 913 410426 15860533
256 914 409964 15860533
256 915 409367 15860533
256 916 410353 15860533
256 917 409820 15860533
256 918 409805 15860533
256 919 409994 15860533
256 920 409941 15860533
256 921 409525 15860533
256 922 410191 15860533
256 923 409793 15860533
256 924 409103 15860533
256 925 410004 15860533
256 926 409453 15860533
256 927 410190 15860533
256 928 409506 15860533
256 929 409969 15860533
256 930 410356 15860533
256 931 409838 15860533
256 932 409523 15860533
256 933 409650 15860533
256 934 409370 15860533
256 935 410010 15860533
256 936 409926 15860533
256 937 409895 15860533
256 938 409750 15860533
256 939 410718 15860533
256 940 409768 15860533
256 941 410088 15860533
256 942 409298 15860533
256 943 410287 15860533
256 944 410080 15860533
256 945 409780 15860533
256 946 409658 15860533
256 947 409273 15860533
256 948 410166 15860533
256 949 409789 15860533
256 950 409531 15860533
256 951 410027 15860533
256 952 410467 15860533
256 953 409574 15860533
256 954 410371 15860533
256 955 410481 15860533
256 956 410118 15860533
256 957 409908 15860533
256 958 410309 15860533
256 959 409140 15860533
256 960 410120 15860533
256 961 409743 15860533
256 962 410434 15860533
256 963 409308 15860533
256 964 409365 15860533
256 965 410352 15860533
256 966 410121 15860533
256 967 409531 15860533
256 968 409690 15860533
256 969 410178 15860533
256 970 409142 15860533
256 971 409642 15860533
256 972 410257 15860533
256 973 409898 15860533
256 974 410023 15860533
256 975 409372 15860533
256 976 409614 15860533
256 977 409718 15860533
256 978 410305 15860533
256 979 409586 15860533
256 980 409950 15860533
256 981 410558 15860533
256 982 410238 15860533
256 983 410127 15860533
256 984 409902 15860533
256 985 410542 15860533
256 986 410298 15860533
256 987 410190 15860533
256 988 409651 15860533
256 989 409834 15860533
256 990 410360 15860533
256 991 409773 15860533
256 992 410166 15860533
256 993 410559 15860533
256 994 409773 15860533
256 995 410099 15860533
256 996 409739 15860533
256 997 410433 15860533
256 998 410113 15860533
256 999 410103 15860533
