128 0 18719 4237354096
128 1 18689 4237354096
128 2 18689 4237354096
128 3 18687 4237354096
128 4 18688 4237354096
128 5 18689 4237354096
128 6 18689 4237354096
128 7 18688 4237354096
128 8 18688 4237354096
128 9 18689 4237354096
128 10 18688 4237354096
128 11 18688 4237354096
128 12 18689 4237354096
128 13 18689 4237354096
128 14 18689 4237354096
128 15 18688 4237354096
128 16 18689 4237354096
128 17 18689 4237354096
128 18 18687 4237354096
128 19 18689 4237354096
128 20 18689 4237354096
128 21 18687 4237354096
128 22 18689 4237354096
128 23 18717 4237354096
128 24 18689 4237354096
128 25 18688 4237354096
128 26 18688 4237354096
128 27 18688 4237354096
128 28 18688 4237354096
128 29 18688 4237354096
128 30 18689 4237354096
128 31 18689 4237354096
128 32 18689 4237354096
128 33 18689 4237354096
128 34 18688 4237354096
128 35 18689 4237354096
128 36 18688 4237354096
128 37 18688 4237354096
128 38 18689 4237354096
128 39 18689 4237354096
128 40 18688 4237354096
128 41 18689 4237354096
128 42 18688 4237354096
128 43 18689 4237354096
128 44 18688 4237354096
128 45 18688 4237354096
128 46 18689 4237354096
128 47 18689 4237354096
128 48 18689 4237354096
128 49 18688 4237354096
128 50 18689 4237354096
128 51 18689 4237354096
128 52 18687 4237354096
128 53 18689 4237354096
128 54 18688 4237354096
128 55 18688 4237354096
128 56 18689 4237354096
128 57 18689 4237354096
128 58 18687 4237354096
128 59 18689 4237354096
128 60 18688 4237354096
128 61 18689 4237354096
128 62 18689 4237354096
128 63 18687 4237354096
128 64 18689 4237354096
128 65 18688 4237354096
128 66 18689 4237354096
128 67 18688 4237354096
128 68 18717 4237354096
128 69 18689 4237354096
128 70 18689 4237354096
128 71 18688 4237354096
128 72 18688 4237354096
128 73 18689 4237354096
128 74 18688 4237354096
128 75 18689 4237354096
128 76 18689 4237354096
128 77 18688 4237354096
128 78 18689 4237354096
128 79 18689 4237354096
128 80 18689 4237354096
128 81 18688 4237354096
128 82 18688 4237354096
128 83 18689 4237354096
128 84 18688 4237354096
128 85 18689 4237354096
128 86 18719 4237354096
128 87 18688 4237354096
128 88 18689 4237354096
128 89 18689 4237354096
128 90 18688 4237354096
128 91 18689 4237354096
128 92 18688 4237354096
128 93 18689 4237354096
128 94 18687 4237354096
128 95 18689 4237354096
128 96 18688 4237354096
128 97 18688 4237354096
128 98 18689 4237354096
128 99 18689 4237354096
128 100 18689 4237354096
128 101 18688 4237354096
128 102 18688 4237354096
128 103 18689 4237354096
128 104 18689 4237354096
128 105 18687 4237354096
128 106 18689 4237354096
128 107 18688 4237354096
128 108 18689 4237354096
128 109 18688 4237354096
128 110 18688 4237354096
128 111 18689 4237354096
128 112 18688 4237354096
128 113 18687 4237354096
128 114 18688 4237354096
128 115 18689 4237354096
128 116 18688 4237354096
128 117 18689 4237354096
128 118 18688 4237354096
128 119 18689 4237354096
128 120 18688 4237354096
128 121 18688 4237354096
128 122 18689 4237354096
128 123 18689 4237354096
128 124 18688 4237354096
128 125 18688 4237354096
128 126 18688 4237354096
128 127 18689 4237354096
128 128 18689 4237354096
128 129 18688 4237354096
128 130 18688 4237354096
128 131 18689 4237354096
128 132 18689 4237354096
128 133 18689 4237354096
128 134 18687 4237354096
128 135 18689 4237354096
128 136 18689 4237354096
128 137 18687 4237354096
128 138 18689 4237354096
128 139 18689 4237354096
128 140 18689 4237354096
128 141 18689 4237354096
128 142 18689 4237354096
128 143 18687 4237354096
128 144 18689 4237354096
128 145 18688 4237354096
128 146 18689 4237354096
128 147 18688 4237354096
128 148 18689 4237354096
128 149 18689 4237354096
128 150 18689 4237354096
128 151 18688 4237354096
128 152 18688 4237354096
128 153 18687 4237354096
128 154 18689 4237354096
128 155 18689 4237354096
128 156 18689 4237354096
128 157 18689 4237354096
128 158 18688 4237354096
128 159 18687 4237354096
128 160 18689 4237354096
128 161 18689 4237354096
128 162 18687 4237354096
128 163 18688 4237354096
128 164 18689 4237354096
128 165 18688 4237354096
128 166 18689 4237354096
128 167 18689 4237354096
128 168 18689 4237354096
128 169 18689 4237354096
128 170 18689 4237354096
128 171 18689 4237354096
128 172 18689 4237354096
128 173 18686 4237354096
128 174 18688 4237354096
128 175 18689 4237354096
128 176 18689 4237354096
128 177 18688 4237354096
128 178 18689 4237354096
128 179 18689 4237354096
128 180 18689 4237354096
128 181 18688 4237354096
128 182 18689 4237354096
128 183 18689 4237354096
128 184 18689 4237354096
128 185 18688 4237354096
128 186 18689 4237354096
128 187 18689 4237354096
128 188 18689 4237354096
128 189 18688 4237354096
128 190 18688 4237354096
128 191 18689 4237354096
128 192 18689 4237354096
128 193 18688 4237354096
128 194 18688 4237354096
128 195 18687 4237354096
128 196 18688 4237354096
128 197 18689 4237354096
128 198 18687 4237354096
128 199 18688 4237354096
128 200 18689 4237354096
128 201 18688 4237354096
128 202 18688 4237354096
128 203 18688 4237354096
128 204 18689 4237354096
128 205 18688 4237354096
128 206 18687 4237354096
128 207 18688 4237354096
128 208 18689 4237354096
128 209 18689 4237354096
128 210 18688 4237354096
128 211 18688 4237354096
128 212 18689 4237354096
128 213 18688 4237354096
128 214 18687 4237354096
128 215 18689 4237354096
128 216 18689 4237354096
128 217 18688 4237354096
128 218 18688 4237354096
128 219 18687 4237354096
128 220 18689 4237354096
128 221 18688 4237354096
128 222 18688 4237354096
128 223 18689 4237354096
128 224 18688 4237354096
128 225 18689 4237354096
128 226 18689 4237354096
128 227 18689 4237354096
128 228 18689 4237354096
128 229 18689 4237354096
128 230 18688 4237354096
128 231 18688 4237354096
128 232 18689 4237354096
128 233 18689 4237354096
128 234 18688 4237354096
128 235 18689 4237354096
128 236 18689 4237354096
128 237 18689 4237354096
128 238 18689 4237354096
128 239 18689 4237354096
128 240 18717 4237354096
128 241 18687 4237354096
128 242 18689 4237354096
128 243 18687 4237354096
128 244 18689 4237354096
128 245 18688 4237354096
128 246 18689 4237354096
128 247 18689 4237354096
128 248 18689 4237354096
128 249 18712 4237354096
128 250 18689 4237354096
128 251 18689 4237354096
128 252 18688 4237354096
128 253 18689 4237354096
128 254 18689 4237354096
128 255 18688 4237354096
128 256 18688 4237354096
128 257 18689 4237354096
128 258 18716 4237354096
128 259 18689 4237354096
128 260 18688 4237354096
128 261 18689 4237354096
128 262 18715 4237354096
128 263 18688 4237354096
128 264 18689 4237354096
128 265 18689 4237354096
128 266 18689 4237354096
128 267 18689 4237354096
128 268 18689 4237354096
128 269 18686 4237354096
128 270 18688 4237354096
128 271 18716 4237354096
128 272 18689 4237354096
128 273 18689 4237354096
128 274 18689 4237354096
128 275 18688 4237354096
128 276 18689 4237354096
128 277 18689 4237354096
128 278 18689 4237354096
128 279 18688 4237354096
128 280 18689 4237354096
128 281 18689 4237354096
128 282 18689 4237354096
128 283 18689 4237354096
128 284 18719 4237354096
128 285 18689 4237354096
128 286 18688 4237354096
128 287 18689 4237354096
128 288 18689 4237354096
128 289 18688 4237354096
128 290 18689 4237354096
128 291 18686 4237354096
128 292 18689 4237354096
128 293 18717 4237354096
128 294 18689 4237354096
128 295 18688 4237354096
128 296 18689 4237354096
128 297 18719 4237354096
128 298 18688 4237354096
128 299 18688 4237354096
128 300 18688 4237354096
128 301 18689 4237354096
128 302 18688 4237354096
128 303 18688 4237354096
128 304 18689 4237354096
128 305 18689 4237354096
128 306 18719 4237354096
128 307 18689 4237354096
128 308 18689 4237354096
128 309 18688 4237354096
128 310 18689 4237354096
128 311 18689 4237354096
128 312 18689 4237354096
128 313 18689 4237354096
128 314 18687 4237354096
128 315 18688 4237354096
128 316 18689 4237354096
128 317 18688 4237354096
128 318 18689 4237354096
128 319 18688 4237354096
128 320 18687 4237354096
128 321 18689 4237354096
128 322 18689 4237354096
128 323 18689 4237354096
128 324 18689 4237354096
128 325 18689 4237354096
128 326 18688 4237354096
128 327 18688 4237354096
128 328 18687 4237354096
128 329 18688 4237354096
128 330 18688 4237354096
128 331 18688 4237354096
128 332 18689 4237354096
128 333 18689 4237354096
128 334 18688 4237354096
128 335 18689 4237354096
128 336 18689 4237354096
128 337 18688 4237354096
128 338 18689 4237354096
128 339 18688 4237354096
128 340 18688 4237354096
128 341 18689 4237354096
128 342 18687 4237354096
128 343 18689 4237354096
128 344 18689 4237354096
128 345 18689 4237354096
128 346 18688 4237354096
128 347 18688 4237354096
128 348 18689 4237354096
128 349 18688 4237354096
128 350 18689 4237354096
128 351 18688 4237354096
128 352 18689 4237354096
128 353 18689 4237354096
128 354 18689 4237354096
128 355 18689 4237354096
128 356 18686 4237354096
128 357 18689 4237354096
128 358 18689 4237354096
128 359 18688 4237354096
128 360 18689 4237354096
128 361 18688 4237354096
128 362 18688 4237354096
128 363 18689 4237354096
128 364 18689 4237354096
128 365 18688 4237354096
128 366 18689 4237354096
128 367 18689 4237354096
128 368 18688 4237354096
128 369 18687 4237354096
128 370 18689 4237354096
128 371 18689 4237354096
128 372 18689 4237354096
128 373 18688 4237354096
128 374 18687 4237354096
128 375 18686 4237354096
128 376 18688 4237354096
128 377 18689 4237354096
128 378 18688 4237354096
128 379 18687 4237354096
128 380 18689 4237354096
128 381 18689 4237354096
128 382 18689 4237354096
128 383 18687 4237354096
128 384 18689 4237354096
128 385 18689 4237354096
128 386 18689 4237354096
128 387 18689 4237354096
128 388 18688 4237354096
128 389 18689 4237354096
128 390 18689 4237354096
128 391 18689 4237354096
128 392 18689 4237354096
128 393 18689 4237354096
128 394 18689 4237354096
128 395 18689 4237354096
128 396 18689 4237354096
128 397 18689 4237354096
128 398 18689 4237354096
128 399 18688 4237354096
128 400 18689 4237354096
128 401 18689 4237354096
128 402 18689 4237354096
128 403 18688 4237354096
128 404 18689 4237354096
128 405 18689 4237354096
128 406 18688 4237354096
128 407 18689 4237354096
128 408 18689 4237354096
128 409 18689 4237354096
128 410 18688 4237354096
128 411 18689 4237354096
128 412 18687 4237354096
128 413 18688 4237354096
128 414 18688 4237354096
128 415 18688 4237354096
128 416 18689 4237354096
128 417 18688 4237354096
128 418 18687 4237354096
128 419 18689 4237354096
128 420 18688 4237354096
128 421 18689 4237354096
128 422 18689 4237354096
128 423 18689 4237354096
128 424 18688 4237354096
128 425 18689 4237354096
128 426 18688 4237354096
128 427 18689 4237354096
128 428 18689 4237354096
128 429 18689 4237354096
128 430 18689 4237354096
128 431 18688 4237354096
128 432 18688 4237354096
128 433 18689 4237354096
128 434 18689 4237354096
128 435 18689 4237354096
128 436 18688 4237354096
128 437 18689 4237354096
128 438 18689 4237354096
128 439 18688 4237354096
128 440 18689 4237354096
128 441 18689 4237354096
128 442 18689 4237354096
128 443 18688 4237354096
128 444 18689 4237354096
128 445 18688 4237354096
128 446 18688 4237354096
128 447 18688 4237354096
128 448 18688 4237354096
128 449 18689 4237354096
128 450 18688 4237354096
128 451 18688 4237354096
128 452 18689 4237354096
128 453 18688 4237354096
128 454 18689 4237354096
128 455 18688 4237354096
128 456 18689 4237354096
128 457 18688 4237354096
128 458 18689 4237354096
128 459 18688 4237354096
128 460 18689 4237354096
128 461 18688 4237354096
128 462 18688 4237354096
128 463 18689 4237354096
128 464 18688 4237354096
128 465 18688 4237354096
128 466 18689 4237354096
128 467 18687 4237354096
128 468 18689 4237354096
128 469 18689 4237354096
128 470 18689 4237354096
128 471 18688 4237354096
128 472 18689 4237354096
128 473 18688 4237354096
128 474 18688 4237354096
128 475 18689 4237354096
128 476 18689 4237354096
128 477 18689 4237354096
128 478 18689 4237354096
128 479 18688 4237354096
128 480 18689 4237354096
128 481 18688 4237354096
128 482 18689 4237354096
128 483 18687 4237354096
128 484 18689 4237354096
128 485 18689 4237354096
128 486 18688 4237354096
128 487 18688 4237354096
128 488 18689 4237354096
128 489 18689 4237354096
128 490 18716 4237354096
128 491 18689 4237354096
128 492 18689 4237354096
128 493 18689 4237354096
128 494 18689 4237354096
128 495 18688 4237354096
128 496 18688 4237354096
128 497 18689 4237354096
128 498 18689 4237354096
128 499 18716 4237354096
128 500 18689 4237354096
128 501 18687 4237354096
128 502 18689 4237354096
128 503 18689 4237354096
128 504 18689 4237354096
128 505 18688 4237354096
128 506 18689 4237354096
128 507 18688 4237354096
128 508 18715 4237354096
128 509 18688 4237354096
128 510 18689 4237354096
128 511 18688 4237354096
128 512 18714 4237354096
128 513 18689 4237354096
128 514 18688 4237354096
128 515 18688 4237354096
128 516 18689 4237354096
128 517 18689 4237354096
128 518 18689 4237354096
128 519 18688 4237354096
128 520 18689 4237354096
128 521 18713 4237354096
128 522 18689 4237354096
128 523 18689 4237354096
128 524 18688 4237354096
128 525 18717 4237354096
128 526 18689 4237354096
128 527 18688 4237354096
128 528 18688 4237354096
128 529 18688 4237354096
128 530 18689 4237354096
128 531 18688 4237354096
128 532 18689 4237354096
128 533 18688 4237354096
128 534 18719 4237354096
128 535 18688 4237354096
128 536 18688 4237354096
128 537 18689 4237354096
128 538 18688 4237354096
128 539 18689 4237354096
128 540 18689 4237354096
128 541 18688 4237354096
128 542 18688 4237354096
128 543 18717 4237354096
128 544 18689 4237354096
128 545 18688 4237354096
128 546 18689 4237354096
128 547 18719 4237354096
128 548 18689 4237354096
128 549 18686 4237354096
128 550 18689 4237354096
128 551 18688 4237354096
128 552 18689 4237354096
128 553 18689 4237354096
128 554 18688 4237354096
128 555 18689 4237354096
128 556 18717 4237354096
128 557 18689 4237354096
128 558 18689 4237354096
128 559 18689 4237354096
128 560 18688 4237354096
128 561 18688 4237354096
128 562 18689 4237354096
128 563 18689 4237354096
128 564 18689 4237354096
128 565 18689 4237354096
128 566 18689 4237354096
128 567 18689 4237354096
128 568 18689 4237354096
128 569 18688 4237354096
128 570 18688 4237354096
128 571 18687 4237354096
128 572 18689 4237354096
128 573 18687 4237354096
128 574 18688 4237354096
128 575 18689 4237354096
128 576 18689 4237354096
128 577 18688 4237354096
128 578 18688 4237354096
128 579 18688 4237354096
128 580 18689 4237354096
128 581 18688 4237354096
128 582 18686 4237354096
128 583 18689 4237354096
128 584 18688 4237354096
128 585 18689 4237354096
128 586 18689 4237354096
128 587 18689 4237354096
128 588 18688 4237354096
128 589 18687 4237354096
128 590 18688 4237354096
128 591 18689 4237354096
128 592 18689 4237354096
128 593 18689 4237354096
128 594 18688 4237354096
128 595 18689 4237354096
128 596 18689 4237354096
128 597 18688 4237354096
128 598 18689 4237354096
128 599 18687 4237354096
128 600 18689 4237354096
128 601 18689 4237354096
128 602 18688 4237354096
128 603 18688 4237354096
128 604 18687 4237354096
128 605 18688 4237354096
128 606 18687 4237354096
128 607 18689 4237354096
128 608 18689 4237354096
128 609 18689 4237354096
128 610 18688 4237354096
128 611 18687 4237354096
128 612 18689 4237354096
128 613 18687 4237354096
128 614 18687 4237354096
128 615 18688 4237354096
128 616 18689 4237354096
128 617 18689 4237354096
128 618 18688 4237354096
128 619 18688 4237354096
128 620 18689 4237354096
128 621 18689 4237354096
128 622 18689 4237354096
128 623 18688 4237354096
128 624 18689 4237354096
128 625 18688 4237354096
128 626 18688 4237354096
128 627 18687 4237354096
128 628 18688 4237354096
128 629 18688 4237354096
128 630 18689 4237354096
128 631 18688 4237354096
128 632 18688 4237354096
128 633 18689 4237354096
128 634 18689 4237354096
128 635 18689 4237354096
128 636 18689 4237354096
128 637 18689 4237354096
128 638 18687 4237354096
128 639 18688 4237354096
128 640 18689 4237354096
128 641 18689 4237354096
128 642 18689 4237354096
128 643 18689 4237354096
128 644 18688 4237354096
128 645 18688 4237354096
128 646 18689 4237354096
128 647 18689 4237354096
128 648 18688 4237354096
128 649 18689 4237354096
128 650 18689 4237354096
128 651 18689 4237354096
128 652 18688 4237354096
128 653 18689 4237354096
128 654 18689 4237354096
128 655 18688 4237354096
128 656 18689 4237354096
128 657 18688 4237354096
128 658 18689 4237354096
128 659 18689 4237354096
128 660 18688 4237354096
128 661 18689 4237354096
128 662 18688 4237354096
128 663 18687 4237354096
128 664 18688 4237354096
128 665 18689 4237354096
128 666 18688 4237354096
128 667 18689 4237354096
128 668 18689 4237354096
128 669 18689 4237354096
128 670 18689 4237354096
128 671 18688 4237354096
128 672 18689 4237354096
128 673 18689 4237354096
128 674 18689 4237354096
128 675 18689 4237354096
128 676 18688 4237354096
128 677 18688 4237354096
128 678 18689 4237354096
128 679 18689 4237354096
128 680 18689 4237354096
128 681 18689 4237354096
128 682 18689 4237354096
128 683 18689 4237354096
128 684 18689 4237354096
128 685 18688 4237354096
128 686 18689 4237354096
128 687 18688 4237354096
128 688 18687 4237354096
128 689 18689 4237354096
128 690 18688 4237354096
128 691 18689 4237354096
128 692 18688 4237354096
128 693 18689 4237354096
128 694 18689 4237354096
128 695 18687 4237354096
128 696 18687 4237354096
128 697 18689 4237354096
128 698 18688 4237354096
128 699 18689 4237354096
128 700 18689 4237354096
128 701 18689 4237354096
128 702 18689 4237354096
128 703 18689 4237354096
128 704 18688 4237354096
128 705 18688 4237354096
128 706 18689 4237354096
128 707 18689 4237354096
128 708 18689 4237354096
128 709 18687 4237354096
128 710 18688 4237354096
128 711 18689 4237354096
128 712 18687 4237354096
128 713 18689 4237354096
128 714 18688 4237354096
128 715 18689 4237354096
128 716 18686 4237354096
128 717 18689 4237354096
128 718 18689 4237354096
128 719 18689 4237354096
128 720 18688 4237354096
128 721 18689 4237354096
128 722 18688 4237354096
128 723 18689 4237354096
128 724 18688 4237354096
128 725 18688 4237354096
128 726 18689 4237354096
128 727 18689 4237354096
128 728 18689 4237354096
128 729 18689 4237354096
128 730 18689 4237354096
128 731 18688 4237354096
128 732 18689 4237354096
128 733 18688 4237354096
128 734 18687 4237354096
128 735 18688 4237354096
128 736 18689 4237354096
128 737 18687 4237354096
128 738 18688 4237354096
128 739 18687 4237354096
128 740 18716 4237354096
128 741 18689 4237354096
128 742 18689 4237354096
128 743 18689 4237354096
128 744 18688 4237354096
128 745 18689 4237354096
128 746 18688 4237354096
128 747 18689 4237354096
128 748 18688 4237354096
128 749 18713 4237354096
128 750 18689 4237354096
128 751 18688 4237354096
128 752 18689 4237354096
128 753 18689 4237354096
128 754 18688 4237354096
128 755 18689 4237354096
128 756 18689 4237354096
128 757 18689 4237354096
128 758 18714 4237354096
128 759 18688 4237354096
128 760 18689 4237354096
128 761 18688 4237354096
128 762 18711 4237354096
128 763 18688 4237354096
128 764 18688 4237354096
128 765 18689 4237354096
128 766 18688 4237354096
128 767 18689 4237354096
128 768 18689 4237354096
128 769 18688 4237354096
128 770 18689 4237354096
128 771 18712 4237354096
128 772 18687 4237354096
128 773 18689 4237354096
128 774 18688 4237354096
128 775 18718 4237354096
128 776 18688 4237354096
128 777 18687 4237354096
128 778 18688 4237354096
128 779 18688 4237354096
128 780 18687 4237354096
128 781 18689 4237354096
128 782 18689 4237354096
128 783 18688 4237354096
128 784 18718 4237354096
128 785 18689 4237354096
128 786 18689 4237354096
128 787 18689 4237354096
128 788 18689 4237354096
128 789 18689 4237354096
128 790 18689 4237354096
128 791 18688 4237354096
128 792 18689 4237354096
128 793 18716 4237354096
128 794 18688 4237354096
128 795 18689 4237354096
128 796 18688 4237354096
128 797 18717 4237354096
128 798 18688 4237354096
128 799 18689 4237354096
128 800 18689 4237354096
128 801 18689 4237354096
128 802 18689 4237354096
128 803 18688 4237354096
128 804 18688 4237354096
128 805 18689 4237354096
128 806 18716 4237354096
128 807 18689 4237354096
128 808 18688 4237354096
128 809 18689 4237354096
128 810 18687 4237354096
128 811 18689 4237354096
128 812 18689 4237354096
128 813 18688 4237354096
128 814 18688 4237354096
128 815 18688 4237354096
128 816 18688 4237354096
128 817 18688 4237354096
128 818 18688 4237354096
128 819 18688 4237354096
128 820 18689 4237354096
128 821 18689 4237354096
128 822 18687 4237354096
128 823 18687 4237354096
128 824 18688 4237354096
128 825 18688 4237354096
128 826 18688 4237354096
128 827 18688 4237354096
128 828 18689 4237354096
128 829 18689 4237354096
128 830 18689 4237354096
128 831 18688 4237354096
128 832 18689 4237354096
128 833 18689 4237354096
128 834 18687 4237354096
128 835 18689 4237354096
128 836 18689 4237354096
128 837 18688 4237354096
128 838 18688 4237354096
128 839 18688 4237354096
128 840 18688 4237354096
128 841 18689 4237354096
128 842 18689 4237354096
128 843 18688 4237354096
128 844 18688 4237354096
128 845 18687 4237354096
128 846 18688 4237354096
128 847 18689 4237354096
128 848 18688 4237354096
128 849 18687 4237354096
128 850 18689 4237354096
128 851 18689 4237354096
128 852 18688 4237354096
128 853 18689 4237354096
128 854 18689 4237354096
128 855 18689 4237354096
128 856 18688 4237354096
128 857 18688 4237354096
128 858 18689 4237354096
128 859 18689 4237354096
128 860 18688 4237354096
128 861 18689 4237354096
128 862 18688 4237354096
128 863 18689 4237354096
128 864 18689 4237354096
128 865 18689 4237354096
128 866 18687 4237354096
128 867 18689 4237354096
128 868 18689 4237354096
128 869 18689 4237354096
128 870 18688 4237354096
128 871 18689 4237354096
128 872 18688 4237354096
128 873 18688 4237354096
128 874 18689 4237354096
128 875 18688 4237354096
128 876 18688 4237354096
128 877 18686 4237354096
128 878 18689 4237354096
128 879 18689 4237354096
128 880 18689 4237354096
128 881 18688 4237354096
128 882 18689 4237354096
128 883 18688 4237354096
128 884 18689 4237354096
128 885 18689 4237354096
128 886 18687 4237354096
128 887 18689 4237354096
128 888 18689 4237354096
128 889 18689 4237354096
128 890 18689 4237354096
128 891 18689 4237354096
128 892 18689 4237354096
128 893 18688 4237354096
128 894 18688 4237354096
128 895 18689 4237354096
128 896 18689 4237354096
128 897 18689 4237354096
128 898 18689 4237354096
128 899 18687 4237354096
128 900 18688 4237354096
128 901 18689 4237354096
128 902 18689 4237354096
128 903 18686 4237354096
128 904 18689 4237354096
128 905 18688 4237354096
128 906 18688 4237354096
128 907 18689 4237354096
128 908 18689 4237354096
128 909 18689 4237354096
128 910 18689 4237354096
128 911 18687 4237354096
128 912 18689 4237354096
128 913 18689 4237354096
128 914 18688 4237354096
128 915 18689 4237354096
128 916 18689 4237354096
128 917 18689 4237354096
128 918 18689 4237354096
128 919 18689 4237354096
128 920 18688 4237354096
128 921 18689 4237354096
128 922 18688 4237354096
128 923 18689 4237354096
128 924 18689 4237354096
128 925 18688 4237354096
128 926 18688 4237354096
128 927 18688 4237354096
128 928 18689 4237354096
128 929 18688 4237354096
128 930 18689 4237354096
128 931 18688 4237354096
128 932 18688 4237354096
128 933 18689 4237354096
128 934 18689 4237354096
128 935 18688 4237354096
128 936 18689 4237354096
128 937 18689 4237354096
128 938 18688 4237354096
128 939 18689 4237354096
128 940 18689 4237354096
128 941 18688 4237354096
128 942 18688 4237354096
128 943 18688 4237354096
128 944 18688 4237354096
128 945 18689 4237354096
128 946 18689 4237354096
128 947 18688 4237354096
128 948 18689 4237354096
128 949 18687 4237354096
128 950 18688 4237354096
128 951 18688 4237354096
128 952 18689 4237354096
128 953 18688 4237354096
128 954 18689 4237354096
128 955 18689 4237354096
128 956 18688 4237354096
128 957 18688 4237354096
128 958 18689 4237354096
128 959 18689 4237354096
128 960 18689 4237354096
128 961 18688 4237354096
128 962 18689 4237354096
128 963 18689 4237354096
128 964 18689 4237354096
128 965 18689 4237354096
128 966 18689 4237354096
128 967 18689 4237354096
128 968 18687 4237354096
128 969 18688 4237354096
128 970 18689 4237354096
128 971 18688 4237354096
128 972 18688 4237354096
128 973 18688 4237354096
128 974 18685 4237354096
128 975 18689 4237354096
128 976 18689 4237354096
128 977 18689 4237354096
128 978 18688 4237354096
128 979 18689 4237354096
128 980 18689 4237354096
128 981 18688 4237354096
128 982 18689 4237354096
128 983 18689 4237354096
128 984 18688 4237354096
128 985 18689 4237354096
128 986 18687 4237354096
128 987 18689 4237354096
128 988 18688 4237354096
128 989 18689 4237354096
128 990 18714 4237354096
128 991 18688 4237354096
128 992 18689 4237354096
128 993 18689 4237354096
128 994 18689 4237354096
128 995 18687 4237354096
128 996 18687 4237354096
128 997 18689 4237354096
128 998 18687 4237354096
128 999 18713 4237354096
