16 0 23 3152926408
16 1 0 3152926408
16 2 0 3152926408
16 3 0 3152926408
16 4 0 3152926408
16 5 0 3152926408
16 6 0 3152926408
16 7 0 3152926408
16 8 0 3152926408
16 9 0 3152926408
16 10 0 3152926408
16 11 0 3152926408
16 12 0 3152926408
16 13 0 3152926408
16 14 0 3152926408
16 15 0 3152926408
16 16 0 3152926408
16 17 0 3152926408
16 18 0 3152926408
16 19 0 3152926408
16 20 0 3152926408
16 21 0 3152926408
16 22 0 3152926408
16 23 0 3152926408
16 24 0 3152926408
16 25 0 3152926408
16 26 0 3152926408
16 27 0 3152926408
16 28 0 3152926408
16 29 0 3152926408
16 30 0 3152926408
16 31 0 3152926408
16 32 0 3152926408
16 33 0 3152926408
16 34 0 3152926408
16 35 0 3152926408
16 36 0 3152926408
16 37 0 3152926408
16 38 0 3152926408
16 39 0 3152926408
16 40 0 3152926408
16 41 0 3152926408
16 42 0 3152926408
16 43 0 3152926408
16 44 0 3152926408
16 45 0 3152926408
16 46 0 3152926408
16 47 0 3152926408
16 48 0 3152926408
16 49 0 3152926408
16 50 0 3152926408
16 51 0 3152926408
16 52 0 3152926408
16 53 0 3152926408
16 54 0 3152926408
16 55 0 3152926408
16 56 0 3152926408
16 57 0 3152926408
16 58 0 3152926408
16 59 0 3152926408
16 60 0 3152926408
16 61 0 3152926408
16 62 0 3152926408
16 63 0 3152926408
16 64 0 3152926408
16 65 0 3152926408
16 66 0 3152926408
16 67 0 3152926408
16 68 0 3152926408
16 69 0 3152926408
16 70 0 3152926408
16 71 0 3152926408
16 72 0 3152926408
16 73 0 3152926408
16 74 0 3152926408
16 75 0 3152926408
16 76 0 3152926408
16 77 0 3152926408
16 78 0 3152926408
16 79 0 3152926408
16 80 0 3152926408
16 81 0 3152926408
16 82 0 3152926408
16 83 0 3152926408
16 84 0 3152926408
16 85 0 3152926408
16 86 0 3152926408
16 87 0 3152926408
16 88 0 3152926408
16 89 0 3152926408
16 90 0 3152926408
16 91 0 3152926408
16 92 0 3152926408
16 93 0 3152926408
16 94 0 3152926408
16 95 0 3152926408
16 96 0 3152926408
16 97 0 3152926408
16 98 0 3152926408
16 99 0 3152926408
16 100 0 3152926408
16 101 0 3152926408
16 102 0 3152926408
16 103 0 3152926408
16 104 0 3152926408
16 105 0 3152926408
16 106 0 3152926408
16 107 0 3152926408
16 108 0 3152926408
16 109 0 3152926408
16 110 0 3152926408
16 111 0 3152926408
16 112 0 3152926408
16 113 0 3152926408
16 114 0 3152926408
16 115 0 3152926408
16 116 0 3152926408
16 117 0 3152926408
16 118 0 3152926408
16 119 0 3152926408
16 120 0 3152926408
16 121 0 3152926408
16 122 0 3152926408
16 123 0 3152926408
16 124 0 3152926408
16 125 0 3152926408
16 126 0 3152926408
16 127 0 3152926408
16 128 0 3152926408
16 129 0 3152926408
16 130 0 3152926408
16 131 0 3152926408
16 132 0 3152926408
16 133 0 3152926408
16 134 0 3152926408
16 135 0 3152926408
16 136 0 3152926408
16 137 0 3152926408
16 138 0 3152926408
16 139 0 3152926408
16 140 0 3152926408
16 141 0 3152926408
16 142 0 3152926408
16 143 0 3152926408
16 144 0 3152926408
16 145 0 3152926408
16 146 0 3152926408
16 147 0 3152926408
16 148 0 3152926408
16 149 0 3152926408
16 150 0 3152926408
16 151 0 3152926408
16 152 0 3152926408
16 153 0 3152926408
16 154 0 3152926408
16 155 0 3152926408
16 156 0 3152926408
16 157 0 3152926408
16 158 0 3152926408
16 159 0 3152926408
16 160 0 3152926408
16 161 0 3152926408
16 162 0 3152926408
16 163 0 3152926408
16 164 0 3152926408
16 165 0 3152926408
16 166 0 3152926408
16 167 0 3152926408
16 168 0 3152926408
16 169 0 3152926408
16 170 0 3152926408
16 171 0 3152926408
16 172 0 3152926408
16 173 0 3152926408
16 174 0 3152926408
16 175 0 3152926408
16 176 0 3152926408
16 177 0 3152926408
16 178 0 3152926408
16 179 0 3152926408
16 180 0 3152926408
16 181 0 3152926408
16 182 0 3152926408
16 183 0 3152926408
16 184 0 3152926408
16 185 0 3152926408
16 186 0 3152926408
16 187 0 3152926408
16 188 0 3152926408
16 189 0 3152926408
16 190 0 3152926408
16 191 0 3152926408
16 192 0 3152926408
16 193 0 3152926408
16 194 0 3152926408
16 195 0 3152926408
16 196 0 3152926408
16 197 0 3152926408
16 198 0 3152926408
16 199 0 3152926408
16 200 0 3152926408
16 201 0 3152926408
16 202 0 3152926408
16 203 0 3152926408
16 204 0 3152926408
16 205 0 3152926408
16 206 0 3152926408
16 207 0 3152926408
16 208 0 3152926408
16 209 0 3152926408
16 210 0 3152926408
16 211 0 3152926408
16 212 0 3152926408
16 213 0 3152926408
16 214 0 3152926408
16 215 0 3152926408
16 216 0 3152926408
16 217 0 3152926408
16 218 0 3152926408
16 219 0 3152926408
16 220 0 3152926408
16 221 0 3152926408
16 222 0 3152926408
16 223 0 3152926408
16 224 0 3152926408
16 225 0 3152926408
16 226 0 3152926408
16 227 0 3152926408
16 228 0 3152926408
16 229 0 3152926408
16 230 0 3152926408
16 231 0 3152926408
16 232 0 3152926408
16 233 0 3152926408
16 234 0 3152926408
16 235 0 3152926408
16 236 0 3152926408
16 237 0 3152926408
16 238 0 3152926408
16 239 0 3152926408
16 240 0 3152926408
16 241 0 3152926408
16 242 0 3152926408
16 243 0 3152926408
16 244 0 3152926408
16 245 0 3152926408
16 246 0 3152926408
16 247 0 3152926408
16 248 0 3152926408
16 249 0 3152926408
16 250 0 3152926408
16 251 0 3152926408
16 252 0 3152926408
16 253 0 3152926408
16 254 0 3152926408
16 255 0 3152926408
16 256 0 3152926408
16 257 0 3152926408
16 258 0 3152926408
16 259 0 3152926408
16 260 0 3152926408
16 261 0 3152926408
16 262 0 3152926408
16 263 0 3152926408
16 264 0 3152926408
16 265 0 3152926408
16 266 0 3152926408
16 267 0 3152926408
16 268 0 3152926408
16 269 0 3152926408
16 270 0 3152926408
16 271 0 3152926408
16 272 0 3152926408
16 273 0 3152926408
16 274 0 3152926408
16 275 0 3152926408
16 276 0 3152926408
16 277 0 3152926408
16 278 0 3152926408
16 279 0 3152926408
16 280 0 3152926408
16 281 0 3152926408
16 282 0 3152926408
16 283 0 3152926408
16 284 0 3152926408
16 285 0 3152926408
16 286 0 3152926408
16 287 0 3152926408
16 288 0 3152926408
16 289 0 3152926408
16 290 0 3152926408
16 291 0 3152926408
16 292 0 3152926408
16 293 0 3152926408
16 294 0 3152926408
16 295 0 3152926408
16 296 0 3152926408
16 297 0 3152926408
16 298 0 3152926408
16 299 0 3152926408
16 300 0 3152926408
16 301 0 3152926408
16 302 0 3152926408
16 303 0 3152926408
16 304 0 3152926408
16 305 0 3152926408
16 306 0 3152926408
16 307 0 3152926408
16 308 0 3152926408
16 309 0 3152926408
16 310 0 3152926408
16 311 0 3152926408
16 312 0 3152926408
16 313 0 3152926408
16 314 0 3152926408
16 315 0 3152926408
16 316 0 3152926408
16 317 0 3152926408
16 318 0 3152926408
16 319 0 3152926408
16 320 0 3152926408
16 321 0 3152926408
16 322 0 3152926408
16 323 0 3152926408
16 324 0 3152926408
16 325 0 3152926408
16 326 0 3152926408
16 327 0 3152926408
16 328 0 3152926408
16 329 0 3152926408
16 330 0 3152926408
16 331 0 3152926408
16 332 0 3152926408
16 333 0 3152926408
16 334 0 3152926408
16 335 0 3152926408
16 336 0 3152926408
16 337 0 3152926408
16 338 0 3152926408
16 339 0 3152926408
16 340 0 3152926408
16 341 0 3152926408
16 342 0 3152926408
16 343 0 3152926408
16 344 0 3152926408
16 345 0 3152926408
16 346 0 3152926408
16 347 0 3152926408
16 348 0 3152926408
16 349 0 3152926408
16 350 0 3152926408
16 351 0 3152926408
16 352 0 3152926408
16 353 0 3152926408
16 354 0 3152926408
16 355 0 3152926408
16 356 0 3152926408
16 357 0 3152926408
16 358 0 3152926408
16 359 0 3152926408
16 360 0 3152926408
16 361 0 3152926408
16 362 0 3152926408
16 363 0 3152926408
16 364 0 3152926408
16 365 0 3152926408
16 366 0 3152926408
16 367 0 3152926408
16 368 0 3152926408
16 369 0 3152926408
16 370 0 3152926408
16 371 0 3152926408
16 372 0 3152926408
16 373 0 3152926408
16 374 0 3152926408
16 375 0 3152926408
16 376 0 3152926408
16 377 0 3152926408
16 378 0 3152926408
16 379 0 3152926408
16 380 0 3152926408
16 381 0 3152926408
16 382 0 3152926408
16 383 0 3152926408
16 384 0 3152926408
16 385 0 3152926408
16 386 0 3152926408
16 387 0 3152926408
16 388 0 3152926408
16 389 0 3152926408
16 390 0 3152926408
16 391 0 3152926408
16 392 0 3152926408
16 393 0 3152926408
16 394 0 3152926408
16 395 0 3152926408
16 396 0 3152926408
16 397 0 3152926408
16 398 0 3152926408
16 399 0 3152926408
16 400 0 3152926408
16 401 0 3152926408
16 402 0 3152926408
16 403 0 3152926408
16 404 0 3152926408
16 405 0 3152926408
16 406 0 3152926408
16 407 0 3152926408
16 408 0 3152926408
16 409 0 3152926408
16 410 0 3152926408
16 411 0 3152926408
16 412 0 3152926408
16 413 0 3152926408
16 414 0 3152926408
16 415 0 3152926408
16 416 0 3152926408
16 417 0 3152926408
16 418 0 3152926408
16 419 0 3152926408
16 420 0 3152926408
16 421 0 3152926408
16 422 0 3152926408
16 423 0 3152926408
16 424 0 3152926408
16 425 0 3152926408
16 426 0 3152926408
16 427 0 3152926408
16 428 0 3152926408
16 429 0 3152926408
16 430 0 3152926408
16 431 0 3152926408
16 432 0 3152926408
16 433 0 3152926408
16 434 0 3152926408
16 435 0 3152926408
16 436 0 3152926408
16 437 0 3152926408
16 438 0 3152926408
16 439 0 3152926408
16 440 0 3152926408
16 441 0 3152926408
16 442 0 3152926408
16 443 0 3152926408
16 444 0 3152926408
16 445 0 3152926408
16 446 0 3152926408
16 447 0 3152926408
16 448 0 3152926408
16 449 0 3152926408
16 450 0 3152926408
16 451 0 3152926408
16 452 0 3152926408
16 453 0 3152926408
16 454 0 3152926408
16 455 0 3152926408
16 456 0 3152926408
16 457 0 3152926408
16 458 0 3152926408
16 459 0 3152926408
16 460 0 3152926408
16 461 0 3152926408
16 462 0 3152926408
16 463 0 3152926408
16 464 0 3152926408
16 465 0 3152926408
16 466 0 3152926408
16 467 0 3152926408
16 468 0 3152926408
16 469 0 3152926408
16 470 0 3152926408
16 471 0 3152926408
16 472 0 3152926408
16 473 0 3152926408
16 474 0 3152926408
16 475 0 3152926408
16 476 0 3152926408
16 477 0 3152926408
16 478 0 3152926408
16 479 0 3152926408
16 480 0 3152926408
16 481 0 3152926408
16 482 0 3152926408
16 483 0 3152926408
16 484 0 3152926408
16 485 0 3152926408
16 486 0 3152926408
16 487 0 3152926408
16 488 0 3152926408
16 489 0 3152926408
16 490 0 3152926408
16 491 0 3152926408
16 492 0 3152926408
16 493 0 3152926408
16 494 0 3152926408
16 495 0 3152926408
16 496 0 3152926408
16 497 0 3152926408
16 498 0 3152926408
16 499 0 3152926408
16 500 0 3152926408
16 501 0 3152926408
16 502 0 3152926408
16 503 0 3152926408
16 504 0 3152926408
16 505 0 3152926408
16 506 0 3152926408
16 507 0 3152926408
16 508 0 3152926408
16 509 0 3152926408
16 510 0 3152926408
16 511 0 3152926408
16 512 0 3152926408
16 513 0 3152926408
16 514 0 3152926408
16 515 0 3152926408
16 516 0 3152926408
16 517 0 3152926408
16 518 0 3152926408
16 519 0 3152926408
16 520 0 3152926408
16 521 0 3152926408
16 522 0 3152926408
16 523 0 3152926408
16 524 0 3152926408
16 525 0 3152926408
16 526 0 3152926408
16 527 0 3152926408
16 528 0 3152926408
16 529 0 3152926408
16 530 0 3152926408
16 531 0 3152926408
16 532 0 3152926408
16 533 0 3152926408
16 534 0 3152926408
16 535 0 3152926408
16 536 0 3152926408
16 537 0 3152926408
16 538 0 3152926408
16 539 0 3152926408
16 540 0 3152926408
16 541 0 3152926408
16 542 0 3152926408
16 543 0 3152926408
16 544 0 3152926408
16 545 0 3152926408
16 546 0 3152926408
16 547 0 3152926408
16 548 0 3152926408
16 549 0 3152926408
16 550 0 3152926408
16 551 0 3152926408
16 552 0 3152926408
16 553 0 3152926408
16 554 0 3152926408
16 555 0 3152926408
16 556 0 3152926408
16 557 0 3152926408
16 558 0 3152926408
16 559 0 3152926408
16 560 0 3152926408
16 561 0 3152926408
16 562 0 3152926408
16 563 0 3152926408
16 564 0 3152926408
16 565 0 3152926408
16 566 0 3152926408
16 567 0 3152926408
16 568 0 3152926408
16 569 0 3152926408
16 570 0 3152926408
16 571 0 3152926408
16 572 0 3152926408
16 573 0 3152926408
16 574 0 3152926408
16 575 0 3152926408
16 576 0 3152926408
16 577 0 3152926408
16 578 0 3152926408
16 579 0 3152926408
16 580 0 3152926408
16 581 0 3152926408
16 582 0 3152926408
16 583 0 3152926408
16 584 0 3152926408
16 585 0 3152926408
16 586 0 3152926408
16 587 0 3152926408
16 588 0 3152926408
16 589 0 3152926408
16 590 0 3152926408
16 591 0 3152926408
16 592 0 3152926408
16 593 0 3152926408
16 594 0 3152926408
16 595 0 3152926408
16 596 0 3152926408
16 597 0 3152926408
16 598 0 3152926408
16 599 0 3152926408
16 600 0 3152926408
16 601 0 3152926408
16 602 0 3152926408
16 603 0 3152926408
16 604 0 3152926408
16 605 0 3152926408
16 606 0 3152926408
16 607 0 3152926408
16 608 0 3152926408
16 609 0 3152926408
16 610 0 3152926408
16 611 0 3152926408
16 612 0 3152926408
16 613 0 3152926408
16 614 0 3152926408
16 615 0 3152926408
16 616 0 3152926408
16 617 0 3152926408
16 618 0 3152926408
16 619 0 3152926408
16 620 0 3152926408
16 621 0 3152926408
16 622 0 3152926408
16 623 0 3152926408
16 624 0 3152926408
16 625 0 3152926408
16 626 0 3152926408
16 627 0 3152926408
16 628 0 3152926408
16 629 0 3152926408
16 630 0 3152926408
16 631 0 3152926408
16 632 0 3152926408
16 633 0 3152926408
16 634 0 3152926408
16 635 0 3152926408
16 636 0 3152926408
16 637 0 3152926408
16 638 0 3152926408
16 639 0 3152926408
16 640 0 3152926408
16 641 0 3152926408
16 642 0 3152926408
16 643 0 3152926408
16 644 0 3152926408
16 645 0 3152926408
16 646 0 3152926408
16 647 0 3152926408
16 648 0 3152926408
16 649 0 3152926408
16 650 0 3152926408
16 651 0 3152926408
16 652 0 3152926408
16 653 0 3152926408
16 654 0 3152926408
16 655 0 3152926408
16 656 0 3152926408
16 657 0 3152926408
16 658 0 3152926408
16 659 0 3152926408
16 660 0 3152926408
16 661 0 3152926408
16 662 0 3152926408
16 663 0 3152926408
16 664 0 3152926408
16 665 0 3152926408
16 666 0 3152926408
16 667 0 3152926408
16 668 0 3152926408
16 669 0 3152926408
16 670 0 3152926408
16 671 0 3152926408
16 672 0 3152926408
16 673 0 3152926408
16 674 0 3152926408
16 675 0 3152926408
16 676 0 3152926408
16 677 0 3152926408
16 678 0 3152926408
16 679 0 3152926408
16 680 0 3152926408
16 681 0 3152926408
16 682 0 3152926408
16 683 0 3152926408
16 684 0 3152926408
16 685 0 3152926408
16 686 0 3152926408
16 687 0 3152926408
16 688 0 3152926408
16 689 0 3152926408
16 690 0 3152926408
16 691 0 3152926408
16 692 0 3152926408
16 693 0 3152926408
16 694 0 3152926408
16 695 0 3152926408
16 696 0 3152926408
16 697 0 3152926408
16 698 0 3152926408
16 699 0 3152926408
16 700 0 3152926408
16 701 0 3152926408
16 702 0 3152926408
16 703 0 3152926408
16 704 0 3152926408
16 705 0 3152926408
16 706 0 3152926408
16 707 0 3152926408
16 708 0 3152926408
16 709 0 3152926408
16 710 0 3152926408
16 711 0 3152926408
16 712 0 3152926408
16 713 0 3152926408
16 714 0 3152926408
16 715 0 3152926408
16 716 0 3152926408
16 717 0 3152926408
16 718 0 3152926408
16 719 0 3152926408
16 720 0 3152926408
16 721 0 3152926408
16 722 0 3152926408
16 723 0 3152926408
16 724 0 3152926408
16 725 0 3152926408
16 726 0 3152926408
16 727 0 3152926408
16 728 0 3152926408
16 729 0 3152926408
16 730 0 3152926408
16 731 0 3152926408
16 732 0 3152926408
16 733 0 3152926408
16 734 0 3152926408
16 735 0 3152926408
16 736 0 3152926408
16 737 0 3152926408
16 738 0 3152926408
16 739 0 3152926408
16 740 0 3152926408
16 741 0 3152926408
16 742 0 3152926408
16 743 0 3152926408
16 744 0 3152926408
16 745 0 3152926408
16 746 0 3152926408
16 747 0 3152926408
16 748 0 3152926408
16 749 0 3152926408
16 750 0 3152926408
16 751 0 3152926408
16 752 0 3152926408
16 753 0 3152926408
16 754 0 3152926408
16 755 0 3152926408
16 756 0 3152926408
16 757 0 3152926408
16 758 0 3152926408
16 759 0 3152926408
16 760 0 3152926408
16 761 0 3152926408
16 762 0 3152926408
16 763 0 3152926408
16 764 0 3152926408
16 765 0 3152926408
16 766 0 3152926408
16 767 0 3152926408
16 768 0 3152926408
16 769 0 3152926408
16 770 0 3152926408
16 771 0 3152926408
16 772 0 3152926408
16 773 0 3152926408
16 774 0 3152926408
16 775 0 3152926408
16 776 0 3152926408
16 777 0 3152926408
16 778 0 3152926408
16 779 0 3152926408
16 780 0 3152926408
16 781 0 3152926408
16 782 0 3152926408
16 783 0 3152926408
16 784 0 3152926408
16 785 0 3152926408
16 786 0 3152926408
16 787 0 3152926408
16 788 0 3152926408
16 789 0 3152926408
16 790 0 3152926408
16 791 0 3152926408
16 792 0 3152926408
16 793 0 3152926408
16 794 0 3152926408
16 795 0 3152926408
16 796 0 3152926408
16 797 0 3152926408
16 798 0 3152926408
16 799 0 3152926408
16 800 0 3152926408
16 801 0 3152926408
16 802 0 3152926408
16 803 0 3152926408
16 804 0 3152926408
16 805 0 3152926408
16 806 0 3152926408
16 807 0 3152926408
16 808 0 3152926408
16 809 0 3152926408
16 810 0 3152926408
16 811 0 3152926408
16 812 0 3152926408
16 813 0 3152926408
16 814 0 3152926408
16 815 0 3152926408
16 816 0 3152926408
16 817 0 3152926408
16 818 0 3152926408
16 819 0 3152926408
16 820 0 3152926408
16 821 0 3152926408
16 822 0 3152926408
16 823 0 3152926408
16 824 0 3152926408
16 825 0 3152926408
16 826 0 3152926408
16 827 0 3152926408
16 828 0 3152926408
16 829 0 3152926408
16 830 0 3152926408
16 831 0 3152926408
16 832 0 3152926408
16 833 0 3152926408
16 834 0 3152926408
16 835 0 3152926408
16 836 0 3152926408
16 837 0 3152926408
16 838 0 3152926408
16 839 0 3152926408
16 840 0 3152926408
16 841 0 3152926408
16 842 0 3152926408
16 843 0 3152926408
16 844 0 3152926408
16 845 0 3152926408
16 846 0 3152926408
16 847 0 3152926408
16 848 0 3152926408
16 849 0 3152926408
16 850 0 3152926408
16 851 0 3152926408
16 852 0 3152926408
16 853 0 3152926408
16 854 0 3152926408
16 855 0 3152926408
16 856 0 3152926408
16 857 0 3152926408
16 858 0 3152926408
16 859 0 3152926408
16 860 0 3152926408
16 861 0 3152926408
16 862 0 3152926408
16 863 0 3152926408
16 864 0 3152926408
16 865 0 3152926408
16 866 0 3152926408
16 867 0 3152926408
16 868 0 3152926408
16 869 0 3152926408
16 870 0 3152926408
16 871 0 3152926408
16 872 0 3152926408
16 873 0 3152926408
16 874 0 3152926408
16 875 0 3152926408
16 876 0 3152926408
16 877 0 3152926408
16 878 0 3152926408
16 879 0 3152926408
16 880 0 3152926408
16 881 0 3152926408
16 882 0 3152926408
16 883 0 3152926408
16 884 0 3152926408
16 885 0 3152926408
16 886 0 3152926408
16 887 0 3152926408
16 888 0 3152926408
16 889 0 3152926408
16 890 0 3152926408
16 891 0 3152926408
16 892 0 3152926408
16 893 0 3152926408
16 894 0 3152926408
16 895 0 3152926408
16 896 0 3152926408
16 897 0 3152926408
16 898 0 3152926408
16 899 0 3152926408
16 900 0 3152926408
16 901 0 3152926408
16 902 0 3152926408
16 903 0 3152926408
16 904 0 3152926408
16 905 0 3152926408
16 906 0 3152926408
16 907 0 3152926408
16 908 0 3152926408
16 909 0 3152926408
16 910 0 3152926408
16 911 0 3152926408
16 912 0 3152926408
16 913 0 3152926408
16 914 0 3152926408
16 915 0 3152926408
16 916 0 3152926408
16 917 0 3152926408
16 918 0 3152926408
16 919 0 3152926408
16 920 0 3152926408
16 921 0 3152926408
16 922 0 3152926408
16 923 0 3152926408
16 924 0 3152926408
16 925 0 3152926408
16 926 0 3152926408
16 927 0 3152926408
16 928 0 3152926408
16 929 0 3152926408
16 930 0 3152926408
16 931 0 3152926408
16 932 0 3152926408
16 933 0 3152926408
16 934 0 3152926408
16 935 0 3152926408
16 936 0 3152926408
16 937 0 3152926408
16 938 0 3152926408
16 939 0 3152926408
16 940 0 3152926408
16 941 0 3152926408
16 942 0 3152926408
16 943 0 3152926408
16 944 0 3152926408
16 945 0 3152926408
16 946 0 3152926408
16 947 0 3152926408
16 948 0 3152926408
16 949 0 3152926408
16 950 0 3152926408
16 951 0 3152926408
16 952 0 3152926408
16 953 0 3152926408
16 954 0 3152926408
16 955 0 3152926408
16 956 0 3152926408
16 957 0 3152926408
16 958 0 3152926408
16 959 0 3152926408
16 960 0 3152926408
16 961 0 3152926408
16 962 0 3152926408
16 963 0 3152926408
16 964 0 3152926408
16 965 0 3152926408
16 966 0 3152926408
16 967 0 3152926408
16 968 0 3152926408
16 969 0 3152926408
16 970 0 3152926408
16 971 0 3152926408
16 972 0 3152926408
16 973 0 3152926408
16 974 0 3152926408
16 975 0 3152926408
16 976 0 3152926408
16 977 0 3152926408
16 978 0 3152926408
16 979 0 3152926408
16 980 0 3152926408
16 981 0 3152926408
16 982 0 3152926408
16 983 0 3152926408
16 984 0 3152926408
16 985 0 3152926408
16 986 0 3152926408
16 987 0 3152926408
16 988 0 3152926408
16 989 0 3152926408
16 990 0 3152926408
16 991 0 3152926408
16 992 0 3152926408
16 993 0 3152926408
16 994 0 3152926408
16 995 0 3152926408
16 996 0 3152926408
16 997 0 3152926408
16 998 0 3152926408
16 999 0 3152926408
