4 0 13 349
4 1 8 344
4 2 8 349
4 3 8 344
4 4 7 344
4 5 7 344
4 6 7 344
4 7 7 344
4 8 9 344
4 9 6 344
4 10 8 344
4 11 8 344
4 12 9 349
4 13 6 349
4 14 6 344
4 15 6 349
4 16 6 344
4 17 6 344
4 18 6 344
4 19 6 344
4 20 6 344
4 21 6 344
4 22 6 344
4 23 6 344
4 24 6 344
4 25 6 344
4 26 6 344
4 27 7 344
4 28 6 344
4 29 6 344
4 30 6 344
4 31 6 344
4 32 6 344
4 33 6 344
4 34 7 344
4 35 11 344
4 36 10 344
4 37 7 344
4 38 6 344
4 39 6 344
4 40 6 344
4 41 6 344
4 42 6 344
4 43 6 344
4 44 6 344
4 45 6 344
4 46 6 344
4 47 6 344
4 48 6 344
4 49 6 344
4 50 6 344
4 51 6 344
4 52 6 344
4 53 6 344
4 54 6 344
4 55 6 344
4 56 6 344
4 57 6 344
4 58 6 344
4 59 6 344
4 60 6 344
4 61 6 344
4 62 6 344
4 63 6 344
4 64 6 344
4 65 6 344
4 66 6 344
4 67 6 344
4 68 6 344
4 69 6 344
4 70 6 344
4 71 6 344
4 72 6 344
4 73 6 344
4 74 6 344
4 75 6 344
4 76 6 344
4 77 6 344
4 78 6 344
4 79 6 344
4 80 6 344
4 81 6 344
4 82 6 344
4 83 6 344
4 84 6 344
4 85 6 344
4 86 6 344
4 87 6 344
4 88 6 344
4 89 6 344
4 90 6 344
4 91 6 344
4 92 6 344
4 93 6 344
4 94 6 344
4 95 6 344
4 96 6 344
4 97 6 344
4 98 6 344
4 99 6 344
4 100 6 344
4 101 6 344
4 102 6 344
4 103 6 344
4 104 6 344
4 105 6 344
4 106 6 344
4 107 6 344
4 108 6 344
4 109 6 344
4 110 6 344
4 111 6 344
4 112 6 344
4 113 6 344
4 114 6 344
4 115 6 344
4 116 6 344
4 117 6 344
4 118 6 344
4 119 6 344
4 120 6 344
4 121 6 344
4 122 6 344
4 123 6 344
4 124 6 344
4 125 6 344
4 126 6 344
4 127 6 344
4 128 6 344
4 129 6 344
4 130 6 344
4 131 6 344
4 132 6 344
4 133 6 344
4 134 6 344
4 135 6 344
4 136 6 344
4 137 6 344
4 138 6 344
4 139 6 344
4 140 6 344
4 141 6 344
4 142 6 344
4 143 6 344
4 144 6 344
4 145 6 344
4 146 6 344
4 147 6 344
4 148 6 344
4 149 6 344
4 150 6 344
4 151 6 344
4 152 6 344
4 153 6 344
4 154 6 344
4 155 6 344
4 156 6 344
4 157 6 344
4 158 6 344
4 159 6 344
4 160 6 344
4 161 6 344
4 162 6 344
4 163 6 344
4 164 6 344
4 165 6 344
4 166 6 344
4 167 6 344
4 168 6 344
4 169 6 344
4 170 6 344
4 171 6 344
4 172 6 344
4 173 6 344
4 174 6 344
4 175 6 344
4 176 6 344
4 177 6 344
4 178 6 344
4 179 6 344
4 180 6 344
4 181 6 344
4 182 6 344
4 183 6 344
4 184 6 344
4 185 6 344
4 186 6 344
4 187 6 344
4 188 6 344
4 189 6 344
4 190 6 344
4 191 6 344
4 192 6 344
4 193 6 344
4 194 6 344
4 195 6 344
4 196 6 344
4 197 6 344
4 198 6 344
4 199 6 344
4 200 6 344
4 201 6 344
4 202 6 344
4 203 6 344
4 204 6 344
4 205 6 344
4 206 6 344
4 207 6 344
4 208 6 344
4 209 6 344
4 210 6 344
4 211 6 344
4 212 6 344
4 213 6 344
4 214 6 344
4 215 6 344
4 216 6 344
4 217 6 344
4 218 6 344
4 219 6 344
4 220 6 344
4 221 6 344
4 222 6 344
4 223 6 344
4 224 6 344
4 225 6 344
4 226 6 344
4 227 6 344
4 228 6 344
4 229 6 344
4 230 6 344
4 231 6 344
4 232 6 344
4 233 6 344
4 234 6 344
4 235 6 344
4 236 6 344
4 237 6 344
4 238 6 344
4 239 6 344
4 240 6 344
4 241 6 344
4 242 6 344
4 243 6 344
4 244 6 344
4 245 6 344
4 246 6 344
4 247 6 344
4 248 6 344
4 249 6 344
4 250 6 344
4 251 6 344
4 252 6 344
4 253 6 344
4 254 6 344
4 255 6 344
4 256 6 344
4 257 6 344
4 258 6 344
4 259 6 344
4 260 6 344
4 261 6 344
4 262 6 344
4 263 6 344
4 264 6 344
4 265 6 344
4 266 6 344
4 267 6 344
4 268 6 344
4 269 6 344
4 270 6 344
4 271 6 344
4 272 6 344
4 273 6 344
4 274 6 344
4 275 6 344
4 276 6 344
4 277 6 344
4 278 6 344
4 279 6 344
4 280 6 344
4 281 6 344
4 282 6 344
4 283 6 344
4 284 6 344
4 285 6 344
4 286 6 344
4 287 6 344
4 288 6 344
4 289 6 344
4 290 6 344
4 291 6 344
4 292 6 344
4 293 6 344
4 294 6 344
4 295 6 344
4 296 6 344
4 297 6 344
4 298 6 344
4 299 6 344
4 300 6 344
4 301 6 344
4 302 6 344
4 303 6 344
4 304 6 344
4 305 6 344
4 306 6 344
4 307 6 344
4 308 6 344
4 309 6 344
4 310 6 344
4 311 6 344
4 312 6 344
4 313 6 344
4 314 6 344
4 315 6 344
4 316 6 344
4 317 6 344
4 318 6 344
4 319 6 344
4 320 6 344
4 321 6 344
4 322 6 344
4 323 6 344
4 324 6 344
4 325 6 344
4 326 6 344
4 327 6 344
4 328 6 344
4 329 6 344
4 330 6 344
4 331 6 344
4 332 6 344
4 333 6 344
4 334 6 344
4 335 6 344
4 336 6 344
4 337 6 344
4 338 6 344
4 339 6 344
4 340 6 344
4 341 6 344
4 342 6 344
4 343 6 344
4 344 6 344
4 345 6 344
4 346 6 344
4 347 6 344
4 348 6 344
4 349 6 344
4 350 6 344
4 351 6 344
4 352 6 344
4 353 6 344
4 354 6 344
4 355 6 344
4 356 6 344
4 357 6 344
4 358 6 344
4 359 6 344
4 360 6 344
4 361 6 344
4 362 6 344
4 363 6 344
4 364 6 344
4 365 6 344
4 366 6 344
4 367 6 344
4 368 6 344
4 369 6 344
4 370 6 344
4 371 6 344
4 372 6 344
4 373 6 344
4 374 6 344
4 375 6 344
4 376 6 344
4 377 6 344
4 378 6 344
4 379 6 344
4 380 6 344
4 381 6 344
4 382 6 344
4 383 6 344
4 384 6 344
4 385 6 344
4 386 6 344
4 387 6 344
4 388 6 344
4 389 6 344
4 390 6 344
4 391 6 344
4 392 6 344
4 393 6 344
4 394 6 344
4 395 6 344
4 396 6 344
4 397 6 344
4 398 6 344
4 399 6 344
4 400 6 344
4 401 6 344
4 402 6 344
4 403 6 344
4 404 6 344
4 405 6 344
4 406 6 344
4 407 6 344
4 408 6 344
4 409 6 344
4 410 6 344
4 411 6 344
4 412 6 344
4 413 6 344
4 414 6 344
4 415 6 344
4 416 6 344
4 417 6 344
4 418 6 344
4 419 6 344
4 420 6 344
4 421 6 344
4 422 6 344
4 423 6 344
4 424 6 344
4 425 6 344
4 426 6 344
4 427 6 344
4 428 6 344
4 429 6 344
4 430 6 344
4 431 6 344
4 432 6 344
4 433 6 344
4 434 6 344
4 435 6 344
4 436 6 344
4 437 6 344
4 438 6 344
4 439 6 344
4 440 6 344
4 441 6 344
4 442 6 344
4 443 6 344
4 444 6 344
4 445 6 344
4 446 6 344
4 447 6 344
4 448 6 344
4 449 6 344
4 450 6 344
4 451 6 344
4 452 6 344
4 453 6 344
4 454 6 344
4 455 6 344
4 456 6 344
4 457 6 344
4 458 6 344
4 459 6 344
4 460 6 344
4 461 6 344
4 462 6 344
4 463 6 344
4 464 6 344
4 465 6 344
4 466 6 344
4 467 6 344
4 468 6 344
4 469 6 344
4 470 6 344
4 471 6 344
4 472 6 344
4 473 6 344
4 474 6 344
4 475 6 344
4 476 6 344
4 477 6 344
4 478 6 344
4 479 6 344
4 480 6 344
4 481 6 344
4 482 6 344
4 483 6 344
4 484 6 344
4 485 6 344
4 486 6 344
4 487 6 344
4 488 6 344
4 489 6 344
4 490 6 344
4 491 6 344
4 492 6 344
4 493 6 344
4 494 6 344
4 495 6 344
4 496 6 344
4 497 6 344
4 498 6 344
4 499 6 344
4 500 6 344
4 501 6 344
4 502 6 344
4 503 6 344
4 504 6 344
4 505 6 344
4 506 6 344
4 507 6 344
4 508 6 344
4 509 6 344
4 510 6 344
4 511 6 344
4 512 6 344
4 513 6 344
4 514 6 344
4 515 6 344
4 516 6 344
4 517 6 344
4 518 6 344
4 519 6 344
4 520 6 344
4 521 6 344
4 522 6 344
4 523 6 344
4 524 6 344
4 525 6 344
4 526 6 344
4 527 6 344
4 528 6 344
4 529 6 344
4 530 6 344
4 531 6 344
4 532 6 344
4 533 6 344
4 534 6 344
4 535 6 344
4 536 6 344
4 537 6 344
4 538 6 344
4 539 6 344
4 540 6 344
4 541 6 344
4 542 6 344
4 543 6 344
4 544 6 344
4 545 6 344
4 546 6 344
4 547 6 344
4 548 6 344
4 549 6 344
4 550 6 344
4 551 6 344
4 552 6 344
4 553 6 344
4 554 6 344
4 555 6 344
4 556 6 344
4 557 6 344
4 558 6 344
4 559 6 344
4 560 6 344
4 561 6 344
4 562 6 344
4 563 6 344
4 564 6 344
4 565 6 344
4 566 6 344
4 567 6 344
4 568 6 344
4 569 6 344
4 570 6 344
4 571 6 344
4 572 6 344
4 573 6 344
4 574 6 344
4 575 6 344
4 576 6 344
4 577 6 344
4 578 6 344
4 579 6 344
4 580 6 344
4 581 6 344
4 582 6 344
4 583 6 344
4 584 6 344
4 585 6 344
4 586 6 344
4 587 6 344
4 588 6 344
4 589 6 344
4 590 6 344
4 591 6 344
4 592 6 344
4 593 6 344
4 594 6 344
4 595 6 344
4 596 6 344
4 597 6 344
4 598 6 344
4 599 6 344
4 600 6 344
4 601 6 344
4 602 6 344
4 603 6 344
4 604 6 344
4 605 6 344
4 606 6 344
4 607 6 344
4 608 6 344
4 609 6 344
4 610 6 344
4 611 6 344
4 612 6 344
4 613 6 344
4 614 6 344
4 615 6 344
4 616 6 344
4 617 6 344
4 618 6 344
4 619 6 344
4 620 6 344
4 621 6 344
4 622 6 344
4 623 6 344
4 624 6 344
4 625 6 344
4 626 6 344
4 627 6 344
4 628 6 344
4 629 6 344
4 630 6 344
4 631 6 344
4 632 6 344
4 633 6 344
4 634 6 344
4 635 6 344
4 636 6 344
4 637 6 344
4 638 6 344
4 639 6 344
4 640 6 344
4 641 6 344
4 642 6 344
4 643 6 344
4 644 6 344
4 645 6 344
4 646 6 344
4 647 6 344
4 648 6 344
4 649 6 344
4 650 6 344
4 651 6 344
4 652 6 344
4 653 6 344
4 654 6 344
4 655 6 344
4 656 6 344
4 657 6 344
4 658 6 344
4 659 6 344
4 660 6 344
4 661 6 344
4 662 6 344
4 663 6 344
4 664 6 344
4 665 6 344
4 666 6 344
4 667 6 344
4 668 6 344
4 669 6 344
4 670 6 344
4 671 6 344
4 672 6 344
4 673 6 344
4 674 6 344
4 675 6 344
4 676 6 344
4 677 6 344
4 678 6 344
4 679 6 344
4 680 6 344
4 681 6 344
4 682 6 344
4 683 6 344
4 684 6 344
4 685 6 344
4 686 6 344
4 687 6 344
4 688 6 344
4 689 6 344
4 690 6 344
4 691 6 344
4 692 6 344
4 693 6 344
4 694 6 344
4 695 6 344
4 696 6 344
4 697 6 344
4 698 6 344
4 699 6 344
4 700 6 344
4 701 6 344
4 702 6 344
4 703 6 344
4 704 6 344
4 705 6 344
4 706 6 344
4 707 6 344
4 708 6 344
4 709 6 344
4 710 6 344
4 711 6 344
4 712 6 344
4 713 6 344
4 714 6 344
4 715 6 344
4 716 6 344
4 717 6 344
4 718 6 344
4 719 6 344
4 720 6 344
4 721 6 344
4 722 6 344
4 723 6 344
4 724 6 344
4 725 6 344
4 726 6 344
4 727 6 344
4 728 6 344
4 729 6 344
4 730 6 344
4 731 6 344
4 732 6 344
4 733 6 344
4 734 6 344
4 735 6 344
4 736 6 344
4 737 6 344
4 738 6 344
4 739 6 344
4 740 6 344
4 741 6 344
4 742 6 344
4 743 6 344
4 744 6 344
4 745 6 344
4 746 6 344
4 747 6 344
4 748 6 344
4 749 6 344
4 750 6 344
4 751 6 344
4 752 6 344
4 753 6 344
4 754 6 344
4 755 6 344
4 756 6 344
4 757 6 344
4 758 6 344
4 759 6 344
4 760 6 344
4 761 6 344
4 762 6 344
4 763 6 344
4 764 6 344
4 765 6 344
4 766 6 344
4 767 6 344
4 768 6 344
4 769 6 344
4 770 6 344
4 771 6 344
4 772 6 344
4 773 6 344
4 774 6 344
4 775 6 344
4 776 6 344
4 777 6 344
4 778 6 344
4 779 6 344
4 780 6 344
4 781 6 344
4 782 6 344
4 783 6 344
4 784 6 344
4 785 6 344
4 786 6 344
4 787 6 344
4 788 6 344
4 789 6 344
4 790 6 344
4 791 6 344
4 792 6 344
4 793 6 344
4 794 6 344
4 795 6 344
4 796 6 344
4 797 6 344
4 798 6 344
4 799 6 344
4 800 6 344
4 801 6 344
4 802 6 344
4 803 6 344
4 804 6 344
4 805 6 344
4 806 6 344
4 807 6 344
4 808 6 344
4 809 6 344
4 810 6 344
4 811 6 344
4 812 6 344
4 813 6 344
4 814 6 344
4 815 6 344
4 816 6 344
4 817 6 344
4 818 6 344
4 819 6 344
4 820 6 344
4 821 6 344
4 822 6 344
4 823 6 344
4 824 6 344
4 825 6 344
4 826 6 344
4 827 6 344
4 828 6 344
4 829 6 344
4 830 6 344
4 831 6 344
4 832 6 344
4 833 6 344
4 834 6 344
4 835 6 344
4 836 6 344
4 837 6 344
4 838 6 344
4 839 6 344
4 840 6 344
4 841 6 344
4 842 6 344
4 843 6 344
4 844 6 344
4 845 6 344
4 846 6 344
4 847 6 344
4 848 6 344
4 849 6 344
4 850 6 344
4 851 6 344
4 852 6 344
4 853 6 344
4 854 6 344
4 855 6 344
4 856 6 344
4 857 6 344
4 858 6 344
4 859 6 344
4 860 6 344
4 861 6 344
4 862 6 344
4 863 6 344
4 864 6 344
4 865 6 344
4 866 6 344
4 867 6 344
4 868 6 344
4 869 6 344
4 870 6 344
4 871 6 344
4 872 6 344
4 873 6 344
4 874 6 344
4 875 6 344
4 876 6 344
4 877 6 344
4 878 6 344
4 879 6 344
4 880 6 344
4 881 6 344
4 882 6 344
4 883 6 344
4 884 6 344
4 885 6 344
4 886 6 344
4 887 6 344
4 888 6 344
4 889 6 344
4 890 6 344
4 891 6 344
4 892 6 344
4 893 6 344
4 894 6 344
4 895 6 344
4 896 6 344
4 897 6 344
4 898 6 344
4 899 6 344
4 900 6 344
4 901 6 344
4 902 6 344
4 903 6 344
4 904 6 344
4 905 6 344
4 906 6 344
4 907 6 344
4 908 6 344
4 909 6 344
4 910 6 344
4 911 6 344
4 912 6 344
4 913 6 344
4 914 6 344
4 915 6 344
4 916 6 344
4 917 6 344
4 918 6 344
4 919 6 344
4 920 6 344
4 921 6 344
4 922 6 344
4 923 6 344
4 924 6 344
4 925 6 344
4 926 6 344
4 927 6 344
4 928 6 344
4 929 6 344
4 930 6 344
4 931 6 344
4 932 6 344
4 933 6 344
4 934 6 344
4 935 6 344
4 936 6 344
4 937 6 344
4 938 6 344
4 939 6 344
4 940 6 344
4 941 6 344
4 942 6 344
4 943 6 344
4 944 6 344
4 945 6 344
4 946 6 344
4 947 6 344
4 948 6 344
4 949 6 344
4 950 6 344
4 951 6 344
4 952 6 344
4 953 6 344
4 954 6 344
4 955 6 344
4 956 6 344
4 957 6 344
4 958 6 344
4 959 6 344
4 960 6 344
4 961 6 344
4 962 6 344
4 963 6 344
4 964 6 344
4 965 6 344
4 966 6 344
4 967 6 344
4 968 6 344
4 969 6 344
4 970 6 344
4 971 6 344
4 972 6 344
4 973 6 344
4 974 6 344
4 975 6 344
4 976 6 344
4 977 6 344
4 978 6 344
4 979 6 344
4 980 6 344
4 981 6 344
4 982 6 344
4 983 6 344
4 984 6 344
4 985 6 344
4 986 6 344
4 987 6 344
4 988 6 344
4 989 6 344
4 990 6 344
4 991 6 344
4 992 6 344
4 993 6 344
4 994 6 344
4 995 6 344
4 996 6 344
4 997 6 344
4 998 6 344
4 999 6 344
