512 0 1629636 603357365
512 1 1629603 603357365
512 2 1630669 603357365
512 3 1629910 603357365
512 4 1630665 603357365
512 5 1630877 603357365
512 6 1630076 603357365
512 7 1631199 603357365
512 8 1629869 603357365
512 9 1630210 603357365
512 10 1630835 603357365
512 11 1630702 603357365
512 12 1630929 603357365
512 13 1629765 603357365
512 14 1630945 603357365
512 15 1629561 603357365
512 16 1630750 603357365
512 17 1631472 603357365
512 18 1630626 603357365
512 19 1631229 603357365
512 20 1629373 603357365
512 21 1630318 603357365
512 22 1631450 603357365
512 23 1630175 603357365
512 24 1629987 603357365
512 25 1631762 603357365
512 26 1630012 603357365
512 27 1630543 603357365
512 28 1631507 603357365
512 29 1630307 603357365
512 30 1629872 603357365
512 31 1630625 603357365
512 32 1629908 603357365
512 33 1629768 603357365
512 34 1629677 603357365
512 35 1630811 603357365
512 36 1630390 603357365
512 37 1629448 603357365
512 38 1631740 603357365
512 39 1630517 603357365
512 40 1629762 603357365
512 41 1631001 603357365
512 42 1630489 603357365
512 43 1631329 603357365
512 44 1631591 603357365
512 45 1630079 603357365
512 46 1629880 603357365
512 47 1628925 603357365
512 48 1630421 603357365
512 49 1629159 603357365
512 50 1630560 603357365
512 51 1629255 603357365
512 52 1630971 603357365
512 53 1630892 603357365
512 54 1631155 603357365
512 55 1629795 603357365
512 56 1631536 603357365
512 57 1631148 603357365
512 58 1630867 603357365
512 59 1630881 603357365
512 60 1630687 603357365
512 61 1628725 603357365
512 62 1628629 603357365
512 63 1629925 603357365
512 64 1630322 603357365
512 65 1630599 603357365
512 66 1630620 603357365
512 67 1631984 603357365
512 68 1631435 603357365
512 69 1630282 603357365
512 70 1630191 603357365
512 71 1630422 603357365
512 72 1631692 603357365
512 73 1630446 603357365
512 74 1630217 603357365
512 75 1631362 603357365
512 76 1630031 603357365
512 77 1629530 603357365
512 78 1629290 603357365
512 79 1632540 603357365
512 80 1631190 603357365
512 81 1629990 603357365
512 82 1630257 603357365
512 83 1630148 603357365
512 84 1631137 603357365
512 85 1630603 603357365
512 86 1631679 603357365
512 87 1630184 603357365
512 88 1630545 603357365
512 89 1631063 603357365
512 90 1630106 603357365
512 91 1631515 603357365
512 92 1629718 603357365
512 93 1631219 603357365
512 94 1628579 603357365
512 95 1629974 603357365
512 96 1630281 603357365
512 97 1629299 603357365
512 98 1631668 603357365
512 99 1630399 603357365
512 100 1629927 603357365
512 101 1630248 603357365
512 102 1629935 603357365
512 103 1631454 603357365
512 104 1629971 603357365
512 105 1630728 603357365
512 106 1631266 603357365
512 107 1628799 603357365
512 108 1629615 603357365
512 109 1631089 603357365
512 110 1631330 603357365
512 111 1630731 603357365
512 112 1631263 603357365
512 113 1630229 603357365
512 114 1630133 603357365
512 115 1631316 603357365
512 116 1630446 603357365
512 117 1630355 603357365
512 118 1630804 603357365
512 119 1631042 603357365
512 120 1629581 603357365
512 121 1629548 603357365
512 122 1630241 603357365
512 123 1629305 603357365
512 124 1629151 603357365
512 125 1629478 603357365
512 126 1630116 603357365
512 127 1630590 603357365
512 128 1629724 603357365
512 129 1630578 603357365
512 130 1630793 603357365
512 131 1630221 603357365
512 132 1629599 603357365
512 133 1629363 603357365
512 134 1630792 603357365
512 135 1629181 603357365
512 136 1628856 603357365
512 137 1631387 603357365
512 138 1630935 603357365
512 139 1628505 603357365
512 140 1629798 603357365
512 141 1631161 603357365
512 142 1630829 603357365
512 143 1630883 603357365
512 144 1631716 603357365
512 145 1629932 603357365
512 146 1630241 603357365
512 147 1630112 603357365
512 148 1630982 603357365
512 149 1629643 603357365
512 150 1629907 603357365
512 151 1630041 603357365
512 152 1630438 603357365
512 153 1632141 603357365
512 154 1631583 603357365
512 155 1628631 603357365
512 156 1629588 603357365
512 157 1631080 603357365
512 158 1630802 603357365
512 159 1629840 603357365
512 160 1629535 603357365
512 161 1631336 603357365
512 162 1631290 603357365
512 163 1629433 603357365
512 164 1629964 603357365
512 165 1629426 603357365
512 166 1632147 603357365
512 167 1631131 603357365
512 168 1630786 603357365
512 169 1630465 603357365
512 170 1630041 603357365
512 171 1630616 603357365
512 172 1629060 603357365
512 173 1632857 603357365
512 174 1631238 603357365
512 175 1630694 603357365
512 176 1630718 603357365
512 177 1630070 603357365
512 178 1628852 603357365
512 179 1630610 603357365
512 180 1629416 603357365
512 181 1631465 603357365
512 182 1628637 603357365
512 183 1628822 603357365
512 184 1630280 603357365
512 185 1629382 603357365
512 186 1630598 603357365
512 187 1630222 603357365
512 188 1630440 603357365
512 189 1629901 603357365
512 190 1631027 603357365
512 191 1630953 603357365
512 192 1629309 603357365
512 193 1628275 603357365
512 194 1629855 603357365
512 195 1629576 603357365
512 196 1630045 603357365
512 197 1630153 603357365
512 198 1631091 603357365
512 199 1630310 603357365
512 200 1630962 603357365
512 201 1631700 603357365
512 202 1631032 603357365
512 203 1628678 603357365
512 204 1629664 603357365
512 205 1629874 603357365
512 206 1631093 603357365
512 207 1631428 603357365
512 208 1630029 603357365
512 209 1631808 603357365
512 210 1631113 603357365
512 211 1631292 603357365
512 212 1629858 603357365
512 213 1630561 603357365
512 214 1629823 603357365
512 215 1630831 603357365
512 216 1629893 603357365
512 217 1629972 603357365
512 218 1628813 603357365
512 219 1631322 603357365
512 220 1629589 603357365
512 221 1630162 603357365
512 222 1630091 603357365
512 223 1630504 603357365
512 224 1628899 603357365
512 225 1631053 603357365
512 226 1631012 603357365
512 227 1630468 603357365
512 228 1630988 603357365
512 229 1629858 603357365
512 230 1631109 603357365
512 231 1631992 603357365
512 232 1630459 603357365
512 233 1631290 603357365
512 234 1632432 603357365
512 235 1631472 603357365
512 236 1630647 603357365
512 237 1630426 603357365
512 238 1630132 603357365
512 239 1630688 603357365
512 240 1630581 603357365
512 241 1630089 603357365
512 242 1629930 603357365
512 243 1629861 603357365
512 244 1631172 603357365
512 245 1630001 603357365
512 246 1629125 603357365
512 247 1630618 603357365
512 248 1631160 603357365
512 249 1631366 603357365
512 250 1629097 603357365
512 251 1630225 603357365
512 252 1629762 603357365
512 253 1630674 603357365
512 254 1628647 603357365
512 255 1630374 603357365
512 256 1630366 603357365
512 257 1631837 603357365
512 258 1629993 603357365
512 259 1632193 603357365
512 260 1629601 603357365
512 261 1631441 603357365
512 262 1631196 603357365
512 263 1629962 603357365
512 264 1629765 603357365
512 265 1630235 603357365
512 266 1630971 603357365
512 267 1630239 603357365
512 268 1630399 603357365
512 269 1630103 603357365
512 270 1631640 603357365
512 271 1630713 603357365
512 272 1629334 603357365
512 273 1631567 603357365
512 274 1630154 603357365
512 275 1631219 603357365
512 276 1630876 603357365
512 277 1628800 603357365
512 278 1630337 603357365
512 279 1630026 603357365
512 280 1630401 603357365
512 281 1630937 603357365
512 282 1630623 603357365
512 283 1629974 603357365
512 284 1629445 603357365
512 285 1629894 603357365
512 286 1629988 603357365
512 287 1630500 603357365
512 288 1628823 603357365
512 289 1630997 603357365
512 290 1631634 603357365
512 291 1631120 603357365
512 292 1630006 603357365
512 293 1631068 603357365
512 294 1629954 603357365
512 295 1630851 603357365
512 296 1631872 603357365
512 297 1629317 603357365
512 298 1629646 603357365
512 299 1630181 603357365
512 300 1631444 603357365
512 301 1630614 603357365
512 302 1630851 603357365
512 303 1630467 603357365
512 304 1630054 603357365
512 305 1631426 603357365
512 306 1630923 603357365
512 307 1630556 603357365
512 308 1630362 603357365
512 309 1630615 603357365
512 310 1630109 603357365
512 311 1631129 603357365
512 312 1630112 603357365
512 313 1629786 603357365
512 314 1630178 603357365
512 315 1630761 603357365
512 316 1630280 603357365
512 317 1628735 603357365
512 318 1630487 603357365
512 319 1630071 603357365
512 320 1629915 603357365
512 321 1629473 603357365
512 322 1629975 603357365
512 323 1630376 603357365
512 324 1630470 603357365
512 325 1629116 603357365
512 326 1629985 603357365
512 327 1630637 603357365
512 328 1629940 603357365
512 329 1632158 603357365
512 330 1629396 603357365
512 331 1629955 603357365
512 332 1630394 603357365
512 333 1630116 603357365
512 334 1628859 603357365
512 335 1630963 603357365
512 336 1628826 603357365
512 337 1631585 603357365
512 338 1631413 603357365
512 339 1629562 603357365
512 340 1628898 603357365
512 341 1629912 603357365
512 342 1630708 603357365
512 343 1630025 603357365
512 344 1630268 603357365
512 345 1630678 603357365
512 346 1630748 603357365
512 347 1631380 603357365
512 348 1629522 603357365
512 349 1629374 603357365
512 350 1630300 603357365
512 351 1630498 603357365
512 352 1630793 603357365
512 353 1629417 603357365
512 354 1630304 603357365
512 355 1629226 603357365
512 356 1631353 603357365
512 357 1630083 603357365
512 358 1631473 603357365
512 359 1630874 603357365
512 360 1630704 603357365
512 361 1632348 603357365
512 362 1630162 603357365
512 363 1630384 603357365
512 364 1630319 603357365
512 365 1630949 603357365
512 366 1629518 603357365
512 367 1629910 603357365
512 368 1629657 603357365
512 369 1630084 603357365
512 370 1628869 603357365
512 371 1630620 603357365
512 372 1630920 603357365
512 373 1629553 603357365
512 374 1630229 603357365
512 375 1630515 603357365
512 376 1630436 603357365
512 377 1629841 603357365
512 378 1631951 603357365
512 379 1631081 603357365
512 380 1630892 603357365
512 381 1630861 603357365
512 382 1631008 603357365
512 383 1630271 603357365
512 384 1630457 603357365
512 385 1630768 603357365
512 386 1631151 603357365
512 387 1630946 603357365
512 388 1629727 603357365
512 389 1629575 603357365
512 390 1630765 603357365
512 391 1629852 603357365
512 392 1630617 603357365
512 393 1630642 603357365
512 394 1630496 603357365
512 395 1629871 603357365
512 396 1630861 603357365
512 397 1629192 603357365
512 398 1629613 603357365
512 399 1630280 603357365
512 400 1631544 603357365
512 401 1629588 603357365
512 402 1629507 603357365
512 403 1630410 603357365
512 404 1630173 603357365
512 405 1631448 603357365
512 406 1630860 603357365
512 407 1628968 603357365
512 408 1630972 603357365
512 409 1630388 603357365
512 410 1628968 603357365
512 411 1629985 603357365
512 412 1630802 603357365
512 413 1630205 603357365
512 414 1631419 603357365
512 415 1629060 603357365
512 416 1631568 603357365
512 417 1629670 603357365
512 418 1630113 603357365
512 419 1630625 603357365
512 420 1631381 603357365
512 421 1631206 603357365
512 422 1631846 603357365
512 423 1630326 603357365
512 424 1630611 603357365
512 425 1629752 603357365
512 426 1630568 603357365
512 427 1629933 603357365
512 428 1629801 603357365
512 429 1630824 603357365
512 430 1630494 603357365
512 431 1630231 603357365
512 432 1630151 603357365
512 433 1629484 603357365
512 434 1630270 603357365
512 435 1630181 603357365
512 436 1631323 603357365
512 437 1630320 603357365
512 438 1629335 603357365
512 439 1629746 603357365
512 440 1629909 603357365
512 441 1629006 603357365
512 442 1629338 603357365
512 443 1630921 603357365
512 444 1630420 603357365
512 445 1630859 603357365
512 446 1630302 603357365
512 447 1631425 603357365
512 448 1631402 603357365
512 449 1630428 603357365
512 450 1630452 603357365
512 451 1631160 603357365
512 452 1629523 603357365
512 453 1630049 603357365
512 454 1631481 603357365
512 455 1629432 603357365
512 456 1630432 603357365
512 457 1630520 603357365
512 458 1630609 603357365
512 459 1628790 603357365
512 460 1629997 603357365
512 461 1629946 603357365
512 462 1629962 603357365
512 463 1630129 603357365
512 464 1630089 603357365
512 465 1629816 603357365
512 466 1630383 603357365
512 467 1629768 603357365
512 468 1631159 603357365
512 469 1629594 603357365
512 470 1631240 603357365
512 471 1630472 603357365
512 472 1629403 603357365
512 473 1629362 603357365
512 474 1631328 603357365
512 475 1631207 603357365
512 476 1630809 603357365
512 477 1630386 603357365
512 478 1630725 603357365
512 479 1629781 603357365
512 480 1630232 603357365
512 481 1629191 603357365
512 482 1631146 603357365
512 483 1630829 603357365
512 484 1630148 603357365
512 485 1632156 603357365
512 486 1631191 603357365
512 487 1631191 603357365
512 488 1630258 603357365
512 489 1630780 603357365
512 490 1630524 603357365
512 491 1629666 603357365
512 492 1630669 603357365
512 493 1629476 603357365
512 494 1629657 603357365
512 495 1632666 603357365
512 496 1629203 603357365
512 497 1630359 603357365
512 498 1630068 603357365
512 499 1632469 603357365
512 500 1631639 603357365
512 501 1631263 603357365
512 502 1630651 603357365
512 503 1630347 603357365
512 504 1630504 603357365
512 505 1629095 603357365
512 506 1631222 603357365
512 507 1627864 603357365
512 508 1630794 603357365
512 509 1630837 603357365
512 510 1630361 603357365
512 511 1629665 603357365
512 512 1631252 603357365
512 513 1630207 603357365
512 514 1630300 603357365
512 515 1631071 603357365
512 516 1630273 603357365
512 517 1631375 603357365
512 518 1629392 603357365
512 519 1630342 603357365
512 520 1629810 603357365
512 521 1629336 603357365
512 522 1630511 603357365
512 523 1630321 603357365
512 524 1631397 603357365
512 525 1631761 603357365
512 526 1630532 603357365
512 527 1631133 603357365
512 528 1631815 603357365
512 529 1630248 603357365
512 530 1630296 603357365
512 531 1630497 603357365
512 532 1630427 603357365
512 533 1630983 603357365
512 534 1630823 603357365
512 535 1631608 603357365
512 536 1630280 603357365
512 537 1630985 603357365
512 538 1630234 603357365
512 539 1629603 603357365
512 540 1631299 603357365
512 541 1630428 603357365
512 542 1629784 603357365
512 543 1629687 603357365
512 544 1629709 603357365
512 545 1629747 603357365
512 546 1629495 603357365
512 547 1630142 603357365
512 548 1629709 603357365
512 549 1629771 603357365
512 550 1629526 603357365
512 551 1630281 603357365
512 552 1630296 603357365
512 553 1631198 603357365
512 554 1630157 603357365
512 555 1629674 603357365
512 556 1631120 603357365
512 557 1629788 603357365
512 558 1630648 603357365
512 559 1629803 603357365
512 560 1629331 603357365
512 561 1630436 603357365
512 562 1630392 603357365
512 563 1629479 603357365
512 564 1631594 603357365
512 565 1629738 603357365
512 566 1630206 603357365
512 567 1630243 603357365
512 568 1629555 603357365
512 569 1631353 603357365
512 570 1629060 603357365
512 571 1630673 603357365
512 572 1630765 603357365
512 573 1630474 603357365
512 574 1630273 603357365
512 575 1629856 603357365
512 576 1630345 603357365
512 577 1628606 603357365
512 578 1630079 603357365
512 579 1629701 603357365
512 580 1630020 603357365
512 581 1630353 603357365
512 582 1629473 603357365
512 583 1630674 603357365
512 584 1629548 603357365
512 585 1628789 603357365
512 586 1629233 603357365
512 587 1631648 603357365
512 588 1631670 603357365
512 589 1629955 603357365
512 590 1628465 603357365
512 591 1629320 603357365
512 592 1630086 603357365
512 593 1629093 603357365
512 594 1629500 603357365
512 595 1631920 603357365
512 596 1630565 603357365
512 597 1631281 603357365
512 598 1629598 603357365
512 599 1629125 603357365
512 600 1629305 603357365
512 601 1629828 603357365
512 602 1631158 603357365
512 603 1630764 603357365
512 604 1630837 603357365
512 605 1629913 603357365
512 606 1630829 603357365
512 607 1629075 603357365
512 608 1629780 603357365
512 609 1630107 603357365
512 610 1631228 603357365
512 611 1630573 603357365
512 612 1631057 603357365
512 613 1628765 603357365
512 614 1630712 603357365
512 615 1631791 603357365
512 616 1630906 603357365
512 617 1631492 603357365
512 618 1631140 603357365
512 619 1629638 603357365
512 620 1630847 603357365
512 621 1630486 603357365
512 622 1630158 603357365
512 623 1629006 603357365
512 624 1629413 603357365
512 625 1630417 603357365
512 626 1629378 603357365
512 627 1630076 603357365
512 628 1628765 603357365
512 629 1631488 603357365
512 630 1629575 603357365
512 631 1630350 603357365
512 632 1629568 603357365
512 633 1629885 603357365
512 634 1631313 603357365
512 635 1630282 603357365
512 636 1631585 603357365
512 637 1630497 603357365
512 638 1629978 603357365
512 639 1629720 603357365
512 640 1630060 603357365
512 641 1630344 603357365
512 642 1629474 603357365
512 643 1630445 603357365
512 644 1629814 603357365
512 645 1630848 603357365
512 646 1629347 603357365
512 647 1630665 603357365
512 648 1630503 603357365
512 649 1630723 603357365
512 650 1629544 603357365
512 651 1630029 603357365
512 652 1629312 603357365
512 653 1630749 603357365
512 654 1630826 603357365
512 655 1630564 603357365
512 656 1628331 603357365
512 657 1628496 603357365
512 658 1630923 603357365
512 659 1630290 603357365
512 660 1631424 603357365
512 661 1629259 603357365
512 662 1630669 603357365
512 663 1629075 603357365
512 664 1631205 603357365
512 665 1630012 603357365
512 666 1630452 603357365
512 667 1630541 603357365
512 668 1632272 603357365
512 669 1629886 603357365
512 670 1630528 603357365
512 671 1631319 603357365
512 672 1630785 603357365
512 673 1631256 603357365
512 674 1630498 603357365
512 675 1630284 603357365
512 676 1628925 603357365
512 677 1629312 603357365
512 678 1630800 603357365
512 679 1630324 603357365
512 680 1631781 603357365
512 681 1630964 603357365
512 682 1630612 603357365
512 683 1631968 603357365
512 684 1631773 603357365
512 685 1629975 603357365
512 686 1630592 603357365
512 687 1628324 603357365
512 688 1631056 603357365
512 689 1631360 603357365
512 690 1631271 603357365
512 691 1630530 603357365
512 692 1631501 603357365
512 693 1631390 603357365
512 694 1630427 603357365
512 695 1630558 603357365
512 696 1629845 603357365
512 697 1629476 603357365
512 698 1629776 603357365
512 699 1629963 603357365
512 700 1630295 603357365
512 701 1630691 603357365
512 702 1629011 603357365
512 703 1629629 603357365
512 704 1630966 603357365
512 705 1631327 603357365
512 706 1630424 603357365
512 707 1631745 603357365
512 708 1631607 603357365
512 709 1629875 603357365
512 710 1630654 603357365
512 711 1631150 603357365
512 712 1629943 603357365
512 713 1630381 603357365
512 714 1628757 603357365
512 715 1629785 603357365
512 716 1631211 603357365
512 717 1629956 603357365
512 718 1630779 603357365
512 719 1630939 603357365
512 720 1629274 603357365
512 721 1630156 603357365
512 722 1629849 603357365
512 723 1629208 603357365
512 724 1629407 603357365
512 725 1629422 603357365
512 726 1631272 603357365
512 727 1630822 603357365
512 728 1629565 603357365
512 729 1631263 603357365
512 730 1631178 603357365
512 731 1629768 603357365
512 732 1630773 603357365
512 733 1631346 603357365
512 734 1629825 603357365
512 735 1630711 603357365
512 736 1631122 603357365
512 737 1630252 603357365
512 738 1630797 603357365
512 739 1630310 603357365
512 740 1629878 603357365
512 741 1630901 603357365
512 742 1629743 603357365
512 743 1629472 603357365
512 744 1629565 603357365
512 745 1630502 603357365
512 746 1629236 603357365
512 747 1631502 603357365
512 748 1629497 603357365
512 749 1630214 603357365
512 750 1628806 603357365
512 751 1629858 603357365
512 752 1630106 603357365
512 753 1631859 603357365
512 754 1630628 603357365
512 755 1630603 603357365
512 756 1630990 603357365
512 757 1629436 603357365
512 758 1631737 603357365
512 759 1630006 603357365
512 760 1630356 603357365
512 761 1630893 603357365
512 762 1630121 603357365
512 763 1630506 603357365
512 764 1628954 603357365
512 765 1630108 603357365
512 766 1630259 603357365
512 767 1630506 603357365
512 768 1629824 603357365
512 769 1630749 603357365
512 770 1631342 603357365
512 771 1629527 603357365
512 772 1630843 603357365
512 773 1629892 603357365
512 774 1632181 603357365
512 775 1632532 603357365
512 776 1629043 603357365
512 777 1629929 603357365
512 778 1630628 603357365
512 779 1629597 603357365
512 780 1628206 603357365
512 781 1629984 603357365
512 782 1630314 603357365
512 783 1630669 603357365
512 784 1630485 603357365
512 785 1630708 603357365
512 786 1630404 603357365
512 787 1630270 603357365
512 788 1631324 603357365
512 789 1630117 603357365
512 790 1631012 603357365
512 791 1628670 603357365
512 792 1630971 603357365
512 793 1630082 603357365
512 794 1631238 603357365
512 795 1628681 603357365
512 796 1630716 603357365
512 797 1630935 603357365
512 798 1631999 603357365
512 799 1629254 603357365
512 800 1631040 603357365
512 801 1629045 603357365
512 802 1630060 603357365
512 803 1629163 603357365
512 804 1630760 603357365
512 805 1629530 603357365
512 806 1630462 603357365
512 807 1631028 603357365
512 808 1631684 603357365
512 809 1629660 603357365
512 810 1630033 603357365
512 811 1630351 603357365
512 812 1631439 603357365
512 813 1630091 603357365
512 814 1629873 603357365
512 815 1629192 603357365
512 816 1629783 603357365
512 817 1630625 603357365
512 818 1630450 603357365
512 819 1630393 603357365
512 820 1629122 603357365
512 821 1630448 603357365
512 822 1630524 603357365
512 823 1631894 603357365
512 824 1629931 603357365
512 825 1630017 603357365
512 826 1630568 603357365
512 827 1631830 603357365
512 828 1631085 603357365
512 829 1629824 603357365
512 830 1631605 603357365
512 831 1630169 603357365
512 832 1629407 603357365
512 833 1631175 603357365
512 834 1630864 603357365
512 835 1630490 603357365
512 836 1629059 603357365
512 837 1629996 603357365
512 838 1630298 603357365
512 839 1629475 603357365
512 840 1630712 603357365
512 841 1631564 603357365
512 842 1629365 603357365
512 843 1630448 603357365
512 844 1629481 603357365
512 845 1630945 603357365
512 846 1631831 603357365
512 847 1629490 603357365
512 848 1630948 603357365
512 849 1628971 603357365
512 850 1629654 603357365
512 851 1629561 603357365
512 852 1629053 603357365
512 853 1629605 603357365
512 854 1631177 603357365
512 855 1630182 603357365
512 856 1632149 603357365
512 857 1630072 603357365
512 858 1630382 603357365
512 859 1630770 603357365
512 860 1630150 603357365
512 861 1629414 603357365
512 862 1630729 603357365
512 863 1632012 603357365
512 864 1630908 603357365
512 865 1629981 603357365
512 866 1629399 603357365
512 867 1630861 603357365
512 868 1630879 603357365
512 869 1632579 603357365
512 870 1631071 603357365
512 871 1631548 603357365
512 872 1630434 603357365
512 873 1630866 603357365
512 874 1630679 603357365
512 875 1629182 603357365
512 876 1630046 603357365
512 877 1631268 603357365
512 878 1630658 603357365
512 879 1631117 603357365
512 880 1631932 603357365
512 881 1630428 603357365
512 882 1629660 603357365
512 883 1629907 603357365
512 884 1630855 603357365
512 885 1629066 603357365
512 886 1630198 603357365
512 887 1632385 603357365
512 888 1630891 603357365
512 889 1630274 603357365
512 890 1629664 603357365
512 891 1630883 603357365
512 892 1630696 603357365
512 893 1628837 603357365
512 894 1631551 603357365
512 895 1630054 603357365
512 896 1630861 603357365
512 897 1629374 603357365
512 898 1631196 603357365
512 899 1629578 603357365
512 900 1629458 603357365
512 901 1630439 603357365
512 902 1629205 603357365
512 903 1630376 603357365
512 904 1629911 603357365
512 905 1628450 603357365
512 906 1630976 603357365
512 907 1630945 603357365
512 908 1630662 603357365
512 909 1630881 603357365
512 910 1630308 603357365
512 911 1630571 603357365
512 912 1629823 603357365
512 913 1629882 603357365
512 914 1629344 603357365
512 915 1630040 603357365
512 916 1628917 603357365
512 917 1631070 603357365
512 918 1630486 603357365
512 919 1630441 603357365
512 920 1631080 603357365
512 921 1631284 603357365
512 922 1629900 603357365
512 923 1630921 603357365
512 924 1630989 603357365
512 925 1630297 603357365
512 926 1630511 603357365
512 927 1629559 603357365
512 928 1629573 603357365
512 929 1632571 603357365
512 930 1629757 603357365
512 931 1631340 603357365
512 932 1629752 603357365
512 933 1630949 603357365
512 934 1630254 603357365
512 935 1630742 603357365
512 936 1631305 603357365
512 937 1630566 603357365
512 938 1630754 603357365
512 939 1631859 603357365
512 940 1631747 603357365
512 941 1628902 603357365
512 942 1630573 603357365
512 943 1630342 603357365
512 944 1629917 603357365
512 945 1631043 603357365
512 946 1631267 603357365
512 947 1631684 603357365
512 948 1631471 603357365
512 949 1628872 603357365
512 950 1628478 603357365
512 951 1630352 603357365
512 952 1630569 603357365
512 953 1629729 603357365
512 954 1631064 603357365
512 955 1630368 603357365
512 956 1631555 603357365
512 957 1630928 603357365
512 958 1629821 603357365
512 959 1629985 603357365
512 960 1630848 603357365
512 961 1630318 603357365
512 962 1631273 603357365
512 963 1631749 603357365
512 964 1629423 603357365
512 965 1630285 603357365
512 966 1628342 603357365
512 967 1631360 603357365
512 968 1630924 603357365
512 969 1629330 603357365
512 970 1630579 603357365
512 971 1629938 603357365
512 972 1628562 603357365
512 973 1630936 603357365
512 974 1629755 603357365
512 975 1631375 603357365
512 976 1630965 603357365
512 977 1629971 603357365
512 978 1629909 603357365
512 979 1627946 603357365
512 980 1631592 603357365
512 981 1630898 603357365
512 982 1631483 603357365
512 983 1630382 603357365
512 984 1629874 603357365
512 985 1630700 603357365
512 986 1630239 603357365
512 987 1630148 603357365
512 988 1631161 603357365
512 989 1630447 603357365
512 990 1630414 603357365
512 991 1631247 603357365
512 992 1629059 603357365
512 993 1628564 603357365
512 994 1629950 603357365
512 995 1630753 603357365
512 996 1629453 603357365
512 997 1628730 603357365
512 998 1631307 603357365
512 999 1629764 603357365
