512 0 7642821 603357571
512 1 7394025 603357571
512 2 7378352 603357571
512 3 7356555 603357571
512 4 7364774 603357571
512 5 7391512 603357571
512 6 7403984 603357571
512 7 7339866 603357571
512 8 7357125 603357571
512 9 7359775 603357571
512 10 7358349 603357571
512 11 7332886 603357571
512 12 7352520 603357571
512 13 7362127 603357571
512 14 7340527 603357571
512 15 7339593 603357571
512 16 7334006 603357571
512 17 7378345 603357571
512 18 7351243 603357571
512 19 7352238 603357571
512 20 7365546 603357571
512 21 7351380 603357571
512 22 7358996 603357571
512 23 7358647 603357571
512 24 7364544 603357571
512 25 7372227 603357571
512 26 7382397 603357571
512 27 7336227 603357571
512 28 7365537 603357571
512 29 7376699 603357571
512 30 7351675 603357571
512 31 7328698 603357571
512 32 7356738 603357571
512 33 7328882 603357571
512 34 7367582 603357571
512 35 7350488 603357571
512 36 7352450 603357571
512 37 7356835 603357571
512 38 7377691 603357571
512 39 7334644 603357571
512 40 7347356 603357571
512 41 7376265 603357571
512 42 7372333 603357571
512 43 7354749 603357571
512 44 7386138 603357571
512 45 7401264 603357571
512 46 7404360 603357571
512 47 7338250 603357571
512 48 7363875 603357571
512 49 7339634 603357571
512 50 7351335 603357571
512 51 7340906 603357571
512 52 7317591 603357571
512 53 7342255 603357571
512 54 7329826 603357571
512 55 7358089 603357571
512 56 7348558 603357571
512 57 7350162 603357571
512 58 7343001 603357571
512 59 7374108 603357571
512 60 7366971 603357571
512 61 7347115 603357571
512 62 7339132 603357571
512 63 7344989 603357571
512 64 7373084 603357571
512 65 7383698 603357571
512 66 7352891 603357571
512 67 7334891 603357571
512 68 7364946 603357571
512 69 7372206 603357571
512 70 7352886 603357571
512 71 7351070 603357571
512 72 7367837 603357571
512 73 7337949 603357571
512 74 7338241 603357571
512 75 7336528 603357571
512 76 7328023 603357571
512 77 7335381 603357571
512 78 7335716 603357571
512 79 7352968 603357571
512 80 7374412 603357571
512 81 7332965 603357571
512 82 7366390 603357571
512 83 7354762 603357571
512 84 7357985 603357571
512 85 7324452 603357571
512 86 7345406 603357571
512 87 7311193 603357571
512 88 7343185 603357571
512 89 7363713 603357571
512 90 7350307 603357571
512 91 7365817 603357571
512 92 7344053 603357571
512 93 7332454 603357571
512 94 7365621 603357571
512 95 7320874 603357571
512 96 7364211 603357571
512 97 7366912 603357571
512 98 7361748 603357571
512 99 7372095 603357571
512 100 7347388 603357571
512 101 7317620 603357571
512 102 7363531 603357571
512 103 7320854 603357571
512 104 7351245 603357571
512 105 7377618 603357571
512 106 7346210 603357571
512 107 7339777 603357571
512 108 7362516 603357571
512 109 7348110 603357571
512 110 7342074 603357571
512 111 7351954 603357571
512 112 7346177 603357571
512 113 7327258 603357571
512 114 7340795 603357571
512 115 7327499 603357571
512 116 7302341 603357571
512 117 7340715 603357571
512 118 7364818 603357571
512 119 7374249 603357571
512 120 7316001 603357571
512 121 7334559 603357571
512 122 7357383 603357571
512 123 7345787 603357571
512 124 7326280 603357571
512 125 7349050 603357571
512 126 7293958 603357571
512 127 7384830 603357571
512 128 7356835 603357571
512 129 7341253 603357571
512 130 7383055 603357571
512 131 7326449 603357571
512 132 7378348 603357571
512 133 7349928 603357571
512 134 7381960 603357571
512 135 7336138 603357571
512 136 7317881 603357571
512 137 7397570 603357571
512 138 7362790 603357571
512 139 7353578 603357571
512 140 7306023 603357571
512 141 7346647 603357571
512 142 7340775 603357571
512 143 7390288 603357571
512 144 7335501 603357571
512 145 7322530 603357571
512 146 7365587 603357571
512 147 7391479 603357571
512 148 7388834 603357571
512 149 7355558 603357571
512 150 7378345 603357571
512 151 7362950 603357571
512 152 7373978 603357571
512 153 7418151 603357571
512 154 7352848 603357571
512 155 7318923 603357571
512 156 7371805 603357571
512 157 7380941 603357571
512 158 7344809 603357571
512 159 7325547 603357571
512 160 7415465 603357571
512 161 7370783 603357571
512 162 7364925 603357571
512 163 7359677 603357571
512 164 7381084 603357571
512 165 7334645 603357571
512 166 7368894 603357571
512 167 7358968 603357571
512 168 7357009 603357571
512 169 7381068 603357571
512 170 7356140 603357571
512 171 7337922 603357571
512 172 7403688 603357571
512 173 7335385 603357571
512 174 7339516 603357571
512 175 7326349 603357571
512 176 7332726 603357571
512 177 7367786 603357571
512 178 7343480 603357571
512 179 7351233 603357571
512 180 7325622 603357571
512 181 7335731 603357571
512 182 7358247 603357571
512 183 7352537 603357571
512 184 7347439 603357571
512 185 7344963 603357571
512 186 7352496 603357571
512 187 7339469 603357571
512 188 7330678 603357571
512 189 7345647 603357571
512 190 7333203 603357571
512 191 7368510 603357571
512 192 7383878 603357571
512 193 7333417 603357571
512 194 7365495 603357571
512 195 7386905 603357571
512 196 7365259 603357571
512 197 7348312 603357571
512 198 7380073 603357571
512 199 7352029 603357571
512 200 7389143 603357571
512 201 7351851 603357571
512 202 7343067 603357571
512 203 7345634 603357571
512 204 7331900 603357571
512 205 7371924 603357571
512 206 7338052 603357571
512 207 7381569 603357571
512 208 7372138 603357571
512 209 7377736 603357571
512 210 7367447 603357571
512 211 7363244 603357571
512 212 7331864 603357571
512 213 7343928 603357571
512 214 7344415 603357571
512 215 7350302 603357571
512 216 7339454 603357571
512 217 7353264 603357571
512 218 7374737 603357571
512 219 7322495 603357571
512 220 7349777 603357571
512 221 7362884 603357571
512 222 7357443 603357571
512 223 7353186 603357571
512 224 7348043 603357571
512 225 7355853 603357571
512 226 7344564 603357571
512 227 7335006 603357571
512 228 7364728 603357571
512 229 7345858 603357571
512 230 7329278 603357571
512 231 7376529 603357571
512 232 7393045 603357571
512 233 7331563 603357571
512 234 7336633 603357571
512 235 7361750 603357571
512 236 7360998 603357571
512 237 7395424 603357571
512 238 7389684 603357571
512 239 7343461 603357571
512 240 7372056 603357571
512 241 7378705 603357571
512 242 7348360 603357571
512 243 7352014 603357571
512 244 7337955 603357571
512 245 7353145 603357571
512 246 7370959 603357571
512 247 7324808 603357571
512 248 7345723 603357571
512 249 7362706 603357571
512 250 7333427 603357571
512 251 7341095 603357571
512 252 7375772 603357571
512 253 7364076 603357571
512 254 7373667 603357571
512 255 7345500 603357571
512 256 7299055 603357571
512 257 7313141 603357571
512 258 7372559 603357571
512 259 7334917 603357571
512 260 7361917 603357571
512 261 7364382 603357571
512 262 7343973 603357571
512 263 7367371 603357571
512 264 7370850 603357571
512 265 7336281 603357571
512 266 7362436 603357571
512 267 7388232 603357571
512 268 7360315 603357571
512 269 7369935 603357571
512 270 7346046 603357571
512 271 7363482 603357571
512 272 7373175 603357571
512 273 7356728 603357571
512 274 7378827 603357571
512 275 7384207 603357571
512 276 7349977 603357571
512 277 7327149 603357571
512 278 7369840 603357571
512 279 7354303 603357571
512 280 7356601 603357571
512 281 7376851 603357571
512 282 7352555 603357571
512 283 7387912 603357571
512 284 7366837 603357571
512 285 7350643 603357571
512 286 7384526 603357571
512 287 7329820 603357571
512 288 7358190 603357571
512 289 7354190 603357571
512 290 7370922 603357571
512 291 7388320 603357571
512 292 7338150 603357571
512 293 7375100 603357571
512 294 7350970 603357571
512 295 7357199 603357571
512 296 7360764 603357571
512 297 7347327 603357571
512 298 7372613 603357571
512 299 7348107 603357571
512 300 7374173 603357571
512 301 7382246 603357571
512 302 7381733 603357571
512 303 7362678 603357571
512 304 7371707 603357571
512 305 7388732 603357571
512 306 7350778 603357571
512 307 7370383 603357571
512 308 7346519 603357571
512 309 7363976 603357571
512 310 7344435 603357571
512 311 7354293 603357571
512 312 7391550 603357571
512 313 7365153 603357571
512 314 7347769 603357571
512 315 7351119 603357571
512 316 7350924 603357571
512 317 7392869 603357571
512 318 7355502 603357571
512 319 7386070 603357571
512 320 7371323 603357571
512 321 7375170 603357571
512 322 7340143 603357571
512 323 7322088 603357571
512 324 7357330 603357571
512 325 7337284 603357571
512 326 7387981 603357571
512 327 7369198 603357571
512 328 7347485 603357571
512 329 7351263 603357571
512 330 7328645 603357571
512 331 7343079 603357571
512 332 7372713 603357571
512 333 7339408 603357571
512 334 7389622 603357571
512 335 7353189 603357571
512 336 7386077 603357571
512 337 7360016 603357571
512 338 7335717 603357571
512 339 7323234 603357571
512 340 7385640 603357571
512 341 7363718 603357571
512 342 7356462 603357571
512 343 7352857 603357571
512 344 7349680 603357571
512 345 7368233 603357571
512 346 7351604 603357571
512 347 7356963 603357571
512 348 7335939 603357571
512 349 7334446 603357571
512 350 7324158 603357571
512 351 7364711 603357571
512 352 7379604 603357571
512 353 7350600 603357571
512 354 7321855 603357571
512 355 7342758 603357571
512 356 7349182 603357571
512 357 7360948 603357571
512 358 7344970 603357571
512 359 7350807 603357571
512 360 7373069 603357571
512 361 7369240 603357571
512 362 7354168 603357571
512 363 7366092 603357571
512 364 7374269 603357571
512 365 7371932 603357571
512 366 7374698 603357571
512 367 7357822 603357571
512 368 7322656 603357571
512 369 7358573 603357571
512 370 7359359 603357571
512 371 7331553 603357571
512 372 7341674 603357571
512 373 7338956 603357571
512 374 7395077 603357571
512 375 7319653 603357571
512 376 7378077 603357571
512 377 7352095 603357571
512 378 7350431 603357571
512 379 7390714 603357571
512 380 7400278 603357571
512 381 7348937 603357571
512 382 7341696 603357571
512 383 7353084 603357571
512 384 7382598 603357571
512 385 7361305 603357571
512 386 7381885 603357571
512 387 7372956 603357571
512 388 7366122 603357571
512 389 7328409 603357571
512 390 7389505 603357571
512 391 7339848 603357571
512 392 7369698 603357571
512 393 7325993 603357571
512 394 7336074 603357571
512 395 7344654 603357571
512 396 7344294 603357571
512 397 7370450 603357571
512 398 7349811 603357571
512 399 7358852 603357571
512 400 7378581 603357571
512 401 7334572 603357571
512 402 7352063 603357571
512 403 7359689 603357571
512 404 7365955 603357571
512 405 7378836 603357571
512 406 7404687 603357571
512 407 7358203 603357571
512 408 7377996 603357571
512 409 7354362 603357571
512 410 7384066 603357571
512 411 7356490 603357571
512 412 7348801 603357571
512 413 7355873 603357571
512 414 7381946 603357571
512 415 7348003 603357571
512 416 7379586 603357571
512 417 7365203 603357571
512 418 7362782 603357571
512 419 7356721 603357571
512 420 7329929 603357571
512 421 7335216 603357571
512 422 7362433 603357571
512 423 7379429 603357571
512 424 7368943 603357571
512 425 7336289 603357571
512 426 7349309 603357571
512 427 7363345 603357571
512 428 7357121 603357571
512 429 7350773 603357571
512 430 7358498 603357571
512 431 7341184 603357571
512 432 7378376 603357571
512 433 7352759 603357571
512 434 7336910 603357571
512 435 7328907 603357571
512 436 7350145 603357571
512 437 7332757 603357571
512 438 7349089 603357571
512 439 7337722 603357571
512 440 7334242 603357571
512 441 7349692 603357571
512 442 7335644 603357571
512 443 7358778 603357571
512 444 7351853 603357571
512 445 7347502 603357571
512 446 7384927 603357571
512 447 7379732 603357571
512 448 7341226 603357571
512 449 7369854 603357571
512 450 7379634 603357571
512 451 7329680 603357571
512 452 7385443 603357571
512 453 7407638 603357571
512 454 7347126 603357571
512 455 7330287 603357571
512 456 7319786 603357571
512 457 7346444 603357571
512 458 7364409 603357571
512 459 7337147 603357571
512 460 7339173 603357571
512 461 7385368 603357571
512 462 7350017 603357571
512 463 7373587 603357571
512 464 7379032 603357571
512 465 7359504 603357571
512 466 7353238 603357571
512 467 7376043 603357571
512 468 7365496 603357571
512 469 7379032 603357571
512 470 7354618 603357571
512 471 7370817 603357571
512 472 7349482 603357571
512 473 7347456 603357571
512 474 7343390 603357571
512 475 7327048 603357571
512 476 7355603 603357571
512 477 7367157 603357571
512 478 7356958 603357571
512 479 7374465 603357571
512 480 7371507 603357571
512 481 7376953 603357571
512 482 7371717 603357571
512 483 7370594 603357571
512 484 7358932 603357571
512 485 7391018 603357571
512 486 7370611 603357571
512 487 7353649 603357571
512 488 7346962 603357571
512 489 7390602 603357571
512 490 7371966 603357571
512 491 7383091 603357571
512 492 7360995 603357571
512 493 7340249 603357571
512 494 7335528 603357571
512 495 7368621 603357571
512 496 7352001 603357571
512 497 7344601 603357571
512 498 7346065 603357571
512 499 7387340 603357571
512 500 7383528 603357571
512 501 7336574 603357571
512 502 7351286 603357571
512 503 7363724 603357571
512 504 7335486 603357571
512 505 7338345 603357571
512 506 7334007 603357571
512 507 7316318 603357571
512 508 7390618 603357571
512 509 7390644 603357571
512 510 7367345 603357571
512 511 7326704 603357571
512 512 7384051 603357571
512 513 7338349 603357571
512 514 7365266 603357571
512 515 7369309 603357571
512 516 7358921 603357571
512 517 7364803 603357571
512 518 7360504 603357571
512 519 7388911 603357571
512 520 7365864 603357571
512 521 7355872 603357571
512 522 7337686 603357571
512 523 7341644 603357571
512 524 7384597 603357571
512 525 7348070 603357571
512 526 7339459 603357571
512 527 7347967 603357571
512 528 7342324 603357571
512 529 7362722 603357571
512 530 7344317 603357571
512 531 7354430 603357571
512 532 7383183 603357571
512 533 7326487 603357571
512 534 7349419 603357571
512 535 7371233 603357571
512 536 7339490 603357571
512 537 7315856 603357571
512 538 7363225 603357571
512 539 7313877 603357571
512 540 7337905 603357571
512 541 7355811 603357571
512 542 7351150 603357571
512 543 7295355 603357571
512 544 7354664 603357571
512 545 7371733 603357571
512 546 7350592 603357571
512 547 7331935 603357571
512 548 7358369 603357571
512 549 7367651 603357571
512 550 7377909 603357571
512 551 7381987 603357571
512 552 7397377 603357571
512 553 7340674 603357571
512 554 7375208 603357571
512 555 7359420 603357571
512 556 7334842 603357571
512 557 7350423 603357571
512 558 7363024 603357571
512 559 7391790 603357571
512 560 7352684 603357571
512 561 7360172 603357571
512 562 7368470 603357571
512 563 7344213 603357571
512 564 7360599 603357571
512 565 7372153 603357571
512 566 7395090 603357571
512 567 7354861 603357571
512 568 7351845 603357571
512 569 7348666 603357571
512 570 7370936 603357571
512 571 7367017 603357571
512 572 7365127 603357571
512 573 7325783 603357571
512 574 7379959 603357571
512 575 7350554 603357571
512 576 7376615 603357571
512 577 7364052 603357571
512 578 7339608 603357571
512 579 7319992 603357571
512 580 7374144 603357571
512 581 7335501 603357571
512 582 7345812 603357571
512 583 7344815 603357571
512 584 7351885 603357571
512 585 7363027 603357571
512 586 7337095 603357571
512 587 7382004 603357571
512 588 7358192 603357571
512 589 7365867 603357571
512 590 7345022 603357571
512 591 7350068 603357571
512 592 7354825 603357571
512 593 7320905 603357571
512 594 7355583 603357571
512 595 7344787 603357571
512 596 7343931 603357571
512 597 7362374 603357571
512 598 7352997 603357571
512 599 7381286 603357571
512 600 7395355 603357571
512 601 7384037 603357571
512 602 7399082 603357571
512 603 7363503 603357571
512 604 7362597 603357571
512 605 7355809 603357571
512 606 7348990 603357571
512 607 7363919 603357571
512 608 7368057 603357571
512 609 7364917 603357571
512 610 7353180 603357571
512 611 7352491 603357571
512 612 7342711 603357571
512 613 7348794 603357571
512 614 7378941 603357571
512 615 7355267 603357571
512 616 7353768 603357571
512 617 7365410 603357571
512 618 7335963 603357571
512 619 7358599 603357571
512 620 7359491 603357571
512 621 7315853 603357571
512 622 7346365 603357571
512 623 7347706 603357571
512 624 7315539 603357571
512 625 7355346 603357571
512 626 7370395 603357571
512 627 7341348 603357571
512 628 7397326 603357571
512 629 7357062 603357571
512 630 7357538 603357571
512 631 7328507 603357571
512 632 7354120 603357571
512 633 7340887 603357571
512 634 7358444 603357571
512 635 7397158 603357571
512 636 7341827 603357571
512 637 7352383 603357571
512 638 7330786 603357571
512 639 7361177 603357571
512 640 7395567 603357571
512 641 7359562 603357571
512 642 7354855 603357571
512 643 7372229 603357571
512 644 7349345 603357571
512 645 7378198 603357571
512 646 7334962 603357571
512 647 7386100 603357571
512 648 7353103 603357571
512 649 7365796 603357571
512 650 7370785 603357571
512 651 7352999 603357571
512 652 7351740 603357571
512 653 7362091 603357571
512 654 7358335 603357571
512 655 7355009 603357571
512 656 7359695 603357571
512 657 7377250 603357571
512 658 7328765 603357571
512 659 7369415 603357571
512 660 7360123 603357571
512 661 7366631 603357571
512 662 7388339 603357571
512 663 7368787 603357571
512 664 7380675 603357571
512 665 7353007 603357571
512 666 7354830 603357571
512 667 7342242 603357571
512 668 7364557 603357571
512 669 7349072 603357571
512 670 7353105 603357571
512 671 7344071 603357571
512 672 7372854 603357571
512 673 7343143 603357571
512 674 7377247 603357571
512 675 7360094 603357571
512 676 7355925 603357571
512 677 7358662 603357571
512 678 7396871 603357571
512 679 7390118 603357571
512 680 7386688 603357571
512 681 7361583 603357571
512 682 7354226 603357571
512 683 7355535 603357571
512 684 7360422 603357571
512 685 7337294 603357571
512 686 7358167 603357571
512 687 7331361 603357571
512 688 7351922 603357571
512 689 7336433 603357571
512 690 7358255 603357571
512 691 7351396 603357571
512 692 7384826 603357571
512 693 7380195 603357571
512 694 7355649 603357571
512 695 7311439 603357571
512 696 7351832 603357571
512 697 7369181 603357571
512 698 7321844 603357571
512 699 7346701 603357571
512 700 7356420 603357571
512 701 7342798 603357571
512 702 7373225 603357571
512 703 7368776 603357571
512 704 7371783 603357571
512 705 7329648 603357571
512 706 7351153 603357571
512 707 7349316 603357571
512 708 7368834 603357571
512 709 7382552 603357571
512 710 7329753 603357571
512 711 7380009 603357571
512 712 7356400 603357571
512 713 7345625 603357571
512 714 7373375 603357571
512 715 7303504 603357571
512 716 7343127 603357571
512 717 7369595 603357571
512 718 7350612 603357571
512 719 7410327 603357571
512 720 7337426 603357571
512 721 7360182 603357571
512 722 7340964 603357571
512 723 7410917 603357571
512 724 7383429 603357571
512 725 7429441 603357571
512 726 7388379 603357571
512 727 7370485 603357571
512 728 7380893 603357571
512 729 7352378 603357571
512 730 7328169 603357571
512 731 7370483 603357571
512 732 7356560 603357571
512 733 7376130 603357571
512 734 7388126 603357571
512 735 7370634 603357571
512 736 7358193 603357571
512 737 7399367 603357571
512 738 7399861 603357571
512 739 7357457 603357571
512 740 7370909 603357571
512 741 7367857 603357571
512 742 7346603 603357571
512 743 7387614 603357571
512 744 7351740 603357571
512 745 7339960 603357571
512 746 7396810 603357571
512 747 7373252 603357571
512 748 7412540 603357571
512 749 7385397 603357571
512 750 7384333 603357571
512 751 7328920 603357571
512 752 7364327 603357571
512 753 7387232 603357571
512 754 7387550 603357571
512 755 7412383 603357571
512 756 7377803 603357571
512 757 7413488 603357571
512 758 7374607 603357571
512 759 7356465 603357571
512 760 7362109 603357571
512 761 7328282 603357571
512 762 7371942 603357571
512 763 7347300 603357571
512 764 7350743 603357571
512 765 7405171 603357571
512 766 7346702 603357571
512 767 7354779 603357571
512 768 7410593 603357571
512 769 7367363 603357571
512 770 7395507 603357571
512 771 7343346 603357571
512 772 7409680 603357571
512 773 7406896 603357571
512 774 7347856 603357571
512 775 7398839 603357571
512 776 7375066 603357571
512 777 7381007 603357571
512 778 7354991 603357571
512 779 7367770 603357571
512 780 7382060 603357571
512 781 7366261 603357571
512 782 7410526 603357571
512 783 7379561 603357571
512 784 7363194 603357571
512 785 7386294 603357571
512 786 7342929 603357571
512 787 7381018 603357571
512 788 7353749 603357571
512 789 7369906 603357571
512 790 7364197 603357571
512 791 7344210 603357571
512 792 7385871 603357571
512 793 7383532 603357571
512 794 7408349 603357571
512 795 7380116 603357571
512 796 7341191 603357571
512 797 7416269 603357571
512 798 7387616 603357571
512 799 7371974 603357571
512 800 7383501 603357571
512 801 7405363 603357571
512 802 7346956 603357571
512 803 7346808 603357571
512 804 7391693 603357571
512 805 7367614 603357571
512 806 7366001 603357571
512 807 7379428 603357571
512 808 7359724 603357571
512 809 7392033 603357571
512 810 7373418 603357571
512 811 7385558 603357571
512 812 7352957 603357571
512 813 7386801 603357571
512 814 7361324 603357571
512 815 7349463 603357571
512 816 7367747 603357571
512 817 7351601 603357571
512 818 7352657 603357571
512 819 7404257 603357571
512 820 7369940 603357571
512 821 7392835 603357571
512 822 7368774 603357571
512 823 7356258 603357571
512 824 7376851 603357571
512 825 7384539 603357571
512 826 7349608 603357571
512 827 7349384 603357571
512 828 7411630 603357571
512 829 7342748 603357571
512 830 7354434 603357571
512 831 7354989 603357571
512 832 7355405 603357571
512 833 7316306 603357571
512 834 7341013 603357571
512 835 7363735 603357571
512 836 7349456 603357571
512 837 7357958 603357571
512 838 7365370 603357571
512 839 7366616 603357571
512 840 7368652 603357571
512 841 7360078 603357571
512 842 7368999 603357571
512 843 7345157 603357571
512 844 7357696 603357571
512 845 7398165 603357571
512 846 7358389 603357571
512 847 7357948 603357571
512 848 7356680 603357571
512 849 7367353 603357571
512 850 7353135 603357571
512 851 7351556 603357571
512 852 7403743 603357571
512 853 7352231 603357571
512 854 7394225 603357571
512 855 7341235 603357571
512 856 7362055 603357571
512 857 7332705 603357571
512 858 7377756 603357571
512 859 7342972 603357571
512 860 7345809 603357571
512 861 7296389 603357571
512 862 7366867 603357571
512 863 7373142 603357571
512 864 7394120 603357571
512 865 7345190 603357571
512 866 7365085 603357571
512 867 7354257 603357571
512 868 7392247 603357571
512 869 7357709 603357571
512 870 7357401 603357571
512 871 7357903 603357571
512 872 7371588 603357571
512 873 7365374 603357571
512 874 7381157 603357571
512 875 7376833 603357571
512 876 7348507 603357571
512 877 7311570 603357571
512 878 7355585 603357571
512 879 7390107 603357571
512 880 7321033 603357571
512 881 7381471 603357571
512 882 7372955 603357571
512 883 7401154 603357571
512 884 7390261 603357571
512 885 7391883 603357571
512 886 7346159 603357571
512 887 7397212 603357571
512 888 7362335 603357571
512 889 7379702 603357571
512 890 7393966 603357571
512 891 7407577 603357571
512 892 7369910 603357571
512 893 7379845 603357571
512 894 7354076 603357571
512 895 7395885 603357571
512 896 7376429 603357571
512 897 7427706 603357571
512 898 7404720 603357571
512 899 7371546 603357571
512 900 7371230 603357571
512 901 7380609 603357571
512 902 7383645 603357571
512 903 7377125 603357571
512 904 7360291 603357571
512 905 7398218 603357571
512 906 7380256 603357571
512 907 7355130 603357571
512 908 7364815 603357571
512 909 7358351 603357571
512 910 7337289 603357571
512 911 7346222 603357571
512 912 7353706 603357571
512 913 7363710 603357571
512 914 7380537 603357571
512 915 7373750 603357571
512 916 7307499 603357571
512 917 7371913 603357571
512 918 7332573 603357571
512 919 7360984 603357571
512 920 7345362 603357571
512 921 7358160 603357571
512 922 7333634 603357571
512 923 7349455 603357571
512 924 7378503 603357571
512 925 7377701 603357571
512 926 7372779 603357571
512 927 7392159 603357571
512 928 7382350 603357571
512 929 7362314 603357571
512 930 7364219 603357571
512 931 7358882 603357571
512 932 7373725 603357571
512 933 7330645 603357571
512 934 7348996 603357571
512 935 7389314 603357571
512 936 7354351 603357571
512 937 7399707 603357571
512 938 7349347 603357571
512 939 7359958 603357571
512 940 7376138 603357571
512 941 7399490 603357571
512 942 7390751 603357571
512 943 7352784 603357571
512 944 7405927 603357571
512 945 7313509 603357571
512 946 7356121 603357571
512 947 7363895 603357571
512 948 7348802 603357571
512 949 7376032 603357571
512 950 7358585 603357571
512 951 7353347 603357571
512 952 7399012 603357571
512 953 7404260 603357571
512 954 7369205 603357571
512 955 7368412 603357571
512 956 7383414 603357571
512 957 7345958 603357571
512 958 7394525 603357571
512 959 7348192 603357571
512 960 7387667 603357571
512 961 7383158 603357571
512 962 7355126 603357571
512 963 7399764 603357571
512 964 7360340 603357571
512 965 7351356 603357571
512 966 7368111 603357571
512 967 7382082 603357571
512 968 7368754 603357571
512 969 7369844 603357571
512 970 7400723 603357571
512 971 7402333 603357571
512 972 7360027 603357571
512 973 7387648 603357571
512 974 7368039 603357571
512 975 7368728 603357571
512 976 7373533 603357571
512 977 7377413 603357571
512 978 7397750 603357571
512 979 7367171 603357571
512 980 7372601 603357571
512 981 7354246 603357571
512 982 7373684 603357571
512 983 7362772 603357571
512 984 7388245 603357571
512 985 7338716 603357571
512 986 7343573 603357571
512 987 7391921 603357571
512 988 7344333 603357571
512 989 7358409 603357571
512 990 7397815 603357571
512 991 7373702 603357571
512 992 7358258 603357571
512 993 7376368 603357571
512 994 7355351 603357571
512 995 7374160 603357571
512 996 7367074 603357571
512 997 7363317 603357571
512 998 7378345 603357571
512 999 7342420 603357571
