16 0 1570 3152926413
16 1 1569 3152926413
16 2 1569 3152926413
16 3 1569 3152926413
16 4 1569 3152926413
16 5 1569 3152926413
16 6 1569 3152926413
16 7 1569 3152926413
16 8 1569 3152926413
16 9 1569 3152926413
16 10 1569 3152926413
16 11 1569 3152926413
16 12 1569 3152926413
16 13 1569 3152926413
16 14 1569 3152926413
16 15 1569 3152926413
16 16 1569 3152926413
16 17 1569 3152926413
16 18 1569 3152926413
16 19 1569 3152926413
16 20 1569 3152926413
16 21 1569 3152926413
16 22 1569 3152926413
16 23 1569 3152926413
16 24 1569 3152926413
16 25 1569 3152926413
16 26 1569 3152926413
16 27 1569 3152926413
16 28 1569 3152926413
16 29 1569 3152926413
16 30 1569 3152926413
16 31 1569 3152926413
16 32 1569 3152926413
16 33 1569 3152926413
16 34 1569 3152926413
16 35 1569 3152926413
16 36 1569 3152926413
16 37 1569 3152926413
16 38 1569 3152926413
16 39 1569 3152926413
16 40 1569 3152926413
16 41 1569 3152926413
16 42 1569 3152926413
16 43 1569 3152926413
16 44 1569 3152926413
16 45 1569 3152926413
16 46 1569 3152926413
16 47 1569 3152926413
16 48 1569 3152926413
16 49 1569 3152926413
16 50 1569 3152926413
16 51 1569 3152926413
16 52 1569 3152926413
16 53 1569 3152926413
16 54 1569 3152926413
16 55 1569 3152926413
16 56 1569 3152926413
16 57 1569 3152926413
16 58 1569 3152926413
16 59 1569 3152926413
16 60 1569 3152926413
16 61 1569 3152926413
16 62 1569 3152926413
16 63 1569 3152926413
16 64 1569 3152926413
16 65 1569 3152926413
16 66 1569 3152926413
16 67 1569 3152926413
16 68 1569 3152926413
16 69 1569 3152926413
16 70 1569 3152926413
16 71 1569 3152926413
16 72 1569 3152926413
16 73 1569 3152926413
16 74 1569 3152926413
16 75 1569 3152926413
16 76 1569 3152926413
16 77 1569 3152926413
16 78 1569 3152926413
16 79 1569 3152926413
16 80 1569 3152926413
16 81 1569 3152926413
16 82 1569 3152926413
16 83 1569 3152926413
16 84 1569 3152926413
16 85 1569 3152926413
16 86 1569 3152926413
16 87 1569 3152926413
16 88 1569 3152926413
16 89 1569 3152926413
16 90 1569 3152926413
16 91 1569 3152926413
16 92 1569 3152926413
16 93 1569 3152926413
16 94 1569 3152926413
16 95 1569 3152926413
16 96 1569 3152926413
16 97 1569 3152926413
16 98 1569 3152926413
16 99 1569 3152926413
16 100 1569 3152926413
16 101 1569 3152926413
16 102 1569 3152926413
16 103 1569 3152926413
16 104 1569 3152926413
16 105 1569 3152926413
16 106 1569 3152926413
16 107 1569 3152926413
16 108 1569 3152926413
16 109 1569 3152926413
16 110 1569 3152926413
16 111 1569 3152926413
16 112 1569 3152926413
16 113 1569 3152926413
16 114 1569 3152926413
16 115 1569 3152926413
16 116 1569 3152926413
16 117 1569 3152926413
16 118 1569 3152926413
16 119 1569 3152926413
16 120 1569 3152926413
16 121 1569 3152926413
16 122 1569 3152926413
16 123 1569 3152926413
16 124 1569 3152926413
16 125 1569 3152926413
16 126 1569 3152926413
16 127 1569 3152926413
16 128 1569 3152926413
16 129 1569 3152926413
16 130 1569 3152926413
16 131 1569 3152926413
16 132 1569 3152926413
16 133 1569 3152926413
16 134 1569 3152926413
16 135 1569 3152926413
16 136 1569 3152926413
16 137 1569 3152926413
16 138 1569 3152926413
16 139 1569 3152926413
16 140 1569 3152926413
16 141 1569 3152926413
16 142 1569 3152926413
16 143 1569 3152926413
16 144 1569 3152926413
16 145 1569 3152926413
16 146 1569 3152926413
16 147 1569 3152926413
16 148 1569 3152926413
16 149 1569 3152926413
16 150 1569 3152926413
16 151 1569 3152926413
16 152 1569 3152926413
16 153 1569 3152926413
16 154 1569 3152926413
16 155 1569 3152926413
16 156 1569 3152926413
16 157 1569 3152926413
16 158 1569 3152926413
16 159 1569 3152926413
16 160 1569 3152926413
16 161 1569 3152926413
16 162 1569 3152926413
16 163 1569 3152926413
16 164 1569 3152926413
16 165 1569 3152926413
16 166 1569 3152926413
16 167 1569 3152926413
16 168 1569 3152926413
16 169 1569 3152926413
16 170 1569 3152926413
16 171 1569 3152926413
16 172 1569 3152926413
16 173 1569 3152926413
16 174 1569 3152926413
16 175 1569 3152926413
16 176 1569 3152926413
16 177 1569 3152926413
16 178 1569 3152926413
16 179 1569 3152926413
16 180 1569 3152926413
16 181 1569 3152926413
16 182 1569 3152926413
16 183 1569 3152926413
16 184 1569 3152926413
16 185 1569 3152926413
16 186 1569 3152926413
16 187 1569 3152926413
16 188 1569 3152926413
16 189 1569 3152926413
16 190 1569 3152926413
16 191 1569 3152926413
16 192 1569 3152926413
16 193 1569 3152926413
16 194 1569 3152926413
16 195 1569 3152926413
16 196 1569 3152926413
16 197 1569 3152926413
16 198 1569 3152926413
16 199 1569 3152926413
16 200 1569 3152926413
16 201 1569 3152926413
16 202 1569 3152926413
16 203 1569 3152926413
16 204 1569 3152926413
16 205 1569 3152926413
16 206 1569 3152926413
16 207 1569 3152926413
16 208 1569 3152926413
16 209 1569 3152926413
16 210 1569 3152926413
16 211 1569 3152926413
16 212 1569 3152926413
16 213 1569 3152926413
16 214 1569 3152926413
16 215 1569 3152926413
16 216 1569 3152926413
16 217 1569 3152926413
16 218 1569 3152926413
16 219 1569 3152926413
16 220 1569 3152926413
16 221 1569 3152926413
16 222 1569 3152926413
16 223 1569 3152926413
16 224 1569 3152926413
16 225 1569 3152926413
16 226 1569 3152926413
16 227 1569 3152926413
16 228 1569 3152926413
16 229 1569 3152926413
16 230 1569 3152926413
16 231 1569 3152926413
16 232 1569 3152926413
16 233 1569 3152926413
16 234 1569 3152926413
16 235 1569 3152926413
16 236 1569 3152926413
16 237 1569 3152926413
16 238 1569 3152926413
16 239 1569 3152926413
16 240 1569 3152926413
16 241 1569 3152926413
16 242 1569 3152926413
16 243 1569 3152926413
16 244 1569 3152926413
16 245 1569 3152926413
16 246 1569 3152926413
16 247 1569 3152926413
16 248 1569 3152926413
16 249 1569 3152926413
16 250 1569 3152926413
16 251 1569 3152926413
16 252 1569 3152926413
16 253 1569 3152926413
16 254 1569 3152926413
16 255 1569 3152926413
16 256 1569 3152926413
16 257 1569 3152926413
16 258 1569 3152926413
16 259 1569 3152926413
16 260 1569 3152926413
16 261 1569 3152926413
16 262 1569 3152926413
16 263 1569 3152926413
16 264 1569 3152926413
16 265 1569 3152926413
16 266 1569 3152926413
16 267 1569 3152926413
16 268 1569 3152926413
16 269 1569 3152926413
16 270 1569 3152926413
16 271 1569 3152926413
16 272 1569 3152926413
16 273 1569 3152926413
16 274 1569 3152926413
16 275 1569 3152926413
16 276 1569 3152926413
16 277 1569 3152926413
16 278 1569 3152926413
16 279 1569 3152926413
16 280 1569 3152926413
16 281 1569 3152926413
16 282 1569 3152926413
16 283 1569 3152926413
16 284 1569 3152926413
16 285 1569 3152926413
16 286 1569 3152926413
16 287 1569 3152926413
16 288 1569 3152926413
16 289 1569 3152926413
16 290 1569 3152926413
16 291 1569 3152926413
16 292 1569 3152926413
16 293 1569 3152926413
16 294 1569 3152926413
16 295 1569 3152926413
16 296 1569 3152926413
16 297 1569 3152926413
16 298 1569 3152926413
16 299 1569 3152926413
16 300 1569 3152926413
16 301 1569 3152926413
16 302 1569 3152926413
16 303 1569 3152926413
16 304 1569 3152926413
16 305 1569 3152926413
16 306 1569 3152926413
16 307 1569 3152926413
16 308 1569 3152926413
16 309 1569 3152926413
16 310 1569 3152926413
16 311 1569 3152926413
16 312 1569 3152926413
16 313 1569 3152926413
16 314 1569 3152926413
16 315 1569 3152926413
16 316 1569 3152926413
16 317 1569 3152926413
16 318 1569 3152926413
16 319 1569 3152926413
16 320 1569 3152926413
16 321 1569 3152926413
16 322 1569 3152926413
16 323 1569 3152926413
16 324 1569 3152926413
16 325 1569 3152926413
16 326 1569 3152926413
16 327 1569 3152926413
16 328 1569 3152926413
16 329 1569 3152926413
16 330 1569 3152926413
16 331 1569 3152926413
16 332 1569 3152926413
16 333 1569 3152926413
16 334 1569 3152926413
16 335 1569 3152926413
16 336 1569 3152926413
16 337 1569 3152926413
16 338 1569 3152926413
16 339 1569 3152926413
16 340 1569 3152926413
16 341 1569 3152926413
16 342 1569 3152926413
16 343 1569 3152926413
16 344 1569 3152926413
16 345 1569 3152926413
16 346 1569 3152926413
16 347 1569 3152926413
16 348 1569 3152926413
16 349 1569 3152926413
16 350 1569 3152926413
16 351 1569 3152926413
16 352 1569 3152926413
16 353 1569 3152926413
16 354 1569 3152926413
16 355 1569 3152926413
16 356 1569 3152926413
16 357 1569 3152926413
16 358 1569 3152926413
16 359 1569 3152926413
16 360 1569 3152926413
16 361 1569 3152926413
16 362 1569 3152926413
16 363 1569 3152926413
16 364 1569 3152926413
16 365 1569 3152926413
16 366 1569 3152926413
16 367 1569 3152926413
16 368 1569 3152926413
16 369 1569 3152926413
16 370 1569 3152926413
16 371 1569 3152926413
16 372 1569 3152926413
16 373 1569 3152926413
16 374 1569 3152926413
16 375 1569 3152926413
16 376 1569 3152926413
16 377 1569 3152926413
16 378 1569 3152926413
16 379 1569 3152926413
16 380 1569 3152926413
16 381 1569 3152926413
16 382 1569 3152926413
16 383 1569 3152926413
16 384 1569 3152926413
16 385 1569 3152926413
16 386 1569 3152926413
16 387 1569 3152926413
16 388 1569 3152926413
16 389 1569 3152926413
16 390 1569 3152926413
16 391 1569 3152926413
16 392 1569 3152926413
16 393 1569 3152926413
16 394 1569 3152926413
16 395 1569 3152926413
16 396 1569 3152926413
16 397 1569 3152926413
16 398 1569 3152926413
16 399 1569 3152926413
16 400 1569 3152926413
16 401 1569 3152926413
16 402 1569 3152926413
16 403 1569 3152926413
16 404 1569 3152926413
16 405 1569 3152926413
16 406 1569 3152926413
16 407 1569 3152926413
16 408 1569 3152926413
16 409 1569 3152926413
16 410 1569 3152926413
16 411 1569 3152926413
16 412 1569 3152926413
16 413 1569 3152926413
16 414 1569 3152926413
16 415 1569 3152926413
16 416 1569 3152926413
16 417 1569 3152926413
16 418 1569 3152926413
16 419 1569 3152926413
16 420 1569 3152926413
16 421 1569 3152926413
16 422 1569 3152926413
16 423 1569 3152926413
16 424 1569 3152926413
16 425 1569 3152926413
16 426 1569 3152926413
16 427 1569 3152926413
16 428 1569 3152926413
16 429 1569 3152926413
16 430 1569 3152926413
16 431 1569 3152926413
16 432 1569 3152926413
16 433 1569 3152926413
16 434 1569 3152926413
16 435 1569 3152926413
16 436 1569 3152926413
16 437 1569 3152926413
16 438 1569 3152926413
16 439 1569 3152926413
16 440 1569 3152926413
16 441 1569 3152926413
16 442 1569 3152926413
16 443 1569 3152926413
16 444 1569 3152926413
16 445 1569 3152926413
16 446 1569 3152926413
16 447 1569 3152926413
16 448 1569 3152926413
16 449 1569 3152926413
16 450 1569 3152926413
16 451 1569 3152926413
16 452 1569 3152926413
16 453 1569 3152926413
16 454 1569 3152926413
16 455 1569 3152926413
16 456 1569 3152926413
16 457 1569 3152926413
16 458 1569 3152926413
16 459 1569 3152926413
16 460 1569 3152926413
16 461 1569 3152926413
16 462 1569 3152926413
16 463 1569 3152926413
16 464 1569 3152926413
16 465 1569 3152926413
16 466 1569 3152926413
16 467 1569 3152926413
16 468 1569 3152926413
16 469 1569 3152926413
16 470 1569 3152926413
16 471 1569 3152926413
16 472 1569 3152926413
16 473 1569 3152926413
16 474 1569 3152926413
16 475 1569 3152926413
16 476 1569 3152926413
16 477 1569 3152926413
16 478 1569 3152926413
16 479 1569 3152926413
16 480 1569 3152926413
16 481 1569 3152926413
16 482 1569 3152926413
16 483 1569 3152926413
16 484 1569 3152926413
16 485 1569 3152926413
16 486 1569 3152926413
16 487 1569 3152926413
16 488 1569 3152926413
16 489 1569 3152926413
16 490 1569 3152926413
16 491 1569 3152926413
16 492 1569 3152926413
16 493 1569 3152926413
16 494 1569 3152926413
16 495 1569 3152926413
16 496 1569 3152926413
16 497 1569 3152926413
16 498 1569 3152926413
16 499 1569 3152926413
16 500 1569 3152926413
16 501 1569 3152926413
16 502 1569 3152926413
16 503 1569 3152926413
16 504 1569 3152926413
16 505 1569 3152926413
16 506 1569 3152926413
16 507 1569 3152926413
16 508 1569 3152926413
16 509 1569 3152926413
16 510 1569 3152926413
16 511 1569 3152926413
16 512 1569 3152926413
16 513 1569 3152926413
16 514 1569 3152926413
16 515 1569 3152926413
16 516 1569 3152926413
16 517 1569 3152926413
16 518 1569 3152926413
16 519 1569 3152926413
16 520 1569 3152926413
16 521 1569 3152926413
16 522 1569 3152926413
16 523 1569 3152926413
16 524 1569 3152926413
16 525 1569 3152926413
16 526 1569 3152926413
16 527 1569 3152926413
16 528 1569 3152926413
16 529 1569 3152926413
16 530 1569 3152926413
16 531 1569 3152926413
16 532 1569 3152926413
16 533 1569 3152926413
16 534 1569 3152926413
16 535 1569 3152926413
16 536 1569 3152926413
16 537 1569 3152926413
16 538 1569 3152926413
16 539 1569 3152926413
16 540 1569 3152926413
16 541 1569 3152926413
16 542 1569 3152926413
16 543 1569 3152926413
16 544 1569 3152926413
16 545 1569 3152926413
16 546 1569 3152926413
16 547 1569 3152926413
16 548 1569 3152926413
16 549 1569 3152926413
16 550 1569 3152926413
16 551 1569 3152926413
16 552 1569 3152926413
16 553 1569 3152926413
16 554 1569 3152926413
16 555 1569 3152926413
16 556 1569 3152926413
16 557 1569 3152926413
16 558 1569 3152926413
16 559 1569 3152926413
16 560 1569 3152926413
16 561 1569 3152926413
16 562 1569 3152926413
16 563 1569 3152926413
16 564 1569 3152926413
16 565 1569 3152926413
16 566 1569 3152926413
16 567 1569 3152926413
16 568 1569 3152926413
16 569 1569 3152926413
16 570 1569 3152926413
16 571 1569 3152926413
16 572 1569 3152926413
16 573 1569 3152926413
16 574 1569 3152926413
16 575 1569 3152926413
16 576 1569 3152926413
16 577 1569 3152926413
16 578 1569 3152926413
16 579 1569 3152926413
16 580 1569 3152926413
16 581 1569 3152926413
16 582 1569 3152926413
16 583 1569 3152926413
16 584 1569 3152926413
16 585 1569 3152926413
16 586 1569 3152926413
16 587 1569 3152926413
16 588 1569 3152926413
16 589 1569 3152926413
16 590 1569 3152926413
16 591 1569 3152926413
16 592 1569 3152926413
16 593 1569 3152926413
16 594 1569 3152926413
16 595 1569 3152926413
16 596 1569 3152926413
16 597 1569 3152926413
16 598 1569 3152926413
16 599 1569 3152926413
16 600 1569 3152926413
16 601 1569 3152926413
16 602 1569 3152926413
16 603 1569 3152926413
16 604 1569 3152926413
16 605 1569 3152926413
16 606 1569 3152926413
16 607 1569 3152926413
16 608 1569 3152926413
16 609 1569 3152926413
16 610 1569 3152926413
16 611 1569 3152926413
16 612 1569 3152926413
16 613 1569 3152926413
16 614 1569 3152926413
16 615 1569 3152926413
16 616 1569 3152926413
16 617 1569 3152926413
16 618 1569 3152926413
16 619 1569 3152926413
16 620 1569 3152926413
16 621 1569 3152926413
16 622 1569 3152926413
16 623 1569 3152926413
16 624 1569 3152926413
16 625 1569 3152926413
16 626 1569 3152926413
16 627 1569 3152926413
16 628 1569 3152926413
16 629 1569 3152926413
16 630 1569 3152926413
16 631 1569 3152926413
16 632 1569 3152926413
16 633 1569 3152926413
16 634 1569 3152926413
16 635 1569 3152926413
16 636 1569 3152926413
16 637 1569 3152926413
16 638 1569 3152926413
16 639 1569 3152926413
16 640 1569 3152926413
16 641 1569 3152926413
16 642 1569 3152926413
16 643 1569 3152926413
16 644 1569 3152926413
16 645 1569 3152926413
16 646 1569 3152926413
16 647 1569 3152926413
16 648 1569 3152926413
16 649 1569 3152926413
16 650 1569 3152926413
16 651 1569 3152926413
16 652 1569 3152926413
16 653 1569 3152926413
16 654 1569 3152926413
16 655 1569 3152926413
16 656 1569 3152926413
16 657 1569 3152926413
16 658 1569 3152926413
16 659 1569 3152926413
16 660 1569 3152926413
16 661 1569 3152926413
16 662 1569 3152926413
16 663 1569 3152926413
16 664 1569 3152926413
16 665 1569 3152926413
16 666 1569 3152926413
16 667 1569 3152926413
16 668 1569 3152926413
16 669 1569 3152926413
16 670 1569 3152926413
16 671 1569 3152926413
16 672 1569 3152926413
16 673 1569 3152926413
16 674 1569 3152926413
16 675 1569 3152926413
16 676 1569 3152926413
16 677 1569 3152926413
16 678 1569 3152926413
16 679 1569 3152926413
16 680 1569 3152926413
16 681 1569 3152926413
16 682 1569 3152926413
16 683 1569 3152926413
16 684 1569 3152926413
16 685 1569 3152926413
16 686 1569 3152926413
16 687 1569 3152926413
16 688 1569 3152926413
16 689 1569 3152926413
16 690 1569 3152926413
16 691 1569 3152926413
16 692 1569 3152926413
16 693 1569 3152926413
16 694 1569 3152926413
16 695 1569 3152926413
16 696 1569 3152926413
16 697 1569 3152926413
16 698 1569 3152926413
16 699 1569 3152926413
16 700 1569 3152926413
16 701 1569 3152926413
16 702 1569 3152926413
16 703 1569 3152926413
16 704 1569 3152926413
16 705 1569 3152926413
16 706 1569 3152926413
16 707 1569 3152926413
16 708 1569 3152926413
16 709 1569 3152926413
16 710 1569 3152926413
16 711 1569 3152926413
16 712 1569 3152926413
16 713 1569 3152926413
16 714 1569 3152926413
16 715 1569 3152926413
16 716 1569 3152926413
16 717 1569 3152926413
16 718 1569 3152926413
16 719 1569 3152926413
16 720 1569 3152926413
16 721 1569 3152926413
16 722 1569 3152926413
16 723 1569 3152926413
16 724 1569 3152926413
16 725 1569 3152926413
16 726 1569 3152926413
16 727 1569 3152926413
16 728 1569 3152926413
16 729 1569 3152926413
16 730 1569 3152926413
16 731 1569 3152926413
16 732 1569 3152926413
16 733 1569 3152926413
16 734 1569 3152926413
16 735 1569 3152926413
16 736 1569 3152926413
16 737 1569 3152926413
16 738 1569 3152926413
16 739 1569 3152926413
16 740 1569 3152926413
16 741 1569 3152926413
16 742 1569 3152926413
16 743 1569 3152926413
16 744 1569 3152926413
16 745 1569 3152926413
16 746 1569 3152926413
16 747 1569 3152926413
16 748 1569 3152926413
16 749 1569 3152926413
16 750 1569 3152926413
16 751 1569 3152926413
16 752 1569 3152926413
16 753 1569 3152926413
16 754 1569 3152926413
16 755 1569 3152926413
16 756 1569 3152926413
16 757 1569 3152926413
16 758 1569 3152926413
16 759 1569 3152926413
16 760 1569 3152926413
16 761 1569 3152926413
16 762 1569 3152926413
16 763 1569 3152926413
16 764 1569 3152926413
16 765 1569 3152926413
16 766 1569 3152926413
16 767 1569 3152926413
16 768 1569 3152926413
16 769 1569 3152926413
16 770 1569 3152926413
16 771 1569 3152926413
16 772 1569 3152926413
16 773 1569 3152926413
16 774 1569 3152926413
16 775 1569 3152926413
16 776 1569 3152926413
16 777 1569 3152926413
16 778 1569 3152926413
16 779 1569 3152926413
16 780 1569 3152926413
16 781 1569 3152926413
16 782 1569 3152926413
16 783 1569 3152926413
16 784 1569 3152926413
16 785 1569 3152926413
16 786 1569 3152926413
16 787 1569 3152926413
16 788 1569 3152926413
16 789 1569 3152926413
16 790 1569 3152926413
16 791 1569 3152926413
16 792 1569 3152926413
16 793 1569 3152926413
16 794 1569 3152926413
16 795 1569 3152926413
16 796 1569 3152926413
16 797 1569 3152926413
16 798 1569 3152926413
16 799 1569 3152926413
16 800 1569 3152926413
16 801 1569 3152926413
16 802 1569 3152926413
16 803 1569 3152926413
16 804 1569 3152926413
16 805 1569 3152926413
16 806 1569 3152926413
16 807 1569 3152926413
16 808 1569 3152926413
16 809 1569 3152926413
16 810 1569 3152926413
16 811 1569 3152926413
16 812 1569 3152926413
16 813 1569 3152926413
16 814 1569 3152926413
16 815 1569 3152926413
16 816 1569 3152926413
16 817 1569 3152926413
16 818 1569 3152926413
16 819 1569 3152926413
16 820 1569 3152926413
16 821 1569 3152926413
16 822 1569 3152926413
16 823 1569 3152926413
16 824 1569 3152926413
16 825 1569 3152926413
16 826 1569 3152926413
16 827 1569 3152926413
16 828 1569 3152926413
16 829 1569 3152926413
16 830 1569 3152926413
16 831 1569 3152926413
16 832 1569 3152926413
16 833 1569 3152926413
16 834 1569 3152926413
16 835 1569 3152926413
16 836 1569 3152926413
16 837 1569 3152926413
16 838 1569 3152926413
16 839 1569 3152926413
16 840 1569 3152926413
16 841 1569 3152926413
16 842 1569 3152926413
16 843 1569 3152926413
16 844 1569 3152926413
16 845 1569 3152926413
16 846 1569 3152926413
16 847 1569 3152926413
16 848 1569 3152926413
16 849 1569 3152926413
16 850 1569 3152926413
16 851 1569 3152926413
16 852 1569 3152926413
16 853 1569 3152926413
16 854 1569 3152926413
16 855 1569 3152926413
16 856 1569 3152926413
16 857 1569 3152926413
16 858 1569 3152926413
16 859 1569 3152926413
16 860 1569 3152926413
16 861 1569 3152926413
16 862 1569 3152926413
16 863 1569 3152926413
16 864 1569 3152926413
16 865 1569 3152926413
16 866 1569 3152926413
16 867 1569 3152926413
16 868 1569 3152926413
16 869 1569 3152926413
16 870 1569 3152926413
16 871 1569 3152926413
16 872 1569 3152926413
16 873 1569 3152926413
16 874 1569 3152926413
16 875 1569 3152926413
16 876 1569 3152926413
16 877 1569 3152926413
16 878 1569 3152926413
16 879 1569 3152926413
16 880 1569 3152926413
16 881 1569 3152926413
16 882 1569 3152926413
16 883 1569 3152926413
16 884 1569 3152926413
16 885 1569 3152926413
16 886 1569 3152926413
16 887 1569 3152926413
16 888 1569 3152926413
16 889 1569 3152926413
16 890 1569 3152926413
16 891 1569 3152926413
16 892 1569 3152926413
16 893 1569 3152926413
16 894 1569 3152926413
16 895 1569 3152926413
16 896 1569 3152926413
16 897 1569 3152926413
16 898 1569 3152926413
16 899 1569 3152926413
16 900 1569 3152926413
16 901 1569 3152926413
16 902 1569 3152926413
16 903 1569 3152926413
16 904 1569 3152926413
16 905 1569 3152926413
16 906 1569 3152926413
16 907 1569 3152926413
16 908 1569 3152926413
16 909 1569 3152926413
16 910 1569 3152926413
16 911 1569 3152926413
16 912 1569 3152926413
16 913 1569 3152926413
16 914 1569 3152926413
16 915 1569 3152926413
16 916 1569 3152926413
16 917 1569 3152926413
16 918 1569 3152926413
16 919 1569 3152926413
16 920 1569 3152926413
16 921 1569 3152926413
16 922 1569 3152926413
16 923 1569 3152926413
16 924 1569 3152926413
16 925 1569 3152926413
16 926 1569 3152926413
16 927 1569 3152926413
16 928 1569 3152926413
16 929 1569 3152926413
16 930 1569 3152926413
16 931 1569 3152926413
16 932 1569 3152926413
16 933 1569 3152926413
16 934 1569 3152926413
16 935 1569 3152926413
16 936 1569 3152926413
16 937 1569 3152926413
16 938 1569 3152926413
16 939 1569 3152926413
16 940 1569 3152926413
16 941 1569 3152926413
16 942 1569 3152926413
16 943 1569 3152926413
16 944 1569 3152926413
16 945 1569 3152926413
16 946 1569 3152926413
16 947 1569 3152926413
16 948 1569 3152926413
16 949 1569 3152926413
16 950 1569 3152926413
16 951 1569 3152926413
16 952 1569 3152926413
16 953 1569 3152926413
16 954 1569 3152926413
16 955 1569 3152926413
16 956 1569 3152926413
16 957 1569 3152926413
16 958 1569 3152926413
16 959 1569 3152926413
16 960 1569 3152926413
16 961 1569 3152926413
16 962 1569 3152926413
16 963 1569 3152926413
16 964 1569 3152926413
16 965 1569 3152926413
16 966 1569 3152926413
16 967 1569 3152926413
16 968 1569 3152926413
16 969 1569 3152926413
16 970 1569 3152926413
16 971 1569 3152926413
16 972 1569 3152926413
16 973 1569 3152926413
16 974 1569 3152926413
16 975 1569 3152926413
16 976 1569 3152926413
16 977 1569 3152926413
16 978 1569 3152926413
16 979 1569 3152926413
16 980 1569 3152926413
16 981 1569 3152926413
16 982 1569 3152926413
16 983 1569 3152926413
16 984 1569 3152926413
16 985 1569 3152926413
16 986 1569 3152926413
16 987 1569 3152926413
16 988 1569 3152926413
16 989 1569 3152926413
16 990 1569 3152926413
16 991 1569 3152926413
16 992 1569 3152926413
16 993 1569 3152926413
16 994 1569 3152926413
16 995 1569 3152926413
16 996 1569 3152926413
16 997 1569 3152926413
16 998 1569 3152926413
16 999 1569 3152926413
