4 0 762 13 470
4 1 408 10 470
4 2 336 7 465
4 3 351 7 465
4 4 302 4 465
4 5 286 3 465
4 6 286 3 465
4 7 286 3 465
4 8 286 3 465
4 9 286 3 465
4 10 286 3 465
4 11 286 3 465
4 12 286 3 465
4 13 286 3 465
4 14 286 3 465
4 15 286 3 465
4 16 286 3 465
4 17 286 3 465
4 18 286 3 465
4 19 286 3 465
4 20 286 3 465
4 21 286 3 465
4 22 286 3 465
4 23 286 3 465
4 24 286 3 465
4 25 286 3 465
4 26 286 3 465
4 27 286 3 465
4 28 286 3 465
4 29 286 3 465
4 30 286 3 465
4 31 286 3 465
4 32 286 3 465
4 33 286 3 465
4 34 286 3 465
4 35 286 3 465
4 36 286 3 465
4 37 286 3 465
4 38 286 3 465
4 39 286 3 465
4 40 286 3 465
4 41 286 3 465
4 42 286 3 465
4 43 286 3 465
4 44 286 3 465
4 45 286 3 465
4 46 286 3 465
4 47 286 3 465
4 48 286 3 465
4 49 286 3 465
4 50 286 3 465
4 51 286 3 465
4 52 286 3 465
4 53 286 3 465
4 54 286 3 465
4 55 286 3 465
4 56 286 3 465
4 57 286 3 465
4 58 286 3 465
4 59 286 3 465
4 60 286 3 465
4 61 286 3 465
4 62 286 3 465
4 63 286 3 465
4 64 286 3 465
4 65 286 3 465
4 66 286 3 465
4 67 286 3 465
4 68 286 3 465
4 69 286 3 465
4 70 286 3 465
4 71 286 3 465
4 72 286 3 465
4 73 286 3 465
4 74 286 3 465
4 75 286 3 465
4 76 286 3 465
4 77 286 3 465
4 78 286 3 465
4 79 286 3 465
4 80 286 3 465
4 81 286 3 465
4 82 286 3 465
4 83 286 3 465
4 84 286 3 465
4 85 286 3 465
4 86 286 3 465
4 87 286 3 465
4 88 286 3 465
4 89 286 3 465
4 90 286 3 465
4 91 286 3 465
4 92 286 3 465
4 93 286 3 465
4 94 286 3 465
4 95 286 3 465
4 96 286 3 465
4 97 286 3 465
4 98 286 3 465
4 99 286 3 465
4 100 286 3 465
4 101 286 3 465
4 102 286 3 465
4 103 286 3 465
4 104 286 3 465
4 105 286 3 465
4 106 286 3 465
4 107 286 3 465
4 108 286 3 465
4 109 286 3 465
4 110 286 3 465
4 111 286 3 465
4 112 286 3 465
4 113 286 3 465
4 114 286 3 465
4 115 286 3 465
4 116 286 3 465
4 117 286 3 465
4 118 286 3 465
4 119 286 3 465
4 120 286 3 465
4 121 286 3 465
4 122 286 3 465
4 123 286 3 465
4 124 286 3 465
4 125 286 3 465
4 126 286 3 465
4 127 286 3 465
4 128 286 3 465
4 129 286 3 465
4 130 286 3 465
4 131 286 3 465
4 132 286 3 465
4 133 286 3 465
4 134 286 3 465
4 135 286 3 465
4 136 286 3 465
4 137 286 3 465
4 138 286 3 465
4 139 286 3 465
4 140 286 3 465
4 141 286 3 465
4 142 286 3 465
4 143 286 3 465
4 144 286 3 465
4 145 286 3 465
4 146 286 3 465
4 147 286 3 465
4 148 286 3 465
4 149 286 3 465
4 150 286 3 465
4 151 286 3 465
4 152 286 3 465
4 153 286 3 465
4 154 286 3 465
4 155 286 3 465
4 156 286 3 465
4 157 286 3 465
4 158 286 3 465
4 159 286 3 465
4 160 286 3 465
4 161 286 3 465
4 162 286 3 465
4 163 286 3 465
4 164 286 3 465
4 165 286 3 465
4 166 286 3 465
4 167 286 3 465
4 168 286 3 465
4 169 286 3 465
4 170 286 3 465
4 171 286 3 465
4 172 286 3 465
4 173 286 3 465
4 174 286 3 465
4 175 286 3 465
4 176 286 3 465
4 177 286 3 465
4 178 286 3 465
4 179 286 3 465
4 180 286 3 465
4 181 286 3 465
4 182 286 3 465
4 183 286 3 465
4 184 286 3 465
4 185 286 3 465
4 186 286 3 465
4 187 286 3 465
4 188 286 3 465
4 189 286 3 465
4 190 286 3 465
4 191 286 3 465
4 192 286 3 465
4 193 286 3 465
4 194 286 3 465
4 195 286 3 465
4 196 286 3 465
4 197 286 3 465
4 198 286 3 465
4 199 286 3 465
4 200 286 3 465
4 201 286 3 465
4 202 286 3 465
4 203 286 3 465
4 204 286 3 465
4 205 286 3 465
4 206 286 3 465
4 207 286 3 465
4 208 286 3 465
4 209 286 3 465
4 210 286 3 465
4 211 286 3 465
4 212 286 3 465
4 213 286 3 465
4 214 286 3 465
4 215 286 3 465
4 216 286 3 465
4 217 286 3 465
4 218 286 3 465
4 219 286 3 465
4 220 286 3 465
4 221 286 3 465
4 222 286 3 465
4 223 286 3 465
4 224 286 3 465
4 225 286 3 465
4 226 286 3 465
4 227 286 3 465
4 228 286 3 465
4 229 286 3 465
4 230 286 3 465
4 231 286 3 465
4 232 286 3 465
4 233 286 3 465
4 234 286 3 465
4 235 286 3 465
4 236 286 3 465
4 237 286 3 465
4 238 286 3 465
4 239 286 3 465
4 240 286 3 465
4 241 286 3 465
4 242 286 3 465
4 243 286 3 465
4 244 286 3 465
4 245 286 3 465
4 246 286 3 465
4 247 286 3 465
4 248 286 3 465
4 249 286 3 465
4 250 286 3 465
4 251 286 3 465
4 252 286 3 465
4 253 286 3 465
4 254 286 3 465
4 255 286 3 465
4 256 286 3 465
4 257 286 3 465
4 258 286 3 465
4 259 286 3 465
4 260 286 3 465
4 261 286 3 465
4 262 286 3 465
4 263 286 3 465
4 264 286 3 465
4 265 286 3 465
4 266 286 3 465
4 267 286 3 465
4 268 286 3 465
4 269 286 3 465
4 270 286 3 465
4 271 286 3 465
4 272 286 3 465
4 273 286 3 465
4 274 286 3 465
4 275 286 3 465
4 276 286 3 465
4 277 286 3 465
4 278 286 3 465
4 279 286 3 465
4 280 286 3 465
4 281 286 3 465
4 282 286 3 465
4 283 286 3 465
4 284 286 3 465
4 285 286 3 465
4 286 286 3 465
4 287 286 3 465
4 288 286 3 465
4 289 286 3 465
4 290 286 3 465
4 291 286 3 465
4 292 286 3 465
4 293 286 3 465
4 294 286 3 465
4 295 286 3 465
4 296 286 3 465
4 297 286 3 465
4 298 286 3 465
4 299 286 3 465
4 300 286 3 465
4 301 286 3 465
4 302 286 3 465
4 303 286 3 465
4 304 286 3 465
4 305 286 3 465
4 306 286 3 465
4 307 286 3 465
4 308 286 3 465
4 309 286 3 465
4 310 286 3 465
4 311 286 3 465
4 312 286 3 465
4 313 286 3 465
4 314 286 3 465
4 315 286 3 465
4 316 286 3 465
4 317 286 3 465
4 318 286 3 465
4 319 286 3 465
4 320 286 3 465
4 321 286 3 465
4 322 286 3 465
4 323 286 3 465
4 324 286 3 465
4 325 286 3 465
4 326 286 3 465
4 327 286 3 465
4 328 286 3 465
4 329 286 3 465
4 330 286 3 465
4 331 286 3 465
4 332 286 3 465
4 333 286 3 465
4 334 286 3 465
4 335 286 3 465
4 336 286 3 465
4 337 286 3 465
4 338 286 3 465
4 339 286 3 465
4 340 286 3 465
4 341 286 3 465
4 342 286 3 465
4 343 286 3 465
4 344 286 3 465
4 345 286 3 465
4 346 286 3 465
4 347 286 3 465
4 348 286 3 465
4 349 286 3 465
4 350 286 3 465
4 351 286 3 465
4 352 286 3 465
4 353 286 3 465
4 354 286 3 465
4 355 286 3 465
4 356 286 3 465
4 357 286 3 465
4 358 286 3 465
4 359 286 3 465
4 360 286 3 465
4 361 286 3 465
4 362 286 3 465
4 363 286 3 465
4 364 286 3 465
4 365 286 3 465
4 366 286 3 465
4 367 286 3 465
4 368 286 3 465
4 369 286 3 465
4 370 286 3 465
4 371 286 3 465
4 372 286 3 465
4 373 286 3 465
4 374 286 3 465
4 375 286 3 465
4 376 286 3 465
4 377 286 3 465
4 378 286 3 465
4 379 286 3 465
4 380 286 3 465
4 381 286 3 465
4 382 286 3 465
4 383 286 3 465
4 384 286 3 465
4 385 286 3 465
4 386 286 3 465
4 387 286 3 465
4 388 286 3 465
4 389 286 3 465
4 390 286 3 465
4 391 286 3 465
4 392 286 3 465
4 393 286 3 465
4 394 286 3 465
4 395 286 3 465
4 396 286 3 465
4 397 286 3 465
4 398 286 3 465
4 399 286 3 465
4 400 286 3 465
4 401 286 3 465
4 402 286 3 465
4 403 286 3 465
4 404 286 3 465
4 405 286 3 465
4 406 286 3 465
4 407 286 3 465
4 408 286 3 465
4 409 286 3 465
4 410 286 3 465
4 411 286 3 465
4 412 286 3 465
4 413 286 3 465
4 414 286 3 465
4 415 286 3 465
4 416 286 3 465
4 417 286 3 465
4 418 286 3 465
4 419 286 3 465
4 420 286 3 465
4 421 286 3 465
4 422 286 3 465
4 423 286 3 465
4 424 286 3 465
4 425 286 3 465
4 426 286 3 465
4 427 286 3 465
4 428 286 3 465
4 429 286 3 465
4 430 286 3 465
4 431 286 3 465
4 432 286 3 465
4 433 286 3 465
4 434 286 3 465
4 435 286 3 465
4 436 286 3 465
4 437 286 3 465
4 438 286 3 465
4 439 286 3 465
4 440 286 3 465
4 441 286 3 465
4 442 286 3 465
4 443 286 3 465
4 444 286 3 465
4 445 286 3 465
4 446 286 3 465
4 447 286 3 465
4 448 286 3 465
4 449 286 3 465
4 450 286 3 465
4 451 286 3 465
4 452 286 3 465
4 453 286 3 465
4 454 286 3 465
4 455 286 3 465
4 456 286 3 465
4 457 286 3 465
4 458 286 3 465
4 459 286 3 465
4 460 286 3 465
4 461 286 3 465
4 462 286 3 465
4 463 286 3 465
4 464 286 3 465
4 465 286 3 465
4 466 286 3 465
4 467 286 3 465
4 468 286 3 465
4 469 286 3 465
4 470 286 3 465
4 471 286 3 465
4 472 286 3 465
4 473 286 3 465
4 474 286 3 465
4 475 286 3 465
4 476 286 3 465
4 477 286 3 465
4 478 286 3 465
4 479 286 3 465
4 480 286 3 465
4 481 286 3 465
4 482 286 3 465
4 483 286 3 465
4 484 286 3 465
4 485 286 3 465
4 486 286 3 465
4 487 286 3 465
4 488 286 3 465
4 489 286 3 465
4 490 286 3 465
4 491 286 3 465
4 492 286 3 465
4 493 286 3 465
4 494 286 3 465
4 495 286 3 465
4 496 286 3 465
4 497 286 3 465
4 498 286 3 465
4 499 286 3 465
4 500 286 3 465
4 501 286 3 465
4 502 286 3 465
4 503 286 3 465
4 504 286 3 465
4 505 286 3 465
4 506 286 3 465
4 507 286 3 465
4 508 286 3 465
4 509 286 3 465
4 510 286 3 465
4 511 286 3 465
4 512 286 3 465
4 513 286 3 465
4 514 286 3 465
4 515 286 3 465
4 516 286 3 465
4 517 286 3 465
4 518 286 3 465
4 519 286 3 465
4 520 286 3 465
4 521 286 3 465
4 522 286 3 465
4 523 286 3 465
4 524 286 3 465
4 525 286 3 465
4 526 286 3 465
4 527 286 3 465
4 528 286 3 465
4 529 286 3 465
4 530 286 3 465
4 531 286 3 465
4 532 286 3 465
4 533 286 3 465
4 534 286 3 465
4 535 286 3 465
4 536 286 3 465
4 537 286 3 465
4 538 286 3 465
4 539 286 3 465
4 540 286 3 465
4 541 286 3 465
4 542 286 3 465
4 543 286 3 465
4 544 286 3 465
4 545 286 3 465
4 546 286 3 465
4 547 286 3 465
4 548 286 3 465
4 549 286 3 465
4 550 286 3 465
4 551 286 3 465
4 552 286 3 465
4 553 286 3 465
4 554 286 3 465
4 555 286 3 465
4 556 286 3 465
4 557 286 3 465
4 558 286 3 465
4 559 286 3 465
4 560 286 3 465
4 561 286 3 465
4 562 286 3 465
4 563 286 3 465
4 564 286 3 465
4 565 286 3 465
4 566 286 3 465
4 567 286 3 465
4 568 286 3 465
4 569 286 3 465
4 570 286 3 465
4 571 286 3 465
4 572 286 3 465
4 573 286 3 465
4 574 286 3 465
4 575 286 3 465
4 576 286 3 465
4 577 286 3 465
4 578 286 3 465
4 579 286 3 465
4 580 286 3 465
4 581 286 3 465
4 582 286 3 465
4 583 286 3 465
4 584 286 3 465
4 585 286 3 465
4 586 286 3 465
4 587 286 3 465
4 588 286 3 465
4 589 286 3 465
4 590 286 3 465
4 591 286 3 465
4 592 286 3 465
4 593 286 3 465
4 594 286 3 465
4 595 286 3 465
4 596 286 3 465
4 597 286 3 465
4 598 286 3 465
4 599 286 3 465
4 600 286 3 465
4 601 286 3 465
4 602 286 3 465
4 603 286 3 465
4 604 286 3 465
4 605 286 3 465
4 606 286 3 465
4 607 286 3 465
4 608 286 3 465
4 609 286 3 465
4 610 286 3 465
4 611 286 3 465
4 612 286 3 465
4 613 286 3 465
4 614 286 3 465
4 615 286 3 465
4 616 286 3 465
4 617 286 3 465
4 618 286 3 465
4 619 286 3 465
4 620 286 3 465
4 621 286 3 465
4 622 286 3 465
4 623 286 3 465
4 624 286 3 465
4 625 286 3 465
4 626 286 3 465
4 627 286 3 465
4 628 286 3 465
4 629 286 3 465
4 630 286 3 465
4 631 286 3 465
4 632 286 3 465
4 633 286 3 465
4 634 286 3 465
4 635 286 3 465
4 636 286 3 465
4 637 286 3 465
4 638 286 3 465
4 639 286 3 465
4 640 286 3 465
4 641 286 3 465
4 642 286 3 465
4 643 286 3 465
4 644 286 3 465
4 645 286 3 465
4 646 286 3 465
4 647 286 3 465
4 648 286 3 465
4 649 286 3 465
4 650 286 3 465
4 651 286 3 465
4 652 286 3 465
4 653 286 3 465
4 654 286 3 465
4 655 286 3 465
4 656 286 3 465
4 657 286 3 465
4 658 286 3 465
4 659 286 3 465
4 660 286 3 465
4 661 286 3 465
4 662 286 3 465
4 663 286 3 465
4 664 286 3 465
4 665 286 3 465
4 666 286 3 465
4 667 286 3 465
4 668 286 3 465
4 669 286 3 465
4 670 286 3 465
4 671 286 3 465
4 672 286 3 465
4 673 286 3 465
4 674 286 3 465
4 675 286 3 465
4 676 286 3 465
4 677 286 3 465
4 678 286 3 465
4 679 286 3 465
4 680 286 3 465
4 681 286 3 465
4 682 286 3 465
4 683 286 3 465
4 684 286 3 465
4 685 286 3 465
4 686 286 3 465
4 687 286 3 465
4 688 286 3 465
4 689 286 3 465
4 690 286 3 465
4 691 286 3 465
4 692 286 3 465
4 693 286 3 465
4 694 286 3 465
4 695 286 3 465
4 696 286 3 465
4 697 286 3 465
4 698 286 3 465
4 699 286 3 465
4 700 286 3 465
4 701 286 3 465
4 702 286 3 465
4 703 286 3 465
4 704 286 3 465
4 705 286 3 465
4 706 286 3 465
4 707 286 3 465
4 708 286 3 465
4 709 286 3 465
4 710 286 3 465
4 711 286 3 465
4 712 286 3 465
4 713 286 3 465
4 714 286 3 465
4 715 286 3 465
4 716 286 3 465
4 717 286 3 465
4 718 286 3 465
4 719 286 3 465
4 720 286 3 465
4 721 286 3 465
4 722 286 3 465
4 723 286 3 465
4 724 286 3 465
4 725 286 3 465
4 726 286 3 465
4 727 286 3 465
4 728 286 3 465
4 729 286 3 465
4 730 286 3 465
4 731 286 3 465
4 732 286 3 465
4 733 286 3 465
4 734 286 3 465
4 735 286 3 465
4 736 286 3 465
4 737 286 3 465
4 738 286 3 465
4 739 286 3 465
4 740 286 3 465
4 741 286 3 465
4 742 286 3 465
4 743 286 3 465
4 744 286 3 465
4 745 286 3 465
4 746 286 3 465
4 747 286 3 465
4 748 286 3 465
4 749 286 3 465
4 750 286 3 465
4 751 286 3 465
4 752 286 3 465
4 753 286 3 465
4 754 286 3 465
4 755 286 3 465
4 756 286 3 465
4 757 286 3 465
4 758 286 3 465
4 759 286 3 465
4 760 286 3 465
4 761 286 3 465
4 762 286 3 465
4 763 286 3 465
4 764 286 3 465
4 765 286 3 465
4 766 286 3 465
4 767 286 3 465
4 768 286 3 465
4 769 286 3 465
4 770 286 3 465
4 771 286 3 465
4 772 286 3 465
4 773 286 3 465
4 774 286 3 465
4 775 286 3 465
4 776 286 3 465
4 777 286 3 465
4 778 286 3 465
4 779 286 3 465
4 780 286 3 465
4 781 286 3 465
4 782 286 3 465
4 783 286 3 465
4 784 286 3 465
4 785 286 3 465
4 786 286 3 465
4 787 286 3 465
4 788 286 3 465
4 789 286 3 465
4 790 286 3 465
4 791 286 3 465
4 792 286 3 465
4 793 286 3 465
4 794 286 3 465
4 795 286 3 465
4 796 286 3 465
4 797 286 3 465
4 798 286 3 465
4 799 286 3 465
4 800 286 3 465
4 801 286 3 465
4 802 286 3 465
4 803 286 3 465
4 804 286 3 465
4 805 286 3 465
4 806 286 3 465
4 807 286 3 465
4 808 286 3 465
4 809 286 3 465
4 810 286 3 465
4 811 286 3 465
4 812 286 3 465
4 813 286 3 465
4 814 286 3 465
4 815 286 3 465
4 816 286 3 465
4 817 286 3 465
4 818 286 3 465
4 819 286 3 465
4 820 286 3 465
4 821 286 3 465
4 822 286 3 465
4 823 286 3 465
4 824 286 3 465
4 825 286 3 465
4 826 286 3 465
4 827 286 3 465
4 828 286 3 465
4 829 286 3 465
4 830 286 3 465
4 831 286 3 465
4 832 286 3 465
4 833 286 3 465
4 834 286 3 465
4 835 286 3 465
4 836 286 3 465
4 837 286 3 465
4 838 286 3 465
4 839 286 3 465
4 840 286 3 465
4 841 286 3 465
4 842 286 3 465
4 843 286 3 465
4 844 286 3 465
4 845 286 3 465
4 846 286 3 465
4 847 286 3 465
4 848 286 3 465
4 849 286 3 465
4 850 286 3 465
4 851 286 3 465
4 852 286 3 465
4 853 286 3 465
4 854 286 3 465
4 855 286 3 465
4 856 286 3 465
4 857 286 3 465
4 858 286 3 465
4 859 286 3 465
4 860 286 3 465
4 861 286 3 465
4 862 286 3 465
4 863 286 3 465
4 864 286 3 465
4 865 286 3 465
4 866 286 3 465
4 867 286 3 465
4 868 286 3 465
4 869 286 3 465
4 870 286 3 465
4 871 286 3 465
4 872 286 3 465
4 873 286 3 465
4 874 286 3 465
4 875 286 3 465
4 876 286 3 465
4 877 286 3 465
4 878 286 3 465
4 879 286 3 465
4 880 286 3 465
4 881 286 3 465
4 882 286 3 465
4 883 286 3 465
4 884 286 3 465
4 885 286 3 465
4 886 286 3 465
4 887 286 3 465
4 888 286 3 465
4 889 286 3 465
4 890 286 3 465
4 891 286 3 465
4 892 286 3 465
4 893 286 3 465
4 894 286 3 465
4 895 286 3 465
4 896 286 3 465
4 897 286 3 465
4 898 286 3 465
4 899 286 3 465
4 900 286 3 465
4 901 286 3 465
4 902 286 3 465
4 903 286 3 465
4 904 286 3 465
4 905 286 3 465
4 906 286 3 465
4 907 286 3 465
4 908 286 3 465
4 909 286 3 465
4 910 286 3 465
4 911 286 3 465
4 912 286 3 465
4 913 286 3 465
4 914 286 3 465
4 915 286 3 465
4 916 286 3 465
4 917 286 3 465
4 918 286 3 465
4 919 286 3 465
4 920 286 3 465
4 921 286 3 465
4 922 286 3 465
4 923 286 3 465
4 924 286 3 465
4 925 286 3 465
4 926 286 3 465
4 927 286 3 465
4 928 286 3 465
4 929 286 3 465
4 930 286 3 465
4 931 286 3 465
4 932 286 3 465
4 933 286 3 465
4 934 286 3 465
4 935 286 3 465
4 936 286 3 465
4 937 286 3 465
4 938 286 3 465
4 939 286 3 465
4 940 286 3 465
4 941 286 3 465
4 942 286 3 465
4 943 286 3 465
4 944 286 3 465
4 945 286 3 465
4 946 286 3 465
4 947 286 3 465
4 948 286 3 465
4 949 286 3 465
4 950 286 3 465
4 951 286 3 465
4 952 286 3 465
4 953 286 3 465
4 954 286 3 465
4 955 286 3 465
4 956 286 3 465
4 957 286 3 465
4 958 286 3 465
4 959 286 3 465
4 960 286 3 465
4 961 286 3 465
4 962 286 3 465
4 963 286 3 465
4 964 286 3 465
4 965 286 3 465
4 966 286 3 465
4 967 286 3 465
4 968 286 3 465
4 969 286 3 465
4 970 286 3 465
4 971 286 3 465
4 972 286 3 465
4 973 286 3 465
4 974 286 3 465
4 975 286 3 465
4 976 286 3 465
4 977 286 3 465
4 978 286 3 465
4 979 286 3 465
4 980 286 3 465
4 981 286 3 465
4 982 286 3 465
4 983 286 3 465
4 984 286 3 465
4 985 286 3 465
4 986 286 3 465
4 987 286 3 465
4 988 286 3 465
4 989 286 3 465
4 990 286 3 465
4 991 286 3 465
4 992 286 3 465
4 993 286 3 465
4 994 286 3 465
4 995 286 3 465
4 996 286 3 465
4 997 286 3 465
4 998 286 3 465
4 999 286 3 465
